YEAR,VEH_NO,ST_CASE,A_BODY,A_IMP1,A_IMP2,A_VROLL,A_LIC_S,A_LIC_C,A_CDL_S,A_MC_L_S,A_SPVEH,A_SBUS,A_MOD_YR,A_DRDIS,A_DRDRO
1991,1,10001,6,1,1,1,1,1,3,4,2,3,1989,2,1
1991,1,10002,1,2,2,2,1,1,3,4,2,3,1976,2,2
1991,2,10002,1,4,4,2,1,1,3,4,2,3,1985,2,2
1991,3,10002,2,2,2,2,1,1,3,4,2,3,1989,2,2
1991,4,10002,1,2,2,2,1,1,3,4,2,3,1987,2,2
1991,5,10002,4,2,2,2,1,1,3,4,2,3,1989,2,2
1991,1,10003,1,2,2,2,2,2,3,4,1,3,1981,2,2
1991,1,10004,1,2,2,2,2,2,3,4,1,3,1976,2,2
1991,1,10005,6,2,2,2,1,1,3,4,2,3,1984,2,2
1991,2,10005,1,2,2,2,1,1,3,4,1,3,1988,2,2
1991,1,10006,1,2,2,2,2,2,3,4,1,3,1978,2,2
1991,1,10007,6,2,2,2,1,1,3,4,2,3,1982,2,2
1991,2,10007,1,2,2,2,1,1,3,4,2,3,1989,2,2
1991,1,10008,1,3,3,2,2,2,3,4,2,3,1984,2,2
1991,1,10009,1,2,2,2,1,1,3,4,1,3,1987,2,2
1991,1,10010,1,1,1,1,1,1,3,4,2,3,1990,2,2
1991,1,10011,1,2,2,2,1,1,3,4,2,3,1976,2,2
1991,2,10011,1,2,2,2,1,1,3,4,2,3,1991,2,2
1991,1,10012,2,2,2,1,1,1,3,4,2,3,1984,2,2
1991,1,10013,1,2,2,2,1,1,3,4,2,3,1973,2,2
1991,1,10014,1,2,2,2,1,1,3,4,2,3,1977,2,2
1991,2,10014,2,2,2,2,1,1,3,4,2,3,1987,2,2
1991,1,10015,6,1,1,1,1,1,3,4,2,3,1987,2,2
1991,1,10016,2,2,2,2,2,2,3,4,2,3,1978,2,2
1991,2,10016,3,3,3,2,1,1,3,4,2,3,1989,2,2
1991,1,10017,3,2,2,2,2,2,3,4,2,3,1989,2,2
1991,2,10017,1,2,2,2,1,1,3,4,2,3,1988,2,2
1991,1,10018,1,2,2,2,1,1,3,4,2,3,1991,2,1
1991,1,10019,1,4,4,2,1,1,3,4,2,3,1974,2,2
1991,2,10019,2,2,2,2,1,1,3,4,2,3,1990,2,2
1991,1,10020,1,3,3,2,1,1,3,4,2,3,1977,2,2
1991,2,10020,2,2,2,2,1,1,3,4,2,3,1989,2,2
1991,1,10021,1,2,2,2,1,1,3,4,2,3,1978,2,2
1991,1,10022,1,5,5,2,1,1,3,4,2,3,1990,2,2
1991,2,10022,2,2,2,2,1,1,3,4,2,3,1986,2,2
1991,1,10023,2,2,2,2,1,1,3,4,2,3,1963,2,2
1991,1,10024,1,5,5,2,2,2,3,4,2,3,1982,2,2
1991,1,10025,1,4,4,1,2,2,3,4,1,3,1970,2,2
1991,1,10026,1,2,2,2,1,1,3,4,2,3,1989,2,2
1991,1,10027,1,1,1,1,1,1,3,4,1,3,1979,2,2
1991,1,10028,1,3,3,2,1,1,3,4,2,3,1985,2,2
1991,2,10028,1,2,2,2,1,1,3,4,2,3,1983,2,2
1991,3,10028,3,2,2,2,1,1,3,4,2,3,1990,2,2
1991,4,10028,1,2,2,2,1,1,3,4,2,3,1979,2,2
1991,1,10029,1,2,2,2,1,1,3,4,2,3,1984,2,2
1991,1,10030,1,5,5,2,1,1,3,4,2,3,1985,2,2
1991,2,10030,1,2,2,2,1,1,3,4,2,3,1985,2,2
1991,1,10031,6,2,2,2,1,1,3,4,1,3,1984,2,2
1991,1,10032,1,2,2,1,1,1,3,4,1,3,1989,2,2
1991,1,10033,9,2,2,2,3,3,3,4,2,3,9999,2,2
1991,2,10033,1,2,2,2,1,1,3,4,2,3,1990,2,2
1991,3,10033,1,6,6,2,1,1,3,4,2,3,1978,2,2
1991,1,10034,2,2,2,1,1,1,3,4,1,3,1984,2,2
1991,1,10035,2,2,2,1,2,2,3,4,2,3,1974,2,2
1991,1,10036,2,2,2,2,1,1,3,4,2,3,1982,2,2
1991,2,10036,2,3,3,2,3,3,3,4,2,3,1980,2,2
1991,1,10038,2,2,2,2,1,1,3,4,1,3,1986,2,2
1991,1,10039,1,2,2,2,1,1,3,4,2,3,1989,2,2
1991,2,10039,2,5,5,2,2,2,3,4,2,3,1988,2,2
1991,1,10040,4,2,2,2,1,1,3,4,2,3,1977,2,2
1991,1,10041,1,2,2,2,2,2,3,4,1,3,1976,2,2
1991,2,10041,6,2,2,2,1,1,3,4,2,3,1979,2,2
1991,1,10042,1,2,2,2,1,1,3,4,2,3,1980,2,2
1991,1,10043,1,2,2,2,1,1,3,4,2,3,1984,2,2
1991,2,10043,2,2,2,2,1,1,3,4,2,3,1986,2,2
1991,3,10043,1,2,2,2,2,2,3,4,2,3,1989,2,2
1991,1,10044,2,2,2,1,2,2,3,4,1,3,1973,2,2
1991,1,10045,1,2,2,1,1,1,3,4,2,3,1989,1,2
1991,1,10046,6,3,3,2,1,1,3,4,2,3,1984,2,2
1991,2,10046,1,2,2,2,1,1,3,4,2,3,1981,2,2
1991,1,10047,1,2,2,2,1,1,3,4,2,3,1986,2,2
1991,2,10047,6,2,2,2,1,1,3,4,2,3,1989,2,2
1991,1,10048,1,2,2,2,1,1,3,4,2,3,1987,2,2
1991,2,10048,4,2,2,2,2,2,3,4,2,3,1979,2,2
1991,3,10048,2,2,2,2,1,1,3,4,2,3,1989,2,2
1991,1,10050,2,2,2,1,2,2,3,4,2,3,1967,2,2
1991,1,10051,1,5,5,2,1,1,3,4,2,3,1987,2,2
1991,2,10051,1,2,2,2,1,1,3,4,2,3,1986,2,2
1991,1,10052,1,3,3,2,1,1,3,4,2,3,1984,2,2
1991,2,10052,1,2,2,2,1,1,3,4,2,3,1988,2,2
1991,1,10053,1,2,2,1,1,1,3,4,1,3,1990,2,2
1991,1,10054,1,2,4,1,1,1,3,4,1,3,1986,2,2
1991,1,10055,1,5,5,2,1,1,3,4,2,3,1988,2,2
1991,2,10055,3,2,2,2,1,1,3,4,2,3,1984,2,2
1991,1,10056,1,2,2,2,1,1,3,4,2,3,1980,2,2
1991,2,10056,7,2,2,2,4,1,3,1,2,3,1988,2,2
1991,1,10057,2,2,2,2,1,1,3,4,2,3,1977,2,2
1991,2,10057,1,5,5,2,1,1,3,4,2,3,1978,2,2
1991,1,10058,1,3,3,2,1,1,3,4,2,3,1984,2,2
1991,1,10059,1,2,2,2,1,1,3,4,2,3,1985,2,2
1991,1,10061,7,2,2,2,4,1,3,1,2,3,1985,2,2
1991,2,10061,2,5,5,2,1,1,3,4,2,3,1983,2,2
1991,1,10062,1,6,6,1,1,1,3,4,2,3,1989,2,2
1991,1,10063,1,4,4,2,2,2,3,4,2,3,1980,2,2
1991,2,10063,6,2,2,2,1,1,3,4,2,3,1990,2,2
1991,1,10064,2,2,2,2,1,1,3,4,2,3,1980,2,2
1991,2,10064,6,5,5,2,1,1,3,4,2,3,1987,2,2
1991,1,10065,1,2,2,2,1,1,3,4,1,3,1982,2,2
1991,1,10066,1,2,2,2,1,1,3,4,1,3,1989,2,2
1991,2,10066,1,3,3,2,3,3,3,4,2,3,1984,2,2
1991,1,10067,1,2,2,2,1,1,3,4,2,3,1987,2,2
1991,2,10067,2,4,4,1,1,1,3,4,2,3,1963,2,2
1991,1,10068,2,1,1,1,1,1,3,4,1,3,1983,2,2
1991,1,10069,1,4,4,1,1,1,3,4,1,3,1989,2,2
1991,1,10070,1,2,2,2,1,1,3,4,1,3,1987,2,1
1991,1,10071,6,2,2,1,1,1,3,4,2,3,1984,2,2
1991,2,10071,1,2,2,2,1,1,3,4,2,3,1979,2,2
1991,1,10072,2,2,2,2,1,1,3,4,2,3,1985,2,2
1991,2,10072,6,2,2,2,1,1,3,4,2,3,1977,2,2
1991,1,10073,1,2,2,2,1,1,3,4,2,3,1989,2,2
1991,2,10073,1,3,3,2,1,1,3,4,2,3,1974,2,2
1991,1,10074,1,5,5,1,1,1,3,4,1,3,1986,2,2
1991,1,10075,1,2,2,2,1,1,3,4,2,3,1982,2,2
1991,1,10076,1,5,5,2,1,1,3,4,1,3,1990,2,2
1991,2,10076,2,2,2,2,1,1,3,4,2,3,1989,2,2
1991,1,10077,2,2,2,1,1,1,3,4,1,3,1990,2,2
1991,1,10078,1,3,3,2,2,2,3,4,1,3,1983,2,2
1991,2,10078,1,2,2,2,1,1,3,4,2,3,1990,2,2
1991,1,10079,1,2,2,2,1,1,3,4,1,3,1978,2,2
1991,2,10079,6,4,4,2,1,1,3,4,2,3,1984,2,2
1991,1,10080,1,2,2,2,1,1,3,4,2,3,1978,2,2
1991,1,10081,1,3,3,2,1,1,3,4,2,3,1986,2,2
1991,2,10081,6,2,2,2,1,1,3,4,1,3,1984,2,2
1991,1,10082,1,5,5,2,1,1,3,4,1,3,1988,2,2
1991,2,10082,1,2,2,1,1,1,3,4,2,3,1983,2,2
1991,1,10083,1,2,2,2,1,1,3,4,2,3,1978,2,2
1991,1,10084,2,1,1,1,1,1,3,4,1,3,1986,2,2
1991,1,10085,1,2,2,1,2,2,3,4,1,3,1982,2,2
1991,2,10085,1,5,5,2,1,1,3,4,2,3,1977,2,2
1991,1,10086,1,2,2,1,2,2,3,4,1,3,1982,2,2
1991,1,10087,2,2,2,1,1,1,3,4,1,3,1990,2,2
1991,1,10088,1,2,2,2,1,1,3,4,2,3,1990,2,2
1991,1,10089,4,2,2,1,1,1,3,4,2,3,1988,2,2
1991,1,10090,1,2,2,1,1,1,3,4,2,3,1987,2,2
1991,1,10091,4,2,2,1,1,1,3,4,2,3,1989,2,2
1991,1,10092,1,5,5,2,1,1,3,4,2,3,1983,2,2
1991,2,10092,6,2,2,2,1,1,3,4,2,3,1977,2,2
1991,1,10093,2,2,3,1,2,2,3,4,2,3,1974,2,2
1991,1,10094,1,5,2,2,1,1,3,4,2,3,1988,2,2
1991,2,10094,2,2,2,2,1,1,3,4,2,3,1989,2,2
1991,1,10095,1,2,2,2,1,1,3,4,2,3,1990,2,2
1991,2,10095,1,2,2,2,1,1,3,4,2,3,1988,2,2
1991,1,10096,3,2,2,2,1,1,3,4,2,3,1986,2,2
1991,2,10096,1,2,2,2,1,1,3,4,2,3,1985,2,2
1991,3,10096,1,2,2,2,1,1,3,4,2,3,1989,2,2
1991,1,10097,1,3,3,2,2,2,3,4,2,3,1980,2,2
1991,1,10098,1,3,4,2,1,1,3,4,2,3,1978,2,2
1991,2,10098,6,2,2,2,1,1,3,4,2,3,1987,2,2
1991,1,10099,1,5,5,2,2,2,3,4,2,3,1985,2,2
1991,2,10099,6,2,2,2,1,1,3,4,2,3,1965,2,2
1991,1,10100,2,3,3,1,2,2,3,4,2,3,1982,2,2
1991,2,10100,1,2,2,2,1,1,3,4,2,3,1985,2,2
1991,1,10101,1,2,2,2,1,1,3,4,2,3,1979,2,2
1991,1,10102,2,3,3,2,1,1,3,4,1,3,1980,2,2
1991,1,10103,2,2,2,2,1,1,3,4,1,3,1986,2,2
1991,1,10104,2,2,2,2,1,1,3,4,2,3,1986,2,2
1991,1,10105,6,2,2,2,1,1,3,4,2,3,1984,2,2
1991,1,10106,1,5,5,1,1,1,3,4,2,3,1990,2,2
1991,2,10106,1,2,2,2,1,1,3,4,2,3,1986,2,2
1991,1,10107,2,2,2,2,1,1,3,4,2,3,1977,2,2
1991,1,10108,1,2,2,2,1,1,3,4,1,3,1978,2,2
1991,1,10109,6,4,4,2,1,1,3,4,2,3,1991,2,2
1991,2,10109,1,2,2,2,2,2,3,4,1,3,1980,2,2
1991,1,10110,1,3,3,2,1,1,3,4,2,3,1982,2,2
1991,2,10110,2,2,2,2,1,1,3,4,2,3,1986,2,2
1991,1,10111,6,6,6,2,1,1,3,4,2,3,1988,2,2
1991,2,10111,7,2,2,2,4,1,3,1,1,3,1983,2,2
1991,1,10112,1,5,5,2,1,1,3,4,2,3,1978,2,2
1991,2,10112,6,2,2,1,1,1,3,4,2,3,1989,2,2
1991,1,10113,1,2,2,2,1,1,3,4,1,3,1980,2,2
1991,1,10114,1,3,3,1,1,1,3,4,2,3,1978,2,2
1991,2,10114,1,2,2,2,2,2,3,4,1,3,1984,2,2
1991,1,10115,6,2,2,2,1,1,3,4,2,3,1987,2,2
1991,2,10115,1,2,2,2,1,1,3,4,2,3,1981,2,2
1991,1,10116,1,3,3,2,1,1,3,4,1,3,1988,2,2
1991,2,10116,1,2,2,2,1,1,3,4,2,3,1983,2,2
1991,1,10118,1,2,2,2,1,1,3,4,2,3,1987,2,2
1991,1,10119,3,2,2,2,1,1,3,4,1,3,1990,2,2
1991,2,10119,1,2,2,2,1,1,3,4,2,3,1977,2,2
1991,1,10120,1,2,3,2,1,1,3,4,1,3,1983,2,2
1991,2,10120,1,2,5,2,1,1,3,4,2,3,1985,2,2
1991,3,10120,3,2,2,2,1,1,3,4,2,3,1989,2,2
1991,1,10121,2,2,2,2,1,1,3,4,2,3,1984,2,2
1991,2,10121,1,2,2,2,1,1,3,4,2,3,1980,2,2
1991,1,10122,1,2,5,2,1,1,3,4,1,3,1984,2,2
1991,1,10123,2,2,6,2,1,1,3,4,2,3,1985,2,2
1991,1,10124,4,6,6,2,1,1,3,4,2,3,1986,2,2
1991,1,10125,1,1,1,1,1,1,3,4,2,3,1988,2,1
1991,1,10126,1,2,3,2,2,2,3,4,1,3,1985,2,2
1991,1,10127,1,5,5,2,1,1,3,4,1,3,1981,2,2
1991,1,10128,1,3,3,2,1,1,3,4,2,3,1984,2,2
1991,2,10128,2,2,2,2,1,1,3,4,2,3,1987,2,2
1991,1,10129,1,5,5,2,2,2,3,4,1,3,1978,1,2
1991,2,10129,1,2,2,2,1,1,3,4,2,3,1989,2,2
1991,1,10130,2,2,2,2,1,1,3,4,1,3,1989,2,2
1991,2,10130,2,2,2,2,1,1,3,4,2,3,1979,2,2
1991,3,10130,2,2,2,2,1,1,3,4,2,3,1986,2,2
1991,1,10131,1,5,5,2,2,2,3,4,1,3,1972,2,2
1991,1,10132,1,2,2,2,1,1,3,4,2,3,1987,2,2
1991,1,10133,2,2,2,1,2,2,3,4,1,3,1980,2,2
1991,2,10133,1,2,2,2,1,1,3,4,2,3,1982,2,2
1991,1,10135,2,2,2,2,2,2,3,4,2,3,1969,2,2
1991,2,10135,2,2,2,2,1,1,3,4,2,3,1987,2,2
1991,1,10136,4,2,2,2,1,1,3,4,1,3,1986,2,2
1991,2,10136,1,2,2,2,3,3,3,4,2,3,1985,2,2
1991,1,10137,1,2,3,2,1,2,3,4,1,3,1984,2,2
1991,1,10138,3,3,3,2,1,1,3,4,2,3,1990,2,2
1991,2,10138,1,4,5,1,2,2,3,4,2,3,1989,2,2
1991,1,10139,1,2,2,2,1,1,3,4,1,3,1990,2,2
1991,1,10140,1,6,6,1,1,1,3,4,2,3,1985,2,2
1991,1,10141,9,4,4,1,1,1,3,4,2,3,1967,2,2
1991,2,10141,2,2,2,2,1,1,3,4,2,3,1979,2,2
1991,3,10141,2,2,2,2,1,1,3,4,2,3,1976,2,2
1991,1,10142,2,2,2,2,1,1,3,4,2,3,1987,2,2
1991,1,10143,2,4,4,2,1,1,3,4,2,3,1985,2,2
1991,2,10143,6,2,2,1,1,1,3,4,2,3,1980,2,2
1991,1,10144,1,2,2,2,1,1,3,4,2,3,1987,2,2
1991,1,10145,9,2,2,2,1,1,3,4,2,3,1983,2,2
1991,1,10146,1,2,2,2,1,1,3,4,1,3,1987,2,2
1991,1,10147,1,5,5,1,2,2,3,4,1,3,1980,2,2
1991,1,10148,1,3,3,2,1,1,3,4,2,3,1973,2,2
1991,1,10149,3,1,1,1,1,1,3,4,2,3,1985,2,2
1991,1,10150,1,2,2,2,1,1,3,4,2,3,1990,2,2
1991,2,10150,2,2,2,2,1,1,3,4,2,3,1989,2,2
1991,3,10150,1,2,2,2,1,1,3,4,2,3,1985,2,2
1991,1,10151,2,1,1,1,2,2,3,4,1,3,1973,2,2
1991,1,10152,1,5,5,1,2,2,3,4,1,3,1975,2,2
1991,1,10153,4,2,2,2,1,1,3,4,1,3,1988,2,2
1991,1,10154,1,2,2,1,2,2,3,4,2,3,1978,2,2
1991,1,10155,1,2,2,2,2,2,3,4,2,3,1975,2,2
1991,1,10156,2,2,2,2,1,1,3,4,2,3,1989,2,2
1991,2,10156,1,2,4,2,1,1,3,4,2,3,1988,2,2
1991,3,10156,1,3,3,2,1,1,3,4,2,3,1979,2,2
1991,1,10157,2,3,2,2,1,1,3,4,1,3,1983,2,2
1991,1,10158,1,3,3,1,2,2,3,4,2,3,1979,2,1
1991,1,10159,1,5,5,2,1,1,3,4,2,3,1984,2,2
1991,1,10160,1,2,2,2,1,1,3,4,2,3,1979,2,1
1991,1,10161,1,4,4,1,1,1,3,4,1,3,1989,2,2
1991,1,10162,1,2,2,1,1,1,3,4,2,3,1988,2,1
1991,1,10163,1,2,2,2,1,1,3,4,2,3,1965,2,2
1991,1,10164,1,2,2,2,2,2,3,4,2,3,1984,1,2
1991,1,10165,6,2,2,1,2,2,3,4,1,3,1990,2,2
1991,1,10166,1,3,3,2,1,1,3,4,2,3,1967,2,2
1991,1,10167,1,2,2,2,2,2,3,4,1,3,1969,2,2
1991,2,10167,7,5,5,2,4,2,3,2,2,3,1986,2,2
1991,1,10168,1,2,2,2,1,1,3,4,1,3,1966,2,2
1991,1,10169,2,2,2,1,1,1,3,4,2,3,1988,2,2
1991,1,10170,3,1,1,1,1,1,3,4,2,3,1978,2,2
1991,1,10171,1,2,2,2,1,1,3,4,2,3,1990,2,2
1991,2,10171,1,2,2,2,1,1,3,4,2,3,1988,2,2
1991,1,10172,2,2,2,1,1,1,3,4,1,3,1975,2,2
1991,1,10173,2,2,2,1,1,1,3,4,1,3,1988,2,2
1991,1,10174,1,3,3,2,1,1,3,4,2,3,1989,2,2
1991,2,10174,1,2,2,2,2,2,3,4,1,3,1980,2,2
1991,1,10175,2,3,3,2,1,1,3,4,2,3,1986,2,2
1991,2,10175,6,2,2,1,1,1,3,4,2,3,1989,2,2
1991,1,10176,1,5,5,2,3,3,3,4,2,3,1984,2,1
1991,1,10177,1,2,2,2,2,2,3,4,2,3,1985,2,2
1991,1,10178,7,1,1,2,4,1,3,1,1,3,1985,2,2
1991,1,10179,1,5,5,2,1,1,3,4,2,3,1983,2,2
1991,2,10179,2,2,2,2,1,1,3,4,2,3,1985,2,2
1991,1,10180,7,2,2,2,4,2,3,2,1,3,1983,2,2
1991,2,10180,6,4,4,2,1,1,3,4,2,3,1953,2,2
1991,1,10181,3,1,1,1,1,1,3,4,1,3,1989,2,2
1991,1,10182,1,1,1,1,1,1,3,4,1,3,1988,1,2
1991,1,10183,2,2,2,2,2,2,3,4,2,3,1987,2,2
1991,2,10183,1,2,2,2,1,1,3,4,2,3,1987,2,2
1991,1,10184,2,2,2,2,1,1,3,4,2,3,1990,2,2
1991,2,10184,6,4,4,2,1,1,3,4,2,3,1989,2,2
1991,1,10185,1,3,3,2,1,1,3,4,1,3,1975,2,2
1991,1,10186,1,5,5,2,2,2,3,4,2,3,1978,2,2
1991,1,10187,1,2,2,2,1,1,3,4,2,3,1991,2,2
1991,2,10187,1,2,2,2,1,1,3,4,2,3,1985,2,2
1991,1,10188,1,2,2,2,1,1,3,4,2,3,1983,2,2
1991,2,10188,2,2,2,2,1,1,3,4,2,3,1980,2,2
1991,1,10189,2,3,3,2,1,1,3,4,1,3,1974,2,2
1991,1,10190,1,5,5,2,1,1,3,4,2,3,1981,2,2
1991,2,10190,6,2,2,2,1,1,3,4,2,3,1988,2,2
1991,1,10191,1,2,2,1,2,2,3,4,2,3,1989,2,2
1991,2,10191,1,4,4,2,1,1,3,4,2,3,1986,2,2
1991,1,10192,2,2,2,2,1,1,3,4,1,3,1979,2,2
1991,1,10193,2,7,7,1,1,1,3,4,2,3,1983,2,2
1991,1,10194,1,2,2,2,1,1,3,4,2,3,1979,2,2
1991,1,10195,2,2,4,1,2,2,3,4,1,3,1977,2,1
1991,1,10196,1,2,2,2,1,1,3,4,2,3,1971,2,2
1991,1,10197,2,2,2,2,1,1,3,4,2,3,1990,2,2
1991,1,10198,1,2,2,2,1,1,3,4,2,3,1989,2,2
1991,2,10198,2,2,2,2,1,1,3,4,2,3,1986,2,2
1991,1,10199,2,1,1,1,1,1,3,4,2,3,1989,2,2
1991,1,10200,1,2,2,2,1,1,3,4,1,3,1988,2,2
1991,2,10200,1,3,3,2,2,2,3,4,2,3,1977,2,2
1991,1,10201,1,2,2,2,1,1,3,4,2,3,1983,2,2
1991,1,10202,2,7,7,2,1,1,3,4,2,3,1981,2,2
1991,2,10202,1,2,2,2,1,1,3,4,2,3,1986,2,2
1991,1,10203,1,2,2,2,1,1,3,4,2,3,1982,2,2
1991,1,10204,1,2,2,2,1,1,3,4,2,3,1977,2,2
1991,2,10204,1,2,2,2,1,1,3,4,2,3,1983,2,2
1991,1,10205,1,2,2,1,1,1,3,4,2,3,1985,1,2
1991,1,10206,6,2,2,1,1,1,3,4,2,3,1989,2,2
1991,1,10207,9,4,4,2,1,1,3,4,2,3,1987,2,2
1991,2,10207,1,2,2,2,1,1,3,4,1,3,1986,2,2
1991,3,10207,9,5,5,2,3,3,3,4,2,3,9999,2,2
1991,1,10208,1,2,3,2,1,1,3,4,2,3,1977,2,2
1991,1,10209,2,2,2,2,1,1,3,4,2,3,1986,2,2
1991,2,10209,1,2,2,2,1,1,3,4,2,3,1983,2,2
1991,1,10210,1,2,2,1,1,1,3,4,1,3,1985,2,2
1991,1,10211,1,1,1,1,1,1,3,4,1,3,1978,2,2
1991,1,10212,1,2,2,2,1,1,3,4,2,3,1980,2,2
1991,1,10213,2,1,1,1,1,1,3,4,1,3,1971,2,2
1991,1,10214,1,1,1,1,1,1,3,4,1,3,1990,2,2
1991,1,10215,1,2,2,2,2,2,3,4,2,3,1979,1,2
1991,1,10216,3,1,1,1,1,1,3,4,2,3,1991,2,1
1991,1,10217,1,2,2,2,1,1,3,4,1,3,1987,2,2
1991,1,10218,7,2,2,2,4,1,3,1,1,3,1985,2,2
1991,1,10219,2,2,2,2,1,1,3,4,1,3,1985,2,2
1991,1,10220,2,2,2,2,1,1,3,4,2,3,1986,2,2
1991,2,10220,7,2,2,2,4,1,3,1,1,3,1980,2,2
1991,1,10221,1,2,2,2,2,2,3,4,1,3,1979,2,2
1991,1,10222,1,1,1,1,1,1,3,4,2,3,1978,2,2
1991,1,10223,1,2,2,2,1,3,3,4,2,3,1989,2,2
1991,1,10224,1,2,2,2,1,1,3,4,2,3,1986,2,2
1991,1,10225,7,2,2,2,4,1,3,1,1,3,1988,2,2
1991,2,10225,1,2,2,2,1,1,3,4,2,3,1988,2,2
1991,1,10226,1,3,3,1,1,1,3,4,1,3,1982,2,2
1991,1,10227,1,2,2,2,1,1,3,4,2,3,1981,2,2
1991,1,10228,1,2,2,2,1,1,3,4,2,3,1981,2,2
1991,2,10228,6,7,7,1,1,1,3,4,2,3,1987,2,2
1991,1,10229,6,2,2,2,2,2,3,4,2,3,1988,2,2
1991,2,10229,1,5,5,2,1,1,3,4,2,3,1974,2,2
1991,1,10230,1,2,2,1,2,2,3,4,2,3,1989,2,1
1991,1,10231,4,2,2,2,1,1,3,4,2,3,1988,2,2
1991,2,10231,1,3,3,2,1,1,3,4,1,3,1990,2,2
1991,1,10232,1,2,2,1,1,1,3,4,2,3,1981,2,2
1991,1,10233,1,2,2,1,1,1,3,4,2,3,1983,2,2
1991,1,10234,1,2,2,1,1,1,3,4,1,3,1984,2,2
1991,1,10235,6,2,2,2,1,1,3,4,1,3,1978,2,2
1991,1,10236,1,6,6,1,1,1,3,4,1,3,1980,2,2
1991,1,10237,2,2,2,2,1,1,3,4,1,3,1985,2,2
1991,2,10237,1,4,6,2,1,1,3,4,2,3,1984,2,2
1991,3,10237,1,2,2,1,1,1,3,4,2,3,1977,2,2
1991,1,10238,1,2,2,2,1,1,3,4,2,3,1987,2,2
1991,1,10239,1,3,3,1,2,2,3,4,1,3,1987,2,2
1991,1,10240,1,2,2,2,1,1,3,4,2,3,1978,2,2
1991,2,10240,1,2,2,2,1,1,3,4,2,3,1984,2,2
1991,1,10241,1,3,3,2,1,1,3,4,2,3,1977,2,2
1991,2,10241,2,2,2,2,1,1,3,4,2,3,1983,2,2
1991,1,10242,2,2,2,2,2,2,3,4,2,3,1978,2,2
1991,2,10242,1,2,2,2,2,2,3,4,2,3,1977,2,2
1991,1,10243,2,6,2,2,1,1,3,4,2,3,1986,2,1
1991,1,10244,2,1,1,1,1,1,3,4,1,3,1989,2,2
1991,1,10245,7,2,2,2,4,2,3,2,2,3,1980,2,2
1991,1,10246,2,1,1,1,1,1,3,4,2,3,1989,2,2
1991,1,10247,4,2,2,2,1,1,3,4,2,3,1988,2,2
1991,1,10248,3,6,6,1,1,1,3,4,1,3,1986,2,2
1991,1,10249,1,2,2,2,2,2,3,4,1,3,1984,2,2
1991,2,10249,2,2,2,2,1,1,3,4,2,3,1975,2,2
1991,1,10250,1,2,2,2,2,2,3,4,2,3,1980,2,2
1991,1,10251,6,6,6,2,1,1,3,4,2,3,1983,2,2
1991,1,10252,6,2,2,2,1,1,3,4,2,3,1987,2,2
1991,2,10252,1,5,5,2,2,2,3,4,2,3,1980,2,2
1991,1,10253,1,2,2,2,1,1,3,4,2,3,1986,2,2
1991,2,10253,1,2,2,2,1,1,3,4,2,3,1990,2,2
1991,1,10254,1,2,6,2,1,1,3,4,2,3,1988,2,2
1991,2,10254,6,2,6,2,1,1,3,4,2,3,1985,2,2
1991,3,10254,1,2,2,2,1,1,3,4,2,3,1981,2,2
1991,1,10255,2,3,3,2,1,1,3,4,2,3,1978,2,2
1991,2,10255,1,2,2,2,1,1,3,4,2,3,1984,2,2
1991,1,10256,1,3,3,2,1,1,3,4,2,3,1985,2,2
1991,1,10257,1,2,2,2,1,1,3,4,2,3,1989,2,2
1991,2,10257,2,5,5,2,1,1,3,4,2,3,1987,2,2
1991,1,10258,1,2,2,2,1,1,3,4,2,3,1987,2,2
1991,1,10259,1,5,5,2,1,1,3,4,2,3,1975,2,2
1991,2,10259,6,2,2,2,1,1,3,4,2,3,1987,2,2
1991,1,10260,6,2,2,2,1,1,3,4,2,3,1986,2,2
1991,2,10260,2,5,5,2,1,1,3,4,2,3,1978,2,2
1991,1,10261,2,2,2,2,1,1,3,4,2,3,1984,2,2
1991,2,10261,1,5,5,2,1,1,3,4,2,3,1986,2,2
1991,1,10262,2,2,2,2,1,1,3,4,2,3,1967,2,2
1991,2,10262,2,2,2,2,2,2,3,4,1,3,1981,2,2
1991,1,10263,1,2,2,2,2,2,3,4,2,3,1976,2,2
1991,2,10263,1,2,2,2,1,1,3,4,2,3,1982,2,2
1991,1,10264,4,2,2,1,1,1,3,4,2,3,1991,2,2
1991,2,10264,2,2,2,2,1,1,3,4,1,3,1989,2,2
1991,1,10266,2,2,2,2,3,3,3,4,2,3,1982,2,2
1991,2,10266,6,2,2,2,1,1,3,4,2,3,1979,2,2
1991,1,10267,1,7,7,1,1,1,3,4,1,3,1989,2,2
1991,1,10268,1,6,6,1,1,2,3,4,1,3,1980,2,2
1991,1,10269,1,4,4,1,2,2,3,4,1,3,1975,2,2
1991,1,10270,8,2,2,2,1,1,3,4,2,1,1984,2,2
1991,2,10270,1,2,2,2,1,1,3,4,2,3,1987,2,2
1991,1,10271,2,2,2,2,1,1,3,4,2,3,1985,2,2
1991,2,10271,1,2,3,2,1,1,3,4,1,3,1986,2,2
1991,1,10272,1,2,2,2,1,1,3,4,1,3,1989,2,2
1991,2,10272,2,2,2,2,1,1,3,4,2,3,1989,2,2
1991,1,10273,1,6,2,2,1,1,3,4,1,3,1979,2,2
1991,1,10274,2,3,3,2,1,1,3,4,1,3,1989,2,2
1991,2,10274,3,2,2,2,1,1,3,4,2,3,1975,2,2
1991,1,10275,1,2,2,2,2,2,3,4,2,3,1974,2,2
1991,2,10275,1,2,2,2,1,1,3,4,2,3,1977,2,2
1991,1,10276,1,2,2,1,1,1,3,4,2,3,1976,2,2
1991,1,10277,3,2,2,1,1,1,3,4,2,3,1966,2,2
1991,1,10278,7,6,7,2,4,2,3,2,1,3,1982,2,2
1991,1,10279,1,2,2,1,1,1,3,4,2,3,1979,2,2
1991,1,10280,2,2,2,2,1,1,3,4,1,3,1988,2,2
1991,1,10281,2,2,2,2,1,1,3,4,2,3,1991,2,2
1991,1,10282,4,2,2,2,1,1,3,4,2,3,1987,2,2
1991,2,10282,1,2,2,2,2,2,3,4,2,3,1977,2,2
1991,1,10283,1,2,2,2,1,1,3,4,2,3,1979,2,2
1991,2,10283,1,2,2,2,1,1,3,4,2,3,1988,2,2
1991,1,10284,1,3,3,2,1,1,3,4,1,3,1986,2,2
1991,1,10285,1,1,1,1,1,1,3,4,1,3,1990,2,2
1991,1,10286,6,7,7,2,1,1,3,4,1,3,1988,2,2
1991,2,10286,1,2,2,2,2,2,3,4,2,3,1983,2,2
1991,3,10286,2,2,2,2,1,1,3,4,2,3,1990,2,2
1991,1,10287,1,2,6,2,1,1,3,4,2,3,1980,2,2
1991,2,10287,6,2,6,1,1,1,3,4,2,3,1984,2,2
1991,1,10288,1,2,2,2,1,1,3,4,1,3,1986,2,2
1991,2,10288,6,2,2,2,1,1,3,4,2,3,1990,2,2
1991,1,10289,2,5,5,1,2,2,3,4,1,3,1975,2,2
1991,1,10290,2,4,4,2,1,1,3,4,1,3,1974,2,2
1991,1,10291,1,2,2,1,1,1,3,4,2,3,1982,2,2
1991,1,10292,2,5,5,2,1,1,3,4,2,3,1972,2,2
1991,2,10292,1,5,5,2,1,1,3,4,2,3,1974,2,2
1991,1,10293,1,2,2,2,1,1,3,4,2,3,1975,2,2
1991,1,10294,1,3,3,1,3,3,3,4,1,3,1976,2,2
1991,1,10295,4,2,2,2,1,1,3,4,2,3,1990,2,2
1991,2,10295,1,3,3,2,1,1,3,4,2,3,1978,2,2
1991,1,10296,1,3,3,2,1,1,3,4,2,3,1991,2,2
1991,2,10296,1,2,2,2,1,1,3,4,2,3,1988,2,2
1991,1,10297,1,2,2,1,2,2,3,4,2,3,1989,2,2
1991,1,10298,1,5,5,2,1,1,3,4,2,3,1977,2,2
1991,2,10298,3,2,2,2,1,1,3,4,2,3,1989,2,2
1991,1,10299,1,4,4,1,2,2,3,4,1,3,1990,2,2
1991,1,10300,1,4,4,2,1,1,3,4,2,3,1989,2,2
1991,2,10300,1,2,2,2,1,1,3,4,1,3,1988,2,2
1991,1,10301,6,2,2,2,1,1,3,4,2,3,1990,2,2
1991,1,10302,2,2,2,1,2,2,3,4,1,3,1987,2,2
1991,1,10303,2,2,3,1,1,1,3,4,1,3,1986,2,2
1991,1,10304,2,2,2,1,1,1,3,4,1,3,1988,2,2
1991,1,10305,2,5,5,2,1,1,3,4,2,3,1983,2,2
1991,2,10305,6,2,2,2,1,1,3,4,2,3,1989,2,2
1991,1,10306,1,2,2,2,2,2,3,4,1,3,1988,2,2
1991,1,10307,2,2,2,1,1,1,3,4,1,3,1986,2,2
1991,2,10307,1,4,4,2,1,1,3,4,2,3,1985,2,2
1991,1,10308,3,1,1,1,1,1,3,4,1,3,1987,2,2
1991,1,10309,1,2,2,2,2,2,3,4,2,3,1978,2,2
1991,1,10310,2,2,2,2,1,1,3,4,2,3,1990,2,2
1991,1,10311,7,2,2,2,4,1,3,1,2,3,1981,2,2
1991,2,10311,7,2,2,2,4,2,3,2,2,3,1983,2,2
1991,1,10312,1,2,2,2,1,1,3,4,1,3,1980,2,2
1991,1,10313,2,2,2,1,1,1,3,4,1,3,1982,2,2
1991,1,10314,1,2,2,2,2,2,3,4,1,3,1978,2,2
1991,1,10315,4,1,1,1,1,1,3,4,2,3,1988,2,2
1991,1,10316,1,2,2,2,2,2,3,4,1,3,1981,2,2
1991,1,10317,1,2,2,2,1,1,3,4,2,3,1985,2,2
1991,2,10317,1,2,2,2,1,1,3,4,1,3,1980,2,2
1991,1,10318,1,3,3,2,1,1,3,4,1,3,1968,2,2
1991,1,10319,1,2,6,2,1,1,3,4,2,3,1985,2,2
1991,1,10320,6,4,4,2,1,1,3,4,2,3,1988,2,2
1991,2,10320,2,2,2,2,3,3,3,4,2,3,1982,1,2
1991,1,10321,6,2,2,2,1,1,3,4,2,3,1978,2,2
1991,2,10321,1,3,3,2,1,1,3,4,2,3,1987,2,2
1991,1,10322,1,2,2,2,1,1,3,4,2,3,1985,2,2
1991,2,10322,6,2,6,2,1,1,3,4,1,3,1987,2,2
1991,1,10323,1,2,2,1,1,1,3,4,2,3,1984,2,2
1991,1,10324,1,2,2,2,3,3,3,4,2,3,1978,2,2
1991,2,10324,1,2,2,2,1,1,3,4,2,3,1987,2,2
1991,1,10325,1,2,2,2,1,1,3,4,2,3,1989,2,2
1991,2,10325,1,2,2,2,3,3,3,4,2,3,1988,2,2
1991,3,10325,1,2,2,2,1,1,3,4,2,3,1981,2,2
1991,1,10326,3,5,5,2,1,1,3,4,1,3,1984,2,2
1991,2,10326,1,2,2,2,1,1,3,4,2,3,1987,2,2
1991,1,10327,1,2,2,2,1,1,3,4,2,3,1989,1,2
1991,2,10327,1,3,3,2,1,1,3,4,2,3,1986,2,2
1991,1,10328,2,2,2,2,1,1,3,4,2,3,1989,2,2
1991,2,10328,2,2,2,2,1,1,3,4,2,3,1991,2,2
1991,1,10329,1,2,2,2,1,1,3,4,2,3,1987,2,2
1991,2,10329,1,2,2,2,1,1,3,4,2,3,1989,2,2
1991,1,10330,1,2,2,1,1,1,3,4,1,3,1970,2,2
1991,1,10331,1,2,2,2,1,1,3,4,1,3,1976,2,2
1991,2,10331,1,2,2,2,2,2,3,4,2,3,1979,2,2
1991,1,10332,2,2,2,2,1,1,3,4,2,3,1968,2,2
1991,2,10332,1,2,2,2,1,1,3,4,2,3,1981,2,2
1991,1,10334,1,6,6,1,1,1,3,4,2,3,1980,2,2
1991,1,10335,3,1,1,1,1,1,3,4,2,3,1986,2,2
1991,1,10336,6,4,4,2,1,1,3,4,2,3,1986,2,2
1991,2,10336,1,2,2,2,1,1,3,4,2,3,1990,2,2
1991,1,10337,1,2,2,2,1,1,3,4,1,3,1976,2,2
1991,1,10338,1,3,3,2,1,1,3,4,1,3,1971,2,2
1991,1,10339,1,1,1,1,1,1,3,4,1,3,1979,2,2
1991,1,10340,2,2,2,2,2,2,3,4,1,3,1986,2,2
1991,2,10340,1,2,2,2,1,1,3,4,2,3,1984,2,2
1991,1,10341,1,2,2,2,1,1,3,4,2,3,1988,2,2
1991,2,10341,1,2,2,2,1,1,3,4,2,3,1991,2,2
1991,1,10342,2,2,2,2,2,2,3,4,2,3,1981,2,2
1991,1,10343,1,2,2,2,1,1,3,4,2,3,1985,2,2
1991,1,10344,1,2,2,2,1,1,3,4,2,3,1966,2,2
1991,2,10344,3,4,4,2,1,1,3,4,2,3,1978,2,2
1991,3,10344,1,5,5,2,1,1,3,4,2,3,1984,2,2
1991,1,10345,1,2,2,2,1,1,3,4,2,3,1979,2,2
1991,1,10346,1,3,3,2,1,1,3,4,1,3,1983,2,2
1991,2,10346,1,2,2,2,1,1,3,4,2,3,1980,2,2
1991,1,10347,1,3,3,1,1,1,3,4,1,3,1989,2,2
1991,1,10348,1,2,2,2,2,2,3,4,1,3,1989,2,2
1991,1,10349,1,5,5,2,1,1,3,4,1,3,1987,2,2
1991,2,10349,1,2,2,2,1,1,3,4,2,3,1985,2,2
1991,1,10350,1,3,3,2,1,1,3,4,2,3,1988,2,2
1991,2,10350,4,2,2,2,1,1,3,4,2,3,1981,2,2
1991,1,10351,1,2,2,2,1,1,3,4,1,3,1981,2,2
1991,2,10351,1,2,2,2,1,1,3,4,2,3,1985,2,2
1991,1,10352,1,1,1,1,1,1,3,4,1,3,1988,2,2
1991,1,10353,2,4,4,2,1,1,3,4,2,3,1990,2,2
1991,2,10353,1,2,2,2,2,2,3,4,2,3,1982,2,2
1991,1,10354,1,2,2,2,1,1,3,4,2,3,1988,2,2
1991,1,10355,1,2,2,2,1,1,3,4,2,3,1980,2,2
1991,1,10356,1,4,4,1,1,1,3,4,1,3,1987,2,2
1991,1,10357,1,2,2,2,2,2,3,4,1,3,1989,2,2
1991,2,10357,2,2,2,2,1,1,3,4,2,3,1977,2,2
1991,1,10358,1,3,3,2,1,1,3,4,1,3,1981,2,2
1991,1,10359,1,2,2,1,3,3,3,4,2,3,1989,2,2
1991,1,10360,2,2,2,1,1,1,3,4,1,3,1988,2,1
1991,1,10361,1,2,2,2,1,1,3,4,2,3,1980,2,2
1991,2,10361,1,2,2,2,1,1,3,4,2,3,1977,2,2
1991,1,10362,1,2,2,2,1,1,3,4,2,3,1967,2,2
1991,2,10362,1,2,2,2,1,1,3,4,2,3,1990,2,2
1991,1,10363,2,5,5,1,1,1,3,4,2,3,1979,2,2
1991,2,10363,1,2,2,2,2,2,3,4,2,3,1975,2,2
1991,1,10364,3,5,5,2,1,1,3,4,2,3,1979,2,2
1991,2,10364,6,2,2,2,1,1,3,4,2,3,1972,2,2
1991,1,10365,1,3,3,1,1,1,3,4,1,3,1991,2,2
1991,1,10366,3,1,1,1,1,1,3,4,2,3,1986,2,2
1991,1,10367,6,4,4,2,1,1,3,4,2,3,1990,2,2
1991,2,10367,1,2,5,2,1,1,3,4,2,3,1987,2,2
1991,1,10368,4,1,1,1,1,1,3,4,2,3,1988,1,2
1991,1,10369,2,2,2,2,1,1,3,4,1,3,1985,2,2
1991,1,10370,1,1,1,1,1,1,3,4,1,3,1988,2,2
1991,1,10371,2,6,6,1,1,1,3,4,2,3,1991,2,2
1991,1,10372,1,2,2,2,1,1,3,4,1,3,1991,2,2
1991,2,10372,1,2,2,2,1,1,3,4,2,3,1990,2,2
1991,1,10373,1,1,1,1,1,1,3,4,2,3,1982,2,1
1991,1,10374,1,2,2,2,1,1,3,4,2,3,1985,2,2
1991,2,10374,2,2,2,2,1,1,3,4,2,3,1987,2,2
1991,1,10375,3,2,2,1,2,2,3,4,1,3,1991,2,2
1991,1,10376,2,2,2,2,1,1,3,4,2,3,1986,2,2
1991,1,10377,1,3,3,2,1,1,3,4,2,3,1977,2,2
1991,2,10377,2,2,2,2,1,1,3,4,2,3,1981,2,2
1991,1,10378,1,3,3,2,1,1,3,4,2,3,1978,2,2
1991,1,10379,1,5,5,2,1,1,3,4,2,3,1987,2,1
1991,1,10380,7,2,2,2,4,2,3,2,1,3,1991,2,2
1991,1,10381,1,3,3,2,1,1,3,4,1,3,1989,2,2
1991,2,10381,3,2,2,2,1,1,3,4,2,3,1986,2,2
1991,1,10382,1,2,2,2,2,2,3,4,2,3,1979,2,2
1991,2,10382,1,5,5,2,1,1,3,4,2,3,1990,2,2
1991,1,10383,2,2,2,1,1,1,3,4,2,3,1982,2,2
1991,1,10384,1,2,2,2,1,1,3,4,1,3,1986,2,2
1991,1,10385,1,2,2,1,2,2,3,4,2,3,1991,2,1
1991,1,10386,6,4,4,2,3,3,3,4,2,3,1981,2,2
1991,2,10386,1,2,2,2,1,1,3,4,2,3,1981,2,2
1991,1,10387,1,4,4,1,1,1,3,4,2,3,1980,2,2
1991,1,10388,3,2,2,2,1,1,3,4,2,3,1989,2,2
1991,2,10388,1,2,2,2,1,1,3,4,2,3,1979,2,2
1991,1,10389,7,4,4,2,4,1,3,1,1,3,1987,2,2
1991,2,10389,2,2,2,2,1,1,3,4,2,3,1984,2,2
1991,1,10390,1,2,2,2,1,1,3,4,2,3,1986,2,2
1991,2,10390,1,3,3,2,2,2,3,4,2,3,1977,2,2
1991,1,10391,1,2,2,2,1,1,3,4,2,3,1985,2,2
1991,2,10391,1,2,2,2,1,1,3,4,2,3,1980,2,2
1991,3,10391,1,2,2,2,1,1,3,4,2,3,1983,2,2
1991,4,10391,1,2,2,2,1,1,3,4,2,3,1991,2,2
1991,1,10392,6,4,4,2,1,1,3,4,1,3,9999,2,2
1991,2,10392,2,2,2,2,1,1,3,4,2,3,1982,2,2
1991,1,10393,2,5,5,1,1,1,3,4,1,3,1982,2,2
1991,1,10394,2,2,2,2,1,1,3,4,1,3,1979,2,2
1991,2,10394,1,5,5,2,1,1,3,4,2,3,1981,2,2
1991,1,10395,1,3,3,2,1,1,3,4,1,3,1981,2,2
1991,2,10395,1,2,2,2,1,1,3,4,2,3,1982,2,2
1991,1,10396,1,2,2,2,1,1,3,4,2,3,1982,2,2
1991,1,10397,1,4,4,2,2,2,3,4,2,3,1975,2,2
1991,1,10398,1,2,2,2,1,1,3,4,2,3,1979,2,2
1991,1,10399,2,2,2,2,1,1,3,4,2,3,1987,2,2
1991,2,10399,2,3,3,1,1,1,3,4,2,3,1983,2,2
1991,1,10400,1,2,2,2,1,1,3,4,2,3,1989,2,2
1991,2,10400,3,4,4,1,1,1,3,4,1,3,1986,2,2
1991,1,10401,6,2,2,2,1,1,3,4,2,3,1988,2,2
1991,2,10401,1,5,5,2,1,1,3,4,2,3,1979,2,2
1991,1,10402,2,2,2,2,1,2,3,4,1,3,1988,2,1
1991,1,10403,2,2,2,1,1,1,3,4,2,3,1984,2,2
1991,2,10403,1,3,3,2,1,1,3,4,1,3,1984,2,2
1991,1,10404,7,2,2,2,4,1,3,1,1,3,1987,2,2
1991,1,10405,1,2,2,1,1,1,3,4,1,3,1987,2,2
1991,1,10406,1,2,2,2,1,1,3,4,2,3,1988,2,2
1991,1,10407,1,2,2,1,1,1,3,4,1,3,1985,2,2
1991,1,10408,2,2,2,2,1,1,3,4,2,3,1978,2,2
1991,1,10409,1,2,2,2,1,1,3,4,2,3,1985,2,2
1991,1,10410,1,5,5,2,1,1,3,4,2,3,1988,2,2
1991,2,10410,1,2,2,2,1,1,3,4,2,3,1984,2,2
1991,3,10410,2,2,2,2,1,1,3,4,1,3,1972,2,2
1991,1,10411,2,2,2,1,1,1,3,4,1,3,1989,2,2
1991,1,10412,1,3,3,2,1,1,3,4,2,3,1990,2,2
1991,2,10412,6,2,2,1,1,1,3,4,2,3,1972,2,2
1991,1,10413,1,2,2,1,1,1,3,4,2,3,1978,2,2
1991,1,10414,1,5,6,1,1,1,3,4,1,3,1986,2,2
1991,1,10415,4,2,2,1,1,1,3,4,1,3,1989,2,2
1991,1,10416,1,2,2,1,1,2,3,4,2,3,1982,2,2
1991,1,10417,1,2,2,2,1,1,3,4,2,3,1982,2,2
1991,2,10417,7,3,3,2,4,1,3,1,2,3,1987,2,2
1991,1,10418,2,2,2,2,1,1,3,4,2,3,1975,2,2
1991,1,10419,1,2,2,2,2,2,3,4,2,3,1978,2,2
1991,1,10420,7,2,2,2,4,2,3,2,1,3,1988,2,2
1991,2,10420,2,4,4,2,3,3,3,4,2,3,1975,2,2
1991,1,10421,2,2,5,2,2,2,3,4,1,3,1975,2,2
1991,1,10422,2,3,3,2,1,1,3,4,2,3,1981,2,2
1991,2,10422,6,2,2,2,1,1,3,4,2,3,1989,2,2
1991,1,10424,1,5,5,2,1,1,3,4,1,3,1979,2,2
1991,2,10424,6,2,2,2,1,1,3,4,2,3,1984,2,2
1991,1,10425,1,2,2,2,1,1,3,4,2,3,1985,2,2
1991,2,10425,1,2,2,2,1,1,3,4,2,3,1981,2,2
1991,1,10426,2,2,2,2,2,2,3,4,1,3,1973,2,2
1991,1,10427,7,2,2,2,4,2,3,2,1,3,1980,2,2
1991,1,10428,7,2,2,2,4,1,3,1,2,3,1982,2,2
1991,2,10428,2,4,4,2,1,1,3,4,2,3,1968,2,2
1991,1,10429,1,2,4,1,1,1,3,4,1,3,1985,2,2
1991,1,10430,7,2,2,2,4,1,3,1,1,3,1977,2,2
1991,1,10431,1,2,2,2,1,1,3,4,2,3,1982,2,2
1991,1,10432,1,2,2,2,1,1,3,4,2,3,1973,2,2
1991,1,10433,2,2,2,2,1,1,3,4,1,3,1977,2,2
1991,2,10433,1,3,3,2,2,2,3,4,2,3,1980,2,2
1991,1,10434,1,2,2,1,1,1,3,4,1,3,1991,2,2
1991,1,10435,1,2,2,2,2,2,3,4,1,3,1987,2,2
1991,2,10435,1,2,2,2,1,1,3,4,1,3,1982,2,2
1991,1,10436,1,6,2,2,1,1,3,4,2,3,1991,1,2
1991,1,10437,1,6,6,1,2,2,3,4,1,3,1980,2,2
1991,1,10438,2,2,2,2,1,1,3,4,2,3,1980,2,1
1991,1,10439,1,2,2,2,2,2,3,4,2,3,1978,2,2
1991,1,10440,1,2,2,2,1,1,3,4,1,3,1984,2,2
1991,2,10440,2,2,2,2,3,3,3,4,2,3,1985,2,2
1991,3,10440,1,2,2,2,1,1,3,4,2,3,1991,2,2
1991,4,10440,1,2,2,2,1,1,3,4,2,3,1980,2,2
1991,1,10441,2,2,2,2,2,2,3,4,2,3,1988,2,2
1991,2,10441,1,2,2,2,1,1,3,4,2,3,1987,2,2
1991,1,10442,2,2,2,2,2,2,3,4,2,3,1986,2,1
1991,2,10442,1,2,2,2,1,1,3,4,2,3,1983,2,2
1991,3,10442,2,2,2,2,1,1,3,4,2,3,1990,2,2
1991,1,10443,1,2,2,2,1,1,3,4,2,3,1991,2,2
1991,1,10444,2,2,2,2,1,1,3,4,2,3,1974,2,2
1991,2,10444,1,2,2,2,1,1,3,4,2,3,1972,2,2
1991,1,10445,1,2,2,2,1,1,3,4,1,3,1987,2,2
1991,1,10446,2,2,2,2,1,1,3,4,2,3,1967,2,2
1991,2,10446,2,2,2,1,1,1,3,4,2,3,1987,2,2
1991,1,10447,2,2,2,2,1,1,3,4,2,3,1982,2,2
1991,1,10448,3,2,2,2,1,1,3,4,2,3,1987,2,1
1991,1,10449,2,2,2,1,1,1,3,4,2,3,1990,2,1
1991,1,10450,1,1,1,1,1,1,3,4,1,3,1987,2,2
1991,1,10451,4,3,2,2,1,1,3,4,2,3,1985,2,1
1991,1,10452,1,2,2,2,1,1,3,4,2,3,1988,2,2
1991,1,10453,2,2,2,2,2,2,3,4,2,3,1973,2,2
1991,1,10454,1,2,2,2,1,1,3,4,2,3,1984,2,2
1991,2,10454,1,5,5,2,1,1,3,4,2,3,1986,2,2
1991,1,10455,1,2,2,1,2,2,3,4,1,3,1986,2,2
1991,1,10456,6,2,2,2,1,1,3,4,2,3,1990,2,2
1991,2,10456,1,5,5,2,1,1,3,4,2,3,1972,2,2
1991,1,10457,2,2,2,2,1,1,3,4,2,3,1976,2,2
1991,2,10457,1,2,2,2,2,2,3,4,1,3,1979,2,2
1991,1,10458,1,2,2,2,1,1,3,4,1,3,1985,2,2
1991,1,10459,1,2,2,2,1,1,3,4,2,3,1984,2,2
1991,2,10459,1,2,2,2,1,1,3,4,2,3,1982,2,2
1991,1,10460,3,1,1,1,1,1,3,4,2,3,1989,2,2
1991,1,10461,2,1,1,1,1,1,3,4,1,3,1975,1,2
1991,1,10462,1,2,2,2,1,1,3,4,2,3,1975,2,2
1991,1,10463,1,3,3,2,1,1,3,4,2,3,1977,2,2
1991,2,10463,2,2,2,2,1,1,3,4,2,3,1988,2,2
1991,1,10464,1,2,2,2,1,1,3,4,2,3,1977,2,2
1991,1,10465,1,1,1,1,1,1,3,4,1,3,1981,2,2
1991,1,10466,1,1,1,1,2,2,3,4,2,3,1981,2,2
1991,1,10467,1,2,2,2,1,1,3,4,1,3,1973,2,2
1991,1,10468,3,2,2,2,1,1,3,4,2,3,1985,2,2
1991,1,10469,3,2,2,2,1,1,3,4,1,3,1986,2,2
1991,1,10470,1,5,5,2,1,1,3,4,2,3,1979,2,2
1991,2,10470,1,2,2,2,1,1,3,4,2,3,1989,2,2
1991,3,10470,6,2,2,2,1,1,3,4,2,3,1990,2,2
1991,1,10471,6,2,2,2,1,1,3,4,2,3,1985,2,2
1991,2,10471,1,6,6,2,1,1,3,4,2,3,1969,2,2
1991,1,10472,1,2,2,2,1,1,3,4,1,3,1988,2,2
1991,1,10473,2,2,2,2,1,1,3,4,2,3,1965,2,2
1991,2,10473,2,2,2,2,1,1,3,4,2,3,1989,2,2
1991,1,10474,1,2,2,1,2,2,3,4,1,3,1978,2,2
1991,1,10475,1,2,5,1,1,1,3,4,1,3,1987,2,2
1991,1,10476,2,1,1,2,1,1,3,4,2,3,1964,2,2
1991,1,10477,1,2,2,2,1,1,3,4,2,3,1988,2,2
1991,2,10477,1,5,5,1,1,1,3,4,2,3,1986,2,2
1991,1,10478,1,4,4,2,1,1,3,4,2,3,1984,2,2
1991,2,10478,2,2,2,2,1,1,3,4,1,3,1988,2,2
1991,1,10479,1,2,2,1,1,1,3,4,1,3,1979,2,2
1991,1,10480,2,2,2,2,1,1,3,4,2,3,1982,2,2
1991,1,10481,1,3,3,2,1,1,3,4,2,3,1985,2,2
1991,1,10482,2,2,2,2,1,1,3,4,2,3,1988,2,2
1991,1,10483,1,2,2,2,1,1,3,4,2,3,1987,2,2
1991,2,10483,2,4,4,1,1,1,3,4,2,3,1988,2,2
1991,1,10484,2,2,2,1,1,1,3,4,2,3,1990,2,2
1991,1,10485,2,5,5,2,1,1,3,4,1,3,1988,2,2
1991,1,10486,1,2,2,2,1,1,3,4,2,3,1984,2,1
1991,1,10487,6,2,2,2,2,2,3,4,2,3,1985,2,2
1991,2,10487,1,3,3,2,1,1,3,4,2,3,1979,2,2
1991,1,10488,1,2,2,2,1,1,3,4,2,3,1990,2,2
1991,2,10488,9,4,4,2,1,1,3,4,2,3,1980,2,2
1991,1,10489,2,4,4,2,1,1,3,4,2,3,1988,2,2
1991,2,10489,1,2,2,2,1,1,3,4,2,3,1990,2,2
1991,1,10490,2,2,2,2,1,1,3,4,2,3,1990,2,1
1991,2,10490,2,2,2,1,1,1,3,4,2,3,1988,2,2
1991,1,10491,1,2,2,2,1,1,3,4,2,3,1987,2,2
1991,2,10491,1,2,2,2,1,1,3,4,2,3,1982,2,2
1991,1,10492,7,2,2,2,4,1,3,1,1,3,1976,2,2
1991,1,10493,1,2,2,2,1,1,3,4,1,3,1972,2,2
1991,2,10493,1,2,2,1,1,1,3,4,2,3,1984,2,2
1991,1,10494,4,2,2,2,2,2,3,4,2,3,1989,2,1
1991,1,10495,1,2,2,2,1,1,3,4,2,3,1977,2,2
1991,2,10495,2,2,2,2,1,1,3,4,2,3,1988,2,2
1991,1,10496,1,6,5,2,1,1,3,4,1,3,1988,2,2
1991,1,10497,1,2,2,1,1,1,3,4,2,3,1986,2,1
1991,1,10498,2,2,2,1,1,1,3,4,2,3,1976,2,2
1991,1,10499,6,1,1,1,1,1,3,4,2,3,1984,2,2
1991,1,10500,2,2,2,2,1,1,3,4,2,3,1989,2,2
1991,2,10500,1,2,2,2,1,1,3,4,2,3,1983,2,2
1991,1,10501,1,2,2,2,1,1,3,4,2,3,1978,2,2
1991,2,10501,1,2,2,2,1,1,3,4,2,3,1978,2,2
1991,1,10502,9,2,2,2,2,2,3,4,2,3,1988,2,2
1991,1,10503,1,2,2,1,2,2,3,4,2,3,1985,2,1
1991,1,10504,1,2,2,2,1,1,3,4,2,3,1990,2,2
1991,2,10504,1,2,2,2,2,2,3,4,1,3,1978,2,2
1991,1,10505,6,4,4,2,1,1,3,4,1,3,1985,2,2
1991,1,10506,3,2,2,2,2,2,3,4,1,3,1986,2,2
1991,1,10507,1,4,4,2,1,1,3,4,2,3,1982,2,2
1991,2,10507,2,2,2,2,1,1,3,4,1,3,1990,2,2
1991,3,10507,4,2,2,2,1,1,3,4,2,3,1977,2,2
1991,1,10508,3,5,5,2,1,1,3,4,2,3,1985,2,2
1991,1,10509,9,2,2,2,1,1,3,4,1,3,9999,2,2
1991,1,10510,1,2,2,2,1,1,3,4,2,3,1984,2,2
1991,2,10510,1,3,3,2,1,1,3,4,1,3,1987,2,2
1991,1,10511,1,2,2,2,1,1,3,4,2,3,1986,2,2
1991,1,10512,2,3,3,2,1,1,3,4,2,3,1979,1,2
1991,1,10513,1,2,2,1,1,1,3,4,1,3,1982,2,2
1991,2,10513,1,2,2,2,1,1,3,4,2,3,1988,2,2
1991,1,10514,1,5,5,2,2,2,3,4,2,3,1981,2,2
1991,2,10514,2,2,2,2,1,1,3,4,2,3,1987,2,2
1991,1,10515,1,2,2,2,2,2,3,4,2,3,1979,2,2
1991,1,10516,6,2,2,2,1,1,3,4,2,3,1988,2,2
1991,2,10516,1,5,5,2,1,1,3,4,2,3,1984,2,2
1991,1,10517,1,2,2,2,2,2,3,4,2,3,1979,2,2
1991,1,10518,1,2,2,1,1,1,3,4,1,3,1979,2,2
1991,1,10519,6,1,1,1,1,1,3,4,2,3,1980,2,2
1991,1,10520,1,2,2,2,1,1,3,4,1,3,1988,2,2
1991,1,10521,6,4,4,2,1,1,3,4,2,3,1986,2,2
1991,2,10521,1,2,2,2,1,1,3,4,2,3,1978,2,2
1991,1,10522,1,2,2,2,1,1,3,4,2,3,1985,2,2
1991,1,10523,1,2,2,2,1,1,3,4,2,3,1984,2,2
1991,1,10525,1,2,2,2,1,1,3,4,2,3,1983,2,2
1991,1,10526,1,2,2,1,1,1,3,4,1,3,1987,2,2
1991,1,10527,1,2,2,2,2,2,3,4,1,3,1985,2,2
1991,1,10528,4,1,1,1,1,1,3,4,1,3,1989,2,2
1991,1,10529,1,1,1,1,1,1,3,4,1,3,1989,2,2
1991,1,10530,1,2,2,2,2,2,3,4,1,3,1990,2,2
1991,2,10530,6,2,2,2,1,1,3,4,2,3,1985,2,2
1991,1,10531,1,3,3,1,1,1,3,4,1,3,1991,2,2
1991,1,10532,1,2,2,2,2,2,3,4,2,3,1978,2,2
1991,1,10533,1,2,2,2,2,2,3,4,2,3,1985,2,2
1991,2,10533,1,3,3,2,1,1,3,4,1,3,1984,2,2
1991,1,10534,1,3,3,2,1,1,3,4,1,3,1986,2,2
1991,1,10535,2,1,1,2,1,1,3,4,2,3,1974,2,2
1991,1,10536,2,1,1,1,2,2,3,4,1,3,1972,2,2
1991,1,10537,1,2,2,2,1,1,3,4,1,3,1981,2,2
1991,1,10538,1,2,2,1,1,1,3,4,2,3,1987,2,2
1991,1,10539,1,2,2,1,2,2,3,4,1,3,1981,2,2
1991,1,10540,1,3,3,2,1,1,3,4,2,3,1984,2,2
1991,2,10540,6,2,6,2,1,1,3,4,2,3,1978,2,2
1991,1,10541,1,3,3,1,1,1,3,4,2,3,1989,2,2
1991,2,10541,2,2,2,2,1,1,3,4,2,3,1988,2,2
1991,1,10542,1,2,2,2,1,1,3,4,2,3,1987,1,2
1991,2,10542,1,2,2,2,1,1,3,4,2,3,1982,2,2
1991,1,10543,1,2,2,2,1,1,3,4,2,3,1991,2,2
1991,1,10544,1,2,2,1,2,2,3,4,2,3,1976,2,2
1991,1,10545,1,2,2,2,1,1,3,4,2,3,1979,2,2
1991,1,10546,1,2,2,1,1,1,3,4,1,3,1982,2,2
1991,1,10547,1,2,2,1,2,2,3,4,1,3,1985,2,2
1991,1,10548,1,2,2,1,2,2,3,4,2,3,1985,2,1
1991,1,10549,4,5,5,2,1,1,3,4,2,3,1987,2,2
1991,2,10549,2,2,2,2,1,1,3,4,2,3,1987,2,2
1991,1,10550,1,2,2,2,1,1,3,4,2,3,1978,2,2
1991,2,10550,1,2,2,2,1,1,3,4,2,3,1986,2,2
1991,1,10551,2,2,2,1,2,2,3,4,1,3,1991,2,2
1991,1,10552,1,2,2,2,1,1,3,4,2,3,1990,2,2
1991,2,10552,1,5,5,2,1,1,3,4,2,3,1986,2,2
1991,1,10553,6,2,2,2,1,1,3,4,2,3,1984,2,2
1991,1,10554,1,3,3,2,1,1,3,4,2,3,1989,2,2
1991,2,10554,2,2,2,2,1,1,3,4,1,3,1987,2,2
1991,1,10555,1,6,6,1,1,1,3,4,1,3,1988,2,2
1991,1,10556,1,1,1,1,1,1,3,4,2,3,1976,2,2
1991,1,10557,1,2,2,1,1,1,3,4,2,3,1989,2,1
1991,1,10558,1,5,5,2,1,1,3,4,2,3,1983,2,2
1991,2,10558,2,2,2,2,1,1,3,4,2,3,1985,2,2
1991,1,10559,1,4,4,1,1,1,3,4,1,3,1976,2,2
1991,2,10559,3,2,2,2,1,1,3,4,1,3,1977,2,2
1991,1,10560,2,2,5,2,1,1,3,4,2,3,1969,2,2
1991,1,10561,6,2,2,2,1,1,3,4,2,3,1986,2,2
1991,2,10561,1,3,3,2,1,1,3,4,2,3,1988,2,2
1991,1,10562,1,2,2,2,1,1,3,4,1,3,1977,2,2
1991,2,10562,1,2,2,2,1,1,3,4,2,3,1980,2,2
1991,1,10563,1,2,2,2,2,2,3,4,2,3,1981,2,2
1991,1,10564,2,2,2,2,2,2,3,4,2,3,1981,2,2
1991,2,10564,1,2,2,2,1,1,3,4,2,3,1984,2,2
1991,1,10565,4,2,2,2,2,2,3,4,1,3,1976,2,2
1991,1,10566,1,2,2,1,1,1,3,4,1,3,1990,2,2
1991,1,10567,2,2,2,2,2,2,3,4,2,3,1971,2,2
1991,1,10568,1,1,1,1,1,1,3,4,1,3,1983,2,2
1991,1,10569,2,2,2,1,1,1,3,4,2,3,1989,2,1
1991,1,10570,2,2,2,1,1,1,3,4,2,3,1981,2,2
1991,1,10571,4,2,2,2,1,1,3,4,2,3,1989,2,2
1991,2,10571,1,2,2,2,1,1,3,4,2,3,1984,2,2
1991,1,10573,6,2,2,2,1,1,3,4,2,3,1987,2,2
1991,2,10573,1,3,3,2,1,1,3,4,2,3,1986,2,2
1991,1,10574,1,2,2,2,1,1,3,4,2,3,1991,2,2
1991,1,10575,1,3,3,2,1,1,3,4,2,3,1984,2,2
1991,2,10575,1,2,2,2,1,1,3,4,2,3,1989,2,2
1991,1,10576,9,6,6,2,3,3,3,4,2,3,9999,2,2
1991,1,10577,4,5,5,1,1,1,3,4,2,3,1987,2,2
1991,2,10577,1,2,2,2,1,1,3,4,2,3,1980,2,2
1991,1,10578,1,5,5,1,1,1,3,4,1,3,1975,2,2
1991,1,10579,1,2,2,1,1,1,3,4,1,3,1986,2,2
1991,1,10580,1,2,2,2,1,1,3,4,2,3,1986,2,2
1991,1,10581,1,2,2,2,1,1,3,4,2,3,1988,2,1
1991,1,10582,1,2,6,2,3,3,3,4,2,3,1979,2,1
1991,1,10583,1,2,2,2,2,2,3,4,2,3,1978,2,2
1991,1,10584,1,2,2,2,1,1,3,4,2,3,1978,2,2
1991,2,10584,1,3,3,2,1,1,3,4,2,3,1980,2,2
1991,1,10585,1,2,2,2,1,1,3,4,2,3,1977,2,2
1991,1,10586,1,5,5,1,2,2,3,4,1,3,1976,2,2
1991,1,10587,1,6,3,2,1,1,3,4,1,3,1980,2,2
1991,1,10588,1,2,2,2,1,1,3,4,2,3,1986,2,2
1991,2,10588,1,2,2,2,1,1,3,4,2,3,1981,2,2
1991,1,10589,1,2,2,2,2,2,3,4,1,3,1966,2,2
1991,1,10590,1,2,2,2,1,1,3,4,2,3,1989,2,2
1991,2,10590,1,4,4,2,1,1,3,4,1,3,1972,2,2
1991,1,10591,1,2,2,2,2,2,3,4,1,3,1978,2,2
1991,1,10592,1,2,2,2,1,1,3,4,2,3,1987,2,1
1991,1,10593,2,6,2,1,1,1,3,4,2,3,1982,2,2
1991,1,10594,2,1,1,2,1,1,3,4,2,3,1967,2,2
1991,1,10595,1,2,2,2,1,1,3,4,2,3,1989,2,2
1991,1,10596,2,5,5,2,2,2,3,4,1,3,1978,2,2
1991,1,10597,1,3,3,2,1,1,3,4,2,3,1978,2,2
1991,1,10598,1,2,2,2,2,2,3,4,2,3,1979,2,2
1991,2,10598,1,2,2,2,1,1,3,4,2,3,1978,2,2
1991,1,10599,1,2,2,1,1,1,3,4,2,3,1986,2,2
1991,1,10600,1,2,2,2,1,1,3,4,2,3,1982,2,2
1991,2,10600,1,3,3,2,1,1,3,4,2,3,1985,2,2
1991,1,10601,2,1,1,1,1,1,3,4,2,3,1987,2,2
1991,1,10602,1,2,2,2,1,1,3,4,2,3,1989,2,2
1991,2,10602,2,2,2,2,1,1,3,4,2,3,1989,2,2
1991,1,10603,1,2,2,2,1,1,3,4,2,3,1987,2,2
1991,1,10604,4,6,6,1,1,1,3,4,2,3,1989,2,2
1991,1,10605,1,2,2,2,1,1,3,4,1,3,1983,1,2
1991,1,10606,1,2,2,2,3,3,3,4,2,3,1974,2,2
1991,1,10607,1,2,2,2,1,1,3,4,2,3,1985,2,2
1991,1,10608,1,2,2,2,1,1,3,4,2,3,1991,2,2
1991,1,10609,1,2,2,2,1,1,3,4,2,3,1983,2,1
1991,2,10609,2,4,4,2,1,1,3,4,2,3,1973,2,2
1991,1,10610,2,2,2,1,1,1,3,4,2,3,1984,2,2
1991,1,10611,6,3,3,1,1,1,3,4,2,3,1987,2,1
1991,2,10611,4,2,2,2,1,1,3,4,2,3,1990,2,2
1991,1,10612,1,3,3,2,2,2,3,4,1,3,1977,2,2
1991,1,10613,1,2,2,2,1,1,3,4,2,3,1986,2,2
1991,1,10614,2,3,3,1,1,1,3,4,1,3,1982,2,2
1991,1,10615,3,2,2,2,1,1,3,4,2,3,1989,2,2
1991,2,10615,3,4,4,2,1,1,3,4,2,3,1986,2,2
1991,1,10616,2,2,2,1,1,1,3,4,1,3,1976,2,2
1991,1,10617,3,1,1,1,1,1,3,4,2,3,1988,2,2
1991,1,10618,1,3,3,2,1,1,3,4,1,3,1974,2,2
1991,1,10620,1,2,2,1,1,1,3,4,1,3,1984,2,1
1991,1,10621,3,1,1,1,1,1,3,4,2,3,1977,2,2
1991,1,10622,7,2,2,2,4,1,3,1,1,3,1988,2,2
1991,1,10623,1,2,2,2,1,1,3,4,1,3,1978,2,2
1991,1,10624,2,1,1,1,2,2,3,4,2,3,1980,2,2
1991,1,10625,7,2,2,2,4,2,3,2,2,3,1981,2,2
1991,2,10625,2,2,2,2,2,2,3,4,2,3,1986,2,2
1991,1,10626,1,3,3,2,1,1,3,4,2,3,1987,2,2
1991,2,10626,1,2,2,2,1,1,3,4,2,3,1985,2,2
1991,1,10627,1,5,5,2,1,1,3,4,2,3,1977,2,2
1991,2,10627,1,2,2,2,1,1,3,4,2,3,1977,2,2
1991,1,10628,2,2,2,2,1,1,3,4,2,3,1991,2,2
1991,1,10629,1,2,2,1,1,1,3,4,2,3,1986,2,2
1991,1,10630,1,5,5,2,1,1,3,4,2,3,1984,2,2
1991,2,10630,2,2,2,2,1,1,3,4,2,3,1987,2,2
1991,1,10631,1,2,2,1,2,2,3,4,2,3,1971,2,2
1991,1,10632,4,1,1,1,1,1,3,4,2,3,1976,2,2
1991,1,10633,1,2,2,2,1,1,3,4,1,3,1989,2,2
1991,1,10634,1,1,1,1,1,1,3,4,1,3,1972,2,2
1991,1,10635,1,4,4,1,2,2,3,4,1,3,1981,2,2
1991,1,10636,1,2,5,2,1,1,3,4,1,3,1978,2,2
1991,1,10637,3,6,6,1,1,1,3,4,1,3,1989,2,2
1991,1,10638,1,2,2,2,1,1,3,4,2,3,1980,2,2
1991,2,10638,1,2,2,2,1,1,3,4,2,3,1984,2,2
1991,3,10638,1,2,2,2,1,1,3,4,1,3,1974,2,2
1991,1,10639,6,2,2,2,1,1,3,4,2,3,1987,2,2
1991,2,10639,6,2,2,2,1,1,3,4,2,3,1986,2,1
1991,1,10640,1,2,2,2,1,1,3,4,1,3,1989,2,1
1991,2,10640,1,2,2,2,1,1,3,4,2,3,1985,2,2
1991,1,10641,1,2,2,2,1,1,3,4,1,3,1973,2,2
1991,1,10642,1,1,1,1,1,1,3,4,2,3,1985,2,2
1991,1,10643,6,2,2,2,1,1,3,4,2,3,1991,2,2
1991,2,10643,1,2,2,2,3,3,3,4,2,3,1981,2,2
1991,3,10643,1,6,6,2,1,1,3,4,2,3,1983,2,2
1991,1,10644,1,2,2,1,1,1,3,4,2,3,1991,2,2
1991,1,10645,7,2,2,2,4,1,3,1,1,3,1987,2,2
1991,1,10646,6,4,4,2,1,1,3,4,2,3,1986,2,2
1991,2,10646,1,2,2,2,1,1,3,4,2,3,1989,2,2
1991,1,10647,1,2,2,2,1,1,3,4,1,3,1979,2,2
1991,2,10647,1,2,2,2,1,1,3,4,2,3,1988,2,2
1991,1,10648,4,2,2,2,1,1,3,4,2,3,1990,2,2
1991,2,10648,1,3,3,2,1,1,3,4,2,3,1980,2,2
1991,1,10649,2,2,2,2,1,1,3,4,2,3,1991,2,2
1991,2,10649,1,2,2,2,1,1,3,4,1,3,1984,2,2
1991,1,10650,1,3,3,2,1,2,3,4,1,3,1970,2,2
1991,2,10650,4,2,2,2,3,3,3,4,2,3,1991,2,2
1991,1,10651,1,2,2,2,1,1,3,4,2,3,1982,2,2
1991,2,10651,1,5,5,2,1,1,3,4,2,3,1987,2,2
1991,1,10652,1,5,2,2,1,1,3,4,2,3,1990,2,2
1991,2,10652,6,2,2,2,1,1,3,4,2,3,1988,2,2
1991,1,10653,1,2,2,1,1,1,3,4,1,3,1981,2,2
1991,1,10654,9,4,4,2,1,1,3,4,2,3,1985,2,2
1991,2,10654,1,2,2,2,2,2,3,4,2,3,1977,2,2
1991,1,10655,7,2,2,2,4,2,3,2,1,3,1982,2,2
1991,1,10656,3,1,1,1,1,1,3,4,2,3,1985,2,2
1991,1,10657,1,3,3,2,1,1,3,4,1,3,1978,2,2
1991,2,10657,1,2,2,2,2,2,3,4,1,3,1988,2,2
1991,1,10658,1,5,5,2,1,1,3,4,2,3,1989,2,2
1991,1,10659,1,3,3,1,2,2,3,4,1,3,1965,2,2
1991,1,10660,7,2,2,2,4,2,3,2,2,3,1991,2,2
1991,1,10661,1,2,2,2,2,2,3,4,2,3,1976,2,2
1991,1,10662,6,2,2,2,1,1,3,4,2,3,1988,2,2
1991,2,10662,1,5,5,2,2,2,3,4,2,3,1981,2,2
1991,1,10663,2,2,2,1,1,1,3,4,2,3,1990,2,2
1991,2,10663,6,4,4,2,1,1,3,4,2,3,1972,2,2
1991,1,10664,3,2,2,2,1,1,3,4,2,3,1986,2,2
1991,2,10664,6,2,2,2,1,1,3,4,2,3,1979,2,2
1991,1,10665,2,2,2,1,1,1,3,4,2,3,1989,2,2
1991,1,10666,6,1,1,1,1,1,3,4,1,3,1991,2,2
1991,1,10667,2,2,2,1,1,1,3,4,2,3,1988,2,2
1991,1,10668,1,2,2,1,1,1,3,4,2,3,1979,2,2
1991,1,10669,1,5,5,1,2,2,3,4,1,3,1986,2,2
1991,1,10670,1,2,2,2,1,1,3,4,2,3,1985,2,2
1991,2,10670,6,5,5,2,1,1,3,4,2,3,1986,2,2
1991,1,10671,2,5,5,2,1,1,3,4,2,3,1990,2,2
1991,2,10671,6,2,2,2,1,1,3,4,2,3,1987,2,2
1991,1,10672,6,2,2,2,1,2,3,4,2,3,1980,2,2
1991,2,10672,2,5,5,2,1,1,3,4,2,3,1982,2,2
1991,1,10673,2,2,2,2,1,1,3,4,2,3,1987,2,2
1991,1,10674,1,2,2,2,1,1,3,4,2,3,1991,2,2
1991,1,10675,1,2,2,2,1,1,3,4,2,3,1988,2,2
1991,1,10676,2,2,2,2,1,1,3,4,1,3,1982,2,2
1991,1,10677,1,2,2,2,1,1,3,4,2,3,1987,2,2
1991,1,10678,1,3,3,2,1,1,3,4,2,3,1984,2,2
1991,2,10678,7,2,2,2,4,2,3,2,1,3,1982,2,2
1991,1,10679,1,2,2,2,1,1,3,4,2,3,1989,2,2
1991,1,10680,7,2,2,2,4,2,3,2,1,3,1982,2,2
1991,2,10680,6,4,4,2,1,1,3,4,2,3,1983,2,2
1991,1,10681,2,2,2,2,1,1,3,4,2,3,1991,2,2
1991,2,10681,2,2,2,2,1,1,3,4,2,3,1975,2,2
1991,1,10682,2,2,2,2,1,1,3,4,2,3,1989,2,2
1991,2,10682,1,2,2,2,2,2,3,4,2,3,1978,2,2
1991,1,10683,1,2,2,2,1,1,3,4,1,3,1988,2,2
1991,2,10683,1,5,5,1,1,1,3,4,2,3,1990,2,2
1991,1,10684,1,2,2,2,1,1,3,4,2,3,1967,2,2
1991,2,10684,1,2,2,2,1,1,3,4,2,3,1989,2,2
1991,1,10685,1,2,2,2,1,1,3,4,2,3,1990,2,2
1991,2,10685,1,3,3,2,1,1,3,4,2,3,1979,2,2
1991,1,10686,1,2,2,2,1,1,3,4,2,3,1976,2,2
1991,2,10686,1,2,2,2,1,1,3,4,2,3,1986,2,2
1991,1,10687,1,2,2,2,1,1,3,4,1,3,1990,2,2
1991,2,10687,1,3,3,2,1,1,3,4,2,3,1981,2,2
1991,1,10688,2,2,2,2,1,1,3,4,2,3,1987,2,2
1991,2,10688,1,2,2,2,1,1,3,4,2,3,1986,2,2
1991,1,10690,1,2,2,2,1,1,3,4,2,3,1990,2,2
1991,2,10690,1,3,3,2,2,2,3,4,2,3,1978,2,2
1991,1,10691,1,3,3,2,1,1,3,4,2,3,1964,2,2
1991,2,10691,2,2,2,2,1,1,3,4,2,3,1964,2,2
1991,1,10692,2,2,2,2,3,3,3,4,2,3,1986,2,2
1991,2,10692,7,2,2,2,4,3,3,3,2,3,1977,2,2
1991,3,10692,1,4,4,2,1,1,3,4,2,3,1979,2,2
1991,1,10693,1,2,2,2,1,1,3,4,2,3,1977,2,2
1991,2,10693,1,2,2,2,1,1,3,4,2,3,1979,2,2
1991,1,10694,1,2,2,2,1,1,3,4,2,3,1985,2,2
1991,1,10695,1,2,2,2,1,1,3,4,2,3,1986,2,2
1991,1,10696,1,2,2,2,2,2,3,4,2,3,1979,2,2
1991,1,10697,1,2,2,2,2,2,3,4,1,3,1978,2,2
1991,2,10697,1,5,5,2,2,2,3,4,2,3,1977,2,2
1991,1,10699,2,1,1,1,1,1,3,4,1,3,1973,2,2
1991,1,10700,1,2,2,2,1,1,3,4,1,3,1981,2,2
1991,1,10701,1,2,2,2,2,2,3,4,2,3,1977,2,2
1991,2,10701,3,2,2,2,1,1,3,4,2,3,1991,2,2
1991,1,10703,2,4,2,2,1,1,3,4,2,3,1987,2,1
1991,1,10704,3,1,1,1,1,1,3,4,2,3,1987,2,2
1991,1,10705,2,2,2,2,1,1,3,4,2,3,1990,1,2
1991,2,10705,2,4,2,1,1,1,3,4,2,3,1967,2,2
1991,1,10707,1,2,2,2,2,2,3,4,1,3,1984,2,2
1991,1,10708,2,2,2,2,1,1,3,4,2,3,1987,2,2
1991,2,10708,6,2,2,1,1,1,3,4,2,3,1976,2,2
1991,1,10709,1,2,2,1,1,1,3,4,1,3,1989,2,2
1991,1,10710,3,1,1,1,1,1,3,4,1,3,1990,2,2
1991,1,10711,1,2,2,1,1,1,3,4,1,3,1986,2,2
1991,1,10712,1,1,1,1,1,1,3,4,2,3,1968,2,2
1991,1,10713,1,2,2,1,1,1,3,4,2,3,1983,2,2
1991,1,10714,1,2,2,2,1,1,3,4,1,3,1985,2,2
1991,2,10714,6,4,4,2,1,1,3,4,2,3,1985,2,2
1991,1,10715,1,2,2,2,1,1,3,4,2,3,1988,2,2
1991,2,10715,1,5,5,2,1,1,3,4,2,3,1987,2,2
1991,1,10716,2,1,1,1,1,1,3,4,2,3,1973,2,2
1991,1,10717,1,2,2,2,1,1,3,4,1,3,1984,2,2
1991,1,10718,1,2,2,2,1,1,3,4,1,3,1989,2,2
1991,2,10718,1,2,2,2,1,1,3,4,2,3,1985,2,2
1991,3,10718,3,4,4,2,1,1,3,4,2,3,1990,2,2
1991,1,10719,1,2,2,1,2,2,3,4,2,3,1984,2,2
1991,1,10720,1,4,4,2,2,2,3,4,1,3,1982,2,2
1991,1,10721,2,2,2,1,1,1,3,4,2,3,1988,2,2
1991,1,10722,1,2,2,2,1,1,3,4,1,3,1984,2,1
1991,1,10723,2,1,1,1,1,1,3,4,2,3,1986,2,2
1991,1,10724,1,6,6,1,2,2,3,4,1,3,1970,2,2
1991,1,10725,2,1,1,1,2,2,3,4,2,3,1983,2,2
1991,1,10726,1,2,2,2,1,1,3,4,2,3,1978,2,2
1991,1,10727,6,2,2,2,1,1,3,4,2,3,1990,2,2
1991,2,10727,1,5,5,2,1,1,3,4,2,3,1984,2,2
1991,1,10728,2,2,2,1,1,1,3,4,2,3,1990,2,2
1991,1,10729,6,3,3,1,1,1,3,4,2,3,1985,2,2
1991,1,10730,1,2,5,2,2,2,3,4,2,3,1981,2,2
1991,2,10730,1,4,4,2,2,2,3,4,2,3,1981,2,2
1991,3,10730,2,2,2,2,1,1,3,4,2,3,1989,2,2
1991,1,10731,1,3,3,2,1,1,3,4,2,3,1973,1,2
1991,2,10731,1,2,2,2,1,1,3,4,2,3,1985,2,2
1991,1,10732,2,2,2,2,1,1,3,4,2,3,1977,2,2
1991,2,10732,1,2,2,2,1,1,3,4,2,3,1980,2,2
1991,1,10733,6,6,6,2,1,1,3,4,2,3,1988,2,2
1991,2,10733,1,2,2,2,1,1,3,4,2,3,1980,2,2
1991,1,10734,1,2,2,2,1,1,3,4,2,3,1991,2,2
1991,1,10735,2,2,2,2,1,1,3,4,2,3,1989,2,2
1991,1,10736,2,2,2,2,1,1,3,4,2,3,1985,2,2
1991,2,10736,2,2,2,2,1,1,3,4,2,3,1987,2,2
1991,1,10737,1,1,1,2,1,1,3,4,2,3,1982,2,2
1991,1,10738,1,2,2,2,1,1,3,4,1,3,1990,2,1
1991,1,10739,1,2,2,2,1,1,3,4,2,3,1986,2,2
1991,2,10739,2,2,2,2,2,2,3,4,2,3,1968,2,2
1991,1,10740,1,2,2,2,1,1,3,4,1,3,1987,2,2
1991,1,10741,1,3,3,1,1,1,3,4,1,3,1990,2,2
1991,1,10742,1,5,5,1,1,1,3,4,2,3,1991,2,2
1991,1,10743,6,2,2,1,1,1,3,4,2,3,1978,2,1
1991,1,10744,6,3,3,2,1,1,3,4,2,3,1984,2,2
1991,1,10745,2,5,5,2,1,1,3,4,2,3,1987,2,2
1991,2,10745,6,2,2,2,1,1,3,4,2,3,1991,2,2
1991,1,10746,6,2,2,2,1,1,3,4,2,3,1991,2,2
1991,2,10746,2,3,3,2,1,1,3,4,2,3,1990,2,2
1991,1,10747,1,2,2,2,1,1,3,4,2,3,1976,2,2
1991,2,10747,8,4,4,2,1,1,3,4,2,1,1985,2,2
1991,1,10748,1,2,2,2,1,1,3,4,2,3,1979,2,2
1991,2,10748,6,4,4,2,1,1,3,4,2,3,1972,2,2
1991,1,10749,1,5,5,2,1,1,3,4,1,3,1989,2,2
1991,1,10750,1,2,2,2,1,1,3,4,2,3,1981,2,2
1991,2,10750,1,2,2,2,1,1,3,4,2,3,1984,2,2
1991,1,10751,4,2,2,2,1,1,3,4,2,3,1987,2,2
1991,1,10752,2,2,2,1,1,1,3,4,1,3,1982,2,2
1991,1,10753,2,2,2,1,1,1,3,4,1,3,1989,2,2
1991,1,10754,2,2,2,2,1,1,3,4,2,3,1989,2,2
1991,2,10754,1,5,5,2,3,3,3,4,2,3,1991,2,2
1991,1,10755,2,2,2,1,1,1,3,4,2,3,1986,2,1
1991,2,10755,1,2,2,1,1,1,3,4,2,3,1986,2,2
1991,1,10756,1,2,2,2,1,1,3,4,2,3,1992,2,2
1991,2,10756,6,4,4,2,1,1,3,4,2,3,1985,2,2
1991,1,10757,1,2,2,2,1,1,3,4,2,3,1982,2,2
1991,1,10758,1,2,2,2,2,2,3,4,2,3,1974,2,2
1991,1,10759,1,1,1,1,1,1,3,4,1,3,1975,2,2
1991,1,10760,1,2,2,1,2,2,3,4,1,3,1981,2,2
1991,1,10761,2,3,3,2,1,1,3,4,2,3,1988,2,2
1991,2,10761,6,2,2,2,1,1,3,4,2,3,1986,2,2
1991,1,10762,1,2,2,2,2,2,3,4,1,3,1977,2,2
1991,1,10763,1,1,1,1,1,1,3,4,1,3,1985,2,2
1991,1,10764,1,2,2,2,2,2,3,4,2,3,1976,2,2
1991,1,10765,2,2,2,1,2,2,3,4,1,3,1988,2,2
1991,1,10766,6,2,2,2,1,1,3,4,2,3,1988,2,2
1991,2,10766,2,5,5,2,1,1,3,4,2,3,1991,2,2
1991,1,10767,2,2,2,2,1,1,3,4,1,3,1964,2,2
1991,1,10769,3,2,2,2,1,1,3,4,2,3,1985,2,2
1991,2,10769,1,2,2,1,1,1,3,4,2,3,1986,2,2
1991,1,10770,1,2,2,2,1,1,3,4,2,3,1969,2,2
1991,1,10771,2,3,3,2,2,2,3,4,2,3,1988,2,2
1991,1,10772,2,5,5,2,1,1,3,4,2,3,1990,2,2
1991,2,10772,6,2,2,2,1,1,3,4,2,3,1991,2,2
1991,1,10773,1,2,2,2,1,1,3,4,1,3,1977,2,2
1991,1,10774,2,2,2,2,1,1,3,4,2,3,1983,2,2
1991,1,10775,6,7,7,2,1,1,3,4,2,3,1973,2,2
1991,1,10777,1,2,2,2,2,2,3,4,2,3,1983,2,2
1991,2,10777,1,3,3,2,2,2,3,4,2,3,1989,2,2
1991,1,10778,3,7,7,1,1,1,3,4,1,3,1991,2,2
1991,1,10779,2,2,2,1,1,1,3,4,2,3,1968,2,2
1991,2,10779,6,2,2,1,2,2,3,4,2,3,1975,2,2
1991,1,10780,1,2,2,1,2,2,3,4,1,3,1986,2,2
1991,1,10781,1,2,2,2,1,1,3,4,2,3,1982,2,2
1991,1,10782,1,2,2,2,1,1,3,4,2,3,1979,2,2
1991,1,10783,1,2,2,2,1,1,3,4,2,3,1988,2,2
1991,2,10783,2,5,5,2,1,1,3,4,2,3,1986,2,2
1991,1,10784,1,2,2,1,1,1,3,4,1,3,1983,2,2
1991,1,10785,6,2,2,2,1,1,3,4,2,3,1979,2,2
1991,2,10785,1,2,2,2,1,1,3,4,2,3,1984,2,2
1991,1,10786,1,2,2,2,1,1,3,4,2,3,1986,2,2
1991,1,10787,1,2,2,2,1,1,3,4,2,3,1972,2,2
1991,2,10787,6,2,2,2,1,1,3,4,2,3,1987,2,2
1991,1,10788,1,3,3,1,1,1,3,4,1,3,1985,2,2
1991,1,10789,7,2,2,2,4,1,3,1,1,3,1991,2,2
1991,1,10790,2,2,2,2,1,1,3,4,2,3,1988,2,1
1991,2,10790,1,2,2,2,1,1,3,4,2,3,1984,2,2
1991,1,10791,1,2,2,1,1,1,3,4,2,3,1976,2,2
1991,1,10792,1,1,1,1,1,1,3,4,2,3,1979,2,2
1991,1,10793,1,2,4,2,1,1,3,4,1,3,1978,2,2
1991,1,10795,1,5,5,2,1,1,3,4,2,3,1979,2,2
1991,2,10795,2,2,2,2,1,1,3,4,2,3,1986,2,2
1991,1,10796,4,2,2,2,1,1,3,4,2,3,1985,2,2
1991,1,10797,1,4,2,1,1,1,3,4,2,3,1966,2,2
1991,2,10797,6,2,2,2,1,1,3,4,2,3,1991,2,2
1991,1,10798,1,2,2,1,1,1,3,4,2,3,1984,2,2
1991,2,10798,4,6,6,2,1,1,3,4,2,3,1991,2,2
1991,3,10798,1,2,2,2,1,1,3,4,1,3,1991,2,2
1991,1,10799,1,2,2,2,1,1,3,4,2,3,1976,2,2
1991,1,10800,1,2,2,2,1,1,3,4,2,3,1982,2,2
1991,1,10801,1,2,2,2,1,1,3,4,2,3,1989,2,2
1991,1,10802,1,2,2,2,1,1,3,4,2,3,1985,2,2
1991,1,10803,1,2,2,1,1,1,3,4,2,3,1980,2,2
1991,1,10804,4,2,2,2,1,1,3,4,2,3,1976,2,2
1991,2,10804,1,2,2,2,1,1,3,4,2,3,1971,2,2
1991,1,10805,1,2,2,1,2,2,3,4,1,3,1984,2,2
1991,1,10806,2,2,2,1,1,1,3,4,2,3,1975,2,2
1991,1,10807,6,2,2,1,1,1,3,4,2,3,1985,2,2
1991,2,10807,6,2,2,2,1,1,3,4,2,3,1985,2,2
1991,1,10808,1,2,2,1,1,1,3,4,1,3,1989,2,2
1991,1,10809,6,5,6,2,1,1,3,4,2,3,1988,2,2
1991,2,10809,1,6,6,2,1,1,3,4,1,3,1988,2,2
1991,1,10810,2,3,3,1,1,1,3,4,2,3,1984,2,2
1991,2,10810,1,2,2,2,1,1,3,4,2,3,1984,2,2
1991,1,10811,1,3,3,1,1,1,3,4,1,3,1988,2,2
1991,1,10812,1,2,2,2,1,1,3,4,2,3,1978,2,2
1991,2,10812,6,4,4,2,1,1,3,4,2,3,1991,2,2
1991,1,10813,1,2,2,1,2,2,3,4,1,3,1980,2,2
1991,1,10814,6,2,2,2,1,1,3,4,2,3,1981,2,2
1991,2,10814,2,2,2,2,1,1,3,4,2,3,1984,2,2
1991,1,10815,1,2,2,2,1,1,3,4,2,3,1990,2,2
1991,2,10815,1,3,3,2,1,1,3,4,2,3,1986,2,2
1991,3,10815,1,2,2,2,1,1,3,4,2,3,1988,2,2
1991,1,10816,2,1,1,1,1,1,3,4,1,3,1964,1,2
1991,1,10817,6,2,2,1,1,1,3,4,2,3,1982,2,2
1991,1,10818,2,2,2,2,1,1,3,4,2,3,1990,2,2
1991,2,10818,2,4,4,2,1,1,3,4,2,3,1974,2,2
1991,1,10819,1,2,2,1,1,1,3,4,2,3,1980,2,2
1991,1,10820,1,2,2,2,1,1,3,4,2,3,1989,2,2
1991,2,10820,2,2,2,2,1,1,3,4,2,3,1979,2,2
1991,1,10821,1,2,2,2,1,1,3,4,2,3,1980,2,2
1991,2,10821,1,5,5,2,2,2,3,4,2,3,1989,2,2
1991,1,10822,2,2,2,1,1,1,3,4,1,3,1984,2,2
1991,1,10823,1,2,2,2,1,1,3,4,2,3,1984,2,2
1991,2,10823,1,2,2,2,1,1,3,4,2,3,1969,2,2
1991,1,10824,1,2,2,2,1,1,3,4,2,3,1986,2,2
1991,1,10825,6,1,1,1,1,1,3,4,2,3,1987,2,2
1991,1,10826,1,3,3,1,2,2,3,4,2,3,1979,2,2
1991,1,10827,1,2,2,2,1,1,3,4,1,3,1985,2,2
1991,2,10827,2,2,2,2,1,1,3,4,2,3,1977,2,2
1991,1,10828,1,2,2,1,1,1,3,4,1,3,1987,2,2
1991,2,10828,1,4,4,1,1,1,3,4,1,3,1991,2,2
1991,1,10829,4,2,2,2,1,1,3,4,2,3,1991,2,2
1991,1,10830,1,5,5,2,1,1,3,4,2,3,1984,2,2
1991,2,10830,6,2,2,1,1,1,3,4,2,3,1988,2,2
1991,1,10831,2,2,2,2,1,1,3,4,2,3,1988,2,2
1991,2,10831,1,2,2,2,1,1,3,4,2,3,1973,2,2
1991,1,10832,1,2,2,2,1,1,3,4,1,3,1978,2,2
1991,2,10832,2,2,2,2,1,1,3,4,2,3,1977,2,2
1991,1,10833,1,1,1,1,1,1,3,4,1,3,1984,2,2
1991,1,10834,1,2,2,2,2,2,3,4,2,3,1981,2,2
1991,2,10834,1,2,2,2,2,2,3,4,2,3,1991,2,2
1991,1,10835,1,5,5,2,1,1,3,4,2,3,1990,2,2
1991,2,10835,3,2,2,2,1,1,3,4,1,3,1986,2,2
1991,1,10836,1,2,2,1,1,1,3,4,1,3,1988,2,2
1991,1,10837,2,2,2,1,1,1,3,4,2,3,1984,2,2
1991,1,10838,1,2,2,2,1,1,3,4,1,3,1985,2,2
1991,1,10839,1,2,2,1,1,1,3,4,1,3,1984,2,2
1991,1,10840,2,3,3,1,1,1,3,4,1,3,1987,2,2
1991,1,10841,1,5,5,2,1,1,3,4,2,3,1988,2,2
1991,2,10841,2,2,2,2,1,1,3,4,2,3,1969,2,2
1991,1,10842,6,2,2,1,1,1,3,4,1,3,1980,2,2
1991,1,10843,2,2,2,2,2,2,3,4,2,3,1987,2,2
1991,2,10843,1,2,2,2,1,1,3,4,2,3,1988,2,2
1991,1,10845,1,2,2,2,1,1,3,4,2,3,1989,2,2
1991,1,10846,1,2,2,1,1,1,3,4,2,3,1984,2,2
1991,1,10847,3,2,2,2,1,1,3,4,2,3,1985,2,2
1991,2,10847,1,5,5,2,1,1,3,4,2,3,1986,2,2
1991,1,10848,1,2,2,2,2,2,3,4,2,3,1987,2,2
1991,1,10849,3,2,2,2,1,1,3,4,1,3,1985,2,2
1991,1,10850,2,2,2,2,1,1,3,4,1,3,1977,2,2
1991,2,10850,2,5,5,1,1,1,3,4,2,3,1975,2,2
1991,1,10851,1,5,5,2,1,1,3,4,2,3,1983,2,2
1991,1,10852,1,5,5,2,1,1,3,4,2,3,1985,2,2
1991,2,10852,2,2,2,1,1,1,3,4,2,3,1984,2,2
1991,3,10852,1,2,2,2,1,1,3,4,2,3,1990,2,2
1991,1,10853,1,2,2,2,1,1,3,4,1,3,1987,2,2
1991,2,10853,1,2,2,2,1,1,3,4,1,3,1986,2,2
1991,3,10853,2,2,2,2,1,1,3,4,1,3,1985,2,2
1991,4,10853,3,2,2,2,1,1,3,4,1,3,1971,2,2
1991,5,10853,3,2,2,2,1,1,3,4,1,3,1988,2,2
1991,6,10853,1,2,2,2,1,1,3,4,1,3,1983,2,2
1991,7,10853,1,2,2,2,1,1,3,4,1,3,1983,2,2
1991,1,10854,1,2,2,1,1,1,3,4,1,3,1985,2,2
1991,1,10855,1,5,5,2,1,1,3,4,1,3,1988,2,2
1991,1,10856,2,2,2,2,2,2,3,4,2,3,1972,2,2
1991,2,10856,1,2,2,2,1,1,3,4,2,3,1982,2,2
1991,1,10857,1,5,5,2,1,1,3,4,2,3,1988,2,2
1991,2,10857,1,2,2,2,1,1,3,4,2,3,1991,2,2
1991,1,10858,1,2,2,2,2,2,3,4,2,3,1974,2,2
1991,2,10858,7,2,2,2,4,1,3,1,2,3,1980,2,2
1991,1,10859,1,2,2,2,2,2,3,4,1,3,1983,2,2
1991,2,10859,1,2,2,2,2,2,3,4,2,3,1984,2,2
1991,1,10861,1,5,5,2,1,1,3,4,2,3,1987,2,2
1991,2,10861,1,2,2,2,1,1,3,4,1,3,1987,2,2
1991,1,10862,1,2,2,2,1,1,3,4,2,3,1984,2,2
1991,2,10862,3,2,2,1,1,1,3,4,2,3,1985,2,2
1991,1,10863,1,2,2,1,1,1,3,4,2,3,1988,1,2
1991,1,10864,2,5,5,1,1,1,3,4,1,3,1991,2,2
1991,2,10864,1,2,2,2,1,1,3,4,2,3,1983,2,2
1991,1,10865,1,3,3,2,1,1,3,4,1,3,1986,2,2
1991,2,10865,1,2,2,2,1,1,3,4,2,3,1986,2,2
1991,1,10866,1,3,3,2,1,1,3,4,2,3,1978,2,2
1991,2,10866,2,2,2,2,1,1,3,4,2,3,1983,2,2
1991,1,10867,6,2,2,2,1,1,3,4,2,3,1985,2,2
1991,2,10867,4,5,5,2,1,1,3,4,2,3,1978,2,2
1991,1,10868,6,7,7,1,1,1,3,4,1,3,1987,2,2
1991,1,10869,2,2,2,2,1,1,3,4,2,3,1988,2,2
1991,1,10870,2,2,2,1,1,1,3,4,1,3,1988,2,2
1991,1,10871,1,5,5,2,1,1,3,4,2,3,1982,2,2
1991,2,10871,2,2,2,2,1,1,3,4,2,3,1977,2,2
1991,3,10871,2,2,2,2,1,1,3,4,2,3,1978,2,2
1991,1,10872,1,2,2,2,1,1,3,4,1,3,1987,2,2
1991,2,10872,2,2,2,2,1,1,3,4,2,3,1988,2,2
1991,1,10873,1,2,2,1,2,2,3,4,1,3,1988,2,2
1991,1,10874,2,2,2,2,1,1,3,4,2,3,1978,2,2
1991,2,10874,3,2,2,2,1,1,3,4,1,3,1991,2,2
1991,1,10875,1,2,2,1,1,1,3,4,2,3,1990,2,2
1991,1,10876,1,2,2,2,1,1,3,4,2,3,1977,2,2
1991,1,10878,1,3,3,1,2,2,3,4,1,3,1980,2,2
1991,1,10879,3,5,5,2,1,1,3,4,2,3,1991,2,2
1991,2,10879,2,2,2,2,1,1,3,4,2,3,1983,2,2
1991,1,10880,1,2,2,1,1,1,3,4,2,3,1988,2,1
1991,1,10881,1,2,2,2,1,1,3,4,2,3,1976,2,2
1991,2,10881,1,2,2,2,1,1,3,4,2,3,1981,2,2
1991,1,10882,1,3,3,2,1,1,3,4,2,3,1989,2,2
1991,2,10882,2,2,2,2,1,1,3,4,2,3,1985,2,2
1991,1,10883,1,6,6,1,2,2,3,4,1,3,1986,2,2
1991,1,10884,1,2,2,2,1,1,3,4,2,3,1981,2,2
1991,2,10884,1,2,2,2,1,1,3,4,2,3,1984,2,2
1991,1,10885,6,2,6,2,3,3,3,4,2,3,1987,2,2
1991,1,10886,1,3,3,2,1,1,3,4,2,3,1979,2,2
1991,2,10886,6,2,2,2,1,1,3,4,2,3,1985,2,2
1991,1,10887,1,2,2,2,2,2,3,4,2,3,1976,2,2
1991,2,10887,9,4,4,1,2,2,3,4,2,3,9999,2,2
1991,1,10888,1,5,5,2,1,1,3,4,2,3,1980,2,2
1991,1,10889,2,1,1,1,1,1,3,4,1,3,1983,2,2
1991,1,10890,2,2,2,2,1,1,3,4,2,3,1983,2,2
1991,1,10891,1,2,2,2,1,1,3,4,2,3,1980,2,2
1991,1,10893,2,2,2,2,1,1,3,4,2,3,1971,2,2
1991,1,10894,1,2,2,2,1,1,3,4,2,3,1979,2,2
1991,1,10896,3,3,3,2,1,1,3,4,2,3,1985,2,2
1991,2,10896,1,2,2,2,1,1,3,4,2,3,1992,2,2
1991,1,10897,1,2,2,2,1,1,3,4,2,3,1970,2,2
1991,1,10898,1,5,5,2,1,1,3,4,2,3,1986,2,2
1991,1,10899,1,2,2,2,1,1,3,4,1,3,1984,2,2
1991,2,10899,1,2,2,2,1,1,3,4,2,3,1988,2,2
1991,1,10900,1,2,2,2,1,1,3,4,1,3,1973,2,1
1991,1,10901,1,5,5,2,1,1,3,4,2,3,1983,2,2
1991,2,10901,1,2,2,2,1,1,3,4,1,3,1983,2,2
1991,1,10902,1,3,3,2,2,2,3,4,1,3,1979,2,2
1991,2,10902,3,2,2,2,1,1,3,4,2,3,1972,2,2
1991,1,10903,1,5,5,2,1,1,3,4,1,3,1976,2,2
1991,1,10904,1,2,2,2,3,3,3,4,2,3,1983,2,2
1991,2,10904,7,3,3,2,4,1,3,1,2,3,1980,2,2
1991,1,10905,2,2,2,2,2,2,3,4,2,3,1973,2,2
1991,1,10906,1,2,2,2,1,1,3,4,2,3,1982,2,2
1991,2,10906,1,2,2,2,1,1,3,4,2,3,1986,2,2
1991,3,10906,1,2,2,2,1,1,3,4,2,3,1985,2,2
1991,1,10907,1,1,1,1,1,1,3,4,2,3,1972,2,2
1991,1,10908,2,2,2,2,1,1,3,4,1,3,1988,2,2
1991,2,10908,1,2,2,2,1,1,3,4,2,3,1981,2,2
1991,1,10909,1,2,2,2,1,1,3,4,2,3,1988,2,2
1991,2,10909,2,2,2,2,2,2,3,4,2,3,1979,2,2
1991,1,10910,2,2,2,2,1,1,3,4,1,3,1988,2,1
1991,1,10911,1,2,2,2,1,1,3,4,2,3,1982,2,2
1991,1,10912,2,3,3,1,1,1,3,4,1,3,1987,2,2
1991,1,10913,1,2,2,2,1,1,3,4,2,3,1987,2,2
1991,1,10914,1,2,2,2,1,1,3,4,2,3,1990,2,2
1991,1,10915,1,2,2,2,1,1,3,4,2,3,1986,2,2
1991,2,10915,1,5,5,2,1,1,3,4,2,3,1977,2,2
1991,1,10916,1,2,2,1,2,2,3,4,1,3,1979,2,2
1991,1,10917,1,2,2,2,1,1,3,4,2,3,1991,2,2
1991,2,10917,1,2,2,2,1,1,3,4,2,3,1981,2,2
1991,1,10918,1,2,2,2,1,1,3,4,2,3,1978,2,2
1991,1,10919,2,2,2,2,1,1,3,4,2,3,1986,2,2
1991,2,10919,1,2,2,2,2,2,3,4,1,3,1982,2,2
1991,1,10920,1,1,1,1,1,1,3,4,2,3,1986,2,2
1991,1,10921,1,4,4,2,1,1,3,4,2,3,1988,2,2
1991,2,10921,2,2,2,2,1,1,3,4,2,3,1989,2,2
1991,1,10922,1,2,2,2,2,2,3,4,1,3,1979,2,2
1991,2,10922,2,2,2,2,1,1,3,4,2,3,1987,2,2
1991,1,10923,1,2,2,1,1,1,3,4,1,3,1980,2,2
1991,1,10924,2,2,2,1,1,1,3,4,2,3,1968,2,1
1991,1,10926,6,2,2,2,1,1,3,4,2,3,1989,2,2
1991,2,10926,4,2,2,2,1,1,3,4,2,3,1991,2,2
1991,1,10927,1,2,2,2,1,1,3,4,2,3,1987,2,2
1991,2,10927,1,7,7,1,1,1,3,4,2,3,1979,2,2
1991,3,10927,1,2,2,2,1,1,3,4,2,3,1986,2,2
1991,4,10927,1,2,2,2,2,2,3,4,2,3,1985,2,2
1991,1,10928,1,2,2,1,1,1,3,4,1,3,1986,2,1
1991,1,10929,1,4,4,1,1,1,3,4,1,3,1989,2,2
1991,1,10930,1,2,2,2,1,1,3,4,2,3,1991,2,2
1991,2,10930,1,3,3,2,1,1,3,4,1,3,1987,2,2
1991,1,10931,1,2,2,2,1,1,3,4,2,3,1990,2,2
1991,2,10931,1,2,2,2,1,1,3,4,2,3,1984,2,2
1991,1,10932,7,2,2,2,4,1,3,1,2,3,1983,2,2
1991,1,10933,9,7,7,2,3,3,3,4,2,3,9999,2,2
1991,2,10933,9,7,7,2,3,3,3,4,2,3,9999,2,2
1991,3,10933,1,6,6,2,1,1,3,4,2,3,1984,2,2
1991,1,10934,9,2,2,2,1,1,3,4,1,3,1985,2,2
1991,1,10935,1,3,3,2,2,2,3,4,2,3,1979,1,2
1991,1,10936,1,3,3,2,1,1,3,4,2,3,1984,2,2
1991,2,10936,1,2,2,2,1,1,3,4,2,3,1984,2,2
1991,1,10937,1,2,2,2,2,2,3,4,2,3,1984,2,2
1991,2,10937,2,2,2,2,1,1,3,4,2,3,1987,2,2
1991,1,10938,6,2,2,2,1,1,3,4,2,3,1980,2,2
1991,2,10938,2,2,2,2,1,1,3,4,2,3,1991,2,2
1991,1,10939,2,2,2,2,1,1,3,4,2,3,1988,2,2
1991,2,10939,1,5,5,2,1,1,3,4,2,3,1983,2,2
1991,1,10940,2,2,2,2,1,1,3,4,1,3,1976,2,2
1991,1,10941,1,5,5,2,1,1,3,4,2,3,1988,2,2
1991,2,10941,6,2,2,1,1,1,3,4,2,3,9999,2,2
1991,1,10942,1,2,2,2,1,1,3,4,2,3,1984,2,2
1991,2,10942,2,3,3,2,1,1,3,4,2,3,1974,2,2
1991,1,10943,2,1,1,1,1,1,3,4,1,3,1984,2,2
1991,1,10944,1,5,5,2,2,2,3,4,1,3,1980,2,2
1991,1,10945,1,2,2,2,1,1,3,4,2,3,1967,2,2
1991,1,10946,1,2,2,2,2,2,3,4,2,3,1991,2,2
1991,2,10946,1,2,2,2,1,1,3,4,2,3,1982,2,2
1991,1,10947,1,2,2,2,1,1,3,4,2,3,1989,2,2
1991,2,10947,6,2,2,2,1,1,3,4,2,3,1991,2,2
1991,3,10947,2,2,2,2,1,1,3,4,2,3,1983,2,2
1991,1,10948,1,2,2,2,2,2,3,4,2,3,1990,2,2
1991,2,10948,1,5,5,2,2,2,3,4,2,3,1982,2,2
1991,1,10949,2,2,2,2,1,1,3,4,2,3,1989,2,2
1991,1,10950,1,3,3,2,1,1,3,4,2,3,1987,2,2
1991,1,10951,6,5,5,2,1,1,3,4,1,3,1989,2,2
1991,2,10951,2,2,2,2,1,1,3,4,1,3,1991,2,2
1991,1,10952,1,2,2,1,1,1,3,4,1,3,1980,2,2
1991,1,10953,1,2,3,2,1,1,3,4,1,3,1981,2,2
1991,2,10953,1,2,2,2,1,1,3,4,2,3,1987,2,2
1991,1,10954,2,3,3,2,1,1,3,4,2,3,1978,2,2
1991,2,10954,2,2,2,2,1,1,3,4,1,3,1980,2,2
1991,1,10955,1,2,2,1,1,1,3,4,1,3,1983,2,2
1991,1,10956,2,4,4,1,1,1,3,4,2,3,1991,2,2
1991,1,10957,1,5,5,2,1,1,3,4,2,3,1986,2,2
1991,2,10957,6,2,2,1,1,1,3,4,2,3,1981,2,2
1991,3,10957,1,2,2,2,1,1,3,4,2,3,1988,2,2
1991,4,10957,1,2,2,2,1,1,3,4,2,3,1991,2,2
1991,5,10957,1,2,2,2,1,1,3,4,2,3,1986,2,2
1991,1,10958,7,3,3,2,4,1,3,1,2,3,1982,2,2
1991,2,10958,2,2,2,2,1,1,3,4,2,3,1980,2,2
1991,1,10959,1,5,5,2,1,1,3,4,2,3,1989,2,2
1991,2,10959,6,2,2,2,1,1,3,4,2,3,1982,2,2
1991,1,10960,2,2,2,2,1,1,3,4,2,3,1982,2,2
1991,1,10961,1,1,1,1,2,2,3,4,1,3,1980,2,2
1991,1,10962,2,2,2,1,1,1,3,4,2,3,1969,2,2
1991,1,10963,9,7,7,2,3,3,3,4,2,3,9999,2,2
1991,1,10964,1,5,5,2,2,2,3,4,2,3,1980,2,2
1991,2,10964,1,2,2,2,1,1,3,4,2,3,1982,2,2
1991,1,10965,6,2,2,2,1,1,3,4,2,3,1987,2,2
1991,2,10965,1,5,5,2,1,1,3,4,2,3,1986,2,2
1991,3,10965,2,5,5,2,1,1,3,4,2,3,1988,2,2
1991,4,10965,4,4,4,2,1,1,3,4,2,3,1987,2,2
1991,1,10966,1,2,2,1,1,1,3,4,2,3,1983,2,2
1991,2,10966,1,2,2,2,1,1,3,4,2,3,1986,2,2
1991,1,10967,1,2,2,2,1,1,3,4,2,3,1987,2,2
1991,2,10967,1,2,2,2,1,1,3,4,2,3,1976,2,2
1991,1,10968,2,4,4,2,2,2,3,4,1,3,1985,2,2
1991,1,10969,1,2,2,2,1,1,3,4,2,3,1991,2,2
1991,2,10969,1,4,4,2,1,1,3,4,2,3,1982,2,2
1991,3,10969,6,2,2,2,1,1,3,4,2,3,1980,2,2
1991,1,10970,1,2,2,2,2,2,3,4,1,3,1982,2,2
1991,1,10971,1,3,3,1,2,2,3,4,1,3,1987,2,2
1991,1,10972,1,2,2,2,1,1,3,4,2,3,1986,2,2
1991,2,10972,1,5,5,2,1,1,3,4,2,3,1985,2,2
1991,1,10973,6,2,2,2,1,1,3,4,2,3,1990,2,2
1991,2,10973,1,5,5,2,1,1,3,4,2,3,1985,2,2
1991,1,10974,1,3,3,2,1,1,3,4,2,3,1987,2,2
1991,2,10974,2,2,2,2,2,2,3,4,2,3,1974,2,2
1991,1,10975,2,2,2,2,1,1,3,4,2,3,1991,2,2
1991,2,10975,2,3,3,2,1,1,3,4,2,3,1987,2,2
1991,1,10976,2,5,5,2,1,1,3,4,2,3,1986,2,2
1991,2,10976,1,2,2,1,2,2,3,4,2,3,1978,2,2
1991,1,10977,2,2,2,2,1,1,3,4,2,3,1972,2,2
1991,1,10978,1,2,2,1,1,1,3,4,1,3,1985,2,2
1991,1,10979,6,2,2,2,1,1,3,4,2,3,1973,2,2
1991,2,10979,1,5,5,2,1,1,3,4,2,3,1980,2,2
1991,1,10980,9,2,2,2,3,3,3,4,2,3,9999,2,2
1991,1,10981,1,2,2,2,2,2,3,4,2,3,1982,2,2
1991,1,10982,2,2,2,2,1,1,3,4,2,3,1991,2,2
1991,1,10983,4,4,4,2,2,2,3,4,2,3,1977,2,2
1991,2,10983,5,2,2,2,1,1,3,4,2,3,1988,2,2
1991,3,10983,6,2,2,2,1,1,3,4,2,3,1974,2,2
1991,1,10984,1,3,3,2,2,2,3,4,1,3,1986,2,2
1991,1,10985,1,2,2,2,1,1,3,4,1,3,1991,2,2
1991,1,10986,2,2,2,2,1,1,3,4,2,3,1987,2,2
1991,2,10986,7,2,2,2,4,1,3,1,2,3,1977,2,2
1991,3,10986,7,1,1,2,4,1,3,1,2,3,1982,2,2
1991,1,10987,1,2,2,2,1,1,3,4,2,3,1984,2,2
1991,2,10987,4,2,2,2,1,1,3,4,2,3,1986,2,2
1991,1,10988,6,2,2,2,1,1,3,4,2,3,1985,2,2
1991,1,10989,1,3,3,2,1,1,3,4,2,3,1981,2,2
1991,1,10990,1,2,2,2,1,1,3,4,2,3,1983,2,2
1991,1,10991,2,2,2,2,1,1,3,4,1,3,1989,2,2
1991,1,10992,7,7,7,2,4,1,3,1,1,3,1991,2,2
1991,1,10993,2,2,2,2,1,1,3,4,2,3,1980,2,2
1991,1,10994,1,5,5,2,2,2,3,4,2,3,1988,2,2
1991,2,10994,1,2,2,2,1,1,3,4,2,3,1983,2,2
1991,1,10995,1,2,2,2,1,1,3,4,2,3,1986,2,2
1991,2,10995,2,2,2,2,1,1,3,4,2,3,1977,2,2
1991,1,10996,1,2,2,2,1,1,3,4,2,3,1979,2,2
1991,1,10997,1,2,2,2,2,2,3,4,2,3,1976,2,2
1991,2,10997,1,2,2,2,1,1,3,4,2,3,1988,2,2
1991,1,10998,2,2,2,2,1,1,3,4,2,3,1973,2,2
1991,2,10998,1,2,2,2,1,1,3,4,2,3,1989,2,2
1991,1,10999,1,2,2,2,1,1,3,4,2,3,1987,2,2
1991,2,10999,1,5,5,2,1,1,3,4,2,3,1978,2,2
1991,1,11000,2,5,5,2,1,1,3,4,2,3,1979,2,2
1991,2,11000,2,2,2,2,1,1,3,4,2,3,1989,2,2
1991,3,11000,1,5,5,2,1,1,3,4,2,3,1986,2,2
1991,1,11001,2,2,2,2,1,1,3,4,2,3,1979,2,2
1991,1,11002,1,3,3,2,1,1,3,4,2,3,1979,2,2
1991,2,11002,1,2,2,2,1,1,3,4,2,3,1979,2,2
1991,1,11004,1,5,5,2,1,1,3,4,2,3,1977,2,2
1991,2,11004,7,2,2,2,4,2,3,2,1,3,1982,2,2
1991,1,11005,1,2,2,2,1,1,3,4,2,3,1977,2,2
1991,1,11006,6,5,5,2,1,1,3,4,2,3,1977,2,2
1991,2,11006,1,2,2,2,1,1,3,4,2,3,1977,2,2
1991,1,11007,1,2,2,1,1,1,3,4,2,3,1984,2,2
1991,2,11007,2,2,2,2,1,1,3,4,2,3,1990,2,2
1991,1,11008,6,2,2,1,1,1,3,4,2,3,1986,2,1
1991,1,11009,2,2,2,2,1,1,3,4,2,3,1977,2,2
1991,1,20001,1,5,2,2,1,1,3,4,2,3,1987,2,2
1991,2,20001,1,2,5,2,1,1,3,4,2,3,1988,2,2
1991,1,20002,6,2,2,2,2,2,3,4,1,3,1971,2,2
1991,2,20002,2,5,5,2,1,1,3,4,2,3,1979,2,2
1991,1,20003,3,2,2,2,1,1,3,4,1,3,1977,2,2
1991,1,20005,4,2,2,1,1,1,3,4,2,3,1970,1,1
1991,1,20006,1,5,5,2,1,1,3,4,1,3,1981,2,2
1991,2,20006,2,4,4,2,1,1,3,4,2,3,1966,2,2
1991,1,20007,1,2,2,2,1,1,3,4,2,3,1978,2,2
1991,2,20007,2,2,2,2,1,1,3,4,2,3,1985,2,2
1991,1,20009,8,6,6,2,1,1,3,4,2,3,1984,2,2
1991,1,20010,3,2,2,2,1,1,3,4,2,3,1991,1,2
1991,2,20010,1,4,3,2,1,1,3,4,2,3,1983,2,2
1991,3,20010,1,2,2,2,1,1,3,4,2,3,1981,2,2
1991,1,20011,1,2,2,2,1,1,3,4,2,3,1979,1,2
1991,1,20012,1,3,3,2,1,1,3,4,2,3,1985,2,2
1991,2,20012,6,2,2,2,1,1,3,4,2,3,1984,2,2
1991,1,20013,2,5,4,2,1,1,3,4,2,3,1989,2,2
1991,2,20013,6,2,2,2,1,1,3,4,2,3,1987,2,2
1991,1,20014,3,5,4,2,1,1,3,4,1,3,1986,2,2
1991,2,20014,2,2,2,2,1,1,3,4,2,3,1991,2,2
1991,1,20015,3,2,2,2,1,1,3,4,1,3,1967,2,2
1991,1,20016,7,2,2,2,4,1,3,1,1,3,1978,2,2
1991,1,20017,9,2,2,2,1,1,3,4,2,3,1979,2,2
1991,1,20018,1,2,2,2,1,1,3,4,2,3,1983,2,2
1991,2,20018,2,2,2,2,1,1,3,4,2,3,1989,2,2
1991,1,20019,1,2,2,2,1,1,3,4,2,3,1983,2,2
1991,1,20020,1,2,2,2,1,1,3,4,2,3,1991,2,2
1991,1,20021,1,2,2,2,2,2,3,4,2,3,1984,2,2
1991,2,20021,3,5,2,2,1,1,3,4,2,3,1989,2,2
1991,1,20022,2,2,2,2,1,1,3,4,1,3,1987,2,2
1991,1,20023,7,2,3,2,4,1,3,1,1,3,1981,2,2
1991,1,20024,6,1,1,1,1,1,3,4,1,3,1975,2,2
1991,1,20026,1,2,2,2,1,1,3,4,2,3,1973,1,2
1991,1,20027,2,2,2,2,1,1,3,4,2,3,1991,2,2
1991,1,20028,3,1,1,1,1,1,3,4,2,3,1977,1,2
1991,1,20029,2,1,1,1,1,1,3,4,2,3,1980,1,2
1991,1,20030,1,2,2,2,1,1,3,4,2,3,1989,2,2
1991,1,20031,2,3,3,2,1,1,3,4,2,3,1982,2,2
1991,1,20032,9,7,7,2,3,3,3,4,2,3,9999,2,2
1991,1,20033,2,4,2,2,1,1,3,4,2,3,1977,1,2
1991,2,20033,2,4,4,2,1,1,3,4,2,3,1981,2,2
1991,3,20033,2,2,2,2,1,1,3,4,2,3,1977,2,2
1991,1,20035,2,2,2,2,2,2,3,4,2,3,1983,1,2
1991,1,20036,1,3,4,2,1,1,3,4,1,3,1972,2,2
1991,2,20036,1,2,2,2,1,1,3,4,2,3,1980,2,2
1991,1,20037,2,2,2,2,1,1,3,4,2,3,1989,2,2
1991,1,20038,1,2,2,2,2,2,3,4,2,3,1979,2,2
1991,2,20038,1,2,2,2,1,1,3,4,2,3,1990,2,2
1991,1,20039,2,5,5,1,1,1,3,4,2,3,1968,1,2
1991,2,20039,1,3,2,2,1,1,3,4,2,3,1970,2,2
1991,1,20040,1,2,2,2,1,1,3,4,2,3,1984,2,2
1991,2,20040,9,2,2,2,1,1,3,4,2,3,1987,2,2
1991,1,20041,3,5,2,2,1,1,3,4,2,3,1987,2,2
1991,2,20041,2,5,4,2,1,1,3,4,2,3,1973,2,2
1991,1,20042,7,2,2,2,4,1,3,1,1,3,1987,2,2
1991,1,20043,1,2,2,2,1,1,3,4,2,3,1977,2,2
1991,1,20044,1,6,6,2,1,1,3,4,2,3,1976,1,2
1991,1,20045,3,1,1,1,1,1,3,4,1,3,1975,2,2
1991,1,20046,1,2,2,2,1,1,3,4,1,3,1982,2,2
1991,2,20046,3,2,2,2,1,1,3,4,2,3,1970,2,2
1991,1,20047,2,2,2,2,1,1,3,4,1,3,1990,2,2
1991,1,20048,3,2,2,1,1,1,3,4,1,3,1988,2,2
1991,1,20049,1,2,2,2,1,1,3,4,2,3,1979,2,2
1991,2,20049,2,4,4,2,1,1,3,4,2,3,1986,2,2
1991,3,20049,1,4,4,2,1,1,3,4,2,3,1985,2,2
1991,4,20049,8,4,4,2,1,1,3,4,2,3,1977,2,2
1991,1,20050,2,2,2,1,2,2,3,4,2,3,1990,1,2
1991,1,20051,7,2,2,2,4,1,3,1,2,3,1988,1,2
1991,2,20051,2,4,4,2,1,1,3,4,2,3,1987,2,2
1991,1,20052,1,2,2,2,1,1,3,4,2,3,1987,2,2
1991,2,20052,9,3,3,2,1,1,3,4,1,3,9999,2,2
1991,1,20053,2,2,2,1,2,2,3,4,2,3,1979,2,2
1991,1,20054,1,2,2,2,2,2,3,4,2,3,1980,2,2
1991,1,20055,7,2,2,2,4,1,3,1,1,3,1991,2,1
1991,1,20056,7,2,2,2,4,2,3,2,1,3,1981,2,2
1991,2,20056,2,4,4,2,1,1,3,4,2,3,1991,2,2
1991,1,20057,3,2,2,2,2,2,3,4,2,3,1990,2,2
1991,2,20057,1,2,2,2,1,1,3,4,2,3,1980,2,2
1991,1,20058,2,2,2,2,1,1,3,4,2,3,1986,2,2
1991,1,20059,1,2,2,2,2,2,3,4,2,3,1983,2,2
1991,1,20060,7,2,2,2,4,2,3,2,2,3,1982,2,2
1991,2,20060,1,4,4,2,1,1,3,4,2,3,1991,2,2
1991,3,20060,7,2,2,2,4,2,3,2,2,3,1989,2,2
1991,4,20060,2,2,2,2,1,1,3,4,2,3,1977,2,2
1991,1,20061,1,3,4,2,1,1,3,4,2,3,1983,2,1
1991,1,20062,2,2,2,2,1,1,3,4,2,3,1977,2,2
1991,2,20062,1,3,4,2,1,1,3,4,2,3,1988,2,2
1991,1,20063,9,2,4,2,2,2,3,4,2,3,1991,2,2
1991,2,20063,2,2,2,2,1,1,3,4,2,3,1984,2,2
1991,1,20064,1,2,2,2,1,1,3,4,2,3,1990,2,2
1991,1,20065,1,1,1,1,1,1,3,4,2,3,1988,2,1
1991,1,20066,1,2,2,2,1,1,3,4,2,3,1979,2,2
1991,2,20066,6,2,2,2,1,1,3,4,2,3,1985,2,2
1991,1,20067,1,3,2,2,1,1,3,4,1,3,1983,2,2
1991,1,20068,9,7,7,2,3,3,3,4,2,3,9999,2,2
1991,1,20069,3,2,2,1,2,2,3,4,2,3,1978,2,2
1991,2,20069,2,2,2,2,1,1,3,4,2,3,1979,2,2
1991,1,20070,6,2,2,1,1,1,3,4,1,3,1990,2,2
1991,1,20071,9,2,2,2,1,1,3,4,1,3,1991,2,2
1991,1,20072,1,2,2,2,1,1,3,4,2,3,1982,2,2
1991,2,20072,2,2,2,2,1,1,3,4,2,3,1989,2,2
1991,1,20073,2,2,2,2,1,1,3,4,2,3,1985,2,2
1991,2,20073,1,2,2,2,1,1,3,4,2,3,1985,2,2
1991,1,20074,1,1,1,2,2,2,3,4,2,3,1972,2,2
1991,1,20075,2,2,2,2,1,1,3,4,2,3,1987,1,2
1991,2,20075,2,2,2,2,1,1,3,4,2,3,1978,2,2
1991,1,20076,1,3,5,2,2,2,3,4,2,3,1981,2,2
1991,2,20076,1,2,2,2,1,1,3,4,2,3,1988,2,2
1991,1,20077,2,1,1,1,2,2,3,4,1,3,1983,2,2
1991,1,20078,3,5,5,2,1,1,3,4,2,3,1987,2,2
1991,2,20078,1,2,2,2,1,1,3,4,2,3,1987,2,2
1991,1,20079,1,1,1,1,1,1,3,4,1,3,1981,1,2
1991,1,20080,4,5,5,2,1,1,3,4,2,3,1982,2,2
1991,2,20080,6,2,2,2,1,1,3,4,2,3,1975,2,2
1991,1,20081,2,2,2,2,1,1,3,4,2,3,1991,2,2
1991,2,20081,1,3,3,2,1,1,3,4,2,3,1989,2,2
1991,1,20082,2,2,2,2,1,1,3,4,2,3,1991,2,2
1991,1,20083,9,7,7,2,2,2,3,4,1,3,1991,2,2
1991,1,20084,3,2,2,2,2,2,3,4,2,3,1990,2,2
1991,1,20085,2,2,2,2,1,1,3,4,2,3,1985,1,2
1991,2,20085,4,2,2,2,1,1,3,4,2,3,1990,2,2
1991,1,20086,9,5,5,2,2,2,3,4,2,3,1991,2,2
1991,2,20086,1,2,2,2,1,1,3,4,2,3,1983,2,2
1991,1,20087,1,3,3,2,1,1,3,4,2,3,1990,2,2
1991,1,20088,1,3,3,2,2,2,3,4,1,3,1976,2,2
1991,2,20088,2,2,2,2,1,1,3,4,2,3,1963,2,2
1991,1,20089,2,1,1,2,1,1,3,4,2,3,1984,2,2
1991,1,20090,1,1,1,1,1,1,3,4,1,3,1990,2,2
1991,1,20092,6,2,2,2,1,1,3,4,2,3,1978,2,2
1991,2,20092,1,3,3,1,1,1,3,4,2,3,1987,2,2
1991,1,20093,2,3,3,2,2,2,3,4,1,3,1991,2,2
1991,2,20093,1,2,2,2,1,1,3,4,2,3,1984,2,2
1991,1,20094,7,2,2,2,4,3,3,3,1,3,1982,2,2
1991,2,20094,3,2,2,1,1,1,3,4,2,3,1985,2,2
1991,1,20095,1,6,2,1,1,1,3,4,1,3,1973,2,2
1991,1,40001,1,2,2,2,1,1,3,4,2,3,1990,1,2
1991,1,40002,2,1,1,1,2,2,3,4,1,3,1978,2,2
1991,1,40003,1,5,2,2,2,2,3,4,2,3,1983,2,2
1991,2,40003,4,2,2,1,1,1,3,4,2,3,1990,2,2
1991,1,40004,2,1,1,1,1,1,3,4,2,3,1984,1,2
1991,1,40006,1,2,5,2,1,1,3,4,2,3,1989,2,1
1991,2,40006,4,2,2,1,1,1,3,4,2,3,1987,2,2
1991,1,40007,1,2,2,2,1,1,3,4,1,3,1973,2,1
1991,1,40008,2,2,2,2,2,2,3,4,1,3,1962,2,2
1991,1,40009,2,2,2,2,1,1,3,4,1,3,1982,2,2
1991,2,40009,1,2,2,2,1,1,3,4,2,3,1990,2,2
1991,3,40009,1,2,2,2,1,1,3,4,2,3,1987,2,2
1991,1,40010,4,1,1,1,1,1,3,4,2,3,1979,1,2
1991,1,40011,4,1,1,1,1,1,3,4,1,3,1978,2,2
1991,1,40012,4,1,1,1,3,3,3,4,1,3,1989,2,2
1991,1,40013,1,4,4,2,1,1,3,4,2,3,1985,2,2
1991,2,40013,2,2,2,2,1,1,3,4,1,3,1988,1,2
1991,1,40014,2,2,6,2,1,1,3,4,1,3,1977,2,2
1991,1,40015,1,2,2,2,1,1,3,4,2,3,1985,2,2
1991,2,40015,1,6,6,2,1,1,3,4,2,3,1982,1,2
1991,1,40016,1,2,3,2,2,2,3,4,1,3,1981,2,2
1991,2,40016,1,2,2,1,1,1,3,4,1,3,1981,2,2
1991,1,40017,1,5,5,2,1,1,3,4,1,3,1988,2,2
1991,2,40017,2,2,2,2,1,1,3,4,2,3,1990,2,2
1991,1,40018,1,2,2,2,1,1,3,4,2,3,1983,2,2
1991,1,40019,2,2,2,2,2,2,3,4,1,3,1985,2,2
1991,2,40019,2,3,3,2,1,1,3,4,2,3,1985,2,2
1991,1,40020,2,4,4,1,1,1,3,4,2,3,1980,2,2
1991,2,40020,1,2,2,2,1,1,3,4,1,3,1989,2,1
1991,1,40021,1,2,2,2,1,1,3,4,1,3,1985,2,2
1991,2,40021,1,3,3,2,1,1,3,4,2,3,1983,2,2
1991,1,40022,1,6,2,2,2,2,3,4,1,3,1983,2,2
1991,1,40023,4,1,1,1,2,2,3,4,2,3,1984,2,1
1991,1,40024,1,2,2,2,1,1,3,4,2,3,1991,2,2
1991,2,40024,2,6,6,2,1,1,3,4,2,3,1983,2,2
1991,1,40025,1,5,5,2,2,2,3,4,1,3,1989,2,2
1991,1,40026,2,1,1,1,1,1,3,4,1,3,1988,2,2
1991,1,40027,2,2,2,2,2,2,3,4,2,3,1989,2,1
1991,1,40028,1,1,1,1,1,1,3,4,1,3,1983,2,2
1991,1,40029,6,2,2,1,1,1,3,4,2,3,1990,1,2
1991,2,40029,4,4,4,2,3,3,3,4,2,3,1974,2,2
1991,1,40030,2,2,2,2,1,1,3,4,2,3,1986,2,2
1991,2,40030,7,2,2,2,4,1,3,1,2,3,1974,2,2
1991,1,40031,1,2,2,2,1,1,3,4,2,3,1979,2,2
1991,2,40031,1,2,2,2,1,1,3,4,2,3,1983,2,2
1991,1,40032,1,2,2,2,2,2,3,4,2,3,1977,2,2
1991,1,40033,1,5,2,2,2,2,3,4,2,3,1990,1,2
1991,1,40034,2,2,2,2,1,1,3,4,1,3,1985,2,2
1991,1,40035,6,5,5,2,1,1,3,4,2,3,1982,2,2
1991,1,40036,1,2,2,1,1,1,3,4,1,3,1975,2,2
1991,1,40037,4,2,2,2,1,1,3,4,2,3,1989,2,2
1991,1,40038,1,2,2,2,1,1,3,4,2,3,1983,2,2
1991,2,40038,1,3,3,2,1,1,3,4,1,3,1977,2,2
1991,1,40039,1,3,3,2,1,1,3,4,1,3,1987,2,2
1991,1,40040,1,2,2,1,1,1,3,4,1,3,1972,2,2
1991,1,40041,1,5,5,2,1,1,3,4,2,3,1977,2,2
1991,2,40041,2,2,2,2,1,1,3,4,2,3,1984,2,2
1991,1,40042,1,2,2,2,1,1,3,4,2,3,1976,2,2
1991,1,40043,2,1,1,1,2,2,3,4,1,3,1990,2,1
1991,1,40044,2,1,1,1,1,1,3,4,2,3,1974,1,2
1991,1,40045,2,2,6,2,1,1,3,4,2,3,1985,2,2
1991,2,40045,6,4,4,2,1,1,3,4,2,3,1988,2,2
1991,1,40046,3,2,2,2,2,2,3,4,2,3,1980,1,2
1991,1,40047,1,2,2,2,1,1,3,4,2,3,1991,2,2
1991,1,40048,1,2,2,2,1,1,3,4,2,3,1970,1,2
1991,1,40049,7,2,2,2,4,2,3,2,1,3,1981,2,2
1991,2,40049,6,4,4,2,1,1,3,4,2,3,1990,2,2
1991,1,40050,1,4,4,1,2,2,3,4,1,3,1986,2,2
1991,1,40051,1,5,5,1,1,1,3,4,1,3,1991,2,2
1991,1,40052,1,2,2,2,1,1,3,4,2,3,1985,2,1
1991,2,40052,1,2,2,2,1,1,3,4,2,3,1977,2,2
1991,1,40053,2,1,1,1,2,2,3,4,2,3,1981,2,2
1991,1,40054,3,2,2,1,1,1,3,4,1,3,1976,2,2
1991,1,40055,4,2,2,2,2,2,3,4,1,3,1978,2,2
1991,2,40055,2,4,3,2,1,1,3,4,2,3,1985,2,2
1991,1,40056,1,5,5,2,1,1,3,4,2,3,1955,2,2
1991,2,40056,1,2,2,2,1,1,3,4,2,3,1986,2,2
1991,1,40057,1,2,2,2,2,2,3,4,2,3,1984,2,2
1991,1,40058,2,1,1,1,1,1,3,4,1,3,1982,2,2
1991,1,40059,2,2,2,1,1,1,3,4,1,3,1972,2,2
1991,2,40059,1,2,2,2,1,1,3,4,2,3,1988,2,2
1991,1,40060,7,2,2,2,4,1,3,1,1,3,1975,2,2
1991,1,40061,2,2,2,2,1,1,3,4,2,3,1982,2,2
1991,2,40061,7,2,2,2,4,1,3,1,2,3,1988,2,2
1991,1,40062,2,2,2,1,1,1,3,4,1,3,1989,2,2
1991,2,40062,1,2,2,2,1,1,3,4,2,3,1984,2,2
1991,3,40062,3,2,2,2,1,1,3,4,2,3,1985,2,2
1991,4,40062,1,2,2,2,1,1,3,4,2,3,1988,2,2
1991,1,40063,1,2,2,2,2,2,3,4,1,3,1976,2,2
1991,1,40064,1,5,5,2,1,1,3,4,2,3,1988,2,2
1991,2,40064,1,2,2,2,1,1,3,4,2,3,1982,2,2
1991,1,40065,2,2,2,2,1,1,3,4,2,3,1988,2,2
1991,2,40065,1,6,6,2,1,1,3,4,2,3,1984,2,2
1991,1,40066,1,2,2,1,2,2,3,4,1,3,1985,2,2
1991,1,40067,1,2,2,1,1,1,3,4,1,3,1985,1,2
1991,1,40068,1,3,3,2,1,1,3,4,2,3,1987,2,2
1991,2,40068,1,2,2,2,1,1,3,4,2,3,1980,2,2
1991,1,40069,3,7,7,2,3,3,3,4,2,3,9999,2,2
1991,1,40070,5,5,5,2,1,1,3,4,2,3,1986,2,2
1991,1,40071,2,2,2,2,1,1,3,4,2,3,1990,2,2
1991,1,40072,1,7,6,2,3,3,3,4,2,3,1985,2,2
1991,1,40073,7,2,2,2,4,2,3,2,1,3,1983,2,2
1991,1,40074,1,2,2,2,1,1,3,4,2,3,1984,2,2
1991,1,40075,4,2,2,2,1,1,3,4,2,3,1974,1,2
1991,1,40076,1,2,2,2,2,2,3,4,1,3,1979,2,2
1991,2,40076,1,4,4,2,1,1,3,4,2,3,1984,2,2
1991,1,40077,2,2,2,2,1,1,3,4,2,3,1988,2,2
1991,1,40078,1,1,1,1,1,1,3,4,1,3,1991,1,2
1991,1,40079,2,2,2,2,1,1,3,4,2,3,1979,2,2
1991,2,40079,1,5,5,2,1,1,3,4,2,3,1989,2,2
1991,1,40080,1,2,2,2,1,1,3,4,2,3,1983,2,2
1991,1,40081,1,2,2,2,1,1,3,4,2,3,1979,2,2
1991,1,40082,3,2,2,1,1,1,3,4,1,3,1989,2,2
1991,1,40083,3,1,1,1,1,1,3,4,2,3,1974,2,2
1991,1,40084,1,1,1,1,2,2,3,4,2,3,1979,2,1
1991,1,40085,4,2,2,2,1,1,3,4,1,3,1989,2,2
1991,1,40086,1,3,3,2,1,1,3,4,2,3,1975,2,2
1991,2,40086,1,2,2,2,1,1,3,4,1,3,1980,2,2
1991,1,40087,2,2,2,2,1,1,3,4,1,3,1978,1,2
1991,2,40087,9,4,4,2,1,1,3,4,2,3,1988,2,2
1991,1,40088,2,3,3,2,1,1,3,4,2,3,1987,2,2
1991,2,40088,7,2,2,2,4,1,3,1,2,3,1985,2,2
1991,1,40089,2,2,2,2,1,1,3,4,1,3,1970,2,2
1991,2,40089,1,2,2,2,1,1,3,4,2,3,1989,2,2
1991,1,40090,1,1,1,1,1,1,3,4,2,3,1987,2,1
1991,1,40091,2,2,2,2,1,1,3,4,2,3,1989,2,2
1991,2,40091,1,5,5,2,1,1,3,4,2,3,1981,2,2
1991,1,40092,2,2,2,2,1,1,3,4,2,3,1989,2,2
1991,2,40092,1,2,2,2,2,2,3,4,2,3,1989,2,1
1991,1,40093,1,2,2,2,1,1,3,4,1,3,1978,2,2
1991,2,40093,1,2,2,2,1,1,3,4,2,3,1982,2,2
1991,1,40094,2,1,1,1,1,1,3,4,1,3,1989,2,2
1991,1,40095,4,1,1,1,1,1,3,4,2,3,1990,2,1
1991,1,40096,2,1,1,1,2,2,3,4,1,3,1987,2,2
1991,1,40097,2,2,2,2,1,1,3,4,1,3,1983,2,2
1991,2,40097,1,3,3,2,1,1,3,4,2,3,1989,2,2
1991,1,40098,4,4,4,2,1,1,3,4,1,3,1989,2,2
1991,2,40098,4,2,2,2,1,1,3,4,1,3,1989,2,2
1991,3,40098,1,2,3,2,1,1,3,4,2,3,1986,2,2
1991,1,40099,1,2,2,2,1,1,3,4,1,3,1982,2,1
1991,2,40099,2,5,5,1,1,1,3,4,2,3,1977,2,2
1991,1,40100,1,2,2,2,2,2,3,4,2,3,1977,2,2
1991,1,40101,2,3,3,2,1,1,3,4,2,3,1986,2,2
1991,2,40101,2,2,2,2,1,1,3,4,2,3,1986,2,2
1991,1,40102,2,2,2,2,2,2,3,4,2,3,1962,2,2
1991,2,40102,6,3,5,2,1,1,3,4,2,3,1989,2,2
1991,3,40102,2,2,2,2,2,2,3,4,2,3,1980,2,2
1991,1,40103,3,2,2,2,1,1,3,4,2,3,1987,2,2
1991,1,40104,9,7,7,2,3,3,3,4,2,3,9999,2,2
1991,1,40105,1,2,2,1,1,1,3,4,2,3,1985,2,1
1991,1,40106,1,2,2,2,3,3,3,4,2,3,1981,2,2
1991,1,40107,6,2,2,2,1,1,3,4,2,3,1986,2,2
1991,2,40107,1,5,5,2,3,3,3,4,2,3,1989,2,2
1991,1,40108,1,2,2,1,1,1,3,4,1,3,1967,2,2
1991,1,40109,7,2,2,2,4,1,3,1,1,3,1981,1,2
1991,2,40109,6,4,4,2,1,1,3,4,2,3,1978,2,2
1991,3,40109,1,2,2,2,1,1,3,4,2,3,1984,2,2
1991,1,40110,1,3,3,2,1,1,3,4,2,3,1984,2,2
1991,2,40110,1,2,2,2,1,1,3,4,2,3,1989,2,2
1991,1,40111,4,2,2,2,2,2,3,4,2,3,1983,2,2
1991,2,40111,1,5,5,2,1,1,3,4,2,3,1989,2,2
1991,1,40112,2,5,5,2,1,1,3,4,2,3,1988,1,2
1991,1,40113,2,2,2,2,1,1,3,4,1,3,1983,2,2
1991,2,40113,1,2,2,2,1,1,3,4,2,3,1988,2,2
1991,1,40114,1,2,2,2,1,1,3,4,1,3,1985,2,2
1991,2,40114,1,5,5,2,1,1,3,4,2,3,1982,2,2
1991,1,40115,2,1,1,2,1,1,3,4,2,3,1973,2,2
1991,1,40116,1,2,2,2,2,2,3,4,1,3,1967,2,2
1991,1,40117,6,2,4,1,1,1,3,4,1,3,1989,1,2
1991,2,40117,6,2,2,2,1,1,3,4,2,3,1983,2,2
1991,1,40118,2,2,2,2,1,1,3,4,2,3,1968,2,2
1991,2,40118,1,2,2,1,1,1,3,4,2,3,1988,2,2
1991,1,40119,3,2,2,2,1,1,3,4,1,3,1989,1,2
1991,1,40120,1,2,4,2,2,2,3,4,2,3,1985,2,1
1991,1,40121,2,1,1,1,2,2,3,4,1,3,1964,2,2
1991,1,40122,1,7,7,2,1,1,3,4,2,3,1977,2,2
1991,1,40123,9,7,7,2,3,3,3,4,1,3,9999,1,2
1991,1,40124,1,1,1,1,1,1,3,4,1,3,1987,2,2
1991,1,40125,2,1,1,1,2,2,3,4,1,3,1990,2,2
1991,1,40126,1,3,3,2,1,1,3,4,2,3,1988,2,2
1991,2,40126,1,2,2,2,1,1,3,4,2,3,1977,2,2
1991,3,40126,3,2,2,2,1,1,3,4,2,3,1988,2,2
1991,1,40127,6,2,2,2,1,1,3,4,1,3,1989,1,2
1991,2,40127,4,4,4,2,1,1,3,4,2,3,1975,2,2
1991,1,40128,2,2,2,2,2,2,3,4,1,3,1990,1,2
1991,1,40129,2,1,1,2,2,2,3,4,2,3,1981,2,2
1991,1,40130,1,5,5,2,2,2,3,4,1,3,1974,2,2
1991,2,40130,6,2,2,2,1,1,3,4,2,3,1978,2,2
1991,1,40131,2,4,2,1,1,1,3,4,1,3,1975,2,2
1991,1,40132,1,6,6,2,2,2,3,4,2,3,1979,2,2
1991,1,40133,2,2,2,2,2,2,3,4,1,3,1981,2,2
1991,2,40133,1,3,3,2,1,1,3,4,2,3,1981,2,2
1991,1,40134,1,3,3,2,1,1,3,4,2,3,1987,2,2
1991,2,40134,2,2,2,2,1,1,3,4,1,3,1989,2,2
1991,1,40135,1,1,1,1,1,1,3,4,1,3,1972,2,2
1991,1,40136,1,2,2,1,2,2,3,4,2,3,1978,2,2
1991,2,40136,3,2,2,2,1,1,3,4,2,3,1985,2,2
1991,3,40136,2,2,2,2,1,1,3,4,2,3,1990,2,2
1991,1,40137,1,2,2,2,2,2,3,4,1,3,1987,2,2
1991,2,40137,3,2,2,2,1,1,3,4,2,3,1985,2,2
1991,3,40137,2,2,2,2,1,1,3,4,2,3,1979,2,2
1991,1,40138,1,2,2,2,1,1,3,4,2,3,1987,2,2
1991,1,40140,1,2,2,2,1,1,3,4,1,3,1980,2,1
1991,1,40141,1,1,1,1,1,1,3,4,1,3,1986,2,1
1991,1,40142,1,5,5,2,1,1,3,4,2,3,1987,1,2
1991,2,40142,1,2,2,2,1,1,3,4,2,3,1989,2,2
1991,1,40143,3,2,2,2,1,1,3,4,1,3,1985,2,2
1991,1,40144,7,2,2,2,4,1,3,1,2,3,1983,2,2
1991,1,40145,7,3,2,2,4,1,3,1,2,3,1982,2,2
1991,2,40145,1,2,2,2,1,1,3,4,2,3,1987,2,2
1991,1,40146,6,6,6,2,1,1,3,4,2,3,1980,2,2
1991,1,40147,1,2,2,2,1,1,3,4,1,3,1984,1,2
1991,1,40149,7,2,2,2,4,2,3,2,1,3,1981,2,2
1991,1,40150,2,2,2,1,1,1,3,4,2,3,1987,2,2
1991,1,40151,2,4,4,2,2,2,3,4,2,3,1978,2,2
1991,2,40151,1,2,2,2,2,2,3,4,2,3,1979,2,2
1991,1,40152,1,3,3,2,1,1,3,4,2,3,1988,2,2
1991,2,40152,2,2,2,2,1,1,3,4,2,3,1984,2,2
1991,1,40153,1,1,1,1,1,1,3,4,2,3,1988,1,2
1991,1,40154,1,2,2,2,2,2,3,4,2,3,1971,2,2
1991,2,40154,1,3,3,2,1,1,3,4,2,3,1985,2,2
1991,1,40155,2,1,1,1,1,1,3,4,2,3,1990,2,2
1991,1,40156,1,1,1,1,1,1,3,4,1,3,1979,2,2
1991,1,40157,1,2,2,2,1,1,3,4,2,3,1986,2,2
1991,1,40158,1,2,2,2,1,1,3,4,2,3,1986,2,2
1991,1,40159,2,1,1,1,1,1,3,4,1,3,1985,2,2
1991,1,40160,1,1,1,1,1,1,3,4,1,3,1990,2,1
1991,1,40161,1,2,2,1,1,1,3,4,1,3,1978,2,2
1991,2,40161,1,3,5,2,1,1,3,4,2,3,1987,2,2
1991,1,40162,1,2,3,2,1,1,3,4,1,3,1981,2,2
1991,1,40163,3,6,6,2,2,2,3,4,2,3,1982,2,2
1991,1,40164,6,2,2,2,1,1,3,4,2,3,1969,2,2
1991,2,40164,1,3,3,2,1,1,3,4,2,3,1988,2,2
1991,1,40165,1,2,2,2,1,1,3,4,2,3,1980,2,2
1991,1,40166,3,5,5,2,1,1,3,4,2,3,1986,2,2
1991,2,40166,1,2,2,2,1,1,3,4,1,3,1986,2,2
1991,1,40167,2,2,2,2,1,1,3,4,2,3,1987,2,2
1991,1,40168,1,2,2,2,1,1,3,4,2,3,1983,2,2
1991,1,40169,7,2,2,2,4,1,3,1,1,3,1989,2,2
1991,2,40169,1,2,2,2,1,1,3,4,2,3,1987,2,2
1991,3,40169,1,4,4,2,1,1,3,4,2,3,1982,2,2
1991,1,40170,1,5,5,2,1,1,3,4,2,3,1979,2,2
1991,2,40170,4,2,2,2,1,1,3,4,2,3,1989,2,2
1991,1,40171,2,1,1,1,1,1,3,4,1,3,1986,2,2
1991,1,40172,1,1,1,1,1,1,3,4,1,3,1978,2,2
1991,1,40173,1,2,2,2,1,1,3,4,2,3,1985,2,2
1991,1,40174,1,3,3,2,2,2,3,4,2,3,1979,2,2
1991,2,40174,1,2,2,2,1,1,3,4,2,3,1990,2,2
1991,1,40175,2,2,2,2,2,2,3,4,2,3,1971,2,2
1991,2,40175,1,2,2,2,1,1,3,4,2,3,1989,2,2
1991,1,40176,1,2,2,2,1,1,3,4,2,3,1987,2,2
1991,1,40177,1,1,1,1,2,2,3,4,2,3,1991,1,1
1991,1,40178,1,2,2,2,1,1,3,4,1,3,1981,2,2
1991,1,40179,1,2,2,2,1,1,3,4,2,3,1984,2,2
1991,2,40179,1,2,2,2,2,2,3,4,2,3,1981,2,2
1991,1,40180,1,1,1,1,1,1,3,4,2,3,1990,2,2
1991,1,40181,2,2,2,2,1,1,3,4,1,3,1988,2,2
1991,2,40181,6,2,2,2,1,1,3,4,2,3,1989,2,2
1991,1,40182,1,2,2,2,1,1,3,4,2,3,1990,2,2
1991,2,40182,1,2,2,2,1,1,3,4,2,3,1986,2,2
1991,1,40183,1,5,5,2,2,2,3,4,2,3,1978,2,2
1991,2,40183,1,2,2,2,1,1,3,4,2,3,1981,2,2
1991,1,40185,1,2,2,2,1,1,3,4,2,3,1980,1,2
1991,2,40185,1,6,6,2,3,3,3,4,2,3,1987,2,2
1991,1,40186,2,4,6,2,3,3,3,4,2,3,1969,2,2
1991,1,40187,7,2,2,2,4,1,3,1,1,3,1988,2,2
1991,1,40188,1,2,2,2,1,1,3,4,2,3,1980,2,2
1991,2,40188,7,2,2,2,4,1,3,1,2,3,1983,2,2
1991,3,40188,1,5,2,2,1,1,3,4,1,3,1988,2,2
1991,1,40189,1,2,2,2,2,2,3,4,2,3,1983,2,2
1991,1,40190,2,2,2,1,1,1,3,4,2,3,1976,2,2
1991,1,40191,1,2,2,2,1,1,3,4,2,3,1973,2,2
1991,2,40191,1,2,2,2,1,1,3,4,2,3,1989,2,2
1991,1,40192,1,1,1,1,1,3,3,4,2,3,1984,2,1
1991,1,40193,7,6,5,2,4,2,3,2,2,3,1987,1,2
1991,1,40194,4,2,2,2,1,1,3,4,2,3,1975,2,2
1991,1,40195,1,1,1,1,1,1,3,4,2,3,1991,2,1
1991,1,40196,4,2,2,2,1,1,3,4,2,3,1985,2,2
1991,1,40197,1,2,2,1,2,2,3,4,2,3,1983,2,1
1991,1,40198,4,3,3,1,1,1,3,4,2,3,1971,2,2
1991,2,40198,3,5,5,1,1,1,3,4,2,3,1976,2,2
1991,1,40199,9,4,4,2,1,1,3,4,2,3,1978,2,2
1991,2,40199,7,2,2,2,4,2,3,2,2,3,9999,1,2
1991,1,40200,1,2,2,2,1,1,3,4,2,3,1987,2,2
1991,1,40201,2,2,2,2,1,1,3,4,1,3,1987,1,2
1991,1,40202,6,2,2,2,1,1,3,4,2,3,1987,2,2
1991,1,40203,1,2,4,1,1,1,3,4,2,3,1971,1,2
1991,1,40204,5,4,6,2,1,1,3,4,2,3,1990,2,2
1991,1,40205,1,2,2,2,1,1,3,4,2,3,1980,2,2
1991,2,40205,2,5,5,2,1,1,3,4,2,3,1983,2,2
1991,3,40205,1,2,2,2,1,1,3,4,2,3,1980,2,2
1991,1,40206,6,2,4,2,1,1,3,4,1,3,1989,2,1
1991,2,40206,1,2,2,2,1,1,3,4,2,3,1990,2,2
1991,3,40206,1,2,6,2,2,2,3,4,2,3,1967,2,2
1991,4,40206,1,2,2,2,1,1,3,4,2,3,1986,2,2
1991,1,40207,1,2,5,2,1,1,3,4,1,3,1964,2,2
1991,1,40208,2,5,5,1,2,2,3,4,1,3,1968,2,2
1991,1,40209,1,2,6,2,2,2,3,4,1,3,1991,1,2
1991,2,40209,6,4,4,2,1,1,3,4,2,3,1972,2,2
1991,1,40210,1,2,2,2,1,1,3,4,1,3,1970,1,2
1991,1,40211,1,2,2,2,1,1,3,4,2,3,1983,2,2
1991,2,40211,1,5,5,2,1,1,3,4,2,3,1974,2,2
1991,3,40211,2,2,2,2,1,1,3,4,2,3,1984,2,2
1991,1,40212,7,2,2,2,4,2,3,2,1,3,1982,2,2
1991,1,40213,1,1,1,1,1,1,3,4,1,3,1972,1,2
1991,1,40214,7,2,2,2,4,1,3,1,2,3,1982,1,2
1991,1,40215,1,2,2,2,1,1,3,4,1,3,1971,2,2
1991,2,40215,1,4,2,2,1,1,3,4,2,3,1984,2,2
1991,3,40215,2,5,5,2,1,1,3,4,2,3,1986,2,2
1991,4,40215,2,2,2,2,1,1,3,4,2,3,1990,2,2
1991,1,40216,1,2,2,2,2,2,3,4,2,3,1972,2,2
1991,2,40216,1,4,4,2,1,1,3,4,2,3,1971,2,2
1991,1,40217,7,2,2,2,4,1,3,1,1,3,1982,2,2
1991,2,40217,1,2,2,2,1,1,3,4,2,3,1980,2,2
1991,1,40218,2,1,1,1,2,2,3,4,1,3,1976,2,2
1991,1,40219,1,1,1,1,2,2,3,4,1,3,1975,2,2
1991,1,40220,1,2,2,1,1,1,3,4,1,3,1983,2,2
1991,1,40221,7,2,2,2,4,2,3,2,2,3,1966,2,2
1991,2,40221,1,2,2,2,1,1,3,4,2,3,1991,2,2
1991,1,40222,3,2,6,2,1,1,3,4,2,3,1985,1,1
1991,2,40222,6,4,4,2,1,1,3,4,2,3,1985,2,2
1991,1,40223,2,1,1,1,2,2,3,4,1,3,1981,2,1
1991,1,40224,3,1,1,1,1,1,3,4,2,3,1984,2,2
1991,1,40225,7,2,2,2,4,2,3,2,1,3,1983,2,2
1991,1,40226,1,3,3,2,1,1,3,4,2,3,1987,2,2
1991,2,40226,1,2,2,2,1,1,3,4,2,3,1985,2,2
1991,3,40226,1,3,3,2,1,1,3,4,2,3,1976,2,2
1991,4,40226,1,2,2,2,1,1,3,4,2,3,1982,2,2
1991,1,40227,7,2,2,2,4,2,3,2,1,3,1986,2,2
1991,2,40227,1,4,4,2,2,2,3,4,2,3,1981,2,2
1991,1,40228,7,2,2,2,4,1,3,1,1,3,1983,2,2
1991,1,40229,1,2,2,2,1,1,3,4,2,3,1977,2,2
1991,1,40230,4,2,2,2,1,1,3,4,2,3,1989,2,2
1991,1,40231,1,2,2,1,1,1,3,4,2,3,1984,1,2
1991,1,40232,7,2,2,2,4,2,3,2,2,3,1984,2,2
1991,2,40232,1,5,5,2,1,1,3,4,2,3,1990,2,2
1991,1,40233,1,2,2,2,1,1,3,4,1,3,1987,2,2
1991,1,40234,1,2,2,2,1,1,3,4,2,3,1988,2,2
1991,1,40235,1,5,4,2,2,2,3,4,2,3,1976,2,2
1991,1,40236,2,2,2,2,1,1,3,4,2,3,1985,2,2
1991,2,40236,2,5,5,1,2,2,3,4,1,3,1987,2,2
1991,1,40237,7,3,3,2,4,1,3,1,2,3,1975,2,2
1991,1,40238,2,2,2,2,2,2,3,4,1,3,1984,2,2
1991,2,40238,2,5,5,1,1,1,3,4,2,3,1988,2,2
1991,1,40239,3,2,2,2,1,1,3,4,2,3,1988,2,2
1991,2,40239,2,2,2,2,1,1,3,4,2,3,1969,2,2
1991,1,40240,1,2,2,1,1,1,3,4,1,3,1958,2,2
1991,1,40241,1,2,2,2,1,1,3,4,2,3,1976,2,2
1991,1,40242,1,2,2,2,1,1,3,4,1,3,1958,2,2
1991,1,40243,2,2,2,1,1,1,3,4,1,3,1989,2,2
1991,2,40243,1,2,2,2,1,1,3,4,2,3,1991,2,2
1991,1,40244,1,2,2,1,2,2,3,4,1,3,1977,2,2
1991,1,40245,1,2,2,2,2,2,3,4,1,3,1986,2,2
1991,1,40246,2,2,2,2,1,1,3,4,1,3,9999,2,2
1991,2,40246,2,5,5,2,3,3,3,4,2,3,1974,2,2
1991,1,40247,1,2,2,2,1,1,3,4,2,3,1981,2,2
1991,2,40247,2,2,2,1,1,1,3,4,2,3,1990,2,2
1991,1,40248,3,1,1,1,1,1,3,4,1,3,1973,2,2
1991,1,40249,2,2,2,2,1,1,3,4,2,3,1976,2,2
1991,2,40249,1,2,2,2,1,1,3,4,2,3,1990,2,2
1991,1,40250,1,5,5,1,1,1,3,4,1,3,1982,1,2
1991,1,40251,1,1,1,1,1,1,3,4,1,3,1979,2,2
1991,1,40252,1,1,1,1,1,1,3,4,1,3,1971,2,2
1991,1,40253,6,2,2,2,1,1,3,4,1,3,1990,1,2
1991,2,40253,6,4,4,2,1,1,3,4,2,3,1980,2,2
1991,1,40254,2,3,3,2,1,1,3,4,2,3,1974,2,2
1991,2,40254,1,2,2,2,1,1,3,4,2,3,1987,2,2
1991,1,40255,1,3,5,1,2,2,3,4,1,3,1986,2,2
1991,1,40256,2,1,1,1,1,1,3,4,1,3,1971,2,2
1991,1,40257,2,2,2,2,1,1,3,4,2,3,1988,2,2
1991,2,40257,2,2,2,2,1,1,3,4,2,3,1990,2,2
1991,1,40258,1,7,7,2,1,1,3,4,2,3,1988,2,2
1991,2,40258,7,2,2,2,4,2,3,2,2,3,1982,2,2
1991,1,40259,1,7,7,1,2,2,3,4,1,3,1990,2,2
1991,1,40260,2,1,1,1,1,1,3,4,1,3,1988,2,2
1991,1,40261,3,4,4,2,1,1,3,4,2,3,1977,2,2
1991,2,40261,7,2,2,2,4,1,3,1,2,3,1981,2,2
1991,1,40263,1,2,5,2,1,1,3,4,2,3,1985,2,2
1991,2,40263,2,5,5,2,1,1,3,4,2,3,1989,1,2
1991,1,40264,2,1,1,1,3,3,3,4,1,3,1967,1,2
1991,1,40265,1,2,2,2,2,2,3,4,1,3,1986,2,2
1991,1,40266,2,1,1,1,1,1,3,4,1,3,1976,2,2
1991,1,40267,1,1,1,1,1,1,3,4,1,3,1991,2,2
1991,1,40268,4,2,2,2,1,1,3,4,1,3,1971,2,2
1991,2,40268,7,2,2,2,4,1,3,1,2,3,1981,2,2
1991,1,40269,1,2,2,2,1,1,3,4,2,3,1981,1,2
1991,1,40270,1,2,2,2,1,1,3,4,2,3,1981,2,2
1991,2,40270,2,2,2,2,1,1,3,4,2,3,1979,2,2
1991,1,40271,2,2,2,2,2,2,3,4,1,3,1974,2,2
1991,2,40271,1,2,2,2,1,1,3,4,2,3,1985,2,2
1991,1,40272,1,1,1,1,1,1,3,4,2,3,1988,1,2
1991,1,40273,3,2,2,2,1,1,3,4,2,3,1984,2,1
1991,1,40274,2,2,2,2,1,1,3,4,1,3,1986,2,1
1991,2,40274,2,2,2,2,1,1,3,4,2,3,1988,2,2
1991,1,40275,1,5,3,1,1,1,3,4,1,3,1982,2,2
1991,2,40275,1,2,2,2,1,1,3,4,2,3,1977,2,2
1991,3,40275,1,5,5,2,1,1,3,4,2,3,1983,2,2
1991,1,40276,1,2,2,2,1,1,3,4,1,3,1979,2,2
1991,2,40276,1,5,5,2,1,1,3,4,2,3,1990,2,2
1991,1,40277,2,1,1,1,1,1,3,4,2,3,1984,1,2
1991,1,40278,9,7,7,2,3,3,3,4,2,3,9999,2,2
1991,1,40279,1,3,3,2,1,1,3,4,2,3,1985,2,2
1991,2,40279,1,2,2,2,1,1,3,4,2,3,1989,2,2
1991,3,40279,1,2,2,2,1,1,3,4,2,3,1987,2,2
1991,1,40280,1,2,2,2,1,1,3,4,1,3,1985,2,2
1991,2,40280,2,2,2,2,1,1,3,4,1,3,1991,2,2
1991,1,40281,1,2,2,2,1,1,3,4,2,3,1986,2,2
1991,2,40281,6,2,2,2,1,1,3,4,2,3,1985,2,2
1991,1,40282,7,3,3,2,4,2,3,2,1,3,1978,2,2
1991,1,40283,4,2,2,2,2,2,3,4,2,3,1975,1,2
1991,1,40284,1,2,2,2,1,1,3,4,1,3,1973,2,2
1991,2,40284,1,4,4,2,1,1,3,4,2,3,1987,2,2
1991,1,40285,6,2,2,2,1,1,3,4,2,3,1987,2,2
1991,2,40285,1,3,3,2,1,1,3,4,2,3,1978,1,2
1991,1,40286,2,2,2,2,1,1,3,4,2,3,1972,2,2
1991,1,40287,1,3,3,2,2,2,3,4,2,3,1979,2,2
1991,2,40287,7,2,2,2,4,1,3,1,2,3,1985,2,2
1991,1,40288,1,2,2,2,1,1,3,4,1,3,1977,1,2
1991,2,40288,1,2,2,2,1,1,3,4,2,3,1987,2,2
1991,1,40289,1,3,6,1,1,1,3,4,1,3,1990,2,1
1991,1,40290,1,3,3,2,1,1,3,4,2,3,1978,2,2
1991,2,40290,6,2,2,2,1,1,3,4,2,3,1979,2,2
1991,3,40290,3,2,2,2,1,1,3,4,2,3,1987,2,2
1991,1,40291,3,1,1,1,1,1,3,4,1,3,1986,2,2
1991,1,40292,7,2,2,2,4,1,3,1,2,3,1975,2,2
1991,2,40292,6,2,2,2,1,3,3,4,2,3,1985,2,2
1991,1,40293,2,2,2,2,1,1,3,4,2,3,1964,2,2
1991,2,40293,2,3,3,1,1,1,3,4,2,3,1980,2,2
1991,1,40294,1,1,1,1,1,1,3,4,2,3,1984,2,2
1991,1,40295,1,2,2,2,1,1,3,4,2,3,1989,2,2
1991,2,40295,1,3,3,2,1,1,3,4,2,3,1973,2,2
1991,3,40295,1,5,5,2,1,1,3,4,2,3,1989,2,2
1991,4,40295,1,5,5,2,1,1,3,4,2,3,1990,2,2
1991,1,40296,1,2,2,2,1,1,3,4,2,3,1965,2,1
1991,1,40297,1,5,5,2,2,2,3,4,2,3,1984,2,2
1991,2,40297,1,5,5,2,1,1,3,4,2,3,1986,2,2
1991,3,40297,2,4,2,2,1,1,3,4,2,3,1991,2,2
1991,1,40298,1,2,2,2,1,1,3,4,2,3,1989,2,2
1991,2,40298,1,2,2,2,1,1,3,4,1,3,1980,2,2
1991,1,40299,1,2,2,2,1,1,3,4,1,3,1990,1,2
1991,1,40300,1,2,2,2,1,1,3,4,2,3,1988,2,2
1991,1,40301,4,1,1,1,1,1,3,4,2,3,1981,2,2
1991,1,40302,7,2,2,2,4,2,3,2,1,3,1979,2,2
1991,1,40303,2,2,2,2,1,1,3,4,2,3,1981,2,2
1991,2,40303,1,3,3,2,1,1,3,4,1,3,1978,1,2
1991,1,40304,7,2,2,2,4,2,3,2,1,3,1982,2,2
1991,1,40305,2,1,1,1,1,1,3,4,2,3,1991,2,1
1991,1,40306,1,2,2,1,1,1,3,4,1,3,1976,2,2
1991,1,40307,3,2,2,2,1,1,3,4,2,3,1987,1,2
1991,2,40307,1,5,5,2,2,2,3,4,2,3,1989,2,2
1991,3,40307,1,5,5,2,1,1,3,4,2,3,1989,2,2
1991,4,40307,3,2,2,2,1,1,3,4,2,3,1988,2,2
1991,1,40308,6,2,6,1,1,1,3,4,2,3,1981,2,2
1991,2,40308,2,2,5,2,1,1,3,4,2,3,1984,2,2
1991,1,40309,4,2,2,1,1,1,3,4,1,3,1978,2,2
1991,2,40309,1,5,5,2,2,2,3,4,2,3,1973,2,2
1991,1,40310,1,3,3,2,2,2,3,4,2,3,1981,2,2
1991,2,40310,1,2,2,2,1,1,3,4,2,3,1989,2,2
1991,1,40311,9,7,7,2,3,3,3,4,2,3,9999,2,2
1991,1,40312,1,2,2,2,1,1,3,4,2,3,1978,2,2
1991,1,40313,1,2,2,2,1,1,3,4,1,3,1977,2,2
1991,1,40314,3,1,1,1,1,1,3,4,2,3,1985,2,2
1991,1,40315,2,2,2,2,1,1,3,4,2,3,1984,2,2
1991,2,40315,2,2,2,2,1,1,3,4,2,3,1984,2,2
1991,1,40316,1,4,4,2,1,1,3,4,2,3,1991,2,2
1991,2,40316,4,2,2,1,2,2,3,4,1,3,1977,2,2
1991,1,40317,1,1,1,1,2,2,3,4,1,3,1991,2,2
1991,1,40318,1,3,3,2,2,2,3,4,2,3,1979,2,2
1991,2,40318,2,2,2,2,2,2,3,4,2,3,1978,2,2
1991,3,40318,1,5,5,2,2,2,3,4,2,3,1984,2,2
1991,1,40319,2,2,2,2,1,1,3,4,2,3,1972,2,2
1991,1,40320,1,2,2,2,2,2,3,4,2,3,1972,2,2
1991,1,40321,1,1,1,1,1,1,3,4,2,3,1984,2,2
1991,1,40322,9,7,7,2,3,3,3,4,2,3,9999,2,2
1991,1,40323,9,4,4,2,1,1,3,4,2,3,1945,2,2
1991,2,40323,2,2,2,2,1,1,3,4,1,3,1987,2,2
1991,1,40324,2,2,2,2,1,1,3,4,2,3,1984,2,2
1991,1,40325,2,5,5,1,1,1,3,4,1,3,1991,2,2
1991,2,40325,1,6,6,2,1,1,3,4,2,3,1977,2,2
1991,1,40326,1,2,6,1,1,1,3,4,1,3,1987,2,2
1991,1,40327,1,4,4,2,2,2,3,4,1,3,1979,2,2
1991,2,40327,4,2,2,2,1,1,3,4,2,3,1990,2,2
1991,1,40328,2,1,1,1,1,1,3,4,1,3,1983,2,2
1991,1,40329,1,2,2,2,1,1,3,4,2,3,1974,2,1
1991,2,40329,1,4,4,1,1,1,3,4,2,3,1972,2,2
1991,1,40330,1,4,4,2,3,3,3,4,2,3,1975,2,2
1991,2,40330,2,2,2,2,2,2,3,4,2,3,1972,2,2
1991,1,40331,1,1,1,1,2,2,3,4,2,3,1982,1,2
1991,1,40332,2,2,2,2,2,2,3,4,2,3,1975,2,2
1991,2,40332,2,2,2,2,1,1,3,4,2,3,1989,2,2
1991,3,40332,1,2,2,2,1,1,3,4,2,3,1986,2,2
1991,1,40333,1,1,1,1,1,1,3,4,1,3,1991,2,2
1991,1,40334,2,1,1,1,1,1,3,4,1,3,1981,2,2
1991,1,40335,1,1,1,1,1,1,3,4,1,3,1990,2,2
1991,1,40336,1,3,3,2,1,1,3,4,2,3,1985,2,2
1991,2,40336,3,2,2,2,1,1,3,4,2,3,1983,2,2
1991,1,40337,1,1,1,1,1,1,3,4,2,3,1974,2,2
1991,1,40338,1,2,2,2,1,1,3,4,1,3,1981,2,2
1991,1,40339,2,2,2,2,2,2,3,4,2,3,1976,2,1
1991,2,40339,4,2,2,2,1,1,3,4,2,3,1984,2,2
1991,1,40340,2,2,2,2,1,1,3,4,2,3,1988,2,2
1991,2,40340,6,4,4,2,1,1,3,4,2,3,1986,2,2
1991,1,40341,4,2,2,1,1,1,3,4,2,3,1990,1,2
1991,1,40342,1,1,1,1,1,1,3,4,1,3,1988,1,2
1991,1,40343,1,2,2,2,1,1,3,4,2,3,1990,2,2
1991,1,40344,2,1,1,1,1,1,3,4,1,3,1972,1,2
1991,1,40345,1,6,6,2,1,1,3,4,2,3,1989,2,2
1991,1,40346,2,5,5,2,1,1,3,4,2,3,1988,2,2
1991,2,40346,1,2,2,2,1,1,3,4,2,3,1973,2,2
1991,1,40347,1,2,2,2,1,1,3,4,2,3,1964,1,2
1991,1,40348,4,3,3,2,1,1,3,4,2,3,1990,2,2
1991,2,40348,7,2,2,2,4,1,3,1,2,3,1984,2,2
1991,1,40349,2,1,1,1,2,2,3,4,1,3,1989,2,1
1991,1,40350,1,2,2,2,1,1,3,4,2,3,1986,1,2
1991,2,40350,1,5,5,1,1,1,3,4,2,3,1987,2,2
1991,1,40351,1,2,2,2,2,2,3,4,2,3,1970,2,2
1991,2,40351,4,5,5,2,1,1,3,4,2,3,1991,2,2
1991,1,40352,4,1,1,1,1,1,3,4,2,3,1991,2,1
1991,1,40353,1,2,6,2,1,1,3,4,1,3,1985,2,2
1991,2,40353,6,4,4,2,1,1,3,4,2,3,1991,2,2
1991,1,40354,4,1,1,1,1,1,3,4,2,3,1991,2,1
1991,1,40355,1,3,2,2,1,1,3,4,1,3,1982,1,2
1991,2,40355,1,2,2,2,1,1,3,4,2,3,1982,2,2
1991,1,40356,1,1,1,1,1,1,3,4,2,3,1986,1,2
1991,1,40357,2,1,1,1,2,2,3,4,2,3,1991,2,1
1991,1,40359,9,7,7,2,2,2,3,4,2,3,9999,2,2
1991,1,40361,9,7,7,2,2,2,3,4,2,3,9999,2,2
1991,1,40362,9,6,6,2,3,3,3,4,2,3,9999,2,2
1991,1,40367,2,2,2,2,1,1,3,4,1,3,1973,2,2
1991,1,40368,3,5,5,2,1,1,3,4,2,3,1971,2,2
1991,2,40368,2,2,2,2,1,1,3,4,2,3,1991,2,2
1991,1,40369,1,2,2,2,1,1,3,4,2,3,1968,2,2
1991,2,40369,2,2,2,1,1,1,3,4,2,3,1981,2,2
1991,1,40370,1,2,2,2,1,1,3,4,2,3,1978,2,1
1991,1,40371,1,4,4,1,1,1,3,4,1,3,1987,2,2
1991,1,40372,2,2,2,2,1,1,3,4,2,3,1985,2,2
1991,1,40373,3,2,2,2,1,1,3,4,1,3,1991,2,2
1991,2,40373,1,2,2,2,1,1,3,4,2,3,1989,2,2
1991,1,40374,9,2,2,2,1,1,3,4,1,3,1987,2,1
1991,1,40375,2,1,1,1,1,1,3,4,1,3,1976,2,2
1991,1,40376,3,1,1,1,1,1,3,4,1,3,1991,2,2
1991,1,40377,4,2,2,2,2,2,3,4,2,3,1971,2,2
1991,1,40378,2,2,2,1,1,1,3,4,2,3,1985,2,2
1991,2,40378,1,2,2,2,1,1,3,4,2,3,1968,2,2
1991,1,40379,9,7,7,2,1,1,3,4,2,3,1990,2,2
1991,1,40380,1,1,1,1,2,2,3,4,1,3,1975,2,2
1991,1,40381,2,1,1,1,1,1,3,4,2,3,1989,2,1
1991,1,40382,2,2,2,2,2,2,3,4,2,3,1982,2,2
1991,2,40382,1,3,3,2,1,1,3,4,2,3,1989,2,2
1991,1,40383,6,2,2,2,1,1,3,4,2,3,1989,2,1
1991,2,40383,2,4,7,1,1,1,3,4,2,3,1982,2,2
1991,1,40384,2,1,1,1,1,1,3,4,1,3,1989,2,2
1991,1,40385,2,2,2,2,1,1,3,4,2,3,1976,2,2
1991,2,40385,2,2,2,2,1,1,3,4,2,3,1985,2,2
1991,3,40385,3,2,2,2,1,1,3,4,2,3,1986,2,2
1991,1,40386,4,2,2,2,1,1,3,4,2,3,1991,2,2
1991,2,40386,2,2,2,1,1,1,3,4,1,3,1979,2,2
1991,1,40387,2,1,1,1,1,1,3,4,1,3,1985,2,2
1991,1,40389,1,2,2,1,1,1,3,4,1,3,1986,2,1
1991,1,40390,1,2,2,2,1,1,3,4,2,3,1985,2,2
1991,2,40390,1,5,5,1,1,1,3,4,2,3,1991,2,2
1991,1,40391,1,3,3,2,1,1,3,4,2,3,1991,2,2
1991,2,40391,6,2,2,2,1,1,3,4,2,3,1977,2,2
1991,1,40392,1,2,2,2,1,1,3,4,1,3,1967,2,2
1991,2,40392,1,4,4,2,1,1,3,4,2,3,1983,2,2
1991,1,40393,3,2,2,1,1,1,3,4,2,3,1986,2,2
1991,2,40393,2,4,4,2,1,1,3,4,2,3,1987,2,2
1991,1,40394,2,2,2,1,1,1,3,4,1,3,1989,2,1
1991,1,40395,1,3,3,2,1,1,3,4,1,3,1982,2,2
1991,1,40396,1,2,2,2,1,1,3,4,2,3,1985,2,2
1991,2,40396,7,2,2,2,4,1,3,1,2,3,1977,2,2
1991,1,40397,9,7,7,1,2,2,3,4,2,3,9999,2,2
1991,1,40398,1,2,2,2,1,1,3,4,1,3,1976,2,2
1991,2,40398,1,5,5,2,1,1,3,4,2,3,1981,2,2
1991,3,40398,3,2,2,2,1,1,3,4,2,3,1987,2,2
1991,1,40399,2,1,1,1,2,2,3,4,2,3,1977,2,2
1991,1,40400,1,1,1,1,1,1,3,4,2,3,1984,2,1
1991,1,40401,1,2,2,2,2,2,3,4,2,3,1981,2,2
1991,2,40401,2,5,5,2,1,1,3,4,2,3,1979,2,2
1991,1,40402,2,1,1,1,1,1,3,4,2,3,1962,1,2
1991,1,40403,1,2,2,2,1,1,3,4,2,3,1979,1,2
1991,1,40404,1,5,5,1,1,1,3,4,1,3,1978,2,2
1991,2,40404,1,6,6,2,1,1,3,4,2,3,1971,2,2
1991,3,40404,6,6,6,2,1,1,3,4,2,3,1985,2,2
1991,1,40405,6,2,6,1,1,2,3,4,2,3,1990,2,2
1991,2,40405,1,3,3,2,1,1,3,4,2,3,1987,2,2
1991,1,40406,1,2,2,2,1,1,3,4,1,3,1972,1,2
1991,1,40407,1,3,3,2,1,1,3,4,2,3,1985,2,2
1991,2,40407,4,2,2,2,2,2,3,4,2,3,1985,2,2
1991,1,40408,1,2,2,2,1,1,3,4,1,3,1989,2,2
1991,2,40408,1,4,4,2,1,1,3,4,2,3,1986,2,2
1991,3,40408,2,2,2,2,1,1,3,4,2,3,1968,2,2
1991,1,40409,1,5,5,2,3,3,3,4,2,3,1976,2,1
1991,2,40409,2,2,2,2,1,1,3,4,2,3,1987,2,2
1991,1,40410,2,2,2,1,1,1,3,4,1,3,1981,2,2
1991,1,40411,7,2,2,2,4,1,3,1,2,3,1985,2,2
1991,2,40411,1,2,2,2,1,1,3,4,2,3,1985,1,2
1991,1,40412,4,2,2,2,1,1,3,4,2,3,1977,2,2
1991,1,40413,1,7,7,2,3,3,3,4,2,3,9999,2,2
1991,1,40414,1,2,2,2,1,1,3,4,2,3,1972,2,2
1991,2,40414,1,2,2,2,1,1,3,4,1,3,1989,2,2
1991,1,40415,3,3,3,2,1,1,3,4,1,3,1981,2,2
1991,1,40416,3,2,2,2,1,1,3,4,2,3,1984,2,2
1991,1,40417,6,3,3,1,3,3,3,4,2,3,1988,2,1
1991,1,40418,1,2,2,2,1,1,3,4,2,3,1985,2,2
1991,2,40418,1,2,2,2,1,1,3,4,2,3,1990,2,2
1991,1,40419,1,2,2,2,1,1,3,4,2,3,1974,2,2
1991,2,40419,1,2,2,2,1,1,3,4,2,3,1981,2,2
1991,1,40420,2,2,2,2,1,1,3,4,1,3,1978,1,2
1991,2,40420,7,4,4,2,4,2,3,2,2,3,1985,2,2
1991,1,40421,2,2,2,2,1,1,3,4,1,3,1974,2,2
1991,1,40422,1,5,5,2,1,1,3,4,2,3,1983,2,2
1991,2,40422,1,2,2,2,1,1,3,4,2,3,1986,2,2
1991,3,40422,1,2,2,2,1,1,3,4,2,3,1984,2,2
1991,4,40422,1,2,2,2,1,1,3,4,2,3,1984,2,2
1991,1,40423,1,1,1,2,1,1,3,4,2,3,1981,2,2
1991,1,40424,1,2,2,2,1,1,3,4,2,3,1985,2,2
1991,2,40424,1,2,2,2,1,1,3,4,2,3,1992,2,2
1991,1,40425,3,1,1,1,1,1,3,4,1,3,1986,2,2
1991,1,40426,4,4,4,1,3,3,3,4,2,3,1979,2,2
1991,2,40426,6,2,2,2,1,1,3,4,1,3,1991,2,2
1991,1,40427,4,2,2,2,1,1,3,4,1,3,1989,2,1
1991,2,40427,2,5,5,2,1,1,3,4,2,3,1989,2,2
1991,1,40428,4,5,5,2,1,1,3,4,2,3,1976,2,2
1991,1,40429,3,1,1,1,1,1,3,4,1,3,1987,2,2
1991,1,40430,2,2,3,2,2,2,3,4,2,3,1989,2,1
1991,1,40431,2,2,2,1,1,1,3,4,2,3,1989,2,2
1991,2,40431,2,2,2,2,1,1,3,4,2,3,1988,2,2
1991,1,40432,7,7,7,2,4,2,3,2,1,3,1979,2,2
1991,1,40433,2,1,1,1,1,1,3,4,2,3,1977,2,1
1991,1,40434,1,4,4,2,1,1,3,4,2,3,1987,2,2
1991,2,40434,7,2,2,2,4,2,3,2,2,3,1978,2,2
1991,1,40435,1,1,1,1,1,1,3,4,1,3,1986,2,1
1991,1,40436,6,3,6,2,1,1,3,4,2,3,1991,2,2
1991,1,40437,1,2,2,2,1,1,3,4,2,3,1977,2,2
1991,1,40438,7,2,2,2,4,2,3,2,1,3,1978,2,2
1991,1,40439,1,2,2,2,1,1,3,4,2,3,1988,2,2
1991,2,40439,7,2,2,2,4,1,3,1,2,3,1982,2,2
1991,1,40440,1,3,3,1,1,1,3,4,1,3,1988,2,2
1991,1,40441,1,2,2,2,1,1,3,4,2,3,1991,2,1
1991,2,40441,5,2,2,2,1,1,3,4,2,3,1976,2,2
1991,1,40442,1,2,2,2,1,1,3,4,2,3,1977,2,2
1991,2,40442,1,4,4,2,3,3,3,4,2,3,1983,2,2
1991,1,40443,1,3,3,2,1,1,3,4,1,3,1985,2,1
1991,2,40443,1,2,2,1,1,1,3,4,2,3,1986,2,2
1991,1,40444,7,2,2,2,4,2,3,2,1,3,1986,2,2
1991,2,40444,1,4,4,2,1,1,3,4,2,3,1988,2,2
1991,1,40445,1,7,7,2,1,1,3,4,2,3,1978,2,2
1991,2,40445,7,7,7,2,4,2,3,2,2,3,1991,2,2
1991,1,40446,1,2,2,2,1,1,3,4,2,3,1978,2,2
1991,1,40447,1,5,5,1,1,1,3,4,1,3,1989,2,2
1991,2,40447,8,2,2,2,1,1,3,4,2,3,1990,2,2
1991,1,40448,2,1,1,1,2,2,3,4,2,3,1984,2,2
1991,1,40449,7,2,2,2,4,2,3,2,1,3,1968,2,2
1991,1,40450,2,6,6,2,2,2,3,4,2,3,1985,2,2
1991,1,40452,1,2,2,1,1,1,3,4,1,3,1985,1,2
1991,1,40453,1,3,3,2,1,1,3,4,2,3,1975,2,2
1991,2,40453,2,2,2,2,1,1,3,4,2,3,1984,1,2
1991,1,40454,3,1,1,1,1,1,3,4,1,3,1984,2,2
1991,1,40455,3,2,2,2,1,1,3,4,1,3,1989,2,1
1991,2,40455,6,2,4,1,1,1,3,4,2,3,1984,2,2
1991,1,40456,1,2,2,2,1,1,3,4,1,3,1980,2,2
1991,2,40456,1,7,7,2,3,3,3,4,2,3,1969,2,2
1991,3,40456,1,7,7,2,3,3,3,4,2,3,1991,2,2
1991,1,40457,1,2,2,2,1,1,3,4,2,3,1987,2,2
1991,2,40457,1,2,2,2,3,3,3,4,1,3,1991,2,2
1991,1,40458,1,2,2,2,1,1,3,4,2,3,1991,2,2
1991,1,40459,1,3,3,2,1,1,3,4,2,3,1985,2,2
1991,2,40459,4,2,2,2,1,1,3,4,2,3,1977,2,2
1991,1,40460,4,2,2,1,1,1,3,4,2,3,1978,2,2
1991,1,40461,1,3,3,1,2,2,3,4,2,3,1978,2,1
1991,1,40463,1,4,4,2,1,1,3,4,1,3,1981,2,2
1991,2,40463,1,2,2,1,1,1,3,4,1,3,1975,2,2
1991,1,40464,1,2,2,2,1,1,3,4,2,3,1978,2,2
1991,2,40464,1,2,2,2,1,1,3,4,2,3,1987,2,2
1991,1,40465,1,7,7,2,1,1,3,4,1,3,1978,2,2
1991,1,40466,1,2,7,1,1,1,3,4,2,3,1989,1,2
1991,1,40467,1,1,1,1,1,1,3,4,2,3,1978,1,2
1991,1,40468,1,5,5,2,2,2,3,4,2,3,1983,2,2
1991,2,40468,2,2,2,2,1,1,3,4,2,3,1988,2,2
1991,1,40469,2,1,1,1,1,1,3,4,1,3,1978,2,2
1991,1,40470,1,2,2,2,1,1,3,4,2,3,1990,2,2
1991,1,40471,2,2,2,1,2,2,3,4,1,3,1974,2,2
1991,1,40472,2,2,2,2,1,1,3,4,1,3,1986,2,2
1991,2,40472,1,3,3,2,1,1,3,4,2,3,1971,1,2
1991,1,40473,1,4,2,2,1,1,3,4,2,3,1988,2,2
1991,2,40473,1,2,2,2,3,3,3,4,1,3,9999,2,2
1991,1,40474,2,2,2,2,1,1,3,4,2,3,1972,2,2
1991,2,40474,2,3,3,1,2,2,3,4,2,3,1988,2,2
1991,1,40475,1,1,1,1,1,1,3,4,1,3,1989,2,2
1991,1,40476,1,3,3,2,1,1,3,4,2,3,1983,1,2
1991,2,40476,1,2,2,2,1,1,3,4,2,3,1984,2,2
1991,1,40477,2,1,1,1,1,1,3,4,1,3,1982,1,2
1991,1,40478,1,1,1,1,3,3,3,4,2,3,1987,2,1
1991,1,40479,2,4,4,1,1,1,3,4,2,3,1979,2,2
1991,2,40479,1,2,2,2,2,2,3,4,1,3,1980,1,2
1991,1,40480,2,2,2,2,2,2,3,4,2,3,1972,2,2
1991,2,40480,2,2,2,2,1,1,3,4,2,3,1989,2,2
1991,1,40481,2,3,3,2,1,1,3,4,2,3,1987,2,2
1991,2,40481,7,2,2,2,4,1,3,1,2,3,1987,2,2
1991,1,40482,1,2,2,2,2,2,3,4,2,3,1980,2,2
1991,2,40482,1,2,2,2,1,1,3,4,2,3,1986,2,2
1991,1,40483,2,1,1,1,2,2,3,4,1,3,1973,2,2
1991,1,40484,2,1,1,1,1,1,3,4,2,3,1990,2,1
1991,1,40485,2,2,2,2,2,2,3,4,1,3,1988,1,2
1991,1,40486,8,2,2,2,3,3,3,4,2,1,1989,2,2
1991,1,40487,2,2,2,2,1,1,3,4,2,3,1987,2,2
1991,1,40488,2,2,2,2,2,2,3,4,2,3,1966,2,2
1991,2,40488,3,2,2,2,1,1,3,4,2,3,1991,2,2
1991,1,40489,2,4,4,2,3,3,3,4,2,3,1978,2,2
1991,2,40489,6,2,2,2,1,1,3,4,2,3,1991,2,2
1991,1,40490,1,3,3,2,2,2,3,4,2,3,1979,2,2
1991,2,40490,1,2,2,2,1,1,3,4,2,3,1975,2,2
1991,1,40491,1,3,3,2,1,1,3,4,2,3,1987,1,2
1991,2,40491,1,2,2,2,2,2,3,4,2,3,1984,2,2
1991,1,40492,2,6,2,1,1,1,3,4,2,3,1989,1,2
1991,1,40493,1,2,2,2,1,1,3,4,2,3,1978,2,2
1991,1,40494,1,2,2,2,1,1,3,4,1,3,1988,2,1
1991,1,40495,1,1,1,1,1,1,3,4,2,3,1985,2,1
1991,1,40496,1,1,1,1,2,1,3,4,1,3,1991,2,2
1991,1,40497,1,2,2,2,1,1,3,4,2,3,1991,2,1
1991,2,40497,6,2,2,2,1,1,3,4,2,3,1985,2,2
1991,1,40498,1,6,6,1,1,1,3,4,1,3,1990,1,2
1991,1,40499,6,2,2,1,1,1,3,4,2,3,1989,2,1
1991,1,40500,1,2,2,2,2,2,3,4,2,3,1976,2,2
1991,1,40501,1,2,2,2,2,2,3,4,1,3,1989,2,2
1991,2,40501,4,5,5,2,1,1,3,4,2,3,1991,2,2
1991,1,40502,1,2,2,2,1,1,3,4,1,3,1980,2,2
1991,2,40502,1,4,4,2,1,1,3,4,2,3,1984,2,2
1991,3,40502,2,4,4,2,1,1,3,4,2,3,1989,2,2
1991,1,40503,3,2,2,2,1,1,3,4,2,3,1974,2,2
1991,1,40504,1,2,2,2,1,1,3,4,2,3,1980,2,2
1991,2,40504,2,2,2,2,1,1,3,4,2,3,1985,2,2
1991,3,40504,3,2,2,2,1,1,3,4,2,3,1985,2,2
1991,1,40505,4,2,2,2,1,1,3,4,2,3,1987,2,2
1991,1,40506,1,2,2,2,1,1,3,4,1,3,1987,2,2
1991,2,40506,3,3,6,1,1,1,3,4,2,3,1978,2,2
1991,1,40507,2,1,1,1,1,1,3,4,1,3,1987,2,2
1991,1,40508,1,2,2,2,1,1,3,4,2,3,1989,2,2
1991,1,40509,3,2,2,2,3,3,3,4,2,3,9999,2,2
1991,1,40510,2,5,5,2,1,1,3,4,2,3,1982,2,2
1991,2,40510,6,2,2,2,1,1,3,4,1,3,1981,2,2
1991,1,40511,1,2,2,2,1,1,3,4,2,3,1990,2,2
1991,1,40512,2,2,2,1,1,1,3,4,1,3,1977,2,1
1991,1,40513,1,7,7,1,1,1,3,4,1,3,1988,2,2
1991,2,40513,9,7,7,2,3,3,3,4,2,3,9999,2,2
1991,1,40514,1,2,2,2,1,1,3,4,2,3,1981,2,2
1991,1,40515,2,6,2,1,1,1,3,4,1,3,1984,2,2
1991,1,40516,1,2,2,2,2,2,3,4,1,3,1979,2,2
1991,2,40516,2,2,2,2,1,1,3,4,2,3,1981,2,2
1991,1,40517,2,6,6,1,1,1,3,4,1,3,1977,2,2
1991,1,40518,3,1,1,1,1,1,3,4,1,3,1987,2,2
1991,1,40519,1,2,2,2,1,1,3,4,2,3,1989,2,2
1991,1,40520,1,2,2,2,1,1,3,4,2,3,1990,2,2
1991,2,40520,2,2,2,1,1,1,3,4,2,3,1978,2,2
1991,1,40521,7,2,2,2,4,1,3,1,2,3,1952,2,2
1991,2,40521,1,5,5,2,1,1,3,4,2,3,1984,2,2
1991,1,40522,2,5,5,1,1,1,3,4,1,3,1985,2,2
1991,1,40523,1,2,2,2,2,2,3,4,2,3,1981,2,1
1991,1,40524,7,3,3,2,4,2,3,2,2,3,1979,2,2
1991,2,40524,2,2,2,2,1,1,3,4,2,3,1985,2,2
1991,1,40525,1,6,4,1,2,2,3,4,1,3,1972,2,2
1991,1,40526,1,3,3,2,1,1,3,4,2,3,1977,2,2
1991,2,40526,1,2,2,2,1,1,3,4,1,3,1983,2,2
1991,1,40527,1,2,2,2,1,1,3,4,1,3,1988,2,2
1991,1,40528,1,2,2,2,1,1,3,4,2,3,1982,2,2
1991,1,40529,7,1,1,2,4,1,3,1,1,3,1989,2,2
1991,1,40530,7,6,2,2,4,1,3,1,1,3,1986,2,2
1991,1,40531,2,2,2,2,1,1,3,4,2,3,1991,2,2
1991,1,40532,1,5,5,2,1,1,3,4,2,3,1980,2,2
1991,1,40533,7,2,2,2,4,2,3,2,2,3,1983,1,2
1991,2,40533,2,4,4,2,2,2,3,4,2,3,1981,2,2
1991,1,40534,2,3,3,1,1,1,3,4,1,3,1986,2,2
1991,1,40535,1,2,2,2,1,1,3,4,2,3,1991,2,2
1991,2,40535,2,2,2,2,1,1,3,4,2,3,1983,1,2
1991,1,40536,1,7,7,1,2,2,3,4,1,3,1977,1,2
1991,1,40537,1,2,2,2,1,1,3,4,1,3,1991,2,2
1991,1,40538,1,3,3,2,1,1,3,4,2,3,1989,2,2
1991,2,40538,1,2,2,2,1,1,3,4,2,3,1984,2,2
1991,3,40538,1,2,2,2,1,1,3,4,2,3,1983,2,2
1991,1,40539,1,5,5,2,1,1,3,4,2,3,1984,2,2
1991,2,40539,1,2,2,2,1,1,3,4,1,3,1985,2,2
1991,1,40540,2,2,2,2,2,2,3,4,2,3,1979,2,2
1991,1,40541,3,6,6,1,1,1,3,4,1,3,1991,2,2
1991,1,40542,1,2,2,2,1,1,3,4,2,3,1986,2,2
1991,1,40543,2,2,2,2,1,1,3,4,2,3,1978,2,2
1991,2,40543,1,3,3,2,1,1,3,4,2,3,1986,2,2
1991,1,40544,1,5,5,1,2,2,3,4,1,3,1991,2,2
1991,1,40545,1,2,2,2,1,1,3,4,2,3,1984,2,2
1991,1,40547,9,1,1,1,2,2,3,4,2,3,9999,2,2
1991,1,40549,9,1,1,1,2,2,3,4,2,3,9999,2,2
1991,1,40552,9,7,7,2,3,3,3,4,2,3,9999,2,2
1991,1,40554,9,7,7,2,3,3,3,4,2,3,9999,2,2
1991,1,40555,1,2,2,2,1,1,3,4,2,3,1966,2,2
1991,1,40556,1,2,2,2,1,1,3,4,2,3,1974,2,2
1991,2,40556,7,4,4,2,4,1,3,1,2,3,1986,2,2
1991,1,40557,1,3,3,2,1,1,3,4,2,3,1983,2,2
1991,1,40558,1,3,5,2,1,1,3,4,1,3,1978,2,2
1991,2,40558,2,2,2,2,1,1,3,4,2,3,1988,2,2
1991,1,40559,2,2,2,2,1,1,3,4,2,3,1989,2,2
1991,2,40559,2,6,6,2,1,1,3,4,2,3,1973,2,2
1991,1,40560,2,1,1,1,2,2,3,4,2,3,1971,2,2
1991,1,40561,2,1,1,2,1,1,3,4,2,3,1980,2,2
1991,1,40562,2,1,1,1,1,1,3,4,2,3,1988,1,2
1991,1,40563,2,7,7,1,2,2,3,4,1,3,1988,2,2
1991,1,40564,1,1,1,1,2,2,3,4,1,3,1968,2,2
1991,1,40565,1,2,2,2,1,1,3,4,2,3,1983,2,2
1991,2,40565,3,6,6,2,1,1,3,4,2,3,1988,2,2
1991,1,40566,1,2,2,2,1,1,3,4,2,3,1982,2,2
1991,2,40566,1,2,2,2,1,1,3,4,2,3,1987,2,2
1991,1,40567,1,2,2,2,1,1,3,4,1,3,1987,2,2
1991,2,40567,9,2,2,2,3,3,3,4,2,3,1991,2,2
1991,1,40568,2,2,2,2,2,2,3,4,1,3,1989,2,2
1991,2,40568,1,2,2,2,1,1,3,4,2,3,1990,2,2
1991,1,40569,6,2,2,2,1,1,3,4,1,3,1990,2,2
1991,2,40569,9,4,4,2,1,1,3,4,2,3,1983,2,2
1991,1,40570,3,2,2,2,1,1,3,4,2,3,1985,2,2
1991,2,40570,7,3,3,2,4,1,3,1,1,3,1956,2,2
1991,1,40571,1,2,2,2,1,1,3,4,2,3,1972,2,2
1991,2,40571,1,2,2,2,1,1,3,4,2,3,1966,2,2
1991,1,40572,9,4,4,2,2,2,3,4,2,3,9999,2,2
1991,1,40573,2,1,1,1,1,1,3,4,1,3,1949,2,2
1991,1,40574,1,2,2,2,1,1,3,4,2,3,1986,2,2
1991,2,40574,9,5,5,2,1,1,3,4,2,3,1991,2,2
1991,1,40575,1,2,2,2,1,1,3,4,1,3,1973,2,2
1991,1,40576,1,6,6,2,1,1,3,4,2,3,1984,2,2
1991,1,40577,4,3,3,2,1,1,3,4,2,3,1982,2,2
1991,2,40577,7,2,2,2,4,2,3,2,2,3,1972,2,2
1991,1,40578,3,2,2,2,2,2,3,4,1,3,1978,2,2
1991,2,40578,1,2,2,2,2,2,3,4,2,3,1988,2,2
1991,1,40579,1,2,2,2,1,1,3,4,2,3,1977,2,2
1991,2,40579,2,5,5,2,2,2,3,4,1,3,1978,2,2
1991,1,40580,1,2,2,2,1,1,3,4,2,3,1986,2,2
1991,2,40580,2,3,3,2,1,1,3,4,2,3,1978,2,2
1991,1,40581,1,1,1,1,1,1,3,4,1,3,1989,2,2
1991,1,40582,2,2,2,2,1,1,3,4,2,3,1989,1,2
1991,2,40582,2,2,2,2,1,1,3,4,2,3,1974,2,2
1991,1,40583,1,2,2,2,1,1,3,4,2,3,1979,2,2
1991,1,40584,2,2,2,2,2,2,3,4,2,3,1989,1,2
1991,1,40585,2,2,2,1,1,1,3,4,2,3,1980,2,2
1991,1,40586,2,2,2,2,1,1,3,4,2,3,1988,2,2
1991,1,40587,1,2,2,2,1,1,3,4,2,3,1977,2,2
1991,1,40589,2,5,5,1,2,2,3,4,1,3,1985,2,2
1991,1,40590,9,7,7,2,3,3,3,4,1,3,9999,2,2
1991,1,40591,1,2,2,1,2,2,3,4,1,3,1985,2,2
1991,1,40592,1,2,2,2,1,1,3,4,2,3,1991,2,2
1991,2,40592,1,2,2,2,1,1,3,4,2,3,1985,2,2
1991,3,40592,1,7,7,2,1,1,3,4,2,3,1989,2,2
1991,1,40593,6,2,2,2,1,1,3,4,2,3,1984,2,2
1991,2,40593,3,3,3,2,1,1,3,4,2,3,1979,2,2
1991,1,40594,2,2,2,2,1,1,3,4,2,3,1986,2,2
1991,1,40595,1,2,2,2,1,1,3,4,2,3,1969,2,2
1991,1,40596,1,2,2,2,1,1,3,4,2,3,1989,2,2
1991,2,40596,1,2,2,2,1,1,3,4,1,3,1990,2,2
1991,1,40597,1,2,3,2,1,1,3,4,1,3,1966,2,2
1991,2,40597,1,4,4,2,1,1,3,4,2,3,1990,2,2
1991,3,40597,1,2,2,2,1,1,3,4,1,3,1979,2,2
1991,1,40598,1,2,2,1,2,2,3,4,1,3,1991,2,2
1991,2,40598,2,4,4,1,1,1,3,4,2,3,1980,2,2
1991,1,40599,6,4,4,2,1,1,3,4,2,3,1979,2,2
1991,2,40599,1,2,6,2,1,1,3,4,2,3,1981,2,2
1991,1,40600,1,3,3,2,1,1,3,4,2,3,1991,2,2
1991,2,40600,4,2,2,2,1,1,3,4,1,3,1986,2,2
1991,3,40600,1,2,2,2,1,1,3,4,2,3,1988,2,2
1991,4,40600,1,5,5,2,2,2,3,4,2,3,1992,2,2
1991,1,40601,1,2,2,2,1,1,3,4,2,3,1986,2,2
1991,1,40602,1,3,3,1,1,1,3,4,1,3,1982,2,2
1991,2,40602,1,2,2,2,3,3,3,4,2,3,1991,2,2
1991,3,40602,1,2,2,2,1,1,3,4,2,3,1991,2,2
1991,1,40603,1,2,2,1,2,2,3,4,1,3,1984,2,2
1991,1,40604,1,2,2,2,1,1,3,4,2,3,1988,2,2
1991,1,40605,1,2,2,2,1,1,3,4,2,3,1970,2,2
1991,1,40606,1,2,2,2,2,2,3,4,2,3,1978,2,2
1991,2,40606,2,2,2,2,1,1,3,4,2,3,1977,2,2
1991,3,40606,1,2,2,2,1,1,3,4,2,3,1982,2,2
1991,1,40607,1,5,5,2,1,1,3,4,2,3,1988,2,2
1991,2,40607,3,2,2,2,1,1,3,4,2,3,1987,2,2
1991,1,40608,1,2,2,2,2,2,3,4,1,3,1983,2,2
1991,2,40608,3,2,2,2,1,1,3,4,2,3,1978,2,2
1991,1,40609,1,1,1,1,2,2,3,4,2,3,1981,2,2
1991,1,40610,2,1,1,1,2,2,3,4,1,3,1969,2,2
1991,1,40611,1,2,2,2,1,1,3,4,2,3,1983,1,2
1991,2,40611,6,2,4,2,1,1,3,4,2,3,1984,2,2
1991,1,40612,4,1,1,1,1,1,3,4,2,3,1987,2,1
1991,1,40613,1,3,3,2,1,1,3,4,2,3,1986,2,2
1991,2,40613,3,2,2,2,1,1,3,4,2,3,1988,2,2
1991,3,40613,1,4,4,2,1,1,3,4,2,3,1984,2,2
1991,1,40614,1,3,3,2,1,1,3,4,2,3,1980,2,2
1991,2,40614,6,2,2,2,1,1,3,4,2,3,1990,2,2
1991,1,40615,7,1,1,2,4,1,3,1,2,3,1982,2,2
1991,1,40616,1,2,2,2,1,1,3,4,2,3,1991,2,2
1991,1,40617,1,2,2,2,1,1,3,4,2,3,1985,2,2
1991,1,40618,2,2,2,1,1,1,3,4,2,3,1988,1,2
1991,2,40618,2,2,3,2,1,1,3,4,2,3,1972,2,2
1991,1,40619,1,1,1,1,1,1,3,4,1,3,1981,2,2
1991,1,40620,9,1,1,1,1,1,3,4,1,3,1971,2,2
1991,1,40621,2,1,1,1,1,1,3,4,2,3,1986,2,1
1991,1,40622,2,1,1,1,1,1,3,4,2,3,1975,2,2
1991,1,40623,1,3,3,2,1,1,3,4,2,3,1985,2,2
1991,2,40623,6,2,2,2,1,1,3,4,2,3,1977,2,2
1991,1,40624,1,3,3,1,2,2,3,4,2,3,1989,2,2
1991,1,40626,7,2,2,2,4,2,3,2,2,3,1990,2,2
1991,2,40626,3,2,2,2,1,1,3,4,2,3,1978,2,2
1991,1,40627,1,4,4,2,3,3,3,4,2,3,1983,2,2
1991,2,40627,1,2,2,2,1,1,3,4,2,3,1984,1,2
1991,3,40627,1,2,2,2,1,1,3,4,2,3,1982,2,2
1991,4,40627,1,2,2,2,1,1,3,4,2,3,9999,2,2
1991,5,40627,2,2,2,2,1,1,3,4,2,3,1988,2,2
1991,6,40627,2,2,2,2,1,1,3,4,2,3,1987,2,2
1991,7,40627,1,2,2,2,1,1,3,4,2,3,1992,2,2
1991,1,40628,2,2,2,1,1,1,3,4,1,3,1985,2,2
1991,1,40629,1,2,2,2,1,1,3,4,1,3,1989,2,2
1991,1,40630,9,7,7,2,3,3,3,4,2,3,9999,2,2
1991,1,40631,2,4,4,2,1,1,3,4,2,3,1981,2,2
1991,2,40631,6,2,2,2,3,3,3,4,2,3,1990,2,2
1991,1,40632,4,3,3,2,1,1,3,4,2,3,1983,2,2
1991,2,40632,1,2,2,2,1,1,3,4,2,3,1977,2,2
1991,3,40632,2,2,2,2,1,1,3,4,2,3,1981,2,2
1991,4,40632,1,2,2,2,1,1,3,4,2,3,1990,2,2
1991,1,40633,1,3,3,2,1,1,3,4,1,3,1990,2,2
1991,1,40634,1,5,5,2,1,1,3,4,1,3,1989,2,2
1991,2,40634,4,2,2,2,1,1,3,4,2,3,1989,2,2
1991,1,40635,1,3,3,2,1,1,3,4,2,3,1979,2,2
1991,2,40635,5,7,7,2,3,3,3,4,2,3,9999,2,2
1991,1,40636,3,2,2,1,1,1,3,4,1,3,1985,2,2
1991,1,40637,4,2,2,2,1,1,3,4,2,3,1979,2,2
1991,2,40637,1,3,3,2,1,1,3,4,2,3,1987,2,2
1991,1,40638,4,2,2,2,1,1,3,4,2,3,1977,2,2
1991,1,40639,1,2,2,2,1,1,3,4,2,3,1980,2,2
1991,1,40640,1,3,3,2,1,1,3,4,2,3,1984,2,2
1991,2,40640,2,2,2,2,1,1,3,4,2,3,1988,2,2
1991,1,40641,2,2,2,2,1,1,3,4,2,3,1987,2,2
1991,1,40642,4,2,2,2,1,1,3,4,1,3,1989,1,2
1991,2,40642,1,4,4,1,1,1,3,4,2,3,1964,2,2
1991,3,40642,1,5,5,2,1,1,3,4,2,3,1986,2,2
1991,4,40642,1,2,2,2,1,1,3,4,2,3,1979,2,2
1991,1,40643,2,2,2,2,1,1,3,4,2,3,1991,2,2
1991,1,40644,2,2,2,2,2,2,3,4,2,3,1975,2,2
1991,2,40644,2,3,3,1,1,1,3,4,2,3,1981,2,2
1991,1,40645,1,2,2,2,1,1,3,4,2,3,1980,2,2
1991,1,40646,2,5,5,2,1,1,3,4,2,3,1990,2,2
1991,2,40646,3,2,2,2,1,1,3,4,2,3,1991,2,2
1991,1,40647,4,2,2,2,1,1,3,4,2,3,1978,2,2
1991,1,40648,1,5,5,2,1,1,3,4,1,3,1990,2,2
1991,1,40649,2,5,5,2,1,1,3,4,2,3,1986,2,2
1991,2,40649,4,2,2,2,1,1,3,4,2,3,1990,2,2
1991,1,40650,7,2,2,2,4,1,3,1,2,3,1985,1,2
1991,2,40650,6,4,4,2,1,1,3,4,2,3,1988,2,2
1991,1,40651,1,2,2,2,2,2,3,4,2,3,1987,2,2
1991,1,40652,1,5,5,2,1,1,3,4,1,3,1985,2,2
1991,1,40653,1,1,1,1,1,1,3,4,1,3,1990,2,2
1991,1,40654,1,2,2,2,1,1,3,4,2,3,1980,2,2
1991,2,40654,1,5,5,2,1,1,3,4,2,3,1989,2,2
1991,1,40655,1,1,1,2,1,1,3,4,2,3,1977,2,2
1991,1,40656,1,2,2,2,1,1,3,4,2,3,1984,2,2
1991,1,40657,1,2,6,2,1,1,3,4,2,3,1980,1,2
1991,2,40657,6,4,4,2,1,1,3,4,2,3,1978,2,2
1991,1,40658,4,2,2,1,2,2,3,4,1,3,1976,2,2
1991,2,40658,1,5,5,2,1,1,3,4,2,3,1990,2,2
1991,1,40659,9,2,2,2,3,3,3,4,2,3,9999,2,2
1991,1,40660,7,2,2,2,4,2,3,2,1,3,1978,2,2
1991,1,40661,2,1,1,1,1,1,3,4,1,3,1991,2,1
1991,1,40662,4,1,1,1,1,1,3,4,2,3,1990,1,2
1991,1,40663,2,2,2,2,1,1,3,4,1,3,1980,2,2
1991,2,40663,2,5,5,2,1,1,3,4,2,3,1990,2,2
1991,1,40664,1,2,2,2,1,1,3,4,2,3,1984,1,2
1991,1,40665,1,1,1,1,1,1,3,4,2,3,1982,2,1
1991,1,40666,4,2,2,1,2,2,3,4,2,3,1987,2,2
1991,1,40667,4,5,5,2,1,1,3,4,2,3,1973,2,2
1991,2,40667,1,3,2,2,1,1,3,4,2,3,1987,2,2
1991,3,40667,1,2,2,2,2,2,3,4,2,3,1977,2,2
1991,1,40668,1,5,2,2,3,3,3,4,1,3,1986,2,2
1991,2,40668,1,2,2,2,1,1,3,4,2,3,1984,2,2
1991,3,40668,7,2,2,2,4,2,3,2,2,3,1987,2,2
1991,1,40669,3,2,2,2,1,1,3,4,1,3,1990,1,2
1991,2,40669,6,4,4,2,1,1,3,4,2,3,1970,2,2
1991,1,40670,1,2,2,2,1,1,3,4,2,3,1984,2,2
1991,1,40672,6,7,7,2,1,1,3,4,2,3,1985,2,2
1991,1,40673,1,2,2,2,2,2,3,4,1,3,1977,2,2
1991,2,40673,1,2,2,2,1,1,3,4,2,3,1981,2,2
1991,1,40674,2,2,2,2,2,2,3,4,2,3,1989,2,2
1991,2,40674,1,2,2,2,1,1,3,4,2,3,1981,2,2
1991,3,40674,6,4,4,2,1,1,3,4,2,3,1986,2,2
1991,1,40675,1,5,5,2,1,1,3,4,2,3,1976,2,2
1991,2,40675,2,2,2,2,1,1,3,4,2,3,1992,2,2
1991,3,40675,1,2,2,2,1,1,3,4,2,3,1982,2,2
1991,1,40676,1,2,2,2,1,1,3,4,2,3,1967,2,2
1991,2,40676,1,3,3,2,1,1,3,4,2,3,1988,2,2
1991,1,40677,2,2,2,2,1,1,3,4,1,3,1983,2,2
1991,2,40677,7,4,4,2,4,3,3,3,2,3,1977,2,2
1991,1,40678,1,2,2,2,2,1,3,4,1,3,1985,2,2
1991,2,40678,1,2,2,2,1,1,3,4,2,3,1988,2,2
1991,1,40679,1,2,2,2,1,1,3,4,2,3,1978,2,2
1991,1,40680,1,2,2,2,1,1,3,4,1,3,1979,1,2
1991,2,40680,6,4,4,2,1,1,3,4,2,3,1978,2,2
1991,1,40681,2,2,2,2,1,1,3,4,2,3,1984,2,2
1991,1,40682,6,5,5,2,1,1,3,4,2,3,1980,2,2
1991,2,40682,7,2,2,2,4,2,3,2,2,3,1978,2,2
1991,1,40683,1,3,3,2,1,1,3,4,1,3,1985,2,2
1991,2,40683,2,2,2,2,1,1,3,4,2,3,1985,2,2
1991,1,40684,1,1,1,1,1,1,3,4,1,3,1985,2,2
1991,1,40685,1,4,4,2,1,1,3,4,1,3,1983,2,2
1991,1,40686,1,5,5,1,1,1,3,4,1,3,1985,2,2
1991,1,40687,1,2,2,2,1,1,3,4,2,3,1990,2,2
1991,1,40688,1,2,2,2,1,1,3,4,2,3,1966,2,1
1991,1,40689,1,3,4,2,1,1,3,4,1,3,1979,2,2
1991,2,40689,6,2,6,2,1,1,3,4,2,3,1991,2,2
1991,1,40690,1,1,1,1,1,1,3,4,1,3,1990,2,2
1991,1,40691,2,5,5,1,2,2,3,4,1,3,1987,2,2
1991,1,40692,2,2,2,1,1,1,3,4,2,3,1990,1,2
1991,1,40693,2,1,1,1,1,1,3,4,2,3,1986,2,2
1991,1,40694,9,7,7,2,3,3,3,4,2,3,9999,2,2
1991,1,40695,2,2,2,2,1,1,3,4,2,3,1988,2,2
1991,1,40696,2,6,6,1,1,1,3,4,2,3,1984,2,2
1991,1,40697,1,1,1,1,1,1,3,4,2,3,1986,2,1
1991,1,40698,1,5,3,2,1,1,3,4,2,3,1991,2,2
1991,2,40698,1,2,2,2,1,1,3,4,2,3,1987,2,2
1991,1,40699,1,5,5,2,1,1,3,4,1,3,1982,2,2
1991,2,40699,1,2,2,2,1,1,3,4,2,3,1982,2,2
1991,1,40700,2,2,2,2,1,1,3,4,2,3,1967,2,2
1991,2,40700,7,2,2,2,4,1,3,1,2,3,1984,2,2
1991,1,40701,1,2,2,2,1,1,3,4,2,3,1982,2,2
1991,2,40701,4,2,2,2,3,3,3,4,2,3,1991,2,2
1991,1,40702,1,2,2,2,2,2,3,4,2,3,1989,2,2
1991,2,40702,3,2,2,2,1,1,3,4,2,3,1986,2,2
1991,1,40703,2,2,2,2,2,2,3,4,1,3,1985,1,2
1991,2,40703,2,4,4,2,1,1,3,4,2,3,1984,2,2
1991,1,40704,2,2,2,2,1,1,3,4,2,3,1986,2,2
1991,2,40704,7,2,2,2,4,2,3,2,2,3,1986,2,2
1991,1,40705,1,1,1,1,1,1,3,4,2,3,1990,2,1
1991,1,40706,1,5,2,2,1,1,3,4,2,3,1988,2,2
1991,2,40706,2,2,2,2,1,1,3,4,2,3,1975,2,2
1991,3,40706,1,2,2,2,1,1,3,4,1,3,1990,2,2
1991,1,40707,3,1,1,1,1,1,3,4,2,3,1981,2,2
1991,1,40708,2,2,2,2,1,1,3,4,2,3,1988,1,2
1991,1,40709,2,2,2,2,1,1,3,4,2,3,1977,2,2
1991,1,40711,1,2,2,2,1,1,3,4,2,3,1988,2,2
1991,2,40711,1,4,4,1,1,1,3,4,2,3,1980,2,2
1991,1,40712,1,7,7,1,2,2,3,4,1,3,1986,2,2
1991,1,40713,1,2,2,1,2,2,3,4,2,3,1985,1,2
1991,1,40714,4,1,1,1,1,1,3,4,2,3,1987,2,1
1991,1,40715,3,4,4,1,1,1,3,4,1,3,1986,2,2
1991,1,40716,2,2,2,2,1,1,3,4,2,3,1987,2,2
1991,1,40717,1,1,1,1,1,1,3,4,1,3,1981,2,2
1991,1,40718,6,3,3,2,1,1,3,4,2,3,1985,2,2
1991,2,40718,2,2,2,2,1,1,3,4,2,3,1988,2,2
1991,1,40719,9,7,7,2,3,3,3,4,2,3,9999,2,2
1991,1,40720,1,2,2,2,1,1,3,4,2,3,1987,2,2
1991,2,40720,1,5,5,2,1,1,3,4,2,3,1986,2,2
1991,1,40721,1,3,3,2,1,1,3,4,2,3,1991,2,2
1991,2,40721,3,2,2,2,1,1,3,4,2,3,1988,2,2
1991,1,40722,2,4,4,1,2,2,3,4,1,3,1982,2,2
1991,1,40723,9,3,2,2,2,2,3,4,2,3,1987,2,2
1991,1,40724,1,2,2,2,1,1,3,4,2,3,1981,2,2
1991,2,40724,1,3,3,2,1,1,3,4,2,3,1976,2,2
1991,1,40725,2,3,3,2,1,1,3,4,1,3,1988,2,2
1991,2,40725,1,2,2,2,1,1,3,4,2,3,1991,2,2
1991,1,40726,1,2,2,2,1,1,3,4,2,3,1973,2,2
1991,1,40727,2,1,1,1,1,1,3,4,2,3,1990,2,2
1991,1,40728,1,3,3,2,1,1,3,4,2,3,1985,2,2
1991,2,40728,1,2,2,2,1,1,3,4,2,3,1984,2,2
1991,1,40729,1,2,2,2,1,1,3,4,2,3,1985,2,2
1991,2,40729,1,2,2,2,2,2,3,4,2,3,9999,2,2
1991,1,40732,9,7,7,1,2,2,3,4,2,3,9999,2,2
1991,1,40733,9,7,7,1,3,3,3,4,2,3,9999,2,2
1991,1,40734,2,2,2,2,3,3,3,4,1,3,1979,2,2
1991,2,40734,6,4,4,2,3,3,3,4,2,3,1991,2,2
1991,1,40735,1,6,6,2,1,1,3,4,2,3,1974,2,2
1991,1,40736,3,1,1,1,1,1,3,4,1,3,1986,2,2
1991,1,40737,1,5,5,2,1,1,3,4,2,3,1987,2,2
1991,2,40737,2,2,2,2,1,1,3,4,2,3,1986,2,2
1991,1,40739,2,1,1,1,1,1,3,4,2,3,1989,2,2
1991,1,40740,1,2,2,2,1,1,3,4,1,3,1985,2,1
1991,2,40740,1,2,2,2,2,2,3,4,2,3,1979,2,2
1991,1,40741,1,2,2,2,1,1,3,4,2,3,1984,2,2
1991,2,40741,1,2,2,2,1,1,3,4,2,3,1986,2,2
1991,1,40742,1,2,2,2,1,1,3,4,1,3,1989,2,1
1991,1,40743,2,1,1,1,2,2,3,4,1,3,1979,2,2
1991,1,40744,1,4,4,2,1,1,3,4,2,3,1988,2,2
1991,2,40744,1,2,2,2,3,3,3,4,1,3,1977,2,2
1991,1,40745,2,1,1,1,2,2,3,4,1,3,1989,2,2
1991,1,40746,1,5,5,2,2,2,3,4,1,3,1987,1,2
1991,2,40746,1,2,2,2,1,1,3,4,2,3,1987,2,2
1991,3,40746,1,2,2,2,1,1,3,4,2,3,1992,2,2
1991,1,40747,9,7,7,1,3,3,3,4,2,3,9999,2,2
1991,1,40748,9,7,7,1,1,1,3,4,2,3,9999,2,2
1991,1,40749,1,1,1,1,1,1,3,4,2,3,1981,2,2
1991,1,40752,9,2,2,2,3,3,3,4,2,3,9999,2,2
1991,1,40753,1,1,1,1,2,2,3,4,2,3,1980,2,1
1991,1,40754,2,2,2,1,1,1,3,4,1,3,1990,2,2
1991,1,40755,2,6,6,2,3,3,3,4,2,3,1972,2,2
1991,1,50001,3,1,1,1,2,2,3,4,1,3,1988,2,2
1991,1,50002,3,1,1,1,1,1,3,4,1,3,1977,2,2
1991,1,50003,1,5,6,1,1,1,3,4,1,3,1989,2,2
1991,1,50004,2,2,2,2,1,1,3,4,1,3,1979,2,2
1991,2,50004,2,2,2,2,1,1,3,4,2,3,1987,2,2
1991,1,50005,6,4,4,2,1,1,3,4,2,3,1978,2,2
1991,2,50005,1,2,2,2,1,1,3,4,2,3,1977,2,2
1991,1,50006,1,5,5,1,1,1,3,4,1,3,1985,2,2
1991,1,50007,2,5,5,1,1,1,3,4,1,3,1979,2,2
1991,1,50008,1,3,3,1,2,2,3,4,1,3,1984,2,2
1991,1,50009,1,3,3,2,2,2,3,4,2,3,1972,2,2
1991,1,50010,1,2,2,2,1,1,3,4,2,3,1982,2,2
1991,1,50011,2,3,3,2,1,1,3,4,2,3,1981,2,2
1991,2,50011,6,2,2,2,1,2,3,4,2,3,1982,2,2
1991,1,50012,4,2,2,2,1,1,3,4,2,3,1975,2,2
1991,2,50012,1,3,3,2,1,1,3,4,2,3,1989,2,2
1991,1,50013,2,2,2,2,1,2,3,4,1,3,1973,2,2
1991,1,50014,6,4,4,2,1,1,3,4,2,3,1988,2,2
1991,1,50015,6,6,6,1,1,1,3,4,1,3,1985,2,2
1991,1,50016,1,2,6,2,1,1,3,4,2,3,1977,2,2
1991,1,50017,2,2,2,2,2,2,3,4,2,3,1989,2,2
1991,1,50018,1,1,1,1,1,1,3,4,2,3,1988,2,1
1991,1,50019,1,2,2,2,1,1,3,4,1,3,1983,2,2
1991,1,50020,2,2,2,2,1,1,3,4,2,3,1982,2,2
1991,1,50021,1,2,2,2,1,1,3,4,2,3,1984,2,2
1991,1,50022,6,5,5,1,1,1,3,4,1,3,1979,2,2
1991,1,50023,2,2,3,2,1,1,3,4,1,3,1985,2,2
1991,1,50024,1,2,6,1,1,1,3,4,2,3,1983,2,2
1991,1,50025,7,2,2,2,4,2,3,2,1,3,1985,2,2
1991,1,50026,2,3,3,1,1,1,3,4,1,3,1982,2,2
1991,1,50027,2,5,5,2,2,2,3,4,2,3,1965,1,2
1991,1,50028,2,2,2,2,1,1,3,4,2,3,1985,2,2
1991,2,50028,3,2,2,2,1,1,3,4,2,3,1985,2,2
1991,1,50029,6,4,4,2,1,1,3,4,2,3,1978,2,2
1991,2,50029,2,2,2,2,1,1,3,4,2,3,1978,2,2
1991,1,50030,2,2,2,1,1,1,3,4,2,3,1985,2,2
1991,1,50031,9,2,2,2,2,2,3,4,1,3,1987,2,2
1991,1,50032,2,2,2,2,1,1,3,4,2,3,1983,2,2
1991,2,50032,1,2,2,2,1,1,3,4,2,3,1984,2,2
1991,1,50033,1,4,4,1,1,1,3,4,1,3,1971,2,2
1991,1,50034,1,2,2,2,1,1,3,4,2,3,1978,2,2
1991,1,50035,1,5,5,2,1,1,3,4,2,3,1977,2,2
1991,2,50035,2,2,2,2,1,1,3,4,2,3,1983,2,2
1991,1,50036,1,2,2,1,2,2,3,4,1,3,1987,2,2
1991,1,50037,1,3,3,2,1,1,3,4,1,3,1978,2,2
1991,2,50037,1,2,2,2,1,1,3,4,2,3,1984,2,2
1991,1,50038,4,2,2,1,1,1,3,4,1,3,1987,2,2
1991,1,50039,2,4,4,2,1,1,3,4,2,3,1976,2,2
1991,2,50039,2,2,4,2,1,1,3,4,2,3,1971,2,2
1991,3,50039,1,2,2,2,1,1,3,4,2,3,1986,2,2
1991,1,50040,1,2,2,2,1,1,3,4,2,3,1978,2,2
1991,2,50040,9,2,2,2,1,1,3,4,2,3,1970,2,2
1991,1,50041,2,5,5,1,1,1,3,4,2,3,1982,2,2
1991,2,50041,1,2,2,2,1,1,3,4,2,3,1988,2,2
1991,1,50042,2,2,2,2,1,1,3,4,1,3,1987,2,2
1991,1,50043,2,6,6,1,1,1,3,4,1,3,1990,2,2
1991,1,50044,2,2,3,2,2,2,3,4,1,3,1985,2,2
1991,1,50045,3,2,2,1,1,1,3,4,1,3,1988,2,2
1991,1,50046,1,2,2,2,1,1,3,4,2,3,1989,2,2
1991,2,50046,6,5,5,2,1,1,3,4,2,3,1987,2,2
1991,1,50047,1,2,2,2,1,1,3,4,2,3,1984,2,2
1991,1,50048,1,2,2,2,1,1,3,4,2,3,1987,2,2
1991,1,50049,1,3,3,2,1,1,3,4,2,3,1988,1,2
1991,1,50050,2,1,1,1,1,1,3,4,1,3,1983,2,2
1991,1,50051,2,1,1,1,1,1,3,4,1,3,1988,2,2
1991,1,50052,1,2,2,2,1,1,3,4,2,3,1981,2,2
1991,2,50052,2,3,3,2,1,1,3,4,2,3,1985,2,2
1991,3,50052,3,2,2,2,1,1,3,4,2,3,1988,2,2
1991,4,50052,1,2,2,2,1,1,3,4,2,3,1989,2,2
1991,1,50053,1,2,2,2,1,1,3,4,2,3,1988,2,2
1991,1,50054,2,2,2,1,1,1,3,4,1,3,1982,2,2
1991,1,50055,1,2,2,2,1,1,3,4,2,3,1987,2,2
1991,2,50055,1,2,2,2,1,1,3,4,2,3,1982,2,2
1991,1,50056,2,5,6,1,1,1,3,4,2,3,1980,2,2
1991,2,50056,2,3,6,1,1,1,3,4,2,3,1974,2,2
1991,1,50057,2,2,2,2,1,1,3,4,2,3,1989,2,1
1991,1,50058,1,3,3,1,2,2,3,4,1,3,1981,2,2
1991,1,50059,1,2,3,2,1,1,3,4,1,3,1973,2,2
1991,2,50059,1,2,4,2,1,1,3,4,2,3,1983,2,2
1991,3,50059,1,2,3,2,1,1,3,4,2,3,1987,2,2
1991,4,50059,2,5,4,2,1,1,3,4,2,3,1986,2,2
1991,1,50061,1,2,2,2,1,1,3,4,2,3,1978,2,2
1991,1,50062,3,2,2,1,1,1,3,4,1,3,1988,2,2
1991,1,50063,1,2,2,2,1,1,3,4,2,3,1982,2,2
1991,2,50063,1,5,5,2,1,1,3,4,1,3,1986,2,2
1991,1,50064,1,3,3,2,2,2,3,4,2,3,1984,2,2
1991,2,50064,2,2,2,2,1,1,3,4,2,3,1987,2,2
1991,1,50065,4,3,3,2,2,2,3,4,1,3,1986,2,2
1991,1,50066,1,2,2,2,1,1,3,4,2,3,1978,2,2
1991,2,50066,6,5,5,2,1,1,3,4,2,3,1985,2,2
1991,1,50067,2,2,2,2,1,1,3,4,1,3,1990,2,2
1991,1,50068,2,5,5,1,1,1,3,4,1,3,1984,2,2
1991,1,50069,1,2,2,2,1,1,3,4,2,3,1986,2,2
1991,1,50070,1,1,1,2,1,1,3,4,1,3,1984,2,2
1991,1,50071,1,3,3,1,1,1,3,4,1,3,1977,2,2
1991,2,50071,1,2,2,2,1,1,3,4,2,3,1988,2,2
1991,1,50072,1,5,5,2,1,1,3,4,2,3,1990,2,2
1991,1,50073,6,2,2,2,1,1,3,4,2,3,1988,2,2
1991,2,50073,1,3,3,2,1,1,3,4,2,3,1983,2,2
1991,1,50074,3,2,2,2,2,2,3,4,2,3,1990,2,2
1991,1,50075,1,2,2,2,1,1,3,4,2,3,1986,2,2
1991,1,50076,1,2,2,2,1,1,3,4,2,3,1988,2,2
1991,2,50076,1,2,2,2,1,1,3,4,2,3,1978,2,2
1991,1,50078,6,2,2,2,1,1,3,4,2,3,1988,2,2
1991,2,50078,1,3,3,2,1,1,3,4,2,3,1980,2,2
1991,1,50079,1,2,6,1,1,1,3,4,1,3,1986,2,2
1991,1,50080,1,1,1,1,1,1,3,4,1,3,1984,2,2
1991,1,50081,1,2,6,1,1,1,3,4,2,3,1988,2,2
1991,1,50082,3,2,2,2,1,1,3,4,2,3,1986,2,2
1991,2,50082,2,2,2,2,1,1,3,4,2,3,1982,2,2
1991,1,50083,1,2,2,2,1,1,3,4,1,3,1977,2,2
1991,2,50083,1,2,6,1,1,1,3,4,2,3,1990,2,2
1991,1,50084,2,2,2,2,1,1,3,4,2,3,1990,2,2
1991,1,50085,2,6,6,2,2,2,3,4,2,3,1979,2,2
1991,1,50086,1,5,5,2,1,1,3,4,2,3,1987,2,2
1991,1,50087,1,6,6,1,2,2,3,4,1,3,1982,2,2
1991,1,50088,6,2,2,2,1,1,3,4,2,3,1985,2,2
1991,2,50088,1,3,3,2,1,1,3,4,1,3,1987,2,2
1991,1,50089,2,2,2,2,1,1,3,4,2,3,1974,2,2
1991,1,50090,1,2,2,2,1,1,3,4,2,3,1975,2,2
1991,1,50091,2,5,5,1,1,1,3,4,2,3,1969,2,2
1991,2,50091,1,3,6,1,1,1,3,4,2,3,1979,2,2
1991,1,50092,1,2,2,2,1,1,3,4,2,3,1988,2,2
1991,1,50093,1,2,6,1,1,1,3,4,1,3,1978,2,2
1991,1,50094,1,3,3,2,1,1,3,4,2,3,1980,2,2
1991,2,50094,6,2,2,2,1,1,3,4,2,3,1980,2,2
1991,1,50095,7,2,2,2,4,1,3,1,1,3,1984,2,2
1991,2,50095,8,2,2,2,1,1,3,4,2,1,1987,2,2
1991,1,50096,4,1,1,2,2,2,3,4,1,3,1978,2,2
1991,1,50097,1,2,2,2,1,1,3,4,2,3,1984,2,2
1991,2,50097,1,2,2,2,1,1,3,4,2,3,1985,2,2
1991,1,50098,1,2,2,2,1,1,3,4,2,3,1987,2,2
1991,2,50098,1,2,2,2,1,1,3,4,2,3,1990,2,2
1991,1,50099,1,2,2,2,1,1,3,4,2,3,1987,2,2
1991,2,50099,2,4,4,2,1,1,3,4,2,3,1987,2,2
1991,3,50099,1,2,4,2,1,1,3,4,2,3,1987,2,2
1991,4,50099,1,2,2,2,1,1,3,4,2,3,1989,2,2
1991,5,50099,2,5,5,2,1,1,3,4,2,3,1987,2,2
1991,6,50099,2,2,2,2,1,1,3,4,2,3,1986,2,2
1991,1,50100,1,2,6,1,1,1,3,4,1,3,1982,2,2
1991,1,50101,1,2,2,2,1,1,3,4,2,3,1985,2,2
1991,1,50102,1,2,2,2,1,1,3,4,2,3,1981,2,2
1991,2,50102,1,2,2,2,2,2,3,4,2,3,1976,2,2
1991,1,50103,9,2,2,1,1,1,3,4,2,3,9999,2,2
1991,1,50104,1,2,2,2,1,1,3,4,2,3,1978,2,2
1991,1,50105,2,2,6,1,1,1,3,4,2,3,1990,2,2
1991,2,50105,1,2,2,2,1,1,3,4,2,3,1981,2,2
1991,1,50106,2,5,5,2,1,1,3,4,2,3,1990,2,2
1991,2,50106,6,2,2,2,1,1,3,4,2,3,1990,2,2
1991,1,50107,1,3,3,2,1,1,3,4,1,3,1990,2,2
1991,2,50107,4,2,2,2,1,1,3,4,2,3,1988,2,2
1991,1,50108,6,2,5,2,1,1,3,4,2,3,1989,2,2
1991,2,50108,1,2,2,2,1,1,3,4,2,3,1988,2,2
1991,1,50109,2,2,2,2,2,2,3,4,2,3,1989,2,2
1991,2,50109,1,2,2,2,1,1,3,4,2,3,1975,2,2
1991,1,50110,2,2,2,2,1,1,3,4,1,3,1989,2,2
1991,2,50110,3,2,2,2,1,1,3,4,1,3,1989,2,2
1991,1,50111,2,3,3,2,1,1,3,4,1,3,1989,2,2
1991,1,50112,2,1,1,2,1,1,3,4,2,3,1991,2,2
1991,1,50113,1,2,2,2,1,1,3,4,2,3,1987,2,2
1991,2,50113,2,3,3,2,1,1,3,4,2,3,1991,2,2
1991,1,50114,6,2,2,2,1,1,3,4,2,3,1980,2,2
1991,2,50114,3,5,5,2,1,1,3,4,2,3,1985,2,2
1991,1,50115,2,2,6,1,1,1,3,4,1,3,1965,2,2
1991,2,50115,1,5,5,2,1,1,3,4,2,3,1973,2,2
1991,1,50116,1,2,6,1,1,1,3,4,1,3,1985,2,2
1991,1,50118,2,2,2,2,1,1,3,4,2,3,1988,2,2
1991,2,50118,9,2,2,1,1,1,3,4,2,3,1979,2,2
1991,1,50119,6,4,4,2,1,1,3,4,2,3,1980,2,2
1991,2,50119,2,2,2,2,1,1,3,4,2,3,1991,2,2
1991,1,50120,1,1,1,2,1,1,3,4,2,3,1991,2,2
1991,1,50121,6,1,1,1,1,1,3,4,1,3,1973,2,2
1991,1,50122,2,2,2,2,2,2,3,4,1,3,1989,2,2
1991,1,50123,1,1,1,2,2,2,3,4,2,3,1984,2,2
1991,1,50124,2,2,2,2,1,1,3,4,2,3,1961,2,2
1991,1,50125,1,5,5,2,1,1,3,4,2,3,1991,2,2
1991,1,50126,2,2,2,2,2,2,3,4,2,3,1983,2,2
1991,2,50126,1,2,2,2,1,1,3,4,2,3,1987,2,2
1991,1,50127,1,2,2,2,1,1,3,4,2,3,1984,2,2
1991,2,50127,2,3,3,2,1,1,3,4,1,3,1972,2,2
1991,3,50127,1,2,2,2,1,1,3,4,2,3,1969,2,2
1991,1,50128,1,3,2,2,1,1,3,4,2,3,1975,2,2
1991,2,50128,1,2,2,2,1,1,3,4,2,3,1982,2,2
1991,1,50129,1,2,2,2,2,2,3,4,2,3,1982,2,2
1991,2,50129,1,2,2,2,1,1,3,4,2,3,1980,2,2
1991,3,50129,3,2,2,2,1,1,3,4,1,3,1990,2,2
1991,1,50130,1,1,1,1,1,1,3,4,1,3,1991,2,2
1991,1,50131,1,4,4,2,1,1,3,4,2,3,1978,2,2
1991,2,50131,4,2,2,2,1,1,3,4,2,3,1990,2,2
1991,1,50132,1,2,2,2,1,1,3,4,2,3,1982,2,2
1991,1,50133,7,5,5,2,4,2,3,2,2,3,1986,2,2
1991,2,50133,4,2,2,2,1,1,3,4,2,3,1989,2,2
1991,1,50134,4,2,2,2,1,1,3,4,2,3,1989,2,2
1991,2,50134,6,2,5,2,1,1,3,4,2,3,1989,2,2
1991,3,50134,6,2,2,2,1,1,3,4,2,3,1982,2,2
1991,1,50135,1,2,2,2,1,1,3,4,2,3,1979,2,2
1991,1,50136,2,2,2,1,1,1,3,4,1,3,1987,2,2
1991,1,50137,1,5,5,2,2,2,3,4,2,3,1986,2,2
1991,1,50138,1,2,2,2,1,1,3,4,2,3,1984,2,1
1991,1,50139,1,6,6,1,1,1,3,4,2,3,1989,2,2
1991,1,50140,2,2,2,1,1,1,3,4,2,3,1986,2,2
1991,2,50140,1,2,2,2,1,1,3,4,2,3,1987,2,2
1991,1,50141,1,5,4,2,1,1,3,4,2,3,1986,2,2
1991,2,50141,1,2,2,2,1,1,3,4,2,3,1981,2,2
1991,3,50141,6,5,5,2,1,1,3,4,2,3,1989,2,2
1991,1,50142,1,3,3,2,1,1,3,4,2,3,1979,2,2
1991,1,50143,1,2,2,2,1,1,3,4,2,3,1982,2,2
1991,2,50143,2,2,2,2,1,1,3,4,2,3,1988,2,2
1991,1,50144,2,3,3,2,2,2,3,4,2,3,1979,2,2
1991,2,50144,1,2,2,2,2,2,3,4,2,3,1979,2,2
1991,1,50145,1,2,2,1,2,2,3,4,1,3,1977,2,2
1991,1,50146,1,1,1,2,1,1,3,4,2,3,1989,2,2
1991,2,50146,1,6,6,2,1,1,3,4,2,3,1982,2,2
1991,1,50147,1,2,2,2,1,1,3,4,2,3,1989,2,2
1991,2,50147,7,2,2,2,4,1,3,1,2,3,1976,2,2
1991,1,50148,1,3,3,2,1,1,3,4,2,3,1980,2,2
1991,1,50149,1,5,5,2,1,1,3,4,2,3,1981,2,2
1991,1,50150,2,2,2,2,2,2,3,4,1,3,1973,2,2
1991,1,50151,1,2,6,1,1,1,3,4,2,3,1987,2,2
1991,1,50152,1,3,3,2,2,2,3,4,2,3,1985,2,2
1991,2,50152,1,2,2,2,1,1,3,4,2,3,1990,2,2
1991,1,50153,2,2,2,2,1,1,3,4,1,3,1989,2,2
1991,1,50154,1,2,2,2,1,1,3,4,2,3,1975,2,2
1991,2,50154,6,2,2,2,1,1,3,4,2,3,1986,2,2
1991,1,50155,3,3,3,1,1,1,3,4,1,3,1987,2,2
1991,2,50155,5,2,2,2,1,1,3,4,2,3,1981,2,2
1991,1,50156,2,2,2,2,1,1,3,4,2,3,1990,2,2
1991,2,50156,1,5,5,2,1,1,3,4,2,3,1974,2,2
1991,1,50157,2,5,6,1,1,1,3,4,1,3,1986,2,2
1991,1,50158,2,2,2,2,1,1,3,4,2,3,1982,2,2
1991,1,50159,2,1,1,2,1,1,3,4,2,3,1976,2,2
1991,1,50160,6,2,2,2,1,1,3,4,2,3,1981,2,2
1991,2,50160,1,5,5,2,1,1,3,4,2,3,1979,2,2
1991,1,50161,6,5,5,2,1,1,3,4,2,3,1970,2,2
1991,2,50161,1,2,2,2,2,2,3,4,1,3,1987,2,2
1991,1,50162,1,5,5,1,1,1,3,4,1,3,1984,2,2
1991,1,50163,2,1,1,1,1,1,3,4,2,3,1989,2,2
1991,1,50164,2,3,3,2,1,1,3,4,2,3,1990,2,2
1991,1,50165,1,2,2,1,1,1,3,4,2,3,1991,2,2
1991,2,50165,2,2,2,2,1,1,3,4,1,3,1988,2,2
1991,1,50166,2,1,1,1,1,1,3,4,1,3,1976,2,2
1991,1,50167,2,5,6,1,1,1,3,4,2,3,1990,2,2
1991,1,50168,1,2,2,2,1,1,3,4,2,3,1985,2,2
1991,1,50169,1,2,2,2,1,1,3,4,1,3,1983,2,2
1991,2,50169,3,5,5,2,1,1,3,4,2,3,1979,2,2
1991,1,50170,6,2,2,2,1,1,3,4,2,3,1974,2,2
1991,2,50170,1,5,5,2,1,1,3,4,2,3,1983,2,2
1991,3,50170,1,5,5,2,1,1,3,4,2,3,1987,2,2
1991,4,50170,1,5,5,2,1,1,3,4,2,3,1984,2,2
1991,1,50171,1,2,2,2,1,1,3,4,2,3,1988,2,2
1991,2,50171,6,2,2,2,1,1,3,4,2,3,1991,2,2
1991,1,50172,7,2,2,2,4,2,3,2,2,3,1982,2,2
1991,1,50173,1,2,2,2,1,1,3,4,2,3,1977,2,2
1991,2,50173,1,2,2,2,1,1,3,4,2,3,1984,2,2
1991,1,50174,3,2,6,1,1,1,3,4,1,3,1977,2,2
1991,1,50175,2,5,6,1,1,1,3,4,2,3,1988,2,2
1991,1,50176,6,2,2,2,1,1,3,4,2,3,1983,2,2
1991,2,50176,2,5,5,2,1,1,3,4,2,3,1987,2,2
1991,1,50177,2,2,2,2,1,1,3,4,2,3,1988,2,2
1991,2,50177,2,4,2,2,1,1,3,4,2,3,1989,2,2
1991,3,50177,1,2,3,2,1,1,3,4,2,3,1983,2,2
1991,1,50178,2,3,3,1,1,2,3,4,1,3,1985,2,2
1991,1,50180,2,2,2,2,1,1,3,4,2,3,1991,2,2
1991,1,50181,7,2,2,2,4,1,3,1,1,3,1984,2,2
1991,1,50182,7,2,2,2,4,1,3,1,2,3,1981,2,2
1991,2,50182,1,2,2,2,1,1,3,4,2,3,1978,2,2
1991,1,50183,1,1,1,2,2,2,3,4,2,3,1985,1,2
1991,1,50184,1,1,1,1,1,1,3,4,1,3,1982,2,2
1991,1,50186,1,3,3,2,1,1,3,4,2,3,1989,2,2
1991,2,50186,9,2,2,2,1,1,3,4,2,3,1990,2,2
1991,1,50187,1,3,3,2,1,1,3,4,2,3,1987,2,2
1991,2,50187,2,2,2,2,1,1,3,4,2,3,1979,2,2
1991,1,50188,1,3,3,2,2,2,3,4,2,3,1973,2,2
1991,1,50189,7,1,1,2,4,1,3,1,1,3,9999,2,2
1991,1,50190,2,2,2,2,1,1,3,4,2,3,1976,2,2
1991,1,50191,2,2,2,1,1,1,3,4,1,3,1986,2,2
1991,1,50192,9,2,2,2,2,2,3,4,2,3,1977,2,2
1991,1,50193,1,2,2,2,1,1,3,4,2,3,1985,2,2
1991,2,50193,6,5,5,2,1,1,3,4,2,3,1991,2,2
1991,1,50194,1,2,2,2,1,1,3,4,2,3,1976,2,2
1991,1,50195,1,2,2,2,1,1,3,4,2,3,1985,2,2
1991,2,50195,1,5,5,2,1,1,3,4,2,3,1984,2,2
1991,3,50195,6,5,5,2,1,1,3,4,1,3,1989,2,2
1991,1,50196,1,3,3,1,1,1,3,4,1,3,1989,2,2
1991,1,50197,6,4,4,2,1,1,3,4,2,3,1989,2,2
1991,2,50197,7,2,2,2,4,1,3,1,1,3,1984,2,2
1991,1,50198,2,2,2,2,1,1,3,4,2,3,1990,2,2
1991,2,50198,4,2,2,1,1,1,3,4,2,3,1966,2,2
1991,1,50199,1,2,2,2,2,2,3,4,1,3,1988,2,2
1991,1,50200,1,2,2,2,1,1,3,4,2,3,1965,2,2
1991,1,50201,1,1,1,1,1,1,3,4,1,3,1987,2,2
1991,1,50202,1,2,2,2,1,1,3,4,2,3,1985,2,2
1991,2,50202,1,2,2,2,2,2,3,4,1,3,1987,2,2
1991,1,50203,2,1,1,1,1,1,3,4,1,3,1988,2,2
1991,1,50204,6,2,2,2,1,1,3,4,2,3,1972,2,2
1991,2,50204,7,2,2,2,4,2,3,2,1,3,1976,2,2
1991,1,50205,6,2,2,1,2,2,3,4,1,3,1974,2,2
1991,1,50206,1,2,2,2,1,1,3,4,2,3,1976,2,2
1991,2,50206,9,4,4,2,1,1,3,4,2,3,9999,2,2
1991,1,50207,2,2,2,2,1,1,3,4,2,3,1986,2,2
1991,2,50207,6,5,5,2,1,1,3,4,2,3,1991,2,2
1991,1,50208,4,5,5,2,1,1,3,4,2,3,1979,2,2
1991,1,50209,1,4,4,2,1,1,3,4,2,3,1985,2,2
1991,2,50209,6,2,2,1,1,1,3,4,1,3,1987,2,2
1991,1,50210,1,2,2,2,1,1,3,4,1,3,1984,2,2
1991,1,50212,1,2,2,2,1,1,3,4,2,3,1980,2,2
1991,2,50212,2,2,2,2,1,1,3,4,2,3,1985,2,2
1991,1,50213,7,2,2,2,4,1,3,1,1,3,1986,2,2
1991,1,50214,1,1,1,1,1,1,3,4,1,3,1978,2,2
1991,1,50215,1,2,2,2,2,1,3,4,2,3,1991,2,2
1991,2,50215,2,5,5,2,1,1,3,4,2,3,1974,2,2
1991,3,50215,9,2,2,1,1,1,3,4,1,3,1980,2,2
1991,1,50216,2,2,2,2,1,1,3,4,2,3,1989,2,2
1991,2,50216,1,2,2,2,1,1,3,4,2,3,1983,2,2
1991,1,50217,2,2,2,2,1,1,3,4,1,3,1984,2,2
1991,1,50219,6,1,1,1,1,1,3,4,2,3,1985,2,2
1991,1,50220,1,2,2,2,1,1,3,4,2,3,1983,2,2
1991,2,50220,1,2,2,2,1,1,3,4,2,3,1979,2,2
1991,1,50221,7,2,2,2,4,1,3,1,2,3,1986,2,2
1991,2,50221,1,3,3,2,1,1,3,4,2,3,1986,2,2
1991,1,50222,1,5,3,1,2,2,3,4,1,3,1991,2,2
1991,1,50223,6,5,5,2,1,1,3,4,2,3,1983,2,2
1991,1,50224,2,6,5,1,1,1,3,4,1,3,1988,2,2
1991,1,50225,2,1,1,2,1,1,3,4,2,3,1991,2,2
1991,2,50225,1,6,6,2,1,1,3,4,2,3,1986,2,2
1991,1,50226,1,2,2,2,2,2,3,4,2,3,1982,2,2
1991,2,50226,1,2,2,2,1,1,3,4,2,3,1990,2,2
1991,1,50227,1,2,2,2,1,1,3,4,2,3,1985,2,2
1991,2,50227,1,2,2,2,1,1,3,4,2,3,1985,2,2
1991,1,50228,1,1,1,1,1,1,3,4,1,3,1978,2,2
1991,1,50229,2,3,3,2,1,1,3,4,2,3,1984,2,2
1991,2,50229,1,2,2,2,1,1,3,4,2,3,1982,2,2
1991,1,50230,6,2,2,1,1,1,3,4,2,3,1990,2,2
1991,2,50230,3,5,5,2,1,1,3,4,2,3,1986,2,2
1991,1,50231,1,2,2,2,1,1,3,4,2,3,1988,2,2
1991,2,50231,3,3,3,2,1,1,3,4,2,3,1984,2,2
1991,1,50232,3,2,2,1,1,1,3,4,1,3,1989,2,2
1991,1,50233,2,2,2,2,1,1,3,4,1,3,1984,2,2
1991,1,50234,1,2,2,1,1,1,3,4,1,3,1982,2,2
1991,1,50235,1,3,3,2,1,1,3,4,2,3,1985,2,2
1991,2,50235,6,2,2,2,1,1,3,4,2,3,1989,2,2
1991,1,50236,6,2,2,2,1,1,3,4,2,3,1988,2,2
1991,2,50236,1,5,5,2,1,1,3,4,2,3,1985,2,2
1991,3,50236,1,2,5,2,1,1,3,4,2,3,1986,2,2
1991,1,50237,1,1,1,1,1,1,3,4,1,3,1987,2,2
1991,1,50238,7,7,7,2,4,1,3,1,1,3,1982,2,2
1991,1,50239,1,2,6,1,1,1,3,4,2,3,1978,2,2
1991,1,50240,2,2,2,2,1,1,3,4,2,3,1979,2,2
1991,2,50240,2,5,5,1,1,1,3,4,2,3,1989,2,2
1991,1,50241,9,7,7,2,3,3,3,4,2,3,9999,2,2
1991,1,50242,1,1,1,1,2,2,3,4,1,3,1978,2,2
1991,1,50243,1,3,3,2,1,1,3,4,2,3,1990,2,2
1991,2,50243,1,2,2,2,1,1,3,4,2,3,1988,2,2
1991,1,50244,5,2,2,2,1,1,3,4,2,3,1988,2,2
1991,2,50244,2,2,2,2,1,1,3,4,2,3,1979,2,2
1991,1,50245,4,2,2,2,1,1,3,4,2,3,1979,2,2
1991,2,50245,7,2,2,2,4,1,3,1,2,3,1983,2,2
1991,1,50246,9,7,7,2,3,3,3,4,2,3,9999,2,2
1991,1,50247,2,4,4,2,2,2,3,4,2,3,1983,2,2
1991,2,50247,1,2,2,1,2,2,3,4,2,3,1984,2,2
1991,1,50248,2,2,2,1,1,1,3,4,1,3,1990,2,2
1991,1,50249,3,5,5,2,2,2,3,4,1,3,1976,2,2
1991,1,50250,1,3,3,2,1,1,3,4,1,3,1984,2,2
1991,1,50251,2,2,2,2,1,1,3,4,2,3,1989,2,2
1991,2,50251,2,2,2,2,1,1,3,4,2,3,1990,2,2
1991,1,50252,1,3,3,2,2,2,3,4,1,3,1967,2,2
1991,1,50253,1,2,2,2,1,1,3,4,2,3,1988,2,2
1991,2,50253,2,2,2,2,1,1,3,4,2,3,1987,2,2
1991,1,50254,1,2,2,1,1,1,3,4,1,3,1975,2,2
1991,1,50255,2,2,2,2,1,1,3,4,2,3,1984,2,2
1991,2,50255,2,2,2,2,1,1,3,4,2,3,1990,2,2
1991,1,50256,2,3,3,2,1,1,3,4,2,3,1991,2,2
1991,1,50257,2,2,2,2,1,1,3,4,2,3,1989,2,2
1991,1,50258,1,7,7,2,2,2,3,4,1,3,1984,2,2
1991,1,50259,1,2,6,1,1,1,3,4,1,3,1986,2,2
1991,1,50260,1,2,2,2,1,1,3,4,2,3,1977,2,2
1991,2,50260,2,2,2,2,1,1,3,4,2,3,1988,2,2
1991,1,50261,6,5,5,2,1,1,3,4,2,3,1984,2,2
1991,2,50261,1,2,2,2,1,1,3,4,2,3,1985,2,2
1991,1,50262,2,3,3,2,1,1,3,4,1,3,1988,2,2
1991,1,50263,1,2,2,2,1,1,3,4,1,3,1978,2,2
1991,1,50264,1,2,2,2,1,1,3,4,2,3,1986,2,2
1991,2,50264,6,5,5,2,1,1,3,4,2,3,1988,2,2
1991,1,50265,2,2,2,2,1,1,3,4,2,3,1989,2,2
1991,2,50265,2,3,3,2,2,2,3,4,2,3,1981,2,2
1991,1,50266,3,2,2,2,1,1,3,4,2,3,1984,2,2
1991,2,50266,6,5,5,2,1,1,3,4,2,3,1984,2,2
1991,1,50268,6,2,2,2,1,1,3,4,2,3,1974,2,2
1991,1,50270,2,1,1,1,1,1,3,4,1,3,1990,2,2
1991,1,50271,1,5,5,1,1,1,3,4,1,3,1975,2,2
1991,1,50272,2,3,3,2,1,1,3,4,2,3,1989,2,2
1991,1,50273,1,2,2,2,1,1,3,4,2,3,1984,2,2
1991,2,50273,1,5,5,2,1,1,3,4,1,3,1987,2,2
1991,1,50274,1,2,2,2,1,1,3,4,2,3,1977,2,2
1991,2,50274,6,2,2,2,1,1,3,4,2,3,1978,2,2
1991,1,50275,1,2,2,2,1,1,3,4,1,3,1981,2,2
1991,2,50275,1,5,5,2,2,2,3,4,2,3,1985,2,2
1991,3,50275,1,5,5,2,1,1,3,4,2,3,1984,2,2
1991,1,50276,2,2,2,2,1,1,3,4,2,3,1989,2,2
1991,2,50276,2,2,2,2,1,1,3,4,2,3,1989,2,2
1991,1,50277,2,2,2,1,1,1,3,4,2,3,1989,2,2
1991,1,50278,1,2,6,1,1,1,3,4,1,3,1978,2,2
1991,1,50279,2,2,2,1,1,1,3,4,1,3,1973,2,2
1991,1,50280,2,1,1,1,1,1,3,4,1,3,1985,2,2
1991,1,50281,2,1,1,1,1,1,3,4,1,3,1989,2,2
1991,1,50282,1,3,3,2,1,1,3,4,2,3,1987,2,2
1991,1,50283,1,3,3,2,1,1,3,4,2,3,1988,2,2
1991,2,50283,2,2,2,2,2,2,3,4,2,3,1988,2,2
1991,3,50283,1,2,2,2,2,2,3,4,2,3,1988,2,2
1991,1,50284,4,1,1,1,1,1,3,4,1,3,1991,2,2
1991,1,50285,7,3,3,2,4,2,3,2,1,3,1991,2,2
1991,1,50286,2,3,3,2,1,1,3,4,1,3,1988,2,2
1991,2,50286,6,2,2,2,1,1,3,4,2,3,1989,2,2
1991,1,50287,6,2,2,2,1,1,3,4,1,3,1990,2,2
1991,2,50287,2,2,2,2,1,1,3,4,2,3,1978,2,2
1991,1,50288,2,2,2,2,1,1,3,4,2,3,1989,2,2
1991,2,50288,2,2,2,2,2,2,3,4,2,3,1990,2,2
1991,1,50289,6,4,4,2,3,3,3,4,2,3,1989,2,2
1991,2,50289,1,2,2,2,1,1,3,4,1,3,1981,2,2
1991,1,50290,2,2,3,1,1,1,3,4,1,3,1983,2,2
1991,1,50291,2,2,2,2,1,1,3,4,2,3,1991,2,2
1991,2,50291,2,2,2,2,1,1,3,4,2,3,1987,2,2
1991,1,50292,2,2,2,2,2,2,3,4,1,3,1977,2,2
1991,1,50293,1,2,2,2,1,1,3,4,2,3,1988,2,2
1991,2,50293,1,5,5,2,1,1,3,4,2,3,1977,2,2
1991,1,50294,1,2,2,2,1,1,3,4,2,3,1983,2,2
1991,2,50294,6,2,5,1,1,1,3,4,2,3,1988,2,2
1991,1,50295,4,4,4,1,1,1,3,4,2,3,1988,2,2
1991,2,50295,6,2,2,2,1,1,3,4,2,3,1988,2,2
1991,1,50297,1,2,2,2,1,1,3,4,2,3,1983,2,2
1991,2,50297,1,2,2,2,1,1,3,4,2,3,1990,2,2
1991,1,50298,2,2,2,2,1,1,3,4,2,3,1981,2,2
1991,2,50298,2,4,4,2,1,1,3,4,1,3,1977,2,2
1991,1,50299,1,3,6,1,1,1,3,4,2,3,1989,2,2
1991,1,50300,6,5,5,2,1,1,3,4,2,3,1989,2,2
1991,2,50300,2,5,5,2,1,1,3,4,1,3,1986,2,2
1991,3,50300,1,2,2,2,1,1,3,4,2,3,1984,2,2
1991,1,50301,1,1,1,1,1,1,3,4,1,3,1984,2,2
1991,1,50302,1,2,2,1,1,1,3,4,2,3,1983,2,2
1991,2,50302,1,5,5,2,1,1,3,4,2,3,1982,2,2
1991,1,50303,1,2,3,1,1,1,3,4,2,3,1988,2,2
1991,2,50303,2,2,4,2,1,1,3,4,2,3,1976,2,2
1991,1,50304,1,7,7,1,2,2,3,4,1,3,1986,2,2
1991,1,50305,2,2,2,1,1,1,3,4,2,3,1987,2,2
1991,2,50305,2,4,4,2,1,1,3,4,2,3,1979,2,2
1991,1,50306,2,2,2,2,1,1,3,4,2,3,1988,2,2
1991,2,50306,7,2,2,2,4,1,3,1,1,3,1989,2,2
1991,1,50307,1,2,2,2,1,1,3,4,1,3,1985,2,2
1991,1,50308,9,7,7,2,3,3,3,4,2,3,9999,2,2
1991,1,50309,1,5,5,2,1,1,3,4,2,3,1990,2,2
1991,2,50309,2,2,2,2,1,1,3,4,2,3,1971,2,2
1991,1,50310,1,2,2,1,2,2,3,4,1,3,1982,2,2
1991,1,50311,6,2,2,2,1,1,3,4,2,3,1977,2,2
1991,1,50312,6,1,1,2,1,1,3,4,2,3,1977,2,2
1991,1,50313,7,2,2,2,4,1,3,1,1,3,1982,2,2
1991,1,50314,2,2,2,1,1,1,3,4,1,3,1970,2,2
1991,1,50315,1,2,2,2,1,1,3,4,1,3,1976,2,2
1991,1,50316,3,2,2,2,2,2,3,4,1,3,1989,2,2
1991,1,50317,2,6,6,1,1,1,3,4,2,3,1979,2,2
1991,1,50318,1,5,5,2,2,2,3,4,1,3,1980,2,2
1991,1,50319,1,2,2,2,1,1,3,4,2,3,1988,2,2
1991,2,50319,1,2,2,2,1,1,3,4,2,3,1985,2,2
1991,1,50320,1,5,5,2,2,2,3,4,2,3,1989,2,2
1991,1,50321,4,2,2,2,1,1,3,4,2,3,1978,2,2
1991,2,50321,4,3,3,2,1,1,3,4,2,3,1982,2,2
1991,1,50322,2,2,2,2,1,1,3,4,1,3,1989,2,2
1991,2,50322,1,5,5,2,1,1,3,4,2,3,1988,2,2
1991,1,50323,2,5,5,1,1,1,3,4,1,3,1989,2,2
1991,1,50324,1,2,2,1,1,1,3,4,1,3,1989,2,2
1991,1,50325,1,2,2,2,1,1,3,4,2,3,1990,2,2
1991,2,50325,6,2,2,2,1,1,3,4,2,3,1967,2,2
1991,1,50326,1,2,2,2,2,2,3,4,1,3,1989,2,2
1991,1,50327,9,7,7,2,3,3,3,4,2,3,9999,2,2
1991,1,50328,2,2,2,2,1,1,3,4,2,3,1991,2,2
1991,2,50328,1,2,2,2,1,1,3,4,2,3,1985,2,2
1991,1,50329,1,5,3,2,2,2,3,4,1,3,1981,2,2
1991,1,50330,2,2,5,2,1,1,3,4,2,3,1977,2,2
1991,1,50331,1,5,5,2,1,1,3,4,2,3,1983,2,2
1991,2,50331,2,2,2,2,1,1,3,4,1,3,1986,2,2
1991,1,50332,6,1,1,1,1,1,3,4,1,3,1990,2,2
1991,1,50333,3,2,2,2,1,1,3,4,2,3,1987,2,2
1991,2,50333,2,2,2,2,1,1,3,4,2,3,1984,2,2
1991,1,50334,6,3,3,1,1,1,3,4,2,3,1991,2,2
1991,1,50335,1,5,5,2,1,1,3,4,1,3,1982,2,2
1991,2,50335,6,2,6,1,1,1,3,4,2,3,1989,2,2
1991,1,50336,2,6,6,1,2,1,3,4,1,3,1968,2,2
1991,1,50337,1,4,4,2,1,1,3,4,2,3,1991,2,2
1991,2,50337,2,2,2,2,1,1,3,4,2,3,1988,2,2
1991,1,50338,1,2,2,2,1,1,3,4,2,3,1974,2,2
1991,1,50339,1,2,2,1,1,1,3,4,1,3,1991,2,2
1991,1,50340,1,2,2,1,2,2,3,4,1,3,1981,2,2
1991,1,50341,1,5,5,2,1,1,3,4,1,3,1984,2,2
1991,2,50341,6,2,6,1,1,1,3,4,2,3,1984,2,2
1991,3,50341,1,5,5,2,1,1,3,4,2,3,1988,2,2
1991,4,50341,1,2,2,2,1,1,3,4,2,3,1984,2,2
1991,1,50342,2,5,5,2,1,1,3,4,2,3,1980,2,2
1991,1,50343,1,2,2,2,1,1,3,4,2,3,1988,2,2
1991,2,50343,2,2,4,1,1,1,3,4,2,3,1983,2,2
1991,3,50343,1,2,2,2,1,1,3,4,2,3,1980,2,2
1991,1,50344,1,1,1,1,1,1,3,4,1,3,1977,2,2
1991,1,50345,1,1,1,1,1,1,3,4,2,3,1988,2,1
1991,1,50346,6,1,1,1,1,1,3,4,1,3,1987,2,2
1991,1,50347,2,1,1,1,1,1,3,4,2,3,1974,2,2
1991,1,50348,1,2,5,2,1,1,3,4,2,3,1984,2,2
1991,2,50348,1,5,5,2,1,1,3,4,2,3,1979,2,2
1991,3,50348,1,4,4,2,1,1,3,4,2,3,1977,2,2
1991,1,50349,1,5,5,2,1,1,3,4,2,3,1987,2,2
1991,2,50349,6,2,2,1,1,1,3,4,2,3,1991,2,2
1991,1,50350,1,2,2,2,2,2,3,4,1,3,1974,2,2
1991,1,50351,2,2,2,2,2,2,3,4,2,3,1976,2,2
1991,1,50352,6,1,1,1,1,1,3,4,1,3,1990,2,2
1991,1,50353,2,2,2,2,1,1,3,4,1,3,1983,2,2
1991,1,50354,2,2,3,2,2,2,3,4,1,3,1982,2,2
1991,1,50355,3,1,1,1,1,1,3,4,2,3,1984,2,2
1991,1,50356,1,2,2,2,1,1,3,4,2,3,1980,2,2
1991,2,50356,2,2,2,2,1,1,3,4,2,3,1988,2,2
1991,1,50357,1,2,2,2,1,1,3,4,2,3,1988,2,2
1991,2,50357,1,3,3,2,1,1,3,4,2,3,1982,2,2
1991,1,50358,1,2,3,2,1,1,3,4,2,3,1988,2,2
1991,2,50358,6,2,2,2,1,1,3,4,2,3,1982,2,2
1991,1,50359,1,1,1,1,2,2,3,4,1,3,1991,2,2
1991,1,50360,1,3,3,2,1,1,3,4,2,3,1983,2,2
1991,1,50362,4,2,2,2,1,1,3,4,2,3,1990,2,2
1991,2,50362,1,3,3,2,1,1,3,4,1,3,1979,2,2
1991,1,50363,2,2,2,2,1,1,3,4,2,3,1980,2,2
1991,2,50363,1,3,3,2,1,1,3,4,2,3,1988,2,2
1991,1,50364,2,2,6,1,1,1,3,4,1,3,1983,2,2
1991,1,50365,6,3,3,2,1,1,3,4,2,3,1990,2,2
1991,1,50366,1,1,1,1,1,1,3,4,1,3,1988,2,2
1991,1,50367,6,2,2,2,1,1,3,4,2,3,1991,2,2
1991,2,50367,1,2,2,2,1,1,3,4,2,3,1991,2,2
1991,1,50368,1,2,2,2,1,1,3,4,2,3,1988,2,2
1991,1,50369,1,5,5,2,1,1,3,4,2,3,1984,2,2
1991,2,50369,6,2,2,2,1,1,3,4,2,3,1983,2,2
1991,1,50370,2,2,2,2,1,1,3,4,2,3,1983,2,2
1991,1,50371,2,2,2,2,2,2,3,4,2,3,1987,2,2
1991,2,50371,6,2,2,2,1,1,3,4,2,3,1989,2,2
1991,1,50372,6,6,6,2,1,1,3,4,2,3,1982,2,2
1991,1,50373,6,2,2,2,1,1,3,4,2,3,1987,2,2
1991,2,50373,3,5,5,2,1,1,3,4,2,3,1989,2,2
1991,1,50374,1,3,3,1,1,1,3,4,1,3,1989,2,2
1991,1,50375,6,2,2,2,1,1,3,4,2,3,1984,2,2
1991,1,50376,2,2,2,2,1,1,3,4,2,3,1980,2,2
1991,2,50376,1,2,2,2,1,1,3,4,2,3,1982,2,2
1991,1,50377,6,5,5,2,1,1,3,4,2,3,1989,2,2
1991,1,50378,1,1,1,1,1,1,3,4,1,3,1985,2,2
1991,1,50379,6,2,2,2,1,1,3,4,2,3,1987,2,2
1991,2,50379,1,5,5,2,1,1,3,4,2,3,1990,2,2
1991,1,50380,1,2,2,2,1,1,3,4,2,3,1978,2,2
1991,2,50380,6,5,5,2,1,1,3,4,2,3,1979,2,2
1991,1,50381,2,1,1,1,1,1,3,4,1,3,1974,2,2
1991,1,50382,2,2,2,2,1,1,3,4,1,3,1988,2,2
1991,1,50383,1,2,2,1,1,1,3,4,1,3,1982,2,2
1991,1,50384,2,2,2,2,1,1,3,4,1,3,1988,2,2
1991,1,50385,1,3,3,2,2,2,3,4,2,3,1988,2,2
1991,2,50385,2,2,2,2,1,1,3,4,2,3,1983,2,2
1991,1,50386,7,2,2,2,4,2,3,2,1,3,1982,2,2
1991,1,50387,1,1,1,1,1,1,3,4,1,3,1982,2,2
1991,1,50388,6,2,2,2,1,1,3,4,2,3,1986,2,2
1991,2,50388,2,3,3,2,2,2,3,4,2,3,1986,2,2
1991,1,50389,1,3,3,2,1,1,3,4,2,3,1989,2,2
1991,2,50389,6,2,2,2,1,1,3,4,2,3,1980,2,2
1991,1,50390,1,2,6,1,1,1,3,4,1,3,1980,2,2
1991,1,50391,1,3,6,2,1,1,3,4,1,3,1984,2,2
1991,1,50392,2,2,2,2,1,1,3,4,2,3,1990,2,2
1991,1,50393,1,2,2,2,1,1,3,4,2,3,1987,2,2
1991,2,50393,4,5,5,2,1,1,3,4,2,3,1978,2,2
1991,1,50394,1,2,2,2,2,1,3,4,1,3,1977,2,2
1991,2,50394,1,2,2,2,1,1,3,4,2,3,1986,2,2
1991,1,50395,7,5,5,2,4,2,3,2,1,3,1982,2,2
1991,1,50396,2,2,2,2,1,1,3,4,1,3,1966,2,2
1991,1,50397,2,2,2,1,1,1,3,4,1,3,1977,2,2
1991,1,50398,1,2,2,2,1,1,3,4,2,3,1986,2,2
1991,2,50398,9,5,5,2,2,2,3,4,2,3,9999,2,2
1991,1,50399,2,2,2,2,1,1,3,4,2,3,1983,2,2
1991,1,50400,1,2,6,1,2,2,3,4,1,3,1982,2,2
1991,1,50401,6,2,2,2,1,1,3,4,2,3,1977,2,2
1991,2,50401,2,3,3,2,1,1,3,4,2,3,1987,2,2
1991,3,50401,1,2,5,2,1,1,3,4,2,3,1985,2,2
1991,1,50402,2,2,3,2,1,1,3,4,2,3,1968,2,2
1991,2,50402,1,2,6,1,1,1,3,4,2,3,1989,2,2
1991,1,50403,2,2,2,2,1,1,3,4,2,3,1988,2,2
1991,1,50404,1,2,2,2,1,1,3,4,2,3,1988,2,2
1991,1,50405,2,2,2,2,1,1,3,4,2,3,1989,2,2
1991,2,50405,1,3,3,2,1,1,3,4,2,3,1972,2,2
1991,1,50406,2,5,5,2,2,2,3,4,1,3,1980,2,2
1991,1,50407,1,3,3,2,1,1,3,4,2,3,1983,2,2
1991,2,50407,2,2,2,2,1,1,3,4,2,3,1982,2,2
1991,1,50408,1,3,3,1,1,1,3,4,1,3,1986,2,2
1991,1,50409,1,2,2,2,1,1,3,4,2,3,1990,2,2
1991,1,50410,1,2,2,1,2,2,3,4,1,3,1987,2,2
1991,1,50411,1,4,4,2,1,1,3,4,2,3,1984,2,2
1991,2,50411,1,2,5,2,2,2,3,4,2,3,1982,2,2
1991,3,50411,1,2,2,2,1,1,3,4,2,3,1984,2,2
1991,1,50412,1,2,6,1,2,2,3,4,1,3,1988,2,2
1991,1,50413,1,2,2,1,2,2,3,4,1,3,1985,2,2
1991,1,50414,2,2,2,1,2,2,3,4,1,3,1989,2,2
1991,1,50415,4,2,2,2,1,1,3,4,2,3,1979,2,2
1991,2,50415,1,2,2,2,1,1,3,4,2,3,1987,2,2
1991,1,50416,2,2,2,2,1,1,3,4,2,3,1991,2,2
1991,2,50416,1,5,5,2,1,1,3,4,2,3,1987,2,2
1991,1,50417,6,4,4,2,1,1,3,4,2,3,1976,2,2
1991,2,50417,1,2,2,2,1,1,3,4,2,3,1986,2,2
1991,1,50418,7,2,2,2,4,1,3,1,2,3,1985,2,2
1991,2,50418,1,3,3,2,1,1,3,4,2,3,1984,2,2
1991,1,50419,6,1,1,1,1,1,3,4,1,3,1978,2,2
1991,1,50420,1,5,5,2,1,1,3,4,2,3,1991,2,2
1991,2,50420,2,2,2,2,1,1,3,4,2,3,1991,2,2
1991,1,50421,2,2,2,2,1,1,3,4,2,3,1988,2,2
1991,2,50421,6,2,2,2,1,1,3,4,2,3,1981,2,2
1991,1,50422,6,4,4,2,1,1,3,4,2,3,1968,2,2
1991,2,50422,2,2,2,2,1,1,3,4,1,3,1973,2,2
1991,1,50423,6,3,3,1,1,1,3,4,2,3,1980,2,2
1991,2,50423,4,4,4,2,1,1,3,4,2,3,1984,2,2
1991,1,50424,4,1,1,1,2,2,3,4,1,3,1975,2,2
1991,1,50425,2,2,2,1,1,1,3,4,2,3,1975,2,2
1991,2,50425,1,5,5,2,1,1,3,4,2,3,1991,2,2
1991,1,50426,6,2,2,2,1,1,3,4,1,3,1977,2,2
1991,2,50426,2,2,2,2,1,1,3,4,2,3,1989,2,2
1991,1,50427,1,1,1,1,1,1,3,4,1,3,1989,2,2
1991,1,50428,1,4,4,2,1,1,3,4,2,3,1991,2,2
1991,2,50428,2,2,2,2,1,1,3,4,2,3,1986,2,2
1991,1,50429,1,2,2,2,1,1,3,4,2,3,1987,2,2
1991,2,50429,9,3,3,2,1,1,3,4,2,3,1978,2,2
1991,1,50430,1,2,2,2,2,2,3,4,1,3,1987,2,2
1991,1,50431,6,2,2,2,1,1,3,4,2,3,1990,2,2
1991,2,50431,1,2,2,2,1,1,3,4,2,3,1984,2,2
1991,1,50432,1,2,2,2,1,1,3,4,2,3,1985,2,2
1991,2,50432,6,2,2,1,1,1,3,4,2,3,1981,2,2
1991,1,50433,2,3,3,2,1,1,3,4,2,3,1958,2,2
1991,2,50433,1,2,2,2,1,1,3,4,2,3,1988,2,2
1991,1,50434,2,2,2,2,1,1,3,4,2,3,1981,2,2
1991,2,50434,1,2,2,2,1,1,3,4,1,3,1988,2,2
1991,1,50435,1,2,2,2,1,1,3,4,2,3,1972,2,2
1991,1,50436,1,2,2,2,1,1,3,4,2,3,1989,2,2
1991,1,50437,7,2,2,2,4,2,3,2,2,3,1986,2,2
1991,2,50437,1,3,3,2,1,1,3,4,2,3,1989,2,2
1991,1,50438,1,2,2,2,1,1,3,4,2,3,1990,2,2
1991,2,50438,1,2,2,2,1,1,3,4,2,3,1988,2,2
1991,1,50439,1,3,3,2,1,1,3,4,1,3,1980,2,2
1991,2,50439,6,2,2,2,1,1,3,4,2,3,1989,2,2
1991,1,50440,9,7,7,2,3,3,3,4,2,3,9999,2,2
1991,1,50441,1,2,2,2,1,1,3,4,2,3,1985,2,2
1991,2,50441,1,5,5,2,1,1,3,4,2,3,1988,2,2
1991,1,50442,2,2,3,2,1,1,3,4,2,3,1970,2,2
1991,2,50442,1,2,2,2,1,1,3,4,2,3,1987,2,2
1991,3,50442,1,2,2,2,1,1,3,4,2,3,1979,2,2
1991,1,50443,1,5,5,2,1,1,3,4,2,3,1979,2,2
1991,2,50443,2,2,2,2,1,1,3,4,2,3,1988,2,2
1991,1,50444,1,2,2,2,2,2,3,4,1,3,1978,2,2
1991,1,50445,1,5,5,1,1,1,3,4,1,3,1982,2,2
1991,1,50446,1,5,4,2,2,2,3,4,1,3,1978,2,2
1991,1,50447,2,2,2,2,1,1,3,4,2,3,1984,2,2
1991,1,50448,1,5,6,1,1,1,3,4,1,3,1991,2,2
1991,1,50449,3,2,2,2,1,1,3,4,1,3,1987,2,2
1991,2,50449,6,2,2,2,1,1,3,4,2,3,1990,2,2
1991,1,50450,3,2,2,2,1,1,3,4,2,3,1986,2,2
1991,2,50450,1,3,3,2,1,1,3,4,1,3,1988,2,2
1991,1,50451,1,2,2,2,1,1,3,4,1,3,1969,2,2
1991,1,50452,1,5,5,1,1,1,3,4,1,3,1984,2,2
1991,1,50453,1,2,2,1,1,1,3,4,1,3,1986,2,2
1991,1,50454,1,1,1,1,1,1,3,4,1,3,1976,2,2
1991,1,50455,1,2,2,2,1,1,3,4,2,3,1985,2,2
1991,1,50456,1,2,2,2,1,1,3,4,2,3,1989,2,2
1991,1,50457,6,4,4,2,1,1,3,4,2,3,1986,2,2
1991,2,50457,2,2,2,2,1,1,3,4,2,3,1991,2,2
1991,1,50458,2,2,6,1,1,1,3,4,1,3,1988,2,2
1991,1,50459,1,2,2,1,2,2,3,4,1,3,1983,2,2
1991,1,50460,1,2,2,2,1,1,3,4,1,3,1983,2,2
1991,2,50460,1,2,2,2,1,1,3,4,2,3,1987,2,2
1991,1,50461,1,2,2,2,1,1,3,4,1,3,1987,2,2
1991,1,50462,1,3,3,2,1,1,3,4,2,3,1986,2,2
1991,2,50462,6,2,2,2,1,1,3,4,2,3,1989,2,2
1991,1,50463,3,5,5,2,2,2,3,4,2,3,1990,2,2
1991,1,50464,1,2,2,2,1,1,3,4,2,3,1990,2,2
1991,2,50464,1,2,2,2,2,2,3,4,2,3,1980,2,2
1991,1,50465,2,2,2,2,1,1,3,4,1,3,1988,2,2
1991,1,50466,3,1,1,1,1,1,3,4,1,3,1990,2,2
1991,1,50467,1,2,2,2,1,1,3,4,2,3,1988,2,2
1991,1,50468,1,2,2,1,1,1,3,4,1,3,1980,2,2
1991,1,50469,1,3,3,2,1,1,3,4,2,3,1990,2,2
1991,1,50470,2,2,2,2,2,2,3,4,2,3,1987,2,2
1991,1,50471,2,2,2,2,2,2,3,4,1,3,1982,2,2
1991,1,50472,3,2,2,2,1,1,3,4,2,3,1985,2,2
1991,2,50472,6,2,2,2,1,1,3,4,2,3,1991,2,2
1991,1,50473,1,5,5,2,1,1,3,4,2,3,1989,2,2
1991,1,50474,1,2,2,2,2,2,3,4,2,3,1978,2,2
1991,1,50475,8,4,4,2,1,1,3,4,2,1,1989,2,2
1991,2,50475,6,2,2,2,1,1,3,4,1,3,9999,2,2
1991,1,50476,1,5,5,2,1,1,3,4,2,3,1979,2,2
1991,1,50477,3,5,5,2,1,1,3,4,2,3,1986,2,2
1991,2,50477,2,5,5,2,1,1,3,4,2,3,1990,2,2
1991,1,50478,2,3,3,2,1,1,3,4,2,3,1987,2,2
1991,1,50479,2,2,2,2,1,1,3,4,2,3,1983,2,2
1991,1,50480,1,2,2,2,1,1,3,4,2,3,1986,2,2
1991,1,50481,4,2,2,2,1,1,3,4,2,3,1986,2,2
1991,2,50481,2,3,3,2,1,1,3,4,1,3,1986,2,2
1991,1,50482,1,2,2,2,1,1,3,4,2,3,1983,2,2
1991,2,50482,1,3,3,2,1,1,3,4,2,3,1980,2,2
1991,1,50483,1,2,2,2,1,1,3,4,2,3,1988,2,2
1991,2,50483,1,5,5,2,2,2,3,4,2,3,1978,2,2
1991,1,50484,1,2,2,2,1,1,3,4,2,3,1990,2,2
1991,2,50484,1,5,5,2,1,1,3,4,2,3,1990,2,2
1991,1,50485,1,2,2,2,2,2,3,4,2,3,1978,2,2
1991,2,50485,6,2,2,2,1,1,3,4,2,3,1973,2,2
1991,1,50486,1,2,2,2,1,1,3,4,2,3,1982,2,2
1991,2,50486,2,5,5,2,1,1,3,4,2,3,1977,2,2
1991,1,50487,2,2,2,2,1,1,3,4,2,3,1970,2,2
1991,2,50487,1,5,5,2,1,1,3,4,2,3,1983,2,2
1991,1,50488,1,2,2,2,1,1,3,4,1,3,1990,2,2
1991,1,50489,2,2,2,2,2,2,3,4,1,3,1977,2,2
1991,1,50490,9,7,7,2,3,3,3,4,2,3,9999,2,2
1991,1,50491,6,4,4,2,1,1,3,4,2,3,1985,2,2
1991,2,50491,2,2,2,2,1,1,3,4,2,3,1980,2,2
1991,1,50492,1,2,6,1,1,1,3,4,1,3,1991,2,2
1991,1,50493,9,2,2,2,2,2,3,4,2,3,1990,2,2
1991,1,50494,2,5,5,1,1,1,3,4,2,3,1988,2,2
1991,1,50495,3,5,5,2,1,1,3,4,1,3,1978,2,2
1991,1,50496,2,2,2,2,1,1,3,4,2,3,1981,2,2
1991,2,50496,2,2,2,1,1,1,3,4,2,3,1982,2,2
1991,1,50497,6,5,6,2,1,1,3,4,2,3,1990,2,2
1991,2,50497,2,2,6,2,1,1,3,4,2,3,1991,2,2
1991,3,50497,4,2,2,2,1,1,3,4,2,3,1979,2,2
1991,1,50498,1,5,6,1,1,1,3,4,2,3,1987,2,2
1991,1,50499,1,2,2,2,1,1,3,4,2,3,1985,2,2
1991,2,50499,6,5,5,2,1,1,3,4,2,3,1988,2,2
1991,1,50500,2,2,2,2,1,1,3,4,2,3,1976,2,2
1991,1,50501,2,2,6,1,1,1,3,4,2,3,1991,2,2
1991,1,50502,2,2,2,2,1,1,3,4,2,3,1985,2,2
1991,2,50502,1,2,2,2,1,1,3,4,1,3,1983,2,2
1991,1,50503,4,2,2,1,1,1,3,4,1,3,1990,2,2
1991,1,50504,1,2,2,2,1,1,3,4,2,3,1984,2,2
1991,2,50504,1,2,2,2,1,1,3,4,2,3,1990,2,2
1991,3,50504,1,2,5,2,1,1,3,4,2,3,1992,2,2
1991,1,50505,2,3,3,2,1,1,3,4,2,3,1973,2,2
1991,1,50506,2,2,2,2,1,1,3,4,2,3,1986,2,2
1991,1,50507,1,2,2,2,1,1,3,4,2,3,1980,2,2
1991,2,50507,2,5,5,1,1,1,3,4,2,3,1991,2,2
1991,1,50508,1,1,1,1,1,1,3,4,2,3,1981,2,2
1991,1,50509,1,3,3,2,2,2,3,4,1,3,1985,2,2
1991,2,50509,6,2,2,2,1,1,3,4,2,3,1983,2,2
1991,1,50510,1,2,2,2,1,1,3,4,2,3,1989,2,2
1991,1,50511,1,2,2,2,1,1,3,4,1,3,1985,2,2
1991,2,50511,4,4,4,2,1,1,3,4,2,3,1988,2,2
1991,1,50512,2,2,2,2,1,1,3,4,2,3,1977,2,2
1991,2,50512,1,5,5,2,1,1,3,4,2,3,1989,2,2
1991,1,50513,2,2,2,2,1,1,3,4,1,3,1990,2,2
1991,1,50515,4,1,1,1,1,1,3,4,2,3,1973,2,2
1991,1,50516,1,3,3,2,1,1,3,4,1,3,1987,2,2
1991,1,50517,1,6,6,2,1,1,3,4,2,3,1975,2,2
1991,1,50518,1,2,2,1,2,2,3,4,1,3,1991,2,2
1991,1,50519,1,1,1,1,1,1,3,4,1,3,1988,2,2
1991,1,50520,2,2,2,2,1,1,3,4,2,3,1983,2,2
1991,1,50521,6,5,5,2,1,2,3,4,2,3,1987,2,2
1991,2,50521,2,2,2,2,1,1,3,4,1,3,1989,2,2
1991,1,50522,1,2,2,2,1,1,3,4,2,3,1988,2,2
1991,2,50522,4,2,2,2,1,1,3,4,2,3,1989,2,2
1991,1,50523,2,2,2,1,1,1,3,4,1,3,1987,2,2
1991,1,50524,1,2,2,2,1,1,3,4,2,3,1986,2,2
1991,1,50525,1,2,2,2,1,1,3,4,2,3,1976,2,2
1991,2,50525,1,2,2,2,2,2,3,4,2,3,1981,2,2
1991,1,50526,1,3,3,2,1,1,3,4,1,3,1984,2,2
1991,1,50527,1,3,3,2,1,1,3,4,2,3,1987,2,2
1991,1,50528,1,3,3,2,1,1,3,4,1,3,1983,2,2
1991,1,50529,1,2,2,2,1,1,3,4,2,3,1988,2,2
1991,1,50530,1,4,4,2,1,1,3,4,2,3,1988,2,2
1991,2,50530,1,2,4,2,1,1,3,4,2,3,1980,2,2
1991,3,50530,2,2,2,1,1,1,3,4,1,3,1976,2,2
1991,1,50531,1,2,2,1,1,1,3,4,1,3,1978,2,2
1991,1,50532,2,2,2,2,1,1,3,4,2,3,1990,2,2
1991,1,50533,2,3,3,2,1,1,3,4,2,3,1990,2,2
1991,1,50534,1,2,2,1,1,1,3,4,1,3,1989,1,2
1991,1,50535,3,2,2,2,1,1,3,4,2,3,1991,2,2
1991,2,50535,1,3,3,2,1,1,3,4,2,3,1987,2,2
1991,1,50536,1,2,5,2,1,1,3,4,2,3,1987,2,2
1991,2,50536,1,2,5,2,1,1,3,4,2,3,1989,2,2
1991,3,50536,4,5,5,2,1,1,3,4,2,3,1978,2,2
1991,1,50537,1,2,2,2,1,1,3,4,2,3,1982,2,2
1991,1,50538,1,2,6,1,1,1,3,4,1,3,1991,2,2
1991,1,50539,1,2,2,2,2,2,3,4,1,3,1985,2,2
1991,1,50540,1,2,2,2,1,1,3,4,1,3,1990,2,2
1991,1,50541,1,2,2,2,1,1,3,4,2,3,1986,2,2
1991,1,50542,1,2,2,2,1,1,3,4,1,3,1985,2,2
1991,1,60001,4,1,1,1,2,2,3,4,1,3,1985,2,2
1991,1,60002,7,2,3,2,4,1,3,1,2,3,1988,2,2
1991,1,60003,1,2,2,2,1,1,3,4,1,3,1983,2,2
1991,1,60004,1,5,5,2,1,1,3,4,2,3,1981,2,2
1991,2,60004,2,2,2,2,1,1,3,4,2,3,1989,2,2
1991,3,60004,1,2,2,2,1,1,3,4,2,3,1987,2,2
1991,1,60005,1,2,2,2,1,1,3,4,2,3,1982,2,2
1991,2,60005,2,2,2,1,2,2,3,4,2,3,1953,2,2
1991,1,60006,1,2,2,2,1,1,3,4,2,3,1977,2,2
1991,2,60006,1,2,2,2,3,3,3,4,2,3,1970,2,2
1991,1,60007,4,2,2,2,1,1,3,4,2,3,1987,2,2
1991,1,60008,1,2,2,2,1,1,3,4,2,3,1988,2,2
1991,2,60008,3,5,5,2,1,1,3,4,2,3,1985,2,2
1991,1,60009,1,2,2,2,1,1,3,4,2,3,1988,1,2
1991,1,60010,2,2,2,2,1,1,3,4,2,3,1983,2,2
1991,1,60011,1,2,2,2,1,1,3,4,2,3,1985,2,2
1991,1,60012,1,5,5,2,1,1,3,4,2,3,1983,2,2
1991,2,60012,1,2,2,2,1,1,3,4,2,3,1984,2,2
1991,1,60013,1,2,2,2,1,1,3,4,2,3,1990,1,2
1991,1,60014,2,2,2,2,1,1,3,4,2,3,1978,2,2
1991,1,60015,1,2,2,2,3,3,3,4,2,3,9999,2,2
1991,2,60015,1,3,3,2,1,1,3,4,2,3,1989,2,2
1991,1,60016,2,4,2,1,1,1,3,4,1,3,1984,2,2
1991,1,60017,2,2,2,2,1,1,3,4,2,3,1982,2,2
1991,1,60018,1,2,2,2,1,1,3,4,1,3,1985,2,2
1991,2,60018,3,5,5,2,1,1,3,4,2,3,1990,2,2
1991,1,60019,2,2,2,2,1,1,3,4,1,3,1976,1,2
1991,2,60019,2,3,2,2,1,1,3,4,2,3,1989,2,2
1991,3,60019,3,5,5,2,1,1,3,4,2,3,1978,2,2
1991,1,60020,1,6,6,2,3,3,3,4,2,3,9999,2,2
1991,1,60021,1,5,5,2,1,1,3,4,1,3,1970,2,2
1991,2,60021,3,2,2,1,1,1,3,4,2,3,1986,2,2
1991,3,60021,1,2,2,2,1,1,3,4,2,3,1988,2,2
1991,1,60022,1,3,3,2,1,1,3,4,2,3,1985,2,2
1991,1,60023,4,5,6,2,1,1,3,4,2,3,1986,2,2
1991,1,60024,1,2,2,2,2,2,3,4,2,3,1984,1,2
1991,2,60024,2,2,2,2,1,1,3,4,2,3,1984,2,2
1991,1,60025,1,2,2,1,1,1,3,4,2,3,1978,2,2
1991,2,60025,7,5,5,2,4,1,3,1,2,3,1982,2,2
1991,1,60026,1,6,3,2,2,2,3,4,2,3,1983,2,2
1991,1,60027,1,2,2,1,1,1,3,4,1,3,1991,2,2
1991,1,60028,1,2,2,2,2,2,3,4,1,3,1979,2,2
1991,1,60029,1,2,2,1,2,2,3,4,2,3,1978,2,2
1991,1,60030,1,7,7,1,1,1,3,4,1,3,1986,2,2
1991,1,60031,1,6,6,1,1,1,3,4,1,3,1985,2,2
1991,1,60032,1,2,2,2,3,3,3,4,1,3,9999,2,2
1991,1,60033,2,2,2,2,1,1,3,4,1,3,1984,2,2
1991,1,60034,1,2,2,2,2,2,3,4,2,3,1989,2,2
1991,1,60035,1,2,2,2,3,3,3,4,2,3,9999,2,2
1991,1,60036,1,2,6,1,2,2,3,4,1,3,1981,2,2
1991,1,60037,2,2,2,2,1,1,3,4,2,3,1977,2,2
1991,1,60038,1,2,2,2,3,3,3,4,1,3,1990,1,2
1991,1,60039,1,2,2,2,2,2,3,4,2,3,1990,2,2
1991,1,60040,1,2,2,2,1,1,3,4,2,3,1986,2,2
1991,1,60041,1,2,2,2,2,2,3,4,1,3,1969,2,2
1991,1,60042,1,3,5,2,1,1,3,4,2,3,1981,2,2
1991,2,60042,2,2,2,2,1,1,3,4,2,3,1970,2,2
1991,3,60042,1,2,3,2,1,1,3,4,2,3,1988,2,2
1991,4,60042,2,5,5,2,3,3,3,4,2,3,9999,2,2
1991,1,60043,2,2,6,1,2,2,3,4,1,3,1989,2,2
1991,1,60044,7,2,2,2,4,1,3,1,1,3,1989,2,2
1991,1,60045,1,5,5,2,1,1,3,4,2,3,1984,2,2
1991,2,60045,6,2,2,2,1,1,3,4,2,3,1982,2,2
1991,1,60046,1,5,5,2,1,1,3,4,1,3,1980,2,2
1991,2,60046,1,5,5,2,1,1,3,4,2,3,1990,2,2
1991,3,60046,1,2,2,2,1,1,3,4,2,3,1987,2,2
1991,1,60047,6,2,2,2,1,1,3,4,2,3,1990,1,2
1991,1,60048,1,5,5,2,2,2,3,4,2,3,1979,2,2
1991,2,60048,2,2,2,2,1,1,3,4,2,3,1974,2,2
1991,1,60049,2,1,1,1,1,1,3,4,1,3,1975,2,2
1991,1,60050,1,5,5,2,1,1,3,4,2,3,1970,2,2
1991,2,60050,6,2,2,2,1,1,3,4,2,3,1968,2,2
1991,1,60051,7,2,2,2,4,3,3,3,1,3,1983,2,2
1991,2,60051,1,5,5,2,1,1,3,4,2,3,1982,2,2
1991,1,60052,1,5,5,2,1,1,3,4,2,3,1986,1,2
1991,2,60052,1,5,5,2,1,1,3,4,2,3,1985,2,2
1991,1,60053,1,2,2,2,1,1,3,4,2,3,1985,2,2
1991,2,60053,2,5,2,2,3,3,3,4,2,3,1985,2,2
1991,3,60053,6,2,2,2,1,1,3,4,2,3,1975,2,2
1991,1,60054,1,5,5,2,1,1,3,4,1,3,1987,2,2
1991,2,60054,1,2,2,2,1,1,3,4,2,3,1976,2,2
1991,1,60055,9,4,6,2,1,1,3,4,2,3,1986,2,2
1991,1,60056,6,2,6,2,1,1,3,4,2,3,1979,2,2
1991,1,60057,1,2,2,2,2,2,3,4,2,3,1984,1,2
1991,2,60057,7,2,2,2,4,1,3,1,2,3,1989,2,2
1991,1,60058,1,7,7,1,2,2,3,4,2,3,1983,2,2
1991,1,60059,1,3,3,2,1,1,3,4,1,3,1989,2,2
1991,2,60059,1,2,2,2,1,1,3,4,2,3,1990,2,2
1991,1,60060,1,2,2,2,1,1,3,4,2,3,1988,2,2
1991,1,60061,1,2,2,2,2,2,3,4,1,3,1980,2,2
1991,1,60062,1,2,2,2,1,1,3,4,2,3,1971,2,2
1991,2,60062,1,6,6,2,1,1,3,4,2,3,1984,2,2
1991,1,60063,1,5,5,2,1,1,3,4,1,3,1991,2,2
1991,1,60064,4,2,2,2,1,1,3,4,2,3,1979,2,2
1991,1,60065,1,1,1,1,2,2,3,4,2,3,1984,2,2
1991,1,60066,1,2,2,1,2,2,3,4,2,3,1982,1,2
1991,1,60067,1,2,2,2,1,1,3,4,2,3,1983,2,2
1991,1,60068,1,2,2,2,1,1,3,4,2,3,1983,2,2
1991,1,60069,1,2,2,2,1,1,3,4,1,3,1989,2,2
1991,1,60070,1,3,5,2,1,1,3,4,2,3,1978,2,2
1991,2,60070,2,2,2,2,1,1,3,4,2,3,1987,2,2
1991,1,60071,6,2,6,2,1,1,3,4,2,3,1990,2,2
1991,2,60071,1,4,3,2,1,1,3,4,1,3,1983,2,2
1991,1,60072,6,2,4,2,1,1,3,4,1,3,1972,2,2
1991,2,60072,1,5,5,2,1,1,3,4,2,3,1984,2,2
1991,3,60072,2,2,5,2,1,1,3,4,2,3,1989,2,2
1991,1,60073,1,2,2,2,1,1,3,4,2,3,1988,2,2
1991,2,60073,4,2,3,1,1,1,3,4,2,3,1985,2,2
1991,1,60074,1,3,3,1,1,1,3,4,1,3,1978,2,2
1991,1,60075,4,2,2,2,3,3,3,4,2,3,1978,2,2
1991,2,60075,1,3,4,2,1,1,3,4,2,3,1986,2,2
1991,3,60075,1,2,2,2,1,1,3,4,2,3,1987,2,2
1991,1,60076,9,7,7,2,3,3,3,4,2,3,9999,2,2
1991,1,60077,9,5,5,2,3,3,3,4,2,3,9999,2,2
1991,1,60078,1,2,2,2,3,3,3,4,2,3,9999,2,2
1991,1,60079,2,6,6,2,2,2,3,4,1,3,1974,2,2
1991,1,60080,1,2,2,2,1,1,3,4,2,3,1979,2,2
1991,1,60081,1,2,2,1,2,2,3,4,2,3,1981,2,2
1991,2,60081,6,5,5,1,1,1,3,4,2,3,1987,2,2
1991,1,60082,2,3,3,2,1,1,3,4,2,3,1988,2,2
1991,1,60083,1,2,2,2,1,1,3,4,2,3,1982,2,2
1991,1,60084,7,2,2,2,4,1,3,1,2,3,1988,1,2
1991,2,60084,6,3,3,2,1,1,3,4,2,3,1986,2,2
1991,1,60085,1,2,2,2,1,1,3,4,2,3,1979,2,2
1991,2,60085,4,6,2,2,1,1,3,4,1,3,1983,1,2
1991,1,60086,9,2,2,2,3,3,3,4,2,3,9999,2,2
1991,1,60087,4,2,2,2,1,1,3,4,1,3,1989,1,2
1991,1,60088,2,2,6,2,1,1,3,4,1,3,1983,2,2
1991,2,60088,6,3,6,2,1,1,3,4,2,3,1991,2,2
1991,1,60089,1,2,2,2,2,2,3,4,2,3,1981,1,2
1991,1,60090,7,1,1,2,4,1,3,1,1,3,1983,2,2
1991,1,60091,2,2,2,2,1,1,3,4,2,3,1984,2,2
1991,1,60092,1,1,1,1,1,1,3,4,2,3,1972,1,2
1991,1,60093,1,2,2,2,1,1,3,4,2,3,1985,1,2
1991,2,60093,1,2,2,1,1,1,3,4,2,3,1982,2,2
1991,1,60094,1,2,2,2,2,2,3,4,1,3,1980,2,2
1991,1,60095,1,1,1,1,1,1,3,4,2,3,1963,2,2
1991,1,60096,1,2,2,2,3,3,3,4,1,3,9999,1,2
1991,1,60097,1,2,2,2,1,1,3,4,2,3,1979,2,2
1991,1,60098,1,2,2,1,1,1,3,4,1,3,1982,2,2
1991,2,60098,2,2,2,2,2,2,3,4,2,3,1989,2,2
1991,1,60099,1,2,2,2,1,1,3,4,1,3,1988,2,2
1991,2,60099,9,4,4,2,1,1,3,4,2,3,9999,2,2
1991,1,60100,2,2,2,2,1,1,3,4,2,3,1983,2,2
1991,1,60101,7,2,2,2,4,2,3,2,1,3,1982,1,2
1991,2,60101,2,4,4,2,1,1,3,4,2,3,1988,2,2
1991,1,60102,1,1,1,1,1,1,3,4,2,3,1988,2,2
1991,1,60103,9,2,2,2,3,3,3,4,2,3,9999,2,2
1991,1,60104,1,2,2,2,1,1,3,4,2,3,1986,2,2
1991,1,60105,1,5,5,2,1,1,3,4,1,3,1979,2,2
1991,2,60105,7,2,2,2,4,2,3,2,1,3,1988,2,2
1991,1,60106,1,5,5,1,1,1,3,4,2,3,1990,2,2
1991,1,60107,3,3,3,1,1,1,3,4,2,3,1985,2,2
1991,1,60108,1,3,3,2,1,1,3,4,2,3,1988,2,2
1991,2,60108,1,2,2,2,1,1,3,4,2,3,1989,2,2
1991,1,60109,3,5,3,1,1,1,3,4,1,3,1984,1,2
1991,1,60110,1,2,2,2,1,1,3,4,2,3,1984,2,2
1991,1,60111,3,2,2,1,1,1,3,4,2,3,1988,2,2
1991,1,60112,1,2,2,2,1,1,3,4,2,3,1991,2,2
1991,1,60113,1,2,2,2,3,3,3,4,2,3,1978,2,2
1991,2,60113,1,5,5,2,2,2,3,4,2,3,1985,2,2
1991,1,60114,2,1,1,1,1,1,3,4,2,3,1990,2,2
1991,1,60115,1,2,3,2,1,1,3,4,1,3,1985,2,2
1991,2,60115,1,5,3,2,1,1,3,4,2,3,1979,2,2
1991,3,60115,1,2,2,2,1,1,3,4,2,3,1987,2,2
1991,1,60116,1,2,2,2,1,1,3,4,2,3,1989,2,2
1991,1,60117,7,2,2,2,4,2,3,2,1,3,1983,2,2
1991,2,60117,1,2,2,2,1,1,3,4,2,3,1969,2,2
1991,3,60117,8,5,5,2,1,1,3,4,2,1,1977,2,2
1991,1,60118,1,1,1,1,3,3,3,4,1,3,1990,2,2
1991,1,60119,7,6,2,2,4,2,3,2,2,3,1989,2,2
1991,1,60120,1,5,5,2,3,3,3,4,2,3,1980,2,2
1991,2,60120,8,2,2,2,2,2,3,4,2,3,1987,2,2
1991,1,60121,1,2,2,2,1,1,3,4,2,3,1979,2,2
1991,1,60122,1,5,5,2,1,1,3,4,2,3,1986,1,2
1991,2,60122,6,2,2,2,1,1,3,4,2,3,1980,2,2
1991,1,60123,1,2,2,2,2,2,3,4,2,3,1980,2,2
1991,2,60123,1,3,3,2,2,2,3,4,2,3,1983,2,2
1991,1,60124,1,2,2,2,1,1,3,4,2,3,1988,2,2
1991,1,60125,1,2,2,2,1,1,3,4,2,3,1989,2,2
1991,1,60126,7,2,2,2,4,2,3,2,2,3,1981,2,2
1991,1,60127,1,7,7,1,1,1,3,4,1,3,1983,2,2
1991,2,60127,6,5,6,2,1,1,3,4,2,3,1985,2,2
1991,1,60128,1,2,2,1,1,1,3,4,2,3,1989,2,2
1991,1,60129,1,3,3,2,2,2,3,4,2,3,1978,1,2
1991,2,60129,7,5,5,2,4,1,3,1,2,3,1990,2,2
1991,1,60130,3,2,2,2,1,1,3,4,1,3,1989,2,2
1991,1,60131,2,1,1,1,1,1,3,4,2,3,1985,2,2
1991,1,60132,1,2,2,2,1,1,3,4,1,3,1975,2,2
1991,2,60132,4,4,3,1,1,1,3,4,2,3,1967,2,2
1991,3,60132,1,5,5,2,1,1,3,4,2,3,1970,2,2
1991,1,60133,9,5,5,2,1,1,3,4,2,3,9999,2,2
1991,1,60134,1,2,2,2,2,2,3,4,1,3,1990,2,2
1991,1,60135,2,2,2,2,1,1,3,4,2,3,1972,2,2
1991,1,60136,9,2,2,2,3,3,3,4,2,3,9999,2,2
1991,1,60137,2,2,2,2,2,2,3,4,1,3,1972,2,2
1991,1,60138,2,7,7,1,1,1,3,4,1,3,1982,2,2
1991,1,60139,3,2,2,2,1,1,3,4,2,3,1988,2,2
1991,1,60140,1,6,6,2,3,3,3,4,2,3,9999,2,2
1991,1,60141,4,6,3,1,2,2,3,4,1,3,1978,2,2
1991,2,60141,1,2,2,2,1,1,3,4,2,3,1979,2,2
1991,1,60142,6,2,2,2,1,1,3,4,1,3,1981,2,2
1991,1,60143,2,2,2,1,1,1,3,4,2,3,1986,2,2
1991,1,60144,1,4,4,2,2,2,3,4,1,3,1977,2,2
1991,2,60144,2,2,2,2,1,1,3,4,2,3,1986,2,2
1991,1,60145,1,2,5,2,2,2,3,4,2,3,1989,1,2
1991,2,60145,1,2,2,2,1,1,3,4,2,3,1977,2,2
1991,1,60146,2,2,2,2,1,1,3,4,2,3,1989,2,2
1991,2,60146,2,2,2,2,1,1,3,4,2,3,1990,2,2
1991,1,60147,4,2,2,2,1,1,3,4,2,3,1970,2,2
1991,1,60148,1,3,5,2,1,1,3,4,1,3,1981,2,2
1991,2,60148,1,2,2,2,1,1,3,4,2,3,1984,2,2
1991,1,60149,9,2,2,2,3,3,3,4,1,3,9999,2,2
1991,1,60150,1,2,3,2,2,2,3,4,2,3,1984,2,1
1991,1,60151,2,3,3,2,1,1,3,4,2,3,1990,2,2
1991,2,60151,6,2,2,2,1,1,3,4,2,3,1973,2,2
1991,1,60152,6,4,6,2,1,1,3,4,2,3,1971,2,2
1991,2,60152,1,2,6,2,2,2,3,4,1,3,1980,2,2
1991,1,60153,1,2,2,1,1,1,3,4,2,3,1991,2,2
1991,1,60154,7,2,2,2,4,2,3,2,1,3,1986,2,2
1991,1,60155,7,2,2,2,4,2,3,2,2,3,1985,2,2
1991,1,60156,1,2,2,2,2,2,3,4,2,3,1980,2,2
1991,2,60156,1,5,4,2,1,1,3,4,2,3,1979,2,2
1991,1,60157,1,2,2,2,2,2,3,4,2,3,1983,2,2
1991,1,60158,3,2,2,2,1,1,3,4,2,3,1988,2,2
1991,1,60159,1,2,2,2,1,1,3,4,2,3,1982,2,2
1991,2,60159,6,6,6,2,1,1,3,4,2,3,1990,2,2
1991,1,60160,1,5,2,2,1,1,3,4,1,3,1981,2,2
1991,2,60160,7,2,2,2,4,2,3,2,2,3,1980,2,2
1991,3,60160,1,5,5,2,1,1,3,4,2,3,1990,2,2
1991,1,60161,6,4,4,2,1,1,3,4,2,3,1977,2,2
1991,2,60161,6,4,2,2,1,1,3,4,2,3,1987,2,2
1991,3,60161,6,2,2,2,1,1,3,4,1,3,1986,2,2
1991,1,60162,1,6,2,1,1,1,3,4,1,3,1969,2,2
1991,1,60163,1,2,2,2,1,1,3,4,2,3,1991,2,2
1991,1,60164,1,2,2,2,1,1,3,4,2,3,1978,1,2
1991,2,60164,1,5,2,2,2,2,3,4,2,3,1980,2,2
1991,1,60165,1,3,6,2,1,1,3,4,2,3,1984,1,2
1991,2,60165,1,2,2,2,1,1,3,4,2,3,1990,2,2
1991,1,60166,6,3,3,2,1,1,3,4,2,3,1976,2,2
1991,1,60167,1,5,5,2,1,1,3,4,2,3,1986,2,2
1991,2,60167,2,3,6,1,1,1,3,4,2,3,1989,2,2
1991,3,60167,1,6,2,2,1,1,3,4,2,3,1991,2,2
1991,4,60167,1,2,5,2,2,2,3,4,2,3,1980,2,2
1991,1,60168,6,2,2,2,1,1,3,4,2,3,1986,2,2
1991,2,60168,1,5,5,1,1,1,3,4,2,3,1984,2,2
1991,1,60169,1,2,5,2,1,1,3,4,2,3,1985,2,2
1991,1,60170,4,2,2,2,1,1,3,4,2,3,1984,2,2
1991,2,60170,1,3,3,2,1,1,3,4,2,3,1977,2,2
1991,1,60171,1,2,2,2,1,1,3,4,2,3,1978,2,2
1991,1,60172,1,5,5,2,2,2,3,4,2,3,1974,2,2
1991,2,60172,1,2,2,2,1,1,3,4,2,3,1983,2,2
1991,1,60173,1,5,5,2,2,2,3,4,2,3,1979,2,2
1991,1,60174,1,3,3,2,2,2,3,4,1,3,1988,2,2
1991,1,60175,1,5,5,2,1,1,3,4,2,3,1986,2,2
1991,2,60175,3,2,2,2,1,1,3,4,2,3,1987,2,2
1991,1,60176,1,5,5,2,1,1,3,4,2,3,1986,1,2
1991,2,60176,4,2,2,2,1,1,3,4,2,3,1989,2,2
1991,3,60176,6,5,2,2,1,1,3,4,2,3,1990,2,2
1991,1,60177,1,2,2,2,1,1,3,4,2,3,1977,2,2
1991,2,60177,4,2,2,2,2,2,3,4,2,3,1979,2,2
1991,1,60178,4,2,2,2,2,2,3,4,2,3,1972,2,2
1991,1,60179,1,2,2,2,1,1,3,4,2,3,1988,2,2
1991,2,60179,1,5,5,2,1,1,3,4,2,3,1987,2,2
1991,1,60180,1,5,5,2,1,1,3,4,2,3,1989,2,2
1991,1,60181,4,2,2,2,1,1,3,4,2,3,1986,2,1
1991,2,60181,6,2,2,2,1,1,3,4,2,3,1985,2,2
1991,1,60182,1,2,2,2,1,1,3,4,2,3,1987,1,2
1991,2,60182,1,2,2,2,1,1,3,4,2,3,1984,1,2
1991,1,60183,2,1,1,1,1,1,3,4,1,3,1979,2,2
1991,1,60184,1,5,5,2,1,1,3,4,2,3,1976,1,2
1991,2,60184,7,2,2,2,4,1,3,1,2,3,1953,2,2
1991,1,60185,8,3,3,2,1,1,3,4,2,3,1981,2,2
1991,1,60186,1,3,3,2,2,2,3,4,1,3,1973,2,2
1991,2,60186,4,2,2,2,3,3,3,4,2,3,1985,2,2
1991,1,60187,3,2,2,2,2,2,3,4,2,3,1982,2,2
1991,2,60187,1,5,5,2,1,1,3,4,2,3,1990,2,2
1991,1,60188,1,2,2,2,1,1,3,4,2,3,1979,2,2
1991,2,60188,7,2,2,2,4,2,3,2,1,3,1988,2,2
1991,1,60189,1,3,3,2,1,1,3,4,2,3,1986,2,2
1991,1,60190,1,2,2,2,2,2,3,4,1,3,1977,2,2
1991,2,60190,6,4,4,2,1,1,3,4,2,3,1981,2,2
1991,1,60191,1,2,2,2,1,1,3,4,1,3,1985,1,2
1991,2,60191,1,2,2,2,1,1,3,4,2,3,1968,2,2
1991,3,60191,1,5,5,2,1,1,3,4,2,3,1987,2,2
1991,1,60192,1,2,2,2,1,1,3,4,1,3,1988,2,2
1991,1,60193,1,5,5,2,1,1,3,4,2,3,1986,2,2
1991,2,60193,7,2,2,2,4,1,3,1,1,3,1990,2,2
1991,3,60193,7,2,2,2,4,1,3,1,1,3,1988,2,2
1991,1,60194,3,2,2,2,1,1,3,4,1,3,1989,2,2
1991,2,60194,1,3,3,2,1,1,3,4,2,3,1981,2,2
1991,1,60195,1,6,6,2,1,1,3,4,2,3,1986,2,2
1991,1,60196,1,3,3,1,1,1,3,4,2,3,1980,2,2
1991,2,60196,1,2,2,2,1,1,3,4,2,3,1968,2,2
1991,1,60197,4,5,5,2,1,1,3,4,2,3,1987,2,2
1991,2,60197,4,6,6,2,1,1,3,4,2,3,1989,2,2
1991,1,60198,1,6,6,2,3,3,3,4,2,3,1979,2,2
1991,1,60199,1,2,2,2,1,1,3,4,2,3,1985,2,2
1991,1,60200,1,2,2,2,2,2,3,4,2,3,1970,2,2
1991,1,60201,1,2,2,2,1,1,3,4,2,3,1986,2,2
1991,1,60202,7,6,2,2,4,2,3,2,1,3,1985,2,2
1991,1,60203,3,2,2,2,2,2,3,4,2,3,1988,2,2
1991,2,60203,1,3,4,2,1,1,3,4,2,3,1971,2,2
1991,1,60204,2,2,2,2,1,1,3,4,2,3,1984,1,2
1991,2,60204,1,3,3,2,2,2,3,4,2,3,1985,1,2
1991,1,60205,1,2,2,2,2,2,3,4,2,3,1980,1,2
1991,1,60206,1,6,2,1,1,1,3,4,1,3,1986,2,2
1991,1,60207,1,6,6,1,1,1,3,4,1,3,1988,2,2
1991,1,60208,7,3,3,2,4,1,3,1,2,3,1983,2,2
1991,2,60208,6,6,6,2,1,1,3,4,2,3,1988,2,2
1991,3,60208,9,6,6,2,1,1,3,4,2,3,1990,2,2
1991,4,60208,1,4,4,2,1,1,3,4,2,3,1990,2,2
1991,1,60209,3,6,6,2,2,2,3,4,2,3,1980,2,2
1991,2,60209,7,7,7,2,4,2,3,2,1,3,1985,2,2
1991,1,60210,1,4,4,2,1,1,3,4,2,3,1985,2,2
1991,2,60210,7,2,2,2,4,2,3,2,1,3,1979,2,2
1991,1,60211,1,3,3,2,2,2,3,4,2,3,1975,1,2
1991,2,60211,1,2,2,2,1,1,3,4,2,3,1991,2,2
1991,1,60212,1,2,2,2,3,3,3,4,1,3,1974,2,2
1991,2,60212,7,4,4,2,4,2,3,2,2,3,1986,2,2
1991,1,60213,1,2,2,2,1,1,3,4,2,3,1981,2,2
1991,1,60214,2,2,2,2,2,2,3,4,2,3,1970,2,2
1991,1,60215,3,1,1,1,1,1,3,4,2,3,1987,2,2
1991,1,60216,2,1,1,1,1,1,3,4,1,3,1987,2,2
1991,1,60217,1,2,2,2,1,1,3,4,2,3,1977,2,2
1991,2,60217,1,6,6,2,1,1,3,4,2,3,1987,2,2
1991,1,60218,6,1,1,1,1,1,3,4,2,3,1991,2,2
1991,1,60219,1,2,2,2,3,3,3,4,2,3,9999,2,2
1991,2,60219,1,6,6,2,1,1,3,4,2,3,1988,2,2
1991,3,60219,1,6,6,2,1,1,3,4,2,3,1984,2,2
1991,4,60219,1,6,6,2,1,1,3,4,2,3,1987,2,2
1991,5,60219,2,6,6,2,1,1,3,4,2,3,1989,2,2
1991,1,60220,1,5,4,2,2,2,3,4,2,3,1979,2,2
1991,2,60220,1,2,2,2,1,1,3,4,2,3,1979,2,2
1991,1,60221,1,4,4,1,1,1,3,4,2,3,1984,1,2
1991,1,60222,1,2,2,2,1,1,3,4,1,3,1985,1,2
1991,2,60222,3,5,5,1,1,1,3,4,2,3,1951,2,2
1991,1,60223,2,2,2,1,1,1,3,4,1,3,1986,2,2
1991,2,60223,1,5,5,2,1,1,3,4,2,3,1985,2,2
1991,3,60223,1,2,2,2,1,1,3,4,2,3,1988,2,2
1991,1,60224,1,2,6,2,1,1,3,4,2,3,1990,2,2
1991,2,60224,7,5,5,2,4,3,3,3,2,3,1986,2,2
1991,1,60225,4,1,1,1,3,3,3,4,2,3,1990,1,2
1991,1,60226,6,2,2,2,1,1,3,4,1,3,1984,1,2
1991,2,60226,6,4,4,2,1,1,3,4,2,3,1991,2,2
1991,3,60226,6,2,2,2,1,1,3,4,2,3,1980,2,2
1991,4,60226,6,2,2,2,1,1,3,4,2,3,1991,2,2
1991,5,60226,1,2,2,2,1,1,3,4,2,3,1988,2,2
1991,6,60226,3,4,4,2,1,1,3,4,2,3,1988,2,2
1991,1,60227,1,2,2,2,1,1,3,4,2,3,1979,2,2
1991,2,60227,2,2,2,2,1,1,3,4,2,3,1990,2,2
1991,1,60228,1,2,2,2,1,1,3,4,2,3,1985,2,2
1991,1,60229,4,5,5,2,1,1,3,4,2,2,1987,2,2
1991,2,60229,7,2,2,2,4,2,3,2,1,3,1980,2,2
1991,1,60230,6,2,2,2,2,2,3,4,1,3,1983,2,2
1991,2,60230,6,4,4,2,1,1,3,4,2,3,1978,2,2
1991,1,60231,1,2,2,2,1,1,3,4,2,3,1976,1,2
1991,1,60232,1,2,2,2,2,2,3,4,2,3,1978,2,2
1991,1,60233,1,2,2,2,1,1,3,4,2,3,1967,2,2
1991,1,60234,1,6,5,2,1,1,3,4,1,3,1990,2,2
1991,1,60235,1,2,2,1,1,1,3,4,1,3,1989,2,1
1991,1,60236,1,3,2,2,1,1,3,4,2,3,1991,2,2
1991,1,60237,2,2,2,2,1,1,3,4,2,3,1975,2,2
1991,1,60238,1,2,2,2,1,1,3,4,2,3,1988,2,2
1991,2,60238,2,6,6,2,1,1,3,4,2,3,1984,2,2
1991,1,60239,3,4,6,2,1,1,3,4,2,3,1988,2,2
1991,1,60240,1,3,3,2,1,1,3,4,1,3,1986,2,2
1991,1,60241,4,2,2,2,3,3,3,4,2,3,9999,2,2
1991,1,60242,3,2,2,2,2,2,3,4,1,3,1983,2,2
1991,2,60242,3,7,7,2,3,3,3,4,2,3,1986,2,2
1991,1,60243,2,2,2,2,1,1,3,4,2,3,1981,2,2
1991,1,60244,4,2,2,1,1,1,3,4,2,3,1985,1,2
1991,1,60245,2,2,2,2,1,1,3,4,2,3,1979,2,2
1991,2,60245,1,2,2,2,1,1,3,4,2,3,1970,2,2
1991,1,60246,9,6,6,2,3,3,3,4,2,3,9999,2,2
1991,2,60246,9,6,6,2,3,3,3,4,2,3,9999,2,2
1991,3,60246,1,2,2,2,1,1,3,4,2,3,1984,2,2
1991,1,60247,1,6,6,1,1,1,3,4,2,3,1987,2,2
1991,1,60248,1,2,2,1,2,2,3,4,1,3,1984,2,2
1991,1,60249,6,2,2,2,1,1,3,4,2,3,1975,2,2
1991,2,60249,1,2,2,2,1,1,3,4,2,3,1974,2,2
1991,1,60250,1,6,6,1,1,1,3,4,2,3,1964,2,2
1991,1,60251,7,6,2,2,4,2,3,2,1,3,1984,2,2
1991,1,60252,1,2,2,2,1,1,3,4,2,3,1984,2,1
1991,2,60252,1,2,2,2,1,1,3,4,2,3,1986,2,2
1991,1,60253,1,2,2,2,1,1,3,4,2,3,1982,2,2
1991,1,60254,2,2,2,2,2,2,3,4,2,3,1973,2,2
1991,1,60255,2,2,2,1,1,1,3,4,1,3,1991,1,2
1991,1,60256,6,2,2,2,1,1,3,4,2,3,1980,2,2
1991,1,60257,7,2,2,2,4,2,3,2,1,3,1990,2,2
1991,2,60257,6,4,4,2,1,1,3,4,2,3,1990,2,2
1991,1,60258,4,1,1,2,1,1,3,4,2,3,1990,2,2
1991,1,60259,1,2,2,2,1,1,3,4,1,3,1976,1,2
1991,1,60260,2,5,2,2,2,2,3,4,1,3,1974,2,2
1991,1,60261,2,6,6,1,1,1,3,4,1,3,1983,1,2
1991,1,60262,3,6,6,1,1,1,3,4,2,3,1990,2,2
1991,1,60263,3,2,5,1,1,1,3,4,1,3,1988,2,2
1991,1,60264,2,7,7,1,1,1,3,4,1,3,1988,2,2
1991,1,60265,1,2,2,2,2,2,3,4,1,3,1974,2,2
1991,1,60266,1,2,2,2,1,1,3,4,2,3,1970,1,2
1991,2,60266,1,2,2,2,1,1,3,4,2,3,1971,2,2
1991,3,60266,1,4,4,2,1,1,3,4,2,3,1983,2,2
1991,1,60267,1,2,2,1,1,1,3,4,2,3,1979,2,2
1991,1,60268,1,3,3,2,1,1,3,4,2,3,1982,1,2
1991,2,60268,1,2,2,2,1,1,3,4,2,3,1971,2,2
1991,1,60269,2,7,7,1,2,2,3,4,1,3,1983,2,2
1991,2,60269,2,2,2,2,1,1,3,4,2,3,1984,2,2
1991,3,60269,1,7,7,1,1,1,3,4,2,3,1988,2,2
1991,1,60270,2,2,2,1,2,2,3,4,1,3,1984,2,2
1991,1,60271,1,6,6,1,1,1,3,4,1,3,1988,2,2
1991,1,60272,2,2,2,2,1,1,3,4,2,3,1985,2,2
1991,1,60273,2,2,2,2,1,1,3,4,1,3,1982,2,2
1991,1,60274,9,2,2,2,3,3,3,4,1,3,9999,1,2
1991,2,60274,1,6,6,2,2,2,3,4,2,3,1976,1,2
1991,1,60275,1,5,5,2,1,1,3,4,2,3,1983,2,2
1991,2,60275,2,2,2,2,1,1,3,4,2,3,1988,2,2
1991,1,60276,1,2,2,2,1,1,3,4,2,3,1986,2,2
1991,1,60277,3,2,2,2,1,1,3,4,2,3,1987,1,2
1991,2,60277,1,5,5,2,2,2,3,4,2,3,1978,2,2
1991,1,60278,1,2,3,2,1,1,3,4,1,3,1986,2,2
1991,1,60279,1,2,3,2,2,2,3,4,2,3,1983,2,2
1991,2,60279,1,2,2,2,1,1,3,4,2,3,1989,2,2
1991,3,60279,4,2,2,2,1,1,3,4,2,3,1983,2,2
1991,1,60280,1,2,2,2,1,1,3,4,1,3,1989,2,2
1991,1,60281,1,2,2,2,2,2,3,4,2,3,1966,2,2
1991,1,60282,1,3,3,2,1,1,3,4,2,3,1989,2,2
1991,2,60282,6,2,2,2,1,1,3,4,2,3,1988,2,2
1991,1,60284,1,2,2,2,1,1,3,4,2,3,1990,2,2
1991,1,60285,1,5,2,1,1,1,3,4,1,3,1979,2,2
1991,2,60285,1,3,3,2,1,1,3,4,2,3,1990,2,2
1991,1,60286,3,2,2,2,1,1,3,4,1,3,1946,2,2
1991,2,60286,1,5,5,2,1,1,3,4,2,3,1974,2,2
1991,1,60287,2,2,2,2,2,2,3,4,1,3,1984,2,2
1991,1,60288,1,5,5,2,1,1,3,4,2,3,1988,1,2
1991,2,60288,1,2,2,2,1,1,3,4,2,3,1982,2,2
1991,3,60288,1,2,2,2,1,1,3,4,2,3,1979,2,2
1991,4,60288,1,2,5,2,1,1,3,4,2,3,1987,2,2
1991,1,60289,1,2,2,2,1,1,3,4,2,3,1977,2,2
1991,1,60290,1,3,3,2,2,2,3,4,1,3,1978,2,2
1991,2,60290,2,2,2,2,1,1,3,4,2,3,1976,2,2
1991,1,60291,1,1,1,1,2,2,3,4,1,3,1986,2,2
1991,1,60292,1,2,2,2,1,1,3,4,2,3,1990,2,2
1991,1,60293,1,2,2,2,2,2,3,4,1,3,1978,2,2
1991,2,60293,1,5,5,1,1,1,3,4,2,3,1981,2,2
1991,1,60294,1,2,2,2,1,1,3,4,1,3,1989,2,2
1991,2,60294,1,2,2,2,2,2,3,4,2,3,1973,2,2
1991,3,60294,3,5,5,2,1,1,3,4,2,3,1982,2,2
1991,1,60295,1,2,2,2,1,1,3,4,2,3,1981,2,2
1991,1,60296,1,2,3,2,1,1,3,4,1,3,1990,2,2
1991,1,60297,1,2,2,2,2,2,3,4,2,3,1982,2,2
1991,1,60298,2,2,2,2,1,1,3,4,2,3,1989,1,2
1991,1,60299,1,2,2,1,1,1,3,4,2,3,1986,2,2
1991,1,60300,7,4,4,2,4,1,3,1,1,3,1990,1,2
1991,1,60301,6,2,2,2,1,1,3,4,1,3,1973,2,2
1991,2,60301,2,5,5,2,1,1,3,4,2,3,1984,2,2
1991,1,60302,1,4,4,2,1,1,3,4,2,3,1987,2,2
1991,2,60302,1,2,2,2,1,1,3,4,2,3,1982,2,2
1991,3,60302,1,2,2,2,1,1,3,4,2,3,1982,2,2
1991,1,60303,2,2,2,1,1,1,3,4,1,3,1989,2,1
1991,1,60304,2,2,2,2,2,2,3,4,2,3,1988,2,2
1991,1,60305,4,2,3,2,1,1,3,4,2,3,1991,2,2
1991,2,60305,1,5,2,2,1,1,3,4,2,3,1978,2,2
1991,1,60306,1,5,5,2,2,2,3,4,1,3,1981,2,2
1991,2,60306,2,3,3,1,1,1,3,4,1,3,1990,2,2
1991,1,60307,5,2,2,2,3,3,3,4,2,3,9999,1,2
1991,1,60308,1,2,2,2,3,3,3,4,1,3,9999,2,2
1991,1,60309,1,4,2,1,1,1,3,4,1,3,1989,2,2
1991,1,60310,9,5,5,2,1,1,3,4,2,3,1978,2,2
1991,2,60310,7,2,2,2,4,2,3,2,2,3,1975,2,2
1991,1,60311,3,2,2,1,1,1,3,4,1,3,1980,2,2
1991,1,60312,1,5,2,2,1,1,3,4,1,3,1988,2,2
1991,2,60312,1,5,4,2,3,3,3,4,2,3,1988,2,2
1991,3,60312,1,2,2,2,1,1,3,4,2,3,1986,2,2
1991,1,60313,1,5,5,2,1,1,3,4,2,3,1989,2,2
1991,1,60314,1,2,2,2,1,1,3,4,2,3,1981,2,2
1991,1,60315,9,2,2,2,3,3,3,4,2,3,9999,2,2
1991,1,60316,5,2,2,2,1,1,3,4,2,3,1985,2,2
1991,1,60317,4,2,2,2,1,1,3,4,2,3,1985,2,2
1991,1,60318,7,2,2,2,4,1,3,1,1,3,1986,2,2
1991,1,60319,4,3,3,2,1,1,3,4,2,3,1986,2,2
1991,2,60319,1,2,2,2,1,1,3,4,1,3,1970,2,2
1991,1,60320,4,2,2,2,3,3,3,4,2,3,9999,2,2
1991,1,60321,7,5,5,2,4,2,3,2,1,3,1981,2,2
1991,2,60321,2,2,2,2,2,2,3,4,2,3,1980,1,2
1991,1,60322,1,5,6,1,1,1,3,4,2,3,1987,2,2
1991,2,60322,1,2,5,2,1,1,3,4,2,3,1988,2,2
1991,3,60322,1,5,5,2,1,1,3,4,2,3,1989,2,2
1991,4,60322,1,5,5,2,1,1,3,4,2,3,1988,2,2
1991,1,60323,1,2,2,2,2,2,3,4,2,3,1978,2,2
1991,2,60323,2,2,2,2,1,1,3,4,2,3,1980,2,2
1991,1,60324,1,2,2,2,1,1,3,4,2,3,1979,2,2
1991,1,60325,1,2,2,2,1,1,3,4,2,3,1979,2,2
1991,1,60326,1,5,2,2,1,1,3,4,2,3,1989,2,2
1991,2,60326,1,5,5,2,1,1,3,4,2,3,1986,2,2
1991,3,60326,1,2,2,2,1,1,3,4,2,3,1984,2,2
1991,1,60327,1,4,4,2,3,3,3,4,2,3,1988,2,2
1991,2,60327,2,2,2,2,1,1,3,4,1,3,1972,2,2
1991,3,60327,1,2,2,2,1,1,3,4,2,3,1984,2,2
1991,4,60327,1,3,3,2,2,2,3,4,2,3,1988,2,2
1991,1,60328,8,2,2,2,1,1,3,4,2,2,1984,2,2
1991,1,60329,1,2,2,2,1,1,3,4,2,3,1990,1,2
1991,2,60329,1,2,2,2,1,1,3,4,2,3,1989,2,2
1991,1,60330,2,2,2,1,1,1,3,4,2,3,1973,1,2
1991,1,60331,2,1,1,1,2,2,3,4,1,3,1986,2,2
1991,1,60332,1,2,2,2,1,1,3,4,2,3,1985,2,2
1991,1,60333,1,2,2,2,3,3,3,4,2,3,9999,2,2
1991,1,60334,1,2,2,2,2,2,3,4,2,3,1978,2,2
1991,1,60335,2,2,2,2,1,1,3,4,1,3,1964,2,2
1991,1,60336,1,2,5,2,1,1,3,4,1,3,1989,2,2
1991,2,60336,7,4,4,2,4,2,3,2,2,3,1989,2,2
1991,1,60337,7,2,2,2,4,1,3,1,1,3,1985,2,2
1991,1,60338,4,2,2,2,1,1,3,4,2,3,1988,2,2
1991,1,60339,1,2,2,2,1,1,3,4,1,3,1960,2,2
1991,2,60339,1,3,3,2,1,1,3,4,2,3,1977,2,2
1991,1,60340,1,6,6,1,1,1,3,4,1,3,1989,2,2
1991,1,60341,2,2,2,2,1,1,3,4,1,3,1988,2,2
1991,1,60342,1,2,2,2,1,1,3,4,1,3,1983,1,2
1991,1,60343,1,2,4,2,1,1,3,4,1,3,1988,2,2
1991,1,60344,1,2,2,2,1,1,3,4,2,3,1985,2,1
1991,1,60345,1,2,2,2,1,1,3,4,2,3,1987,2,2
1991,2,60345,1,2,2,2,1,1,3,4,2,3,1989,2,2
1991,1,60346,2,2,2,2,1,1,3,4,2,3,1987,2,2
1991,2,60346,6,2,2,2,1,1,3,4,2,3,1991,2,2
1991,1,60347,7,6,2,2,4,2,3,2,1,3,1989,2,2
1991,1,60348,1,3,3,1,1,1,3,4,2,3,1984,2,2
1991,2,60348,4,2,2,2,1,1,3,4,2,3,1989,2,2
1991,3,60348,4,5,5,2,1,1,3,4,2,3,1989,2,2
1991,1,60349,4,2,2,2,2,2,3,4,2,3,1979,1,2
1991,1,60350,4,2,2,2,2,2,3,4,2,3,1984,2,2
1991,1,60351,1,2,3,2,1,1,3,4,1,3,1984,2,1
1991,1,60352,3,1,1,1,2,2,3,4,1,3,1988,2,2
1991,1,60353,7,6,6,2,4,2,3,2,1,3,1985,2,2
1991,1,60354,1,5,5,2,2,2,3,4,2,3,1979,2,2
1991,2,60354,7,2,2,2,4,2,3,2,2,3,1985,2,2
1991,1,60355,1,2,2,2,1,1,3,4,2,3,1980,1,2
1991,1,60356,1,2,2,2,1,1,3,4,1,3,1970,2,2
1991,2,60356,2,4,2,2,1,1,3,4,2,3,1989,2,2
1991,1,60357,1,2,2,2,1,1,3,4,2,3,1985,2,2
1991,2,60357,1,2,2,2,1,1,3,4,1,3,1977,2,2
1991,1,60358,1,2,6,2,1,1,3,4,2,3,1971,1,2
1991,1,60359,1,3,3,2,1,1,3,4,2,3,1986,1,2
1991,1,60360,4,2,2,2,1,1,3,4,2,3,1983,2,2
1991,2,60360,4,3,3,1,1,1,3,4,2,3,1991,2,2
1991,1,60361,1,2,2,2,1,1,3,4,2,3,1986,2,2
1991,1,60362,1,3,3,2,1,1,3,4,2,3,1976,1,2
1991,2,60362,1,2,2,2,1,1,3,4,2,3,1985,2,2
1991,1,60363,4,2,2,2,1,1,3,4,1,3,1979,1,2
1991,2,60363,1,4,4,2,2,2,3,4,2,3,1987,2,2
1991,3,60363,1,5,5,2,2,2,3,4,2,3,1972,2,2
1991,1,60364,1,5,5,2,1,1,3,4,2,3,1981,1,2
1991,2,60364,4,2,2,2,1,1,3,4,2,3,1986,2,2
1991,1,60365,2,1,1,1,1,1,3,4,2,3,1988,2,1
1991,1,60366,2,2,6,2,1,1,3,4,2,3,1989,2,2
1991,1,60367,1,2,2,2,1,1,3,4,2,3,1984,2,2
1991,1,60368,1,6,3,1,3,3,3,4,1,3,1984,2,2
1991,1,60369,1,2,2,2,1,1,3,4,1,3,1985,2,2
1991,1,60370,4,3,2,1,2,2,3,4,1,3,1987,2,2
1991,1,60371,1,1,1,1,2,2,3,4,1,3,1982,2,2
1991,1,60372,8,4,4,2,1,1,3,4,2,1,1986,2,2
1991,1,60373,2,2,2,1,2,2,3,4,1,3,1986,2,2
1991,1,60374,3,1,1,1,2,2,3,4,1,3,1990,2,2
1991,1,60375,7,2,2,2,4,1,3,1,1,3,1986,1,2
1991,2,60375,1,5,5,2,1,1,3,4,2,3,1985,2,2
1991,1,60376,7,5,5,2,4,2,3,2,2,3,9999,2,2
1991,2,60376,6,6,6,2,1,1,3,4,2,3,1979,2,2
1991,1,60377,9,1,1,1,1,1,3,4,2,3,1969,2,2
1991,1,60378,4,4,3,2,2,2,3,4,2,3,1962,1,2
1991,2,60378,2,2,2,2,3,3,3,4,2,3,1959,2,2
1991,1,60379,2,2,2,2,1,1,3,4,2,3,1987,2,2
1991,1,60380,1,5,5,2,1,1,3,4,1,3,1991,2,2
1991,1,60381,1,2,2,2,2,2,3,4,2,3,1978,2,2
1991,1,60382,3,3,3,1,2,2,3,4,1,3,1985,2,2
1991,1,60383,2,2,6,1,1,1,3,4,1,3,1977,2,2
1991,1,60384,1,2,2,2,1,1,3,4,2,3,1981,2,2
1991,1,60385,1,3,2,2,2,2,3,4,1,3,1979,2,2
1991,2,60385,4,3,2,2,1,1,3,4,2,3,1990,2,2
1991,1,60386,1,3,3,2,2,2,3,4,2,3,1986,2,2
1991,1,60387,7,2,2,2,4,2,3,2,1,3,1988,2,2
1991,2,60387,7,2,2,2,4,2,3,2,1,3,1981,2,2
1991,3,60387,1,3,3,2,1,1,3,4,2,3,1988,2,2
1991,1,60388,3,2,2,2,1,1,3,4,2,3,1988,2,2
1991,2,60388,9,6,6,2,3,3,3,4,2,3,9999,1,2
1991,1,60389,1,2,2,2,1,1,3,4,2,3,1985,2,2
1991,1,60390,1,2,2,2,1,1,3,4,1,3,1967,2,2
1991,1,60391,1,2,5,1,1,1,3,4,1,3,1962,2,2
1991,1,60392,1,1,1,1,1,1,3,4,2,3,1985,2,2
1991,1,60393,1,3,3,2,1,1,3,4,2,3,1973,2,2
1991,2,60393,2,2,2,2,1,1,3,4,2,3,1968,2,2
1991,1,60394,1,5,5,2,2,2,3,4,2,3,1982,2,2
1991,2,60394,1,2,2,2,1,1,3,4,2,3,1970,2,2
1991,1,60395,1,2,2,2,2,2,3,4,2,3,1975,2,2
1991,1,60396,1,2,5,2,1,1,3,4,1,3,1976,2,2
1991,2,60396,1,5,5,2,1,1,3,4,2,3,1985,2,2
1991,3,60396,6,2,5,2,1,1,3,4,2,3,1981,2,2
1991,1,60397,1,2,4,2,3,3,3,4,2,3,1985,2,2
1991,2,60397,1,5,4,2,1,1,3,4,1,3,1983,2,2
1991,1,60398,2,2,2,2,1,1,3,4,2,3,1989,1,2
1991,1,60399,1,2,2,2,1,1,3,4,1,3,1983,2,2
1991,1,60400,1,6,6,1,1,1,3,4,2,3,1988,2,2
1991,1,60401,2,2,5,2,2,2,3,4,1,3,1988,1,2
1991,2,60401,2,4,2,2,1,1,3,4,2,3,1990,2,2
1991,1,60402,1,4,4,2,1,1,3,4,2,3,1977,2,2
1991,1,60403,1,2,6,2,1,1,3,4,2,3,1985,2,2
1991,1,60404,2,2,2,2,2,2,3,4,1,3,1985,1,2
1991,1,60405,1,2,2,2,1,1,3,4,2,3,1981,2,2
1991,2,60405,6,2,2,2,1,1,3,4,2,3,1985,2,2
1991,1,60406,1,5,5,2,1,1,3,4,2,3,1989,1,2
1991,2,60406,1,2,2,2,1,1,3,4,2,3,1983,2,2
1991,1,60407,6,3,3,2,1,1,3,4,2,3,1977,1,2
1991,1,60408,2,2,2,2,2,2,3,4,2,3,1981,2,2
1991,2,60408,1,2,2,2,2,2,3,4,2,3,1977,2,2
1991,1,60409,6,4,4,2,1,1,3,4,2,3,9999,2,2
1991,2,60409,2,2,2,1,2,2,3,4,1,3,1989,2,2
1991,1,60410,4,2,2,2,1,1,3,4,2,3,1977,2,2
1991,1,60411,1,3,3,2,2,2,3,4,2,3,1979,2,2
1991,2,60411,7,2,2,2,4,1,3,1,2,3,1981,2,2
1991,1,60412,1,3,4,1,1,1,3,4,2,3,1985,2,2
1991,1,60413,3,2,2,2,1,1,3,4,2,3,1989,1,2
1991,1,60414,1,2,2,2,2,2,3,4,2,3,1969,1,2
1991,1,60415,1,2,2,2,1,1,3,4,2,3,1980,1,2
1991,1,60416,1,2,2,2,1,1,3,4,2,3,1987,2,2
1991,1,60417,1,5,5,2,1,1,3,4,2,3,1987,2,2
1991,2,60417,2,2,2,1,2,2,3,4,2,3,1987,2,2
1991,1,60418,1,2,2,2,1,1,3,4,1,3,1966,2,2
1991,2,60418,1,4,2,2,1,1,3,4,2,3,1987,2,2
1991,1,60419,1,5,5,2,1,1,3,4,2,3,1991,2,2
1991,2,60419,3,2,2,2,1,1,3,4,2,3,1991,2,2
1991,1,60420,1,1,1,1,1,1,3,4,2,3,1988,2,2
1991,1,60421,1,2,2,2,3,3,3,4,2,3,9999,2,2
1991,1,60422,1,2,2,2,1,1,3,4,2,3,1983,2,2
1991,2,60422,1,2,2,2,1,1,3,4,2,3,1990,2,2
1991,1,60423,6,2,6,2,1,1,3,4,2,3,1985,2,2
1991,1,60424,1,6,6,1,1,1,3,4,2,3,1982,1,2
1991,1,60425,1,2,2,2,3,3,3,4,2,3,1982,2,2
1991,2,60425,1,5,3,2,1,1,3,4,2,3,1987,2,2
1991,3,60425,1,5,5,2,2,2,3,4,2,3,1986,2,2
1991,1,60426,1,6,6,1,1,1,3,4,1,3,1980,2,2
1991,1,60427,2,1,1,1,1,1,3,4,2,3,1987,2,1
1991,1,60428,1,3,2,2,2,2,3,4,1,3,1971,2,2
1991,2,60428,1,5,5,2,1,1,3,4,2,3,1990,2,2
1991,1,60429,7,5,5,2,4,1,3,1,1,3,1978,2,2
1991,2,60429,2,5,5,2,1,1,3,4,2,3,1981,2,2
1991,1,60430,2,2,2,2,1,1,3,4,2,3,1979,2,2
1991,1,60431,7,2,2,2,4,2,3,2,1,3,1978,1,2
1991,2,60431,2,3,3,1,1,1,3,4,2,3,1989,2,2
1991,1,60432,1,3,3,1,2,2,3,4,2,3,1981,2,2
1991,1,60433,2,2,2,2,2,2,3,4,1,3,1983,2,2
1991,1,60434,1,2,2,2,2,2,3,4,2,3,1980,2,2
1991,2,60434,1,2,2,2,2,2,3,4,2,3,1969,2,2
1991,1,60435,1,2,2,2,1,1,3,4,1,3,1967,2,2
1991,1,60436,1,6,3,1,2,2,3,4,1,3,1980,2,2
1991,1,60437,2,2,2,2,1,1,3,4,2,3,1985,2,2
1991,1,60438,1,2,2,2,2,2,3,4,1,3,1972,2,2
1991,1,60439,1,4,4,2,1,1,3,4,2,3,1984,2,2
1991,2,60439,1,2,2,2,1,1,3,4,2,3,1991,2,2
1991,1,60440,1,1,1,1,1,1,3,4,2,3,1980,2,2
1991,1,60441,1,6,6,1,1,1,3,4,1,3,1983,2,2
1991,1,60442,1,2,2,2,2,2,3,4,2,3,1962,2,2
1991,2,60442,6,2,2,2,1,1,3,4,2,3,1982,2,2
1991,3,60442,1,2,2,2,1,1,3,4,2,3,1989,2,2
1991,4,60442,1,5,5,2,1,1,3,4,2,3,1985,2,2
1991,1,60443,1,2,4,1,1,1,3,4,1,3,1972,2,2
1991,1,60444,1,7,7,1,1,1,3,4,2,3,1977,2,2
1991,1,60445,1,6,2,2,1,1,3,4,2,3,1988,2,2
1991,2,60445,1,2,2,2,1,1,3,4,2,3,1987,2,2
1991,1,60446,3,2,3,2,1,1,3,4,2,3,1989,2,2
1991,1,60447,7,2,2,2,4,2,3,2,2,3,1991,1,2
1991,2,60447,2,5,5,2,1,1,3,4,2,3,1986,2,2
1991,1,60448,2,6,2,2,2,2,3,4,2,3,1972,2,2
1991,1,60449,6,3,3,2,1,1,3,4,2,3,1979,1,2
1991,2,60449,1,2,2,2,1,1,3,4,2,3,1987,2,2
1991,1,60450,3,2,2,2,1,1,3,4,2,3,1988,2,2
1991,1,60451,1,3,3,2,2,2,3,4,1,3,1978,2,2
1991,1,60452,1,2,2,2,1,1,3,4,2,3,1987,2,2
1991,2,60452,7,2,2,2,4,2,3,2,2,3,9999,2,2
1991,1,60453,1,2,2,2,1,1,3,4,2,3,1981,2,2
1991,1,60454,1,2,2,2,1,1,3,4,2,3,1984,1,2
1991,1,60455,1,3,3,2,1,1,3,4,2,3,1973,1,2
1991,1,60456,1,2,5,2,1,1,3,4,2,3,1979,2,2
1991,2,60456,1,5,5,2,1,1,3,4,2,3,1973,2,2
1991,1,60457,1,5,2,1,1,1,3,4,2,3,1980,2,2
1991,1,60458,3,2,2,2,1,1,3,4,2,3,1990,2,2
1991,1,60459,2,2,2,2,1,1,3,4,2,3,1984,2,2
1991,1,60460,9,1,1,1,1,1,3,4,2,3,9999,2,2
1991,1,60461,1,2,2,2,1,1,3,4,2,3,1985,2,2
1991,1,60462,1,2,2,2,1,1,3,4,2,3,1989,2,2
1991,1,60463,3,1,1,1,1,1,3,4,1,3,1989,2,2
1991,1,60464,7,7,7,2,4,2,3,2,1,3,1987,2,2
1991,2,60464,1,6,6,2,1,1,3,4,2,3,1987,2,2
1991,1,60465,1,5,2,2,1,1,3,4,1,3,1981,2,2
1991,2,60465,1,5,5,2,1,1,3,4,2,3,1987,2,2
1991,3,60465,1,2,2,2,1,1,3,4,2,3,1980,2,2
1991,1,60466,1,2,2,2,1,1,3,4,2,3,1984,2,2
1991,1,60467,1,2,2,1,1,1,3,4,1,3,1985,2,2
1991,1,60468,1,2,2,2,2,2,3,4,1,3,1981,2,2
1991,1,60469,6,2,2,1,1,1,3,4,2,3,1979,2,2
1991,1,60470,7,2,2,2,4,2,3,2,1,3,1982,2,2
1991,2,60470,1,3,3,2,1,1,3,4,2,3,1966,2,2
1991,1,60471,2,2,2,1,1,1,3,4,1,3,1985,2,2
1991,1,60472,1,2,2,2,1,1,3,4,2,3,1987,1,2
1991,1,60473,1,2,2,2,1,1,3,4,1,3,1990,2,2
1991,1,60474,7,6,2,2,4,2,3,2,1,3,1984,2,2
1991,1,60475,1,2,2,1,1,1,3,4,1,3,1990,2,2
1991,1,60476,2,2,2,2,1,1,3,4,2,3,1984,1,2
1991,1,60477,7,2,2,2,4,1,3,1,1,3,1987,2,2
1991,1,60478,1,2,2,2,2,2,3,4,1,3,1978,1,2
1991,1,60479,7,2,2,2,4,2,3,2,1,3,1991,2,2
1991,1,60480,1,2,2,2,1,1,3,4,1,3,1989,2,2
1991,2,60480,1,2,2,2,1,1,3,4,2,3,1986,2,2
1991,3,60480,2,2,2,2,1,1,3,4,2,3,1987,2,2
1991,1,60481,1,6,5,2,2,2,3,4,2,3,1982,1,2
1991,1,60482,2,2,2,2,2,2,3,4,2,3,1972,1,2
1991,1,60483,2,7,7,1,2,2,3,4,1,3,1968,2,2
1991,1,60484,1,2,2,2,3,3,3,4,1,3,9999,1,2
1991,1,60485,1,1,1,1,1,1,3,4,2,3,1980,2,1
1991,1,60486,4,2,2,1,2,2,3,4,2,3,1972,2,2
1991,1,60487,4,2,2,2,1,1,3,4,2,3,1978,2,2
1991,1,60488,3,1,1,1,1,1,3,4,2,3,1987,1,2
1991,1,60489,6,2,2,2,1,1,3,4,2,3,1990,2,2
1991,1,60490,2,2,2,1,1,1,3,4,1,3,1983,1,2
1991,2,60490,1,3,3,2,1,1,3,4,2,3,1973,2,2
1991,1,60491,2,2,2,2,2,2,3,4,2,3,1987,2,2
1991,1,60492,1,2,2,2,1,1,3,4,2,3,1979,2,2
1991,1,60493,1,5,2,2,1,1,3,4,2,3,1983,2,2
1991,2,60493,1,2,2,2,2,2,3,4,2,3,1979,2,2
1991,3,60493,2,4,2,2,1,1,3,4,2,3,1986,2,2
1991,4,60493,2,4,4,2,1,1,3,4,2,3,1980,2,2
1991,5,60493,6,2,2,2,2,2,3,4,1,3,1979,2,2
1991,1,60494,1,2,2,2,1,1,3,4,2,3,1986,2,2
1991,1,60495,7,2,2,2,4,2,3,2,1,3,1982,2,2
1991,1,60496,1,2,3,2,1,1,3,4,1,3,1963,2,2
1991,2,60496,1,2,2,2,1,1,3,4,2,3,1989,2,2
1991,1,60497,2,2,2,2,1,1,3,4,2,3,1991,2,2
1991,2,60497,1,6,6,1,2,2,3,4,2,3,1972,2,2
1991,1,60498,1,3,3,2,3,3,3,4,1,3,1986,2,2
1991,1,60499,2,2,2,2,1,1,3,4,2,3,1989,2,2
1991,1,60500,1,2,2,2,1,1,3,4,1,3,1991,2,2
1991,1,60501,2,2,2,2,1,1,3,4,2,3,1987,2,2
1991,1,60502,1,2,2,2,1,1,3,4,2,3,1982,1,2
1991,1,60503,2,3,5,2,1,1,3,4,2,3,1976,1,2
1991,2,60503,6,2,5,1,1,1,3,4,2,3,1973,2,2
1991,1,60504,1,2,2,2,1,1,3,4,2,3,1981,2,2
1991,2,60504,3,2,2,2,1,1,3,4,2,3,1984,2,2
1991,1,60505,5,5,5,2,1,1,3,4,2,3,1988,1,2
1991,2,60505,3,2,2,2,1,1,3,4,2,3,1984,2,2
1991,1,60506,1,3,3,2,1,1,3,4,2,3,1991,2,2
1991,1,60507,1,5,5,2,1,1,3,4,2,3,1984,2,2
1991,2,60507,3,2,5,2,1,1,3,4,2,3,1984,2,2
1991,1,60508,1,2,2,2,2,2,3,4,2,3,1976,2,2
1991,2,60508,1,2,2,2,1,1,3,4,2,3,1987,2,2
1991,3,60508,2,2,2,2,1,1,3,4,2,3,1980,2,2
1991,1,60509,2,2,4,2,2,2,3,4,2,3,1979,2,2
1991,2,60509,1,2,4,2,2,2,3,4,2,3,1980,2,2
1991,1,60510,1,2,2,1,1,1,3,4,1,3,1989,2,2
1991,2,60510,2,2,2,2,1,1,3,4,2,3,1985,2,2
1991,1,60511,1,2,2,1,1,1,3,4,2,3,1974,2,2
1991,1,60512,1,2,4,2,1,1,3,4,2,3,1981,2,2
1991,2,60512,1,5,5,2,1,1,3,4,2,3,1984,2,2
1991,3,60512,1,2,2,2,1,1,3,4,2,3,1988,2,2
1991,1,60513,1,3,3,2,1,1,3,4,1,3,1973,2,2
1991,2,60513,2,2,2,2,1,1,3,4,2,3,1990,2,2
1991,3,60513,2,2,5,2,1,1,3,4,2,3,1986,2,2
1991,4,60513,1,2,2,2,1,1,3,4,2,3,1988,2,2
1991,5,60513,1,4,4,2,1,1,3,4,2,3,1976,2,2
1991,1,60514,1,4,4,2,3,3,3,4,2,3,1979,1,2
1991,2,60514,7,2,2,2,4,2,3,2,2,3,1986,2,2
1991,1,60515,1,5,5,2,1,1,3,4,2,3,1983,2,2
1991,1,60516,1,2,2,2,2,2,3,4,2,3,1986,2,2
1991,1,60517,1,2,2,2,1,1,3,4,2,3,1980,2,2
1991,2,60517,1,5,5,2,1,1,3,4,2,3,1984,2,2
1991,3,60517,1,2,2,2,1,1,3,4,2,3,1986,2,2
1991,1,60518,2,2,2,1,1,1,3,4,2,3,1984,2,2
1991,1,60519,1,2,3,2,1,1,3,4,2,3,1986,2,2
1991,1,60520,9,7,7,2,3,3,3,4,1,3,9999,2,2
1991,1,60521,1,7,7,1,1,1,3,4,2,3,1977,2,1
1991,1,60522,2,2,2,2,1,1,3,4,1,3,1987,2,2
1991,1,60523,6,3,3,2,3,3,3,4,2,3,9999,2,2
1991,2,60523,7,2,2,2,4,2,3,2,2,3,1988,2,2
1991,1,60524,2,2,3,2,1,1,3,4,2,3,1986,2,2
1991,1,60525,6,2,3,2,1,2,3,4,1,3,1979,1,2
1991,2,60525,4,2,2,2,1,1,3,4,2,3,1989,2,2
1991,1,60526,2,2,2,2,1,1,3,4,1,3,1978,2,2
1991,2,60526,2,2,2,1,1,1,3,4,2,3,1979,2,2
1991,1,60527,2,2,2,2,1,1,3,4,2,3,1981,1,2
1991,1,60528,1,2,2,1,2,2,3,4,1,3,1972,1,2
1991,1,60529,1,5,5,1,1,1,3,4,2,3,1985,2,2
1991,1,60530,6,5,2,2,1,1,3,4,1,3,1980,2,2
1991,2,60530,1,4,2,2,1,1,3,4,2,3,1983,2,2
1991,3,60530,6,4,4,2,1,1,3,4,2,3,1990,2,2
1991,4,60530,1,4,4,2,1,1,3,4,2,3,1980,2,2
1991,5,60530,6,3,3,2,1,1,3,4,1,3,1983,2,2
1991,1,60531,1,2,2,2,1,1,3,4,2,3,1990,2,2
1991,2,60531,6,2,2,2,2,2,3,4,2,3,1987,2,2
1991,3,60531,2,5,5,2,1,1,3,4,2,3,1982,2,2
1991,1,60532,1,5,5,2,1,1,3,4,2,3,1969,1,2
1991,2,60532,6,2,2,2,1,1,3,4,2,3,1988,2,2
1991,1,60533,1,2,2,2,1,1,3,4,1,3,1987,2,2
1991,2,60533,1,5,5,2,3,3,3,4,2,3,1979,2,2
1991,1,60534,2,1,1,1,1,1,3,4,1,3,1983,2,2
1991,1,60535,1,5,5,2,2,2,3,4,1,3,1985,2,2
1991,1,60536,1,2,2,2,1,1,3,4,2,3,1989,2,2
1991,1,60537,1,2,2,2,2,2,3,4,2,3,1980,2,2
1991,1,60538,1,2,2,2,1,1,3,4,1,3,1990,2,2
1991,1,60539,1,2,2,2,1,1,3,4,2,3,1988,2,2
1991,1,60540,1,3,2,2,1,1,3,4,2,3,1975,2,2
1991,1,60541,1,2,2,2,1,1,3,4,2,3,1984,2,2
1991,1,60542,2,2,2,1,2,2,3,4,1,3,1976,2,2
1991,1,60543,1,2,2,2,2,2,3,4,1,3,1970,2,2
1991,1,60544,9,2,2,2,3,3,3,4,2,3,9999,2,2
1991,1,60545,1,2,2,2,1,1,3,4,2,3,1984,2,2
1991,1,60546,1,2,2,2,2,2,3,4,1,3,1979,2,2
1991,1,60547,1,5,5,2,1,1,3,4,2,3,1989,1,2
1991,2,60547,7,3,3,2,4,2,3,2,2,3,1976,2,2
1991,1,60548,1,5,4,2,2,2,3,4,1,3,1978,2,2
1991,1,60549,2,5,2,2,3,3,3,4,1,3,1982,2,2
1991,1,60550,1,4,4,2,3,3,3,4,2,3,9999,2,2
1991,2,60550,7,2,2,2,4,2,3,2,2,3,1974,2,2
1991,1,60551,1,2,6,2,2,2,3,4,1,3,1981,2,2
1991,2,60551,6,4,6,2,1,1,3,4,2,3,1990,2,2
1991,1,60552,1,2,2,2,1,1,3,4,2,3,1984,2,2
1991,1,60553,1,2,2,2,1,1,3,4,2,3,1983,2,2
1991,2,60553,1,2,2,2,1,1,3,4,2,3,1990,2,2
1991,1,60554,1,2,2,2,1,1,3,4,1,3,1979,2,2
1991,2,60554,1,4,4,2,1,1,3,4,2,3,1987,2,2
1991,1,60555,6,2,2,2,3,3,3,4,1,3,1989,1,2
1991,2,60555,2,4,3,2,1,1,3,4,2,3,1982,2,2
1991,1,60556,3,5,5,1,1,1,3,4,2,3,1985,2,2
1991,2,60556,2,2,2,2,1,1,3,4,2,3,1991,2,2
1991,1,60557,3,1,1,1,1,1,3,4,1,3,1986,2,2
1991,1,60558,1,2,2,2,2,2,3,4,2,3,1980,2,2
1991,1,60559,1,2,6,2,3,3,3,4,2,3,1968,2,2
1991,1,60560,1,2,2,2,1,1,3,4,1,3,1962,2,2
1991,2,60560,1,4,4,2,1,1,3,4,2,3,1988,2,2
1991,1,60561,2,3,3,2,1,1,3,4,1,3,1979,2,2
1991,1,60562,1,2,6,1,1,1,3,4,1,3,1988,2,2
1991,1,60563,1,2,2,2,3,3,3,4,1,3,1990,2,2
1991,1,60564,7,7,7,2,4,1,3,1,1,3,1990,2,2
1991,1,60565,1,5,5,2,1,1,3,4,2,3,1977,1,2
1991,2,60565,2,2,2,2,1,1,3,4,2,3,1982,2,2
1991,1,60566,2,2,2,2,2,2,3,4,2,3,1990,2,2
1991,2,60566,1,4,2,2,1,1,3,4,2,3,1989,2,2
1991,3,60566,1,2,2,2,2,2,3,4,2,3,1977,2,2
1991,1,60567,7,2,2,2,4,1,3,1,2,3,1982,2,2
1991,2,60567,8,5,5,2,1,1,3,4,2,3,1988,2,2
1991,1,60568,3,6,6,1,1,1,3,4,1,3,1984,2,2
1991,1,60569,7,2,2,2,4,2,3,2,2,3,1978,2,2
1991,1,60570,6,1,1,1,1,1,3,4,1,3,1973,2,2
1991,1,60571,2,1,1,2,1,1,3,4,2,3,1969,2,2
1991,1,60572,2,5,5,2,2,2,3,4,1,3,1985,2,2
1991,1,60573,1,2,2,1,1,1,3,4,2,3,1978,2,2
1991,1,60574,2,7,7,1,1,1,3,4,1,3,1975,1,2
1991,1,60575,1,2,2,2,1,1,3,4,2,3,1985,2,2
1991,2,60575,1,2,2,2,1,1,3,4,2,3,1983,2,2
1991,1,60576,2,1,1,1,1,1,3,4,1,3,1990,2,2
1991,1,60577,1,2,2,2,1,1,3,4,1,3,1989,2,2
1991,1,60578,1,2,2,2,2,2,3,4,1,3,1989,2,2
1991,1,60579,1,2,2,2,2,2,3,4,1,3,1977,2,2
1991,2,60579,1,5,5,2,1,1,3,4,2,3,1984,2,2
1991,3,60579,2,3,3,2,1,1,3,4,2,3,1984,2,2
1991,1,60580,1,3,3,2,1,1,3,4,1,3,1988,2,2
1991,1,60581,1,6,2,2,2,2,3,4,2,3,1988,2,2
1991,1,60582,9,6,2,2,2,2,3,4,1,3,1982,2,2
1991,1,60583,1,2,2,2,2,2,3,4,1,3,1989,2,2
1991,1,60584,6,4,4,2,1,1,3,4,2,3,1985,2,2
1991,2,60584,7,2,2,2,4,1,3,1,1,3,1986,1,2
1991,1,60585,2,2,2,2,1,1,3,4,2,3,1978,2,2
1991,1,60586,1,2,2,2,1,1,3,4,2,3,1985,2,2
1991,1,60587,1,2,2,2,2,2,3,4,1,3,1985,2,2
1991,1,60588,1,2,2,1,2,2,3,4,2,3,1963,2,2
1991,1,60589,4,2,2,1,3,3,3,4,2,3,1975,1,2
1991,1,60590,1,2,3,2,2,2,3,4,2,3,1982,2,2
1991,2,60590,1,2,2,2,1,1,3,4,2,3,1987,2,2
1991,1,60591,1,2,2,2,1,1,3,4,2,3,1981,2,2
1991,1,60592,2,2,2,2,2,2,3,4,2,3,1987,2,2
1991,1,60593,1,2,2,2,1,1,3,4,2,3,1978,2,2
1991,1,60594,1,2,2,2,2,2,3,4,2,3,1988,1,2
1991,2,60594,6,5,5,2,1,1,3,4,2,3,1988,2,2
1991,3,60594,6,6,6,2,1,1,3,4,2,3,1989,2,2
1991,1,60595,1,3,3,2,1,1,3,4,1,3,1979,2,2
1991,2,60595,4,2,2,2,1,1,3,4,2,3,1990,2,2
1991,1,60596,1,5,5,2,1,1,3,4,2,3,1990,2,2
1991,2,60596,2,2,2,2,1,1,3,4,2,3,1988,2,2
1991,1,60597,2,2,2,2,2,2,3,4,1,3,1976,2,2
1991,2,60597,1,2,4,2,2,2,3,4,2,3,1977,2,2
1991,1,60598,2,2,2,2,3,3,3,4,2,3,9999,2,2
1991,1,60599,1,2,5,2,2,2,3,4,2,3,1977,2,2
1991,1,60600,1,6,6,1,2,2,3,4,1,3,1990,2,2
1991,1,60601,2,2,2,1,1,1,3,4,2,3,1983,2,2
1991,1,60602,1,2,6,2,1,1,3,4,1,3,1989,2,2
1991,1,60603,1,2,2,2,1,1,3,4,2,3,1991,2,2
1991,1,60604,1,2,2,2,1,1,3,4,1,3,1991,2,2
1991,1,60605,1,6,3,2,1,1,3,4,1,3,1990,2,2
1991,1,60606,7,3,2,2,4,2,3,2,1,3,1987,2,2
1991,1,60607,1,5,5,2,2,2,3,4,2,3,1987,2,2
1991,2,60607,2,2,2,1,1,1,3,4,1,3,1988,1,2
1991,3,60607,1,2,2,2,1,1,3,4,1,3,1984,2,2
1991,4,60607,1,2,2,2,3,3,3,4,1,3,1978,2,2
1991,1,60608,1,2,2,2,2,2,3,4,2,3,1969,2,2
1991,1,60609,1,2,2,2,3,3,3,4,2,3,9999,1,2
1991,1,60610,4,2,2,2,1,1,3,4,2,3,1988,2,1
1991,2,60610,1,2,2,2,1,1,3,4,2,3,1986,2,2
1991,1,60611,4,2,6,2,1,1,3,4,1,3,1979,2,2
1991,2,60611,1,6,6,2,1,1,3,4,1,3,1991,2,2
1991,3,60611,3,6,6,2,1,1,3,4,1,3,1986,2,2
1991,1,60612,2,2,2,2,1,1,3,4,1,3,1986,1,2
1991,2,60612,2,4,4,2,1,1,3,4,2,3,1978,2,2
1991,1,60613,9,2,2,2,3,3,3,4,2,3,9999,2,2
1991,1,60614,1,2,2,2,2,2,3,4,2,3,1980,1,2
1991,2,60614,1,2,2,2,1,1,3,4,2,3,1988,2,2
1991,1,60615,1,3,3,2,2,2,3,4,1,3,1977,2,2
1991,2,60615,2,2,2,2,1,1,3,4,2,3,1985,2,2
1991,1,60616,2,2,2,2,1,1,3,4,2,3,1985,1,2
1991,2,60616,1,5,5,2,1,1,3,4,2,3,1987,2,2
1991,1,60617,1,3,3,2,2,2,3,4,1,3,1978,2,2
1991,2,60617,1,2,2,2,1,1,3,4,2,3,1977,2,2
1991,1,60618,2,2,2,2,1,1,3,4,1,3,1975,2,2
1991,2,60618,1,4,2,2,1,1,3,4,2,3,1983,2,2
1991,1,60619,4,2,2,2,1,1,3,4,2,3,1977,2,2
1991,2,60619,3,2,2,2,1,1,3,4,2,3,1983,2,2
1991,3,60619,3,5,4,2,1,1,3,4,2,3,1987,2,2
1991,1,60620,8,6,6,2,1,1,3,4,2,3,1984,2,2
1991,1,60621,1,2,2,2,1,1,3,4,2,3,1987,2,2
1991,1,60622,1,2,2,2,1,1,3,4,1,3,1970,2,2
1991,1,60623,1,2,2,2,1,1,3,4,2,3,1977,2,2
1991,1,60624,1,2,2,2,1,1,3,4,2,3,1990,2,2
1991,1,60625,7,2,2,2,4,2,3,2,1,3,1983,2,2
1991,1,60626,3,2,2,1,1,1,3,4,2,3,1989,2,1
1991,2,60626,6,4,5,2,3,3,3,4,2,3,1987,2,2
1991,1,60627,1,5,5,2,1,1,3,4,2,3,1975,2,2
1991,2,60627,2,2,2,2,1,1,3,4,1,3,1991,2,2
1991,1,60628,1,5,3,2,1,1,3,4,1,3,1990,2,2
1991,2,60628,4,2,2,2,1,1,3,4,2,3,1989,2,2
1991,3,60628,6,2,2,2,1,1,3,4,2,3,1985,2,2
1991,1,60629,2,2,2,2,1,1,3,4,2,3,1977,2,2
1991,1,60630,1,2,2,2,2,2,3,4,2,3,1977,2,2
1991,1,60631,4,2,2,2,1,1,3,4,1,3,1985,2,2
1991,2,60631,4,3,3,2,2,2,3,4,2,3,1988,2,2
1991,1,60632,1,1,1,1,1,1,3,4,2,3,1978,2,2
1991,1,60633,1,1,1,1,1,1,3,4,2,3,1982,2,2
1991,1,60634,2,2,2,1,2,2,3,4,2,3,1981,2,2
1991,1,60635,2,2,2,1,1,1,3,4,2,3,1982,1,2
1991,1,60636,1,2,2,2,1,1,3,4,2,3,1990,2,2
1991,1,60637,2,1,1,1,1,1,3,4,1,3,1988,2,2
1991,1,60638,1,2,2,1,1,1,3,4,2,3,1985,1,2
1991,1,60639,1,2,2,2,2,2,3,4,2,3,1986,2,2
1991,1,60640,1,2,2,2,2,2,3,4,1,3,1980,2,2
1991,1,60641,6,2,2,1,2,2,3,4,1,3,1959,2,2
1991,1,60642,1,6,2,2,2,2,3,4,1,3,1991,2,2
1991,1,60643,1,2,2,1,2,2,3,4,1,3,1971,2,2
1991,2,60643,1,2,2,2,2,2,3,4,1,3,1973,2,2
1991,3,60643,6,2,2,2,1,1,3,4,2,3,1984,2,2
1991,1,60644,1,2,2,2,1,1,3,4,2,3,1988,2,2
1991,1,60645,7,2,2,2,4,1,3,1,1,3,1989,2,2
1991,2,60645,1,5,5,2,1,1,3,4,2,3,1978,2,2
1991,1,60646,1,2,2,2,2,2,3,4,2,3,1982,2,2
1991,2,60646,1,5,3,2,1,1,3,4,2,3,1988,2,2
1991,3,60646,1,5,5,2,1,1,3,4,2,3,1977,2,2
1991,1,60647,1,2,2,2,1,1,3,4,1,3,1979,2,2
1991,1,60648,1,2,2,1,3,3,3,4,1,3,1983,2,2
1991,1,60649,1,5,4,2,1,1,3,4,2,3,1983,2,2
1991,2,60649,7,2,2,2,4,1,3,1,2,3,1988,2,2
1991,1,60650,1,2,2,2,1,1,3,4,2,3,1987,1,2
1991,1,60651,9,1,1,2,2,2,3,4,2,3,1989,2,2
1991,1,60652,1,2,2,2,1,1,3,4,2,3,1985,2,2
1991,2,60652,7,4,2,2,4,2,3,2,2,3,1990,2,2
1991,3,60652,1,2,2,2,1,1,3,4,2,3,1982,2,2
1991,1,60653,2,3,3,1,1,1,3,4,2,3,1976,2,2
1991,2,60653,1,2,2,2,1,1,3,4,2,3,1982,2,2
1991,1,60654,9,2,2,2,3,3,3,4,2,3,9999,2,2
1991,1,60655,2,1,1,1,1,1,3,4,2,3,1979,2,2
1991,1,60656,1,2,2,2,1,1,3,4,2,3,1990,2,1
1991,2,60656,2,2,2,2,1,1,3,4,2,3,1972,2,2
1991,1,60657,1,3,3,2,1,1,3,4,2,3,1982,2,2
1991,1,60658,1,2,2,2,2,2,3,4,2,3,1991,2,2
1991,1,60659,1,2,2,2,1,1,3,4,2,3,1990,2,2
1991,1,60660,1,2,2,2,1,1,3,4,2,3,1987,2,2
1991,1,60661,2,2,6,2,1,1,3,4,1,3,1971,2,2
1991,2,60661,6,4,6,2,2,2,3,4,2,3,1982,2,2
1991,1,60662,1,3,3,2,3,3,3,4,2,3,9999,1,2
1991,2,60662,1,5,5,1,1,1,3,4,1,3,1968,1,2
1991,1,60663,1,2,6,1,2,2,3,4,2,3,1979,2,2
1991,1,60664,1,2,2,1,2,2,3,4,1,3,1988,2,2
1991,1,60665,4,2,2,2,1,1,3,4,2,3,1991,2,2
1991,1,60666,2,2,2,1,1,1,3,4,1,3,1989,2,2
1991,2,60666,1,3,3,2,1,1,3,4,2,3,1987,2,2
1991,1,60667,1,2,2,2,1,1,3,4,1,3,1988,2,2
1991,2,60667,1,4,4,2,1,1,3,4,2,3,1986,2,2
1991,3,60667,3,4,4,2,2,2,3,4,2,3,1985,2,2
1991,4,60667,1,4,4,2,1,1,3,4,2,3,1986,2,2
1991,5,60667,3,4,4,2,1,1,3,4,2,3,1991,2,2
1991,6,60667,2,5,5,2,1,1,3,4,2,3,1984,2,2
1991,7,60667,1,5,5,2,1,1,3,4,2,3,1983,2,2
1991,8,60667,1,4,4,2,1,1,3,4,2,3,1988,2,2
1991,9,60667,1,4,4,2,1,1,3,4,2,3,1980,2,2
1991,1,60668,2,2,2,1,1,1,3,4,1,3,1984,2,2
1991,2,60668,1,4,2,1,1,1,3,4,2,3,1978,2,2
1991,3,60668,1,2,2,2,1,1,3,4,2,3,1985,2,2
1991,4,60668,1,2,2,2,1,1,3,4,1,3,1977,2,2
1991,1,60669,1,5,5,2,1,1,3,4,2,3,1978,2,2
1991,2,60669,3,2,2,2,1,1,3,4,2,3,1990,2,2
1991,1,60670,1,2,2,2,1,1,3,4,2,3,1979,2,2
1991,1,60671,2,2,2,2,2,2,3,4,2,3,1979,2,2
1991,1,60672,9,2,2,2,3,3,3,4,2,3,9999,2,2
1991,2,60672,1,6,6,2,1,1,3,4,2,3,1990,2,2
1991,3,60672,1,6,6,2,1,1,3,4,2,3,1983,2,2
1991,1,60673,1,6,2,2,1,1,3,4,2,3,1985,2,2
1991,1,60674,1,2,2,2,2,2,3,4,2,3,1978,2,2
1991,1,60675,1,2,2,2,1,1,3,4,2,3,1988,1,2
1991,2,60675,1,2,5,2,1,1,3,4,2,3,1969,2,2
1991,1,60676,1,2,2,2,1,1,3,4,2,3,1989,2,2
1991,1,60677,2,1,1,1,1,1,3,4,1,3,1986,2,2
1991,1,60678,1,3,3,2,2,2,3,4,2,3,1980,2,2
1991,2,60678,1,2,2,2,1,1,3,4,2,3,1988,2,2
1991,1,60679,1,5,5,2,2,2,3,4,2,3,1979,2,2
1991,1,60680,2,2,2,2,2,2,3,4,2,3,1988,2,2
1991,1,60681,3,2,2,2,1,1,3,4,1,3,1985,2,2
1991,1,60682,1,2,2,2,2,2,3,4,1,3,1980,2,2
1991,2,60682,1,4,4,2,1,1,3,4,2,3,1986,2,2
1991,1,60683,1,2,2,2,1,1,3,4,1,3,1991,2,2
1991,2,60683,1,2,2,2,3,3,3,4,2,3,1980,2,2
1991,1,60684,1,6,6,1,1,1,3,4,1,3,1988,2,2
1991,1,60685,1,1,1,1,2,2,3,4,2,3,1979,1,1
1991,1,60686,1,3,3,2,1,1,3,4,1,3,1987,2,2
1991,2,60686,1,2,2,2,1,1,3,4,2,3,1986,2,2
1991,1,60687,1,1,1,1,2,2,3,4,1,3,1978,2,2
1991,1,60688,1,2,2,2,2,2,3,4,2,3,1973,2,2
1991,2,60688,8,3,3,2,1,1,3,4,2,1,1979,2,2
1991,3,60688,6,2,2,2,1,1,3,4,2,3,1987,2,2
1991,1,60689,1,5,5,2,2,1,3,4,1,3,1977,2,2
1991,2,60689,3,2,2,2,1,1,3,4,2,3,1987,2,2
1991,1,60690,4,2,2,2,1,1,3,4,1,3,1990,2,2
1991,1,60691,7,2,2,2,4,2,3,2,1,3,1981,2,2
1991,1,60692,1,2,2,2,1,1,3,4,1,3,1978,2,2
1991,2,60692,8,2,4,2,1,1,3,4,2,3,1985,2,2
1991,1,60693,6,2,6,2,1,1,3,4,2,3,1980,2,2
1991,1,60694,1,3,3,2,1,1,3,4,2,3,1981,2,2
1991,2,60694,3,2,2,2,1,1,3,4,2,3,1986,2,2
1991,3,60694,1,5,5,2,1,1,3,4,2,3,1989,2,2
1991,1,60695,4,2,2,2,1,1,3,4,2,3,1985,2,2
1991,1,60696,7,2,2,2,4,2,3,2,1,3,1979,2,2
1991,2,60696,1,5,5,2,2,2,3,4,2,3,1984,2,2
1991,1,60697,1,3,3,2,1,1,3,4,1,3,1984,2,2
1991,2,60697,1,2,5,1,1,1,3,4,2,3,1984,2,2
1991,1,60698,3,2,2,2,1,1,3,4,2,3,1974,1,2
1991,1,60699,1,2,2,2,1,1,3,4,1,3,1991,2,2
1991,1,60700,1,5,5,2,1,1,3,4,2,3,1990,1,2
1991,2,60700,7,2,2,2,4,1,3,1,1,3,1986,1,2
1991,1,60701,1,2,2,2,1,1,3,4,2,3,1980,2,2
1991,2,60701,7,2,2,2,4,1,3,1,1,3,1985,2,2
1991,1,60702,3,3,2,1,1,1,3,4,1,3,1987,2,2
1991,1,60703,1,2,6,2,1,1,3,4,1,3,1989,2,2
1991,2,60703,6,4,4,2,1,1,3,4,2,3,1970,2,2
1991,1,60704,2,2,2,2,1,1,3,4,1,3,1972,2,2
1991,1,60705,1,3,3,1,2,2,3,4,1,3,1965,2,2
1991,1,60706,2,2,2,2,1,1,3,4,2,3,1988,2,2
1991,2,60706,1,2,5,2,1,1,3,4,2,3,1985,2,2
1991,1,60707,2,2,5,2,1,1,3,4,2,3,1987,2,2
1991,2,60707,1,2,5,2,1,1,3,4,2,3,1989,2,2
1991,3,60707,1,5,5,1,1,1,3,4,1,3,1979,2,2
1991,1,60708,1,3,2,2,1,1,3,4,1,3,1990,2,2
1991,1,60709,7,6,3,2,4,2,3,2,1,3,1982,2,2
1991,1,60710,1,2,2,1,2,2,3,4,1,3,1982,2,2
1991,2,60710,1,2,2,2,1,1,3,4,2,3,1983,2,2
1991,1,60711,7,2,2,2,4,1,3,1,2,3,1977,2,2
1991,2,60711,1,4,4,2,1,1,3,4,2,3,1986,2,2
1991,1,60712,1,5,5,2,1,1,3,4,2,3,1977,2,2
1991,2,60712,1,2,2,2,1,1,3,4,2,3,1987,2,2
1991,1,60713,1,2,3,2,1,1,3,4,1,3,1977,2,2
1991,2,60713,6,2,2,2,1,1,3,4,2,3,1988,2,2
1991,1,60714,1,5,5,2,1,1,3,4,1,3,1985,2,2
1991,2,60714,2,2,2,2,1,1,3,4,2,3,1987,2,2
1991,1,60715,6,2,2,2,2,2,3,4,2,3,1989,2,2
1991,1,60716,1,2,2,2,1,1,3,4,1,3,1990,2,2
1991,2,60716,2,4,4,1,1,1,3,4,2,3,1987,2,2
1991,1,60717,2,6,6,1,2,2,3,4,1,3,1986,2,2
1991,1,60718,1,3,3,1,1,1,3,4,1,3,1990,2,2
1991,1,60719,1,2,2,2,1,1,3,4,2,3,1977,2,2
1991,1,60720,6,2,2,2,1,1,3,4,1,3,1987,2,1
1991,2,60720,1,4,2,2,1,1,3,4,2,3,1986,2,2
1991,3,60720,1,4,2,2,1,1,3,4,2,3,1990,2,2
1991,4,60720,1,4,2,2,1,1,3,4,2,3,1989,2,2
1991,5,60720,1,4,2,1,1,1,3,4,2,3,1984,2,2
1991,6,60720,1,4,2,1,1,1,3,4,2,3,1987,2,2
1991,7,60720,4,4,2,1,1,1,3,4,2,3,1988,2,2
1991,8,60720,1,3,2,2,1,1,3,4,2,3,1986,2,2
1991,9,60720,1,4,5,2,1,1,3,4,2,3,1989,2,2
1991,10,60720,1,4,4,1,1,1,3,4,2,3,1985,2,2
1991,11,60720,2,4,2,1,1,1,3,4,2,3,1985,2,2
1991,12,60720,2,4,2,2,2,2,3,4,2,3,1984,2,2
1991,13,60720,4,4,4,1,1,1,3,4,2,3,1974,2,2
1991,14,60720,1,4,4,2,1,1,3,4,2,3,1988,2,2
1991,1,60721,1,2,2,2,1,1,3,4,2,3,1987,2,2
1991,2,60721,1,2,3,2,1,1,3,4,2,3,1968,2,2
1991,1,60722,1,3,3,2,1,1,3,4,2,3,1984,2,2
1991,2,60722,1,2,2,2,1,1,3,4,2,3,1988,2,2
1991,1,60723,1,3,4,2,1,1,3,4,2,3,1986,1,2
1991,2,60723,1,2,2,2,1,1,3,4,2,3,1980,2,2
1991,1,60724,9,2,2,2,3,3,3,4,1,3,9999,2,2
1991,1,60725,1,2,5,2,1,1,3,4,2,3,1987,2,2
1991,2,60725,1,2,5,2,1,1,3,4,2,3,1985,2,2
1991,1,60726,1,2,2,2,1,1,3,4,1,3,1991,1,2
1991,2,60726,1,4,4,2,1,1,3,4,2,3,1987,2,2
1991,1,60727,2,2,2,2,1,1,3,4,1,3,1986,2,2
1991,2,60727,1,2,3,2,1,1,3,4,2,3,1987,2,2
1991,1,60728,7,5,5,2,4,2,3,2,1,3,1981,2,2
1991,1,60729,6,4,4,2,1,1,3,4,2,3,1990,2,2
1991,2,60729,2,2,2,2,2,2,3,4,1,3,1987,2,2
1991,1,60730,7,2,2,2,4,2,3,2,2,3,1973,1,2
1991,1,60731,4,2,3,2,1,1,3,4,2,3,1991,2,1
1991,1,60732,1,3,3,2,1,1,3,4,2,3,1981,2,2
1991,1,60733,5,2,2,2,2,2,3,4,1,3,1990,2,2
1991,1,60734,1,2,3,2,1,1,3,4,2,3,1985,2,2
1991,1,60735,6,2,2,2,1,1,3,4,1,3,1986,2,2
1991,1,60736,2,2,2,1,1,1,3,4,1,3,1984,2,2
1991,1,60737,1,2,5,2,2,2,3,4,1,3,1990,2,2
1991,2,60737,1,2,5,2,1,1,3,4,2,3,1991,2,2
1991,1,60738,1,2,2,2,1,1,3,4,1,3,1989,2,2
1991,1,60739,2,5,5,1,2,2,3,4,1,3,1971,2,2
1991,1,60740,1,6,6,1,1,1,3,4,2,3,1985,2,2
1991,1,60741,1,5,5,2,1,1,3,4,1,3,1966,2,2
1991,1,60742,1,2,3,2,1,1,3,4,2,3,1991,2,2
1991,1,60743,1,2,2,2,2,2,3,4,2,3,1979,2,2
1991,2,60743,1,2,4,2,1,1,3,4,2,3,1990,2,2
1991,3,60743,1,5,5,2,3,3,3,4,2,3,1979,2,2
1991,1,60744,1,2,5,2,1,1,3,4,2,3,1983,2,2
1991,1,60745,1,2,2,2,1,1,3,4,2,3,1984,2,2
1991,1,60746,1,2,2,2,1,1,3,4,2,3,1971,2,2
1991,1,60747,3,2,2,1,1,1,3,4,2,3,1983,2,1
1991,2,60747,6,2,6,2,1,1,3,4,2,3,1991,2,2
1991,1,60748,1,1,1,1,1,1,3,4,2,3,1986,1,2
1991,1,60749,9,1,1,1,1,1,3,4,1,3,1974,2,2
1991,1,60750,6,2,2,2,1,1,3,4,2,3,1988,1,2
1991,1,60751,2,2,2,2,3,3,3,4,1,3,1981,2,2
1991,1,60752,2,2,2,2,1,1,3,4,2,3,1990,2,2
1991,2,60752,1,2,2,2,1,1,3,4,2,3,1976,2,2
1991,1,60753,6,2,2,1,1,1,3,4,2,3,1989,2,2
1991,2,60753,1,2,2,2,1,1,3,4,2,3,1969,2,2
1991,1,60754,1,3,2,2,1,1,3,4,2,3,1983,2,2
1991,2,60754,4,5,5,2,1,1,3,4,2,3,1989,2,2
1991,3,60754,1,2,2,2,1,1,3,4,2,3,1983,2,2
1991,4,60754,1,2,2,2,1,1,3,4,2,3,1991,2,2
1991,5,60754,3,6,6,2,1,1,3,4,2,3,1990,2,2
1991,1,60755,2,3,3,1,2,2,3,4,1,3,1981,1,2
1991,2,60755,6,4,4,2,1,1,3,4,2,3,1980,2,2
1991,1,60756,4,1,1,2,1,1,3,4,2,3,1984,2,2
1991,1,60757,1,2,2,1,1,1,3,4,2,3,1991,2,2
1991,1,60758,1,2,2,2,3,3,3,4,2,3,1971,1,2
1991,2,60758,1,4,4,2,1,1,3,4,2,3,1991,1,2
1991,1,60759,1,3,3,2,1,1,3,4,2,3,1984,1,2
1991,2,60759,2,2,2,2,1,1,3,4,2,3,1977,2,2
1991,1,60760,1,2,2,2,1,1,3,4,2,3,1986,2,2
1991,2,60760,1,2,2,2,1,1,3,4,2,3,1988,2,2
1991,1,60761,2,2,6,2,2,2,3,4,1,3,1985,2,2
1991,2,60761,2,4,4,2,1,1,3,4,2,3,1980,2,2
1991,1,60762,2,1,1,2,2,2,3,4,2,3,1979,2,2
1991,1,60763,1,2,2,2,1,1,3,4,2,3,1974,2,2
1991,2,60763,1,3,3,2,1,1,3,4,2,3,1983,2,2
1991,1,60764,2,2,2,2,1,1,3,4,1,3,1986,2,2
1991,1,60765,2,5,2,1,1,1,3,4,2,3,1982,1,2
1991,1,60766,6,2,2,2,1,1,3,4,2,3,1988,2,1
1991,1,60767,1,2,2,2,1,1,3,4,2,3,1981,2,2
1991,2,60767,1,2,2,2,1,1,3,4,2,3,1979,2,2
1991,1,60768,1,2,6,2,1,1,3,4,2,3,1968,2,2
1991,1,60769,1,3,3,2,1,1,3,4,2,3,1990,1,2
1991,2,60769,1,2,2,2,1,1,3,4,2,3,1974,2,2
1991,1,60770,2,5,3,2,2,2,3,4,2,3,1962,2,2
1991,1,60771,1,2,2,2,1,1,3,4,2,3,1991,2,2
1991,1,60772,2,2,2,1,1,1,3,4,2,3,1982,2,2
1991,1,60773,2,2,2,2,2,2,3,4,2,3,1975,2,2
1991,2,60773,2,5,2,1,1,1,3,4,2,3,1987,2,2
1991,1,60774,1,6,6,1,1,1,3,4,1,3,1965,2,2
1991,1,60775,1,2,2,2,2,2,3,4,1,3,1978,2,2
1991,2,60775,2,2,2,1,2,2,3,4,2,3,1970,2,2
1991,1,60776,2,1,1,2,1,1,3,4,2,3,1989,2,2
1991,1,60777,1,2,2,1,2,2,3,4,1,3,1977,2,2
1991,1,60778,3,2,2,2,3,3,3,4,2,3,1977,2,2
1991,2,60778,2,5,5,2,1,1,3,4,2,3,1988,2,2
1991,3,60778,2,5,5,2,1,1,3,4,2,3,1984,2,2
1991,1,60779,1,2,2,2,3,3,3,4,2,3,1987,2,2
1991,1,60780,1,3,3,2,1,1,3,4,1,3,1979,2,2
1991,2,60780,3,2,2,2,1,1,3,4,2,3,1989,2,2
1991,1,60781,1,6,5,1,1,1,3,4,1,3,1987,2,2
1991,1,60782,6,2,2,2,1,1,3,4,2,3,1990,2,2
1991,2,60782,4,6,6,2,1,1,3,4,2,3,1990,2,2
1991,1,60783,1,2,3,2,1,1,3,4,2,3,1984,2,2
1991,2,60783,2,5,5,1,1,1,3,4,2,3,1972,2,2
1991,3,60783,1,2,2,2,1,1,3,4,2,3,1973,2,2
1991,1,60784,1,3,3,2,2,2,3,4,1,3,1984,2,2
1991,2,60784,2,2,2,2,2,2,3,4,2,3,1987,2,2
1991,1,60785,2,2,2,2,1,1,3,4,2,3,1987,2,2
1991,1,60786,1,4,2,2,1,1,3,4,1,3,1990,2,2
1991,2,60786,1,2,2,2,1,1,3,4,2,3,1989,2,2
1991,1,60787,1,2,2,2,2,2,3,4,1,3,1987,1,2
1991,1,60788,2,3,3,2,2,2,3,4,2,3,1989,1,2
1991,2,60788,2,2,2,2,1,1,3,4,2,3,1990,2,2
1991,1,60789,1,2,2,2,1,1,3,4,2,3,1988,2,2
1991,2,60789,1,5,2,2,1,1,3,4,2,3,1988,2,2
1991,1,60790,1,2,2,2,2,2,3,4,2,3,1973,2,2
1991,1,60791,1,2,2,2,1,1,3,4,1,3,1986,2,2
1991,1,60792,1,2,2,2,3,3,3,4,1,3,1985,2,2
1991,1,60793,2,2,2,2,1,1,3,4,2,3,1980,2,2
1991,1,60794,1,2,2,2,2,2,3,4,2,3,1977,2,2
1991,2,60794,1,4,4,2,1,1,3,4,2,3,1987,2,2
1991,3,60794,2,2,2,2,1,1,3,4,2,3,1977,2,2
1991,1,60795,2,2,2,2,1,1,3,4,1,3,1980,2,2
1991,2,60795,2,2,2,2,1,1,3,4,2,3,1986,2,2
1991,1,60796,2,2,2,2,2,2,3,4,2,3,1988,2,2
1991,1,60797,1,2,2,2,1,1,3,4,2,3,1981,2,2
1991,1,60798,1,2,2,2,2,2,3,4,1,3,1970,2,2
1991,1,60799,4,2,2,1,1,1,3,4,1,3,1989,1,2
1991,1,60800,9,2,2,2,1,1,3,4,2,3,1991,2,2
1991,2,60800,1,3,3,2,1,1,3,4,1,3,1986,2,2
1991,1,60801,1,2,2,2,2,2,3,4,2,3,1979,2,2
1991,2,60801,1,2,2,2,1,1,3,4,2,3,1989,2,2
1991,1,60802,1,2,2,2,1,1,3,4,2,3,1984,2,2
1991,1,60803,4,2,2,2,1,1,3,4,2,3,1986,1,2
1991,1,60804,1,3,3,2,1,1,3,4,2,3,1984,2,2
1991,2,60804,1,2,2,2,1,1,3,4,1,3,1988,2,2
1991,1,60805,1,2,2,2,1,1,3,4,2,3,1988,2,2
1991,1,60806,1,6,6,1,1,1,3,4,2,3,1989,2,2
1991,1,60807,1,5,5,1,1,1,3,4,2,3,1986,2,2
1991,1,60808,2,2,2,2,1,1,3,4,1,3,1983,2,2
1991,1,60809,4,4,4,2,1,1,3,4,2,3,1988,2,2
1991,2,60809,2,4,2,2,1,1,3,4,2,3,1980,2,2
1991,3,60809,1,4,2,2,2,2,3,4,2,3,1966,2,2
1991,4,60809,3,2,2,2,1,1,3,4,1,3,1982,1,2
1991,1,60810,3,2,2,2,1,1,3,4,2,3,1989,2,2
1991,2,60810,7,2,2,2,4,2,3,2,2,3,1952,2,2
1991,3,60810,7,6,6,2,4,1,3,1,2,3,1982,2,2
1991,1,60811,2,2,2,2,1,1,3,4,2,3,1986,2,2
1991,1,60812,7,2,2,2,4,3,3,3,2,3,9999,1,2
1991,2,60812,8,5,5,2,1,1,3,4,2,3,1981,2,2
1991,1,60813,1,2,2,1,2,2,3,4,1,3,1969,1,2
1991,2,60813,9,4,4,2,1,1,3,4,2,3,1985,2,2
1991,1,60814,1,5,5,1,2,2,3,4,1,3,1987,2,2
1991,1,60815,1,2,2,2,1,1,3,4,2,3,1982,2,2
1991,1,60816,2,2,2,2,2,2,3,4,2,3,1972,2,2
1991,1,60817,1,2,2,2,1,1,3,4,2,3,1974,2,2
1991,1,60818,1,2,2,2,1,1,3,4,2,3,1985,2,2
1991,2,60818,2,2,2,2,1,1,3,4,2,3,1986,2,2
1991,1,60819,4,2,2,2,1,1,3,4,2,3,1984,2,2
1991,1,60820,1,1,1,1,2,2,3,4,2,3,1977,1,2
1991,1,60821,1,2,2,2,2,2,3,4,2,3,1983,2,2
1991,2,60821,4,3,3,1,1,1,3,4,2,3,1986,2,2
1991,1,60822,2,3,3,2,3,3,3,4,2,3,1986,2,2
1991,1,60823,1,2,2,2,1,1,3,4,1,3,1987,2,2
1991,2,60823,1,5,5,2,1,1,3,4,2,3,1984,2,2
1991,3,60823,2,2,2,2,1,1,3,4,2,3,1987,2,2
1991,1,60824,1,2,2,2,1,1,3,4,2,3,1980,2,2
1991,1,60825,1,2,2,1,2,2,3,4,1,3,1978,2,2
1991,1,60826,9,2,2,2,3,3,3,4,2,3,9999,1,2
1991,1,60827,1,1,1,1,1,1,3,4,2,3,1990,2,2
1991,1,60828,5,6,6,2,2,2,3,4,2,3,1974,2,2
1991,1,60829,3,2,2,2,1,1,3,4,2,3,1987,2,2
1991,2,60829,1,5,5,2,1,1,3,4,2,3,1987,1,2
1991,1,60830,3,2,2,1,1,1,3,4,1,3,1981,2,2
1991,2,60830,1,2,3,2,1,1,3,4,2,3,1989,2,2
1991,1,60831,1,2,2,2,1,1,3,4,2,3,1978,2,2
1991,2,60831,1,2,4,2,1,1,3,4,2,3,1972,2,2
1991,3,60831,4,2,2,2,1,1,3,4,2,3,1974,2,2
1991,1,60832,1,2,2,2,3,3,3,4,2,3,9999,2,2
1991,1,60833,1,3,3,2,1,1,3,4,2,3,1983,2,2
1991,2,60833,7,2,2,2,4,2,3,2,2,3,1986,2,2
1991,1,60834,1,2,3,2,3,3,3,4,1,3,9999,2,2
1991,1,60835,1,4,2,1,2,2,3,4,2,3,1975,2,2
1991,2,60835,1,2,2,2,1,1,3,4,1,3,1969,2,2
1991,1,60836,1,2,2,1,1,1,3,4,2,3,1988,2,1
1991,1,60837,1,2,2,2,1,1,3,4,2,3,1985,2,2
1991,2,60837,1,2,2,2,1,1,3,4,2,3,1986,2,2
1991,1,60838,1,1,1,1,1,1,3,4,1,3,1990,2,2
1991,1,60839,2,2,2,2,1,1,3,4,2,3,1989,2,2
1991,2,60839,2,2,2,2,1,1,3,4,2,3,1989,2,2
1991,1,60840,2,2,2,2,2,2,3,4,2,3,1990,2,2
1991,2,60840,1,2,2,2,1,1,3,4,2,3,1984,2,2
1991,1,60841,1,2,2,2,2,2,3,4,2,3,1983,2,2
1991,2,60841,7,2,2,2,4,2,3,2,2,3,1988,2,2
1991,1,60842,1,2,2,2,3,3,3,4,2,3,1972,2,2
1991,1,60843,7,5,5,2,4,2,3,2,1,3,1983,2,2
1991,1,60844,1,2,2,1,3,3,3,4,1,3,1978,2,2
1991,1,60845,1,1,1,1,1,1,3,4,2,3,1986,2,2
1991,1,60846,1,2,5,2,2,2,3,4,2,3,1981,2,2
1991,2,60846,1,2,2,2,1,1,3,4,2,3,1989,2,2
1991,1,60847,4,2,2,2,1,1,3,4,2,3,1990,1,2
1991,1,60848,8,4,6,2,1,1,3,4,2,3,1975,2,2
1991,1,60849,1,2,4,1,1,1,3,4,1,3,1981,2,2
1991,1,60850,2,2,2,2,3,3,3,4,2,3,9999,2,2
1991,1,60851,2,1,1,1,3,3,3,4,2,3,1979,1,2
1991,1,60852,4,2,2,2,1,1,3,4,2,3,1985,2,2
1991,1,60853,1,2,2,1,2,2,3,4,1,3,1965,2,2
1991,2,60853,6,4,4,2,3,3,3,4,2,3,1972,2,2
1991,1,60855,5,2,2,2,1,1,3,4,1,3,1984,2,2
1991,2,60855,1,5,5,2,1,1,3,4,2,3,1984,2,2
1991,3,60855,1,5,5,2,1,1,3,4,2,3,1981,2,2
1991,1,60856,3,1,1,1,2,2,3,4,1,3,1978,2,2
1991,1,60857,1,2,2,2,2,2,3,4,1,3,1983,2,2
1991,2,60857,1,5,5,2,2,2,3,4,2,3,1972,2,2
1991,1,60858,1,2,2,2,1,1,3,4,2,3,1989,2,2
1991,1,60859,4,1,1,2,1,1,3,4,2,3,1989,2,2
1991,1,60860,1,2,2,2,1,1,3,4,1,3,1972,2,2
1991,1,60861,2,2,3,2,1,1,3,4,1,3,1989,2,2
1991,1,60862,1,2,5,2,1,1,3,4,2,3,1990,1,2
1991,2,60862,2,2,2,2,2,2,3,4,2,3,1981,2,2
1991,1,60863,1,2,2,2,1,1,3,4,2,3,1985,2,2
1991,2,60863,1,2,2,1,3,3,3,4,1,3,1981,2,2
1991,1,60864,6,4,4,2,1,1,3,4,2,3,1988,1,2
1991,2,60864,7,2,2,2,4,3,3,3,2,3,1979,2,2
1991,1,60865,1,6,6,2,2,2,3,4,1,3,1987,2,2
1991,1,60866,4,2,2,1,1,1,3,4,2,3,1979,2,1
1991,1,60867,2,2,3,2,1,1,3,4,1,3,1975,2,2
1991,1,60868,2,2,2,2,1,1,3,4,2,3,1981,2,2
1991,1,60869,1,6,5,2,3,3,3,4,1,3,1978,2,2
1991,1,60870,7,2,2,2,4,1,3,1,1,3,1989,1,2
1991,1,60871,7,2,2,2,4,2,3,2,1,3,1981,2,2
1991,2,60871,4,4,4,2,1,1,3,4,2,3,1973,2,2
1991,1,60872,2,2,2,2,3,3,3,4,2,3,1988,2,2
1991,2,60872,2,2,2,2,1,1,3,4,2,3,1971,2,2
1991,1,60873,1,3,4,2,2,2,3,4,1,3,1981,1,2
1991,1,60874,7,2,2,2,4,2,3,2,1,3,1981,2,2
1991,1,60875,1,2,2,1,1,1,3,4,1,3,1974,2,2
1991,1,60876,2,2,2,2,1,1,3,4,2,3,1984,2,2
1991,1,60877,1,2,2,2,1,1,3,4,1,3,1991,2,2
1991,2,60877,3,2,2,2,1,1,3,4,2,3,1989,2,2
1991,1,60878,1,2,2,2,1,1,3,4,2,3,1986,1,2
1991,2,60878,7,2,2,2,4,1,3,1,2,3,1974,2,2
1991,1,60879,1,2,2,2,1,1,3,4,2,3,1981,1,2
1991,1,60880,1,2,2,2,1,1,3,4,2,3,1987,2,2
1991,1,60881,1,2,2,2,1,1,3,4,1,3,1988,1,2
1991,1,60882,1,2,5,2,1,1,3,4,1,3,1989,2,2
1991,1,60883,6,2,2,2,1,1,3,4,2,3,1990,2,2
1991,2,60883,3,6,6,1,1,1,3,4,2,3,1987,2,2
1991,1,60884,1,6,6,1,1,1,3,4,2,3,1983,2,2
1991,1,60885,2,2,2,2,1,1,3,4,1,3,1986,2,2
1991,1,60886,2,6,6,1,1,1,3,4,2,3,1987,2,2
1991,1,60887,1,5,5,2,2,2,3,4,2,3,1979,2,2
1991,2,60887,2,2,2,2,1,1,3,4,2,3,1986,2,2
1991,1,60888,1,3,3,2,2,2,3,4,1,3,1980,2,2
1991,1,60889,1,2,2,2,1,1,3,4,2,3,1983,2,2
1991,2,60889,4,2,2,2,1,1,3,4,2,3,1978,2,2
1991,1,60890,6,2,6,2,1,1,3,4,2,3,1985,2,2
1991,1,60891,1,2,2,1,1,1,3,4,1,3,1983,2,2
1991,1,60892,1,2,2,2,3,3,3,4,2,3,9999,2,2
1991,1,60893,1,6,6,2,1,1,3,4,2,3,1991,2,2
1991,1,60894,1,4,4,2,1,1,3,4,2,3,1987,2,2
1991,2,60894,1,2,2,2,1,1,3,4,2,3,1989,2,2
1991,1,60895,7,2,2,2,4,2,3,2,2,3,1985,2,2
1991,1,60896,7,2,2,2,4,1,3,1,1,3,1981,2,2
1991,2,60896,1,4,4,2,1,1,3,4,2,3,1986,2,2
1991,1,60897,1,2,2,2,1,1,3,4,2,3,1985,2,2
1991,1,60898,1,2,2,2,3,3,3,4,2,3,9999,2,2
1991,1,60899,1,1,1,1,1,1,3,4,2,3,1985,2,2
1991,1,60900,3,2,2,1,2,2,3,4,2,3,1979,2,2
1991,2,60900,4,4,2,2,1,1,3,4,2,3,1989,2,2
1991,1,60901,1,2,2,2,3,3,3,4,2,3,9999,2,2
1991,1,60902,7,6,6,2,4,1,3,1,1,3,1990,2,2
1991,1,60903,1,3,4,2,3,3,3,4,1,3,1981,1,2
1991,2,60903,1,2,2,2,3,3,3,4,1,3,1988,1,2
1991,1,60904,1,2,2,2,2,2,3,4,1,3,1972,2,2
1991,1,60905,1,2,2,1,1,1,3,4,1,3,1977,2,2
1991,1,60906,1,2,2,2,2,1,3,4,1,3,1979,2,2
1991,2,60906,1,5,5,2,1,1,3,4,2,3,1988,2,2
1991,1,60907,2,2,2,2,2,2,3,4,1,3,1976,2,2
1991,1,60908,2,6,6,1,2,2,3,4,1,3,1989,2,2
1991,1,60909,1,2,2,2,3,3,3,4,1,3,9999,2,2
1991,1,60910,7,2,2,2,4,2,3,2,1,3,1972,2,2
1991,2,60910,1,2,2,2,2,2,3,4,2,3,1979,2,2
1991,1,60911,3,2,2,2,1,1,3,4,1,3,1987,2,2
1991,2,60911,1,2,2,2,1,1,3,4,2,3,1989,2,2
1991,1,60912,1,2,2,2,2,2,3,4,2,3,1976,2,2
1991,1,60913,1,2,2,2,1,1,3,4,2,3,1987,2,2
1991,1,60914,3,1,1,1,1,1,3,4,1,3,1983,2,2
1991,1,60915,7,2,2,2,4,2,3,2,2,3,1980,2,2
1991,2,60915,1,5,5,2,1,1,3,4,2,3,1987,2,2
1991,1,60916,1,2,5,1,1,1,3,4,1,3,1985,2,2
1991,1,60917,7,1,1,2,4,1,3,1,1,3,1987,2,2
1991,1,60918,2,2,2,2,1,1,3,4,2,3,1982,2,2
1991,2,60918,2,2,2,2,2,2,3,4,2,3,1990,2,2
1991,1,60919,1,4,6,2,1,1,3,4,2,3,1991,1,2
1991,1,60920,1,2,5,2,1,1,3,4,2,3,1987,2,2
1991,2,60920,1,5,5,2,1,1,3,4,2,3,1987,2,2
1991,3,60920,1,2,2,2,1,1,3,4,2,3,1989,2,2
1991,1,60921,1,2,2,2,2,2,3,4,2,3,1981,2,2
1991,2,60921,1,2,2,2,1,1,3,4,2,3,1976,2,2
1991,1,60922,1,1,1,1,1,1,3,4,2,3,1987,2,2
1991,1,60923,1,3,5,1,1,1,3,4,2,3,1959,2,2
1991,1,60924,1,2,2,1,2,2,3,4,2,3,1982,2,2
1991,1,60925,1,2,3,2,1,1,3,4,2,3,1990,1,2
1991,1,60926,1,6,6,1,1,1,3,4,1,3,1985,2,2
1991,1,60927,7,2,2,2,4,2,3,2,1,3,1989,2,2
1991,2,60927,1,2,2,2,1,1,3,4,2,3,1984,2,2
1991,1,60928,3,2,2,2,1,1,3,4,2,3,1989,2,2
1991,2,60928,2,3,3,2,3,3,3,4,2,3,1981,2,2
1991,1,60929,7,1,1,2,4,1,3,1,2,3,1981,2,2
1991,1,60930,1,2,2,2,1,1,3,4,1,3,1988,2,2
1991,2,60930,1,5,5,2,1,1,3,4,2,3,1987,2,2
1991,1,60931,3,1,1,1,3,3,3,4,1,3,1986,2,1
1991,1,60932,9,2,2,2,3,3,3,4,2,3,9999,2,2
1991,1,60933,1,2,3,2,2,2,3,4,1,3,1975,2,2
1991,1,60934,3,1,1,1,2,2,3,4,2,3,1986,2,2
1991,1,60935,1,2,2,2,2,2,3,4,1,3,1976,2,2
1991,2,60935,2,4,3,2,2,2,3,4,1,3,1974,2,2
1991,1,60936,1,1,1,1,1,1,3,4,1,3,1988,2,2
1991,1,60937,1,3,3,1,1,1,3,4,2,3,1984,2,2
1991,1,60938,8,2,2,2,1,1,3,4,2,3,1981,2,2
1991,2,60938,8,4,4,2,1,1,3,4,2,3,1989,2,2
1991,1,60939,1,2,5,2,2,2,3,4,1,3,1976,1,2
1991,1,60940,2,3,2,1,1,1,3,4,1,3,1983,2,2
1991,2,60940,2,5,5,2,1,1,3,4,2,3,1977,2,2
1991,1,60941,6,5,5,2,1,1,3,4,2,3,1979,2,2
1991,2,60941,6,5,5,2,1,1,3,4,2,3,1983,2,2
1991,3,60941,2,5,5,2,1,1,3,4,2,3,1975,2,2
1991,4,60941,1,2,3,2,1,1,3,4,2,3,1984,2,2
1991,1,60942,1,2,2,2,1,1,3,4,2,3,1976,1,2
1991,1,60943,1,5,2,2,1,1,3,4,2,3,1982,2,2
1991,2,60943,2,2,2,2,1,1,3,4,1,3,1973,1,2
1991,1,60944,1,2,2,2,1,1,3,4,2,3,1980,2,2
1991,1,60945,1,5,3,1,1,1,3,4,2,3,1985,1,2
1991,2,60945,6,2,2,2,1,1,3,4,2,3,1988,2,2
1991,1,60946,1,2,2,2,1,1,3,4,2,3,1982,2,2
1991,2,60946,1,5,5,2,1,1,3,4,2,3,1988,1,2
1991,1,60947,7,2,2,2,4,2,3,2,1,3,1983,2,2
1991,2,60947,1,5,5,2,1,1,3,4,2,3,1986,2,2
1991,1,60948,2,2,2,2,1,1,3,4,2,3,1985,2,1
1991,1,60949,1,5,5,2,1,1,3,4,2,3,1985,1,2
1991,2,60949,8,2,2,2,1,1,3,4,2,3,1988,2,2
1991,1,60950,1,1,1,1,2,2,3,4,2,3,1985,2,2
1991,1,60951,1,2,2,2,3,3,3,4,2,3,9999,2,2
1991,1,60953,1,1,1,1,2,2,3,4,2,3,1979,2,1
1991,1,60954,4,2,2,2,1,1,3,4,2,3,1986,2,2
1991,1,60955,6,3,6,2,2,2,3,4,2,3,1979,2,2
1991,1,60956,1,2,2,2,1,1,3,4,1,3,1980,2,2
1991,1,60957,6,2,2,2,1,1,3,4,2,3,1988,2,2
1991,1,60958,1,6,2,2,1,1,3,4,2,3,1976,1,2
1991,1,60959,3,1,1,1,1,1,3,4,2,3,1989,2,2
1991,1,60960,2,2,2,2,1,1,3,4,1,3,1986,2,2
1991,2,60960,6,4,4,2,1,1,3,4,2,3,1985,2,2
1991,1,60961,1,6,6,1,1,1,3,4,2,3,1965,2,2
1991,1,60962,2,6,2,1,2,2,3,4,1,3,1980,2,2
1991,1,60963,1,4,4,2,1,1,3,4,2,3,1978,2,2
1991,1,60964,1,5,5,2,1,1,3,4,2,3,1972,2,2
1991,2,60964,4,2,2,2,1,1,3,4,2,3,1990,1,2
1991,1,60965,1,2,2,2,1,1,3,4,2,3,1980,2,2
1991,2,60965,7,2,2,2,4,2,3,2,2,3,9999,2,2
1991,1,60966,1,2,2,2,2,2,3,4,1,3,1976,2,2
1991,2,60966,1,4,4,2,1,1,3,4,2,3,1981,2,2
1991,1,60967,3,2,2,1,1,1,3,4,2,3,1989,2,2
1991,2,60967,1,4,4,1,1,1,3,4,2,3,1971,2,2
1991,1,60968,1,2,2,2,1,1,3,4,1,3,1977,2,2
1991,2,60968,1,2,2,2,1,1,3,4,2,3,1978,2,2
1991,1,60969,4,5,2,2,1,1,3,4,2,3,1985,2,2
1991,1,60970,1,2,2,2,1,1,3,4,2,3,1990,2,2
1991,1,60971,4,5,5,2,1,1,3,4,2,3,1988,2,2
1991,2,60971,2,2,2,2,1,1,3,4,2,3,1986,2,2
1991,1,60972,1,2,5,2,1,1,3,4,1,3,1991,2,2
1991,1,60973,1,2,2,2,1,1,3,4,2,3,1991,2,2
1991,1,60974,1,2,2,2,1,1,3,4,2,3,1980,2,2
1991,1,60975,1,2,2,2,1,1,3,4,2,3,1987,2,2
1991,2,60975,1,3,3,2,1,1,3,4,2,3,1987,1,2
1991,1,60976,7,2,2,2,4,1,3,1,1,3,1985,2,2
1991,2,60976,6,4,4,2,1,1,3,4,2,3,1982,2,2
1991,1,60977,1,2,2,2,1,1,3,4,2,3,1982,1,2
1991,2,60977,1,5,5,2,2,2,3,4,2,3,1980,2,2
1991,1,60978,2,2,2,2,2,2,3,4,1,3,1974,2,2
1991,2,60978,1,2,2,2,2,2,3,4,2,3,1984,2,2
1991,1,60979,1,5,5,2,1,1,3,4,1,3,1985,2,2
1991,2,60979,1,6,6,2,1,1,3,4,2,3,1990,2,2
1991,1,60980,1,2,3,2,2,2,3,4,2,3,1978,2,2
1991,1,60981,1,5,5,2,1,1,3,4,1,3,1972,2,2
1991,2,60981,1,2,2,2,1,1,3,4,2,3,1988,2,2
1991,1,60982,4,2,2,2,1,1,3,4,2,3,1987,1,2
1991,2,60982,6,4,4,2,1,1,3,4,2,3,1987,2,2
1991,1,60983,1,1,1,1,1,1,3,4,2,3,1988,2,2
1991,1,60984,1,5,5,1,1,1,3,4,1,3,1986,2,2
1991,1,60985,7,2,2,2,4,1,3,1,1,3,1980,2,2
1991,2,60985,2,4,4,2,1,1,3,4,2,3,1987,2,2
1991,3,60985,1,2,2,2,1,1,3,4,2,3,1991,2,2
1991,1,60986,6,2,6,2,1,1,3,4,2,3,1989,2,2
1991,1,60987,5,2,2,2,1,2,3,4,2,3,1977,1,2
1991,2,60987,1,2,2,2,1,1,3,4,2,3,1969,2,2
1991,1,60988,2,2,2,2,1,1,3,4,2,3,1979,2,2
1991,2,60988,7,2,3,2,4,1,3,1,2,3,1985,2,2
1991,1,60989,1,5,5,2,1,1,3,4,2,3,1982,2,2
1991,1,60990,1,6,6,2,2,2,3,4,1,3,1973,2,2
1991,2,60990,6,6,6,2,1,1,3,4,2,3,1990,2,2
1991,1,60991,1,2,2,2,1,1,3,4,2,3,1971,1,2
1991,1,60992,7,1,1,2,4,2,3,2,1,3,1989,2,2
1991,1,60993,1,1,1,1,1,1,3,4,2,3,1984,2,2
1991,1,60994,1,2,3,2,1,1,3,4,1,3,1971,2,2
1991,1,60995,2,3,5,2,1,1,3,4,1,3,1986,2,2
1991,1,60996,1,2,2,2,1,1,3,4,2,3,1977,2,2
1991,2,60996,1,2,2,2,2,2,3,4,2,3,1981,2,2
1991,1,60997,1,5,5,1,1,1,3,4,1,3,1977,2,2
1991,1,60998,4,3,3,2,1,1,3,4,2,3,9999,2,2
1991,1,60999,1,2,2,2,1,1,3,4,2,3,1979,2,2
1991,1,61000,7,2,2,2,4,1,3,1,2,3,1974,1,2
1991,1,61001,1,2,2,2,1,1,3,4,2,3,1988,2,2
1991,2,61001,1,3,3,2,1,1,3,4,2,3,1973,2,2
1991,1,61002,1,3,3,2,1,1,3,4,1,3,1975,2,2
1991,2,61002,1,2,2,2,1,1,3,4,2,3,1990,2,2
1991,1,61003,1,2,2,2,3,3,3,4,2,3,1977,2,2
1991,1,61004,1,3,3,2,1,1,3,4,2,3,1988,2,2
1991,2,61004,1,2,3,2,1,1,3,4,2,3,1967,2,2
1991,1,61005,1,3,3,2,1,1,3,4,2,3,1989,2,2
1991,2,61005,7,2,2,2,4,2,3,2,2,3,9999,1,2
1991,1,61006,1,6,2,1,1,1,3,4,1,3,1983,2,2
1991,1,61007,2,5,6,1,1,1,3,4,1,3,1977,2,2
1991,2,61007,1,2,2,2,1,1,3,4,2,3,1978,2,2
1991,1,61008,1,2,2,2,1,1,3,4,2,3,1979,1,2
1991,1,61009,1,2,2,2,1,1,3,4,2,3,1978,2,2
1991,2,61009,1,2,2,2,2,2,3,4,2,3,1974,2,2
1991,3,61009,1,6,6,2,1,1,3,4,2,3,1986,2,2
1991,1,61010,1,7,7,1,1,1,3,4,2,3,1991,2,2
1991,1,61011,7,2,2,2,4,3,3,3,1,3,1985,2,2
1991,1,61012,1,2,2,2,1,1,3,4,2,3,1989,2,2
1991,1,61013,2,4,6,2,2,2,3,4,2,3,1990,2,2
1991,1,61014,1,2,2,2,1,1,3,4,2,3,1985,2,2
1991,1,61015,5,2,2,2,2,2,3,4,2,3,1989,2,2
1991,1,61016,1,2,2,2,1,1,3,4,1,3,1974,2,2
1991,2,61016,1,4,2,2,1,1,3,4,2,3,1986,2,2
1991,3,61016,3,5,5,2,1,1,3,4,2,3,1970,2,2
1991,4,61016,2,4,2,2,1,1,3,4,2,3,1990,2,2
1991,5,61016,1,4,4,2,1,1,3,4,2,3,1980,2,2
1991,6,61016,2,4,4,2,1,1,3,4,2,3,1972,2,2
1991,1,61017,3,1,1,1,1,1,3,4,2,3,1985,2,2
1991,1,61018,7,1,1,2,4,2,3,2,1,3,1986,2,2
1991,1,61019,2,2,2,1,2,2,3,4,1,3,1986,2,2
1991,1,61020,1,2,2,2,1,1,3,4,2,3,1979,2,2
1991,1,61021,3,1,1,1,1,1,3,4,1,3,1986,2,2
1991,1,61022,9,5,6,2,1,1,3,4,2,3,1975,2,2
1991,2,61022,9,2,2,2,1,1,3,4,2,3,1972,2,2
1991,1,61023,1,2,6,2,1,1,3,4,2,3,1987,1,2
1991,2,61023,7,3,3,2,4,2,3,2,2,3,1973,2,2
1991,1,61024,1,3,3,2,2,2,3,4,2,3,1978,2,1
1991,2,61024,1,2,2,2,1,1,3,4,2,3,1983,2,2
1991,1,61025,4,2,2,2,1,1,3,4,2,3,1988,2,2
1991,2,61025,1,2,2,2,2,2,3,4,2,3,1987,2,2
1991,1,61026,1,5,5,2,1,1,3,4,1,3,1984,2,2
1991,1,61027,1,2,2,2,1,1,3,4,1,3,1985,2,2
1991,2,61027,1,4,4,2,3,3,3,4,2,3,1988,2,2
1991,1,61028,2,2,2,2,1,1,3,4,2,3,1985,2,2
1991,2,61028,6,3,3,2,1,1,3,4,2,3,1988,2,2
1991,3,61028,1,2,2,2,1,1,3,4,2,3,1985,2,2
1991,1,61029,2,2,3,2,1,1,3,4,1,3,1986,2,2
1991,1,61030,1,3,3,2,1,1,3,4,1,3,1975,2,2
1991,2,61030,2,2,2,2,1,1,3,4,2,3,1984,2,2
1991,3,61030,2,2,3,2,1,1,3,4,2,3,1980,2,2
1991,1,61031,1,2,2,2,3,3,3,4,1,3,9999,2,2
1991,1,61032,1,2,2,2,3,3,3,4,2,3,9999,2,2
1991,1,61033,1,5,5,2,1,1,3,4,2,3,1986,2,2
1991,2,61033,5,2,2,2,1,1,3,4,1,3,1955,2,2
1991,1,61034,2,2,2,2,2,2,3,4,2,3,1991,2,2
1991,1,61035,1,2,2,2,1,1,3,4,1,3,1978,2,2
1991,2,61035,1,3,3,2,1,1,3,4,2,3,1976,2,2
1991,1,61036,4,1,1,1,2,2,3,4,1,3,1976,2,2
1991,1,61037,4,2,2,2,1,1,3,4,1,3,1980,2,2
1991,2,61037,1,2,2,2,1,1,3,4,2,3,1986,2,2
1991,3,61037,1,4,4,2,3,3,3,4,2,3,1985,2,2
1991,1,61038,2,6,2,2,1,1,3,4,1,3,1990,2,2
1991,1,61039,7,6,2,2,4,2,3,2,1,3,1980,2,2
1991,1,61040,2,2,2,2,2,2,3,4,2,3,1986,2,2
1991,1,61041,1,1,1,1,1,1,3,4,1,3,1981,2,2
1991,1,61042,1,2,2,2,2,2,3,4,2,3,1968,2,2
1991,2,61042,2,2,2,1,2,2,3,4,1,3,1988,2,2
1991,1,61043,1,2,2,2,1,1,3,4,2,3,1988,2,2
1991,2,61043,2,2,2,2,2,2,3,4,2,3,1983,2,2
1991,1,61044,1,5,5,2,3,3,3,4,2,3,1982,2,2
1991,1,61045,1,2,2,2,2,2,3,4,1,3,1979,2,2
1991,1,61046,1,1,1,1,1,1,3,4,2,3,1987,1,2
1991,1,61047,7,2,2,2,4,2,3,2,1,3,1983,2,2
1991,1,61048,1,3,3,2,1,1,3,4,2,3,1987,2,2
1991,2,61048,7,2,2,2,4,2,3,2,1,3,1990,2,2
1991,1,61049,1,2,2,2,1,1,3,4,2,3,1988,2,2
1991,2,61049,6,6,6,2,3,3,3,4,2,3,9999,2,2
1991,1,61050,1,2,2,2,1,1,3,4,2,3,1985,2,2
1991,1,61051,6,2,2,2,1,1,3,4,2,3,1981,2,2
1991,1,61052,1,2,2,2,1,1,3,4,2,3,1988,2,2
1991,1,61053,2,1,1,1,1,1,3,4,2,3,1986,1,2
1991,1,61054,6,2,3,2,1,1,3,4,2,3,1981,2,2
1991,1,61055,1,3,3,1,1,1,3,4,2,3,1988,1,2
1991,2,61055,3,5,5,2,1,1,3,4,2,3,1982,2,2
1991,1,61056,1,2,2,2,1,1,3,4,1,3,1982,2,2
1991,2,61056,8,2,2,2,1,1,3,4,2,1,1990,2,2
1991,1,61057,4,5,5,2,1,1,3,4,2,3,1978,2,2
1991,1,61058,1,5,5,2,2,2,3,4,1,3,1979,2,2
1991,2,61058,1,2,2,2,1,1,3,4,2,3,1986,2,2
1991,1,61059,1,2,2,2,1,1,3,4,2,3,1987,2,2
1991,1,61060,7,3,2,2,4,1,3,1,1,3,1991,2,2
1991,1,61061,1,2,2,2,1,1,3,4,2,3,1973,2,2
1991,1,61062,1,1,1,1,1,1,3,4,1,3,1990,1,2
1991,1,61063,1,2,2,2,3,3,3,4,2,3,9999,2,2
1991,1,61064,1,2,4,1,1,1,3,4,1,3,1989,2,2
1991,1,61065,1,2,2,2,1,1,3,4,2,3,1980,2,2
1991,1,61066,1,3,3,2,1,1,3,4,1,3,1987,2,2
1991,1,61067,1,1,1,1,2,2,3,4,1,3,1981,2,2
1991,1,61068,6,3,3,2,1,1,3,4,2,3,1971,2,2
1991,2,61068,1,2,2,2,1,1,3,4,2,3,1989,2,2
1991,1,61069,1,1,1,1,1,1,3,4,2,3,1978,2,2
1991,1,61070,4,2,2,2,1,1,3,4,2,3,1982,2,2
1991,1,61071,6,3,6,2,1,1,3,4,2,3,1983,2,2
1991,2,61071,2,2,6,2,1,1,3,4,2,3,1989,2,2
1991,1,61072,7,2,2,2,4,1,3,1,2,3,1980,2,2
1991,2,61072,1,5,5,2,1,1,3,4,2,3,1989,2,2
1991,1,61073,1,3,3,2,2,2,3,4,2,3,1978,2,2
1991,2,61073,2,2,2,2,1,1,3,4,2,3,1983,2,2
1991,1,61074,1,2,2,2,2,2,3,4,2,3,1973,2,2
1991,2,61074,1,2,2,2,2,2,3,4,2,3,1976,2,2
1991,1,61075,2,2,2,2,3,3,3,4,2,3,9999,1,2
1991,1,61076,1,2,2,2,1,1,3,4,2,3,1976,2,2
1991,2,61076,7,4,4,2,4,3,3,3,2,3,1984,2,2
1991,1,61077,1,2,2,2,3,3,3,4,2,3,9999,2,2
1991,1,61078,1,2,2,2,1,1,3,4,1,3,1989,2,2
1991,1,61079,1,2,2,2,1,1,3,4,2,3,1986,2,2
1991,2,61079,4,2,2,2,1,1,3,4,2,3,1990,2,2
1991,1,61080,7,6,2,2,4,2,3,2,1,3,1991,2,2
1991,2,61080,1,2,6,2,1,1,3,4,2,3,1988,2,2
1991,1,61081,7,2,2,2,4,1,3,1,2,3,1991,2,2
1991,2,61081,2,2,2,2,1,1,3,4,2,3,1986,2,2
1991,1,61082,2,2,6,1,2,2,3,4,1,3,1980,2,2
1991,1,61083,3,4,4,1,1,1,3,4,1,3,1979,2,2
1991,1,61084,1,1,1,1,1,1,3,4,1,3,1984,2,2
1991,1,61085,7,2,2,2,4,2,3,2,1,3,1984,2,2
1991,2,61085,6,3,6,2,1,1,3,4,2,3,1987,2,2
1991,1,61086,7,2,2,2,4,2,3,2,1,3,1987,2,2
1991,1,61087,1,2,2,2,1,1,3,4,1,3,1984,1,2
1991,2,61087,4,2,2,2,1,1,3,4,2,3,1990,2,2
1991,1,61088,1,2,2,2,1,1,3,4,1,3,1991,1,2
1991,1,61089,1,4,4,2,2,2,3,4,2,3,1979,2,2
1991,2,61089,2,4,4,2,1,1,3,4,2,3,1981,2,2
1991,3,61089,1,2,2,2,1,1,3,4,1,3,1984,2,2
1991,4,61089,1,2,6,2,1,1,3,4,1,3,1989,2,2
1991,5,61089,1,4,4,2,1,1,3,4,2,3,1989,2,2
1991,6,61089,2,2,2,2,1,1,3,4,2,3,1986,2,2
1991,1,61090,1,2,2,2,1,1,3,4,2,3,1989,2,2
1991,1,61091,1,2,2,2,2,2,3,4,2,3,1987,2,2
1991,1,61092,6,4,4,2,1,1,3,4,2,3,1986,2,2
1991,2,61092,6,2,4,2,1,1,3,4,2,3,1984,2,2
1991,3,61092,6,2,4,2,1,1,3,4,2,3,1980,2,2
1991,4,61092,2,4,3,2,1,1,3,4,2,3,1989,2,2
1991,5,61092,6,2,4,2,1,1,3,4,2,3,1988,2,2
1991,6,61092,1,2,4,2,1,1,3,4,2,3,1986,2,2
1991,7,61092,6,2,3,2,1,1,3,4,2,3,1984,2,2
1991,8,61092,6,2,2,2,1,1,3,4,2,3,1987,2,2
1991,9,61092,1,4,4,2,1,1,3,4,2,3,1987,2,2
1991,10,61092,6,2,2,2,3,3,3,4,2,3,1982,2,2
1991,11,61092,1,2,3,2,1,1,3,4,2,3,1978,2,2
1991,1,61093,1,2,2,2,1,1,3,4,1,3,1991,2,2
1991,1,61094,2,2,2,2,1,1,3,4,2,3,1986,2,2
1991,2,61094,1,2,2,2,1,1,3,4,2,3,1966,2,2
1991,1,61095,1,2,2,2,1,1,3,4,1,3,1987,2,2
1991,2,61095,1,2,2,2,1,1,3,4,2,3,1987,2,2
1991,1,61096,1,2,2,2,1,1,3,4,2,3,1989,2,2
1991,1,61097,2,2,2,2,1,1,3,4,2,3,1976,2,2
1991,1,61098,1,2,2,2,3,3,3,4,1,3,9999,2,2
1991,1,61099,1,7,7,2,2,2,3,4,2,3,1982,2,2
1991,1,61100,1,2,2,1,1,1,3,4,2,3,1980,2,2
1991,2,61100,2,4,4,2,2,2,3,4,2,3,1982,2,2
1991,1,61101,1,6,2,2,1,1,3,4,2,3,1986,1,2
1991,1,61102,1,6,2,1,1,1,3,4,2,3,1969,2,1
1991,1,61103,2,6,2,2,1,1,3,4,2,3,1984,2,2
1991,2,61103,1,2,2,2,1,1,3,4,2,3,1989,2,2
1991,1,61104,3,2,2,1,1,1,3,4,1,3,1972,2,2
1991,2,61104,1,2,2,2,1,1,3,4,2,3,1981,2,2
1991,1,61105,1,1,1,1,1,1,3,4,1,3,1987,2,2
1991,1,61106,1,2,2,2,1,1,3,4,1,3,1977,2,2
1991,2,61106,1,2,2,2,1,1,3,4,1,3,1984,2,2
1991,3,61106,1,4,2,2,1,1,3,4,2,3,9999,2,2
1991,4,61106,1,4,5,2,1,1,3,4,2,3,1989,2,2
1991,1,61107,1,2,2,1,1,1,3,4,1,3,1969,2,2
1991,1,61108,1,2,6,1,2,2,3,4,1,3,1986,2,2
1991,1,61109,7,6,2,2,4,2,3,2,1,3,1989,2,2
1991,1,61110,1,2,4,1,2,2,3,4,1,3,1989,2,2
1991,1,61111,1,6,2,1,2,2,3,4,1,3,1975,2,2
1991,1,61112,2,2,2,2,2,2,3,4,1,3,1965,2,2
1991,2,61112,2,2,2,2,1,1,3,4,2,3,1967,2,2
1991,1,61113,6,3,2,2,1,1,3,4,1,3,1986,2,2
1991,2,61113,8,4,4,2,1,1,3,4,2,1,1988,2,2
1991,3,61113,1,2,5,1,1,1,3,4,2,3,1984,2,2
1991,1,61114,2,3,3,2,1,1,3,4,1,3,1987,2,2
1991,1,61115,3,6,6,1,1,1,3,4,2,3,1991,1,2
1991,1,61116,1,2,2,2,3,3,3,4,1,3,9999,2,2
1991,2,61116,1,6,6,2,3,3,3,4,1,3,9999,2,2
1991,3,61116,1,6,6,2,3,3,3,4,1,3,9999,2,2
1991,1,61117,1,5,5,2,1,1,3,4,2,3,1984,1,2
1991,2,61117,4,2,2,2,1,1,3,4,2,3,1990,2,2
1991,1,61118,1,1,1,1,3,3,3,4,2,3,1991,2,2
1991,1,61119,1,2,2,2,3,3,3,4,2,3,1974,2,2
1991,2,61119,2,5,5,1,1,1,3,4,2,3,1977,2,2
1991,1,61120,7,6,2,2,4,2,3,2,1,3,1990,2,2
1991,1,61121,2,2,6,1,3,3,3,4,2,3,1969,2,2
1991,1,61122,1,2,2,1,2,2,3,4,2,3,1966,2,2
1991,1,61123,4,2,2,2,2,2,3,4,1,3,1976,2,2
1991,2,61123,1,2,2,2,1,1,3,4,2,3,1988,2,2
1991,1,61124,6,6,4,2,1,1,3,4,2,3,1991,2,2
1991,2,61124,1,2,6,1,1,1,3,4,2,3,1982,2,2
1991,3,61124,6,2,2,2,1,1,3,4,2,3,1985,2,2
1991,1,61125,2,6,6,2,3,3,3,4,2,3,1979,2,2
1991,1,61126,1,2,2,2,1,1,3,4,2,3,1991,2,2
1991,1,61127,1,2,2,2,3,3,3,4,2,3,9999,1,2
1991,1,61128,7,5,5,2,4,2,3,2,1,3,1987,2,2
1991,1,61129,1,2,2,2,2,2,3,4,2,3,1977,2,2
1991,2,61129,6,5,5,2,2,2,3,4,2,3,1986,2,2
1991,1,61130,1,3,2,2,2,2,3,4,1,3,1986,2,2
1991,1,61131,1,2,2,2,1,1,3,4,2,3,1983,2,2
1991,1,61132,6,5,6,2,1,1,3,4,2,3,1980,2,2
1991,2,61132,1,2,6,2,3,3,3,4,1,3,1980,1,2
1991,1,61133,6,2,2,2,1,1,3,4,2,3,1986,2,2
1991,1,61134,1,2,2,2,3,3,3,4,2,3,9999,2,2
1991,2,61134,1,5,2,2,1,1,3,4,2,3,1978,2,2
1991,1,61135,7,1,1,2,4,1,3,1,1,3,1989,2,2
1991,1,61136,1,1,1,1,1,1,3,4,2,3,1982,2,2
1991,1,61137,1,2,2,2,1,1,3,4,2,3,1970,2,2
1991,2,61137,1,6,6,2,2,2,3,4,2,3,1989,2,2
1991,1,61138,7,6,2,2,4,1,3,1,1,3,1988,2,2
1991,1,61139,1,3,5,2,1,1,3,4,1,3,1990,2,2
1991,1,61140,1,2,2,2,1,1,3,4,1,3,1988,2,2
1991,2,61140,1,2,2,2,3,3,3,4,2,3,1978,2,2
1991,1,61141,1,2,5,1,2,2,3,4,2,3,1981,2,2
1991,1,61142,1,2,2,2,1,1,3,4,2,3,1979,2,1
1991,2,61142,2,5,5,2,2,2,3,4,2,3,1969,2,2
1991,3,61142,1,2,2,2,1,1,3,4,2,3,1980,2,2
1991,1,61143,1,2,2,2,1,1,3,4,2,3,1989,2,2
1991,1,61144,1,5,5,1,2,2,3,4,1,3,1978,2,2
1991,1,61145,7,2,2,2,4,1,3,1,1,3,1990,2,2
1991,2,61145,1,2,2,2,1,1,3,4,2,3,1987,2,2
1991,1,61146,8,3,3,2,1,1,3,4,2,3,1976,2,2
1991,2,61146,7,2,2,2,4,1,3,1,2,3,1981,2,2
1991,1,61147,1,1,1,1,1,1,3,4,2,3,1988,2,2
1991,1,61148,4,2,2,2,1,1,3,4,2,3,1986,2,2
1991,1,61149,1,3,3,2,1,1,3,4,2,3,1973,1,2
1991,2,61149,7,2,2,2,4,2,3,2,2,3,1986,2,2
1991,1,61150,1,2,2,2,1,1,3,4,2,3,1982,2,2
1991,1,61151,2,3,3,2,1,1,3,4,2,3,1972,2,2
1991,2,61151,1,2,2,2,1,1,3,4,2,3,1991,2,2
1991,1,61152,2,2,2,2,1,1,3,4,2,3,1987,2,2
1991,2,61152,4,2,2,1,1,1,3,4,2,3,1985,2,2
1991,1,61153,2,2,2,1,1,1,3,4,1,3,1976,2,2
1991,1,61154,1,1,1,1,1,1,3,4,2,3,1983,2,2
1991,1,61155,1,2,2,2,1,1,3,4,2,3,1987,1,2
1991,2,61155,1,2,2,2,1,1,3,4,2,3,1978,2,2
1991,3,61155,1,2,2,2,1,1,3,4,2,3,1988,2,2
1991,1,61156,2,2,3,1,1,1,3,4,1,3,1986,2,2
1991,1,61157,6,2,2,1,1,1,3,4,2,3,1989,2,2
1991,1,61158,1,2,2,2,1,1,3,4,2,3,1979,1,2
1991,2,61158,1,2,2,2,1,1,3,4,2,3,1989,2,2
1991,1,61159,1,2,2,2,1,1,3,4,2,3,1980,2,2
1991,2,61159,2,5,2,2,1,1,3,4,2,3,1965,2,2
1991,1,61160,3,2,2,1,2,2,3,4,1,3,1977,2,2
1991,1,61161,4,2,2,2,1,1,3,4,2,3,1978,2,2
1991,1,61162,7,2,2,2,4,2,3,2,1,3,1986,2,2
1991,2,61162,1,2,2,2,1,1,3,4,2,3,1990,1,2
1991,1,61163,3,2,2,2,1,1,3,4,2,3,1983,2,2
1991,2,61163,1,5,5,1,1,1,3,4,2,3,1983,2,2
1991,1,61164,7,6,6,2,4,2,3,2,1,3,1985,2,2
1991,1,61165,7,2,2,2,4,2,3,2,1,3,1980,1,2
1991,1,61166,3,1,1,1,1,1,3,4,2,3,1987,2,2
1991,1,61167,2,1,1,1,2,2,3,4,2,3,1973,2,2
1991,1,61168,1,5,3,1,1,1,3,4,1,3,1967,2,2
1991,2,61168,2,4,4,2,1,1,3,4,2,3,1989,2,2
1991,1,61169,1,2,2,2,1,1,3,4,2,3,1988,2,2
1991,1,61170,4,2,2,2,1,1,3,4,2,3,1985,2,2
1991,1,61171,4,2,2,2,1,1,3,4,2,3,1968,2,2
1991,2,61171,1,3,2,2,1,1,3,4,2,3,1985,2,2
1991,1,61172,1,4,6,2,3,3,3,4,2,3,1981,2,2
1991,1,61173,3,1,1,1,1,1,3,4,2,3,1985,2,1
1991,1,61174,2,1,1,1,1,1,3,4,1,3,1990,2,2
1991,1,61175,2,1,1,1,1,1,3,4,2,3,1985,1,2
1991,1,61176,2,2,2,2,1,1,3,4,2,3,1960,2,2
1991,2,61176,7,2,2,2,4,2,3,2,2,3,1984,2,2
1991,1,61177,1,2,2,2,2,2,3,4,1,3,1978,2,2
1991,1,61178,9,2,2,2,3,3,3,4,2,3,9999,2,2
1991,1,61179,1,2,2,2,1,1,3,4,2,3,1987,2,2
1991,1,61180,4,2,2,2,1,1,3,4,2,3,1987,2,2
1991,2,61180,1,6,6,2,1,1,3,4,2,3,1989,2,2
1991,1,61181,1,5,5,2,1,1,3,4,1,3,1986,1,2
1991,2,61181,4,2,2,2,1,1,3,4,2,3,1979,2,2
1991,1,61182,2,2,2,2,2,2,3,4,2,3,1986,2,2
1991,2,61182,1,5,2,2,1,1,3,4,2,3,1989,2,2
1991,3,61182,1,2,2,2,1,1,3,4,2,3,1990,2,2
1991,4,61182,1,2,2,2,1,1,3,4,2,3,1984,2,2
1991,1,61183,2,3,3,2,1,1,3,4,2,3,1985,2,2
1991,1,61184,1,1,1,1,1,1,3,4,2,3,1981,1,1
1991,1,61185,1,2,2,2,2,2,3,4,2,3,1981,2,2
1991,2,61185,1,5,5,2,1,1,3,4,2,3,1987,1,2
1991,1,61186,1,3,3,2,1,1,3,4,1,3,1991,2,2
1991,2,61186,2,2,2,2,1,1,3,4,2,3,1974,2,2
1991,1,61187,1,5,2,2,1,1,3,4,1,3,1988,2,2
1991,2,61187,1,4,4,2,1,1,3,4,2,3,1980,2,2
1991,3,61187,1,4,2,2,1,1,3,4,2,3,1965,2,2
1991,4,61187,1,2,2,2,1,1,3,4,2,3,1975,2,2
1991,5,61187,1,4,2,2,1,1,3,4,2,3,1983,2,2
1991,6,61187,1,4,3,2,1,1,3,4,2,3,1985,2,2
1991,7,61187,1,4,2,2,1,1,3,4,2,3,1982,2,2
1991,8,61187,1,4,4,2,1,1,3,4,2,3,1989,2,2
1991,9,61187,1,4,4,2,1,1,3,4,2,3,1981,2,2
1991,1,61188,2,2,5,2,3,3,3,4,2,3,1974,2,2
1991,2,61188,3,2,6,2,1,1,3,4,2,3,1990,2,2
1991,3,61188,6,2,2,2,1,1,3,4,2,3,1984,2,2
1991,1,61189,1,2,2,2,3,3,3,4,1,3,1988,2,2
1991,1,61190,7,2,2,2,4,2,3,2,1,3,1975,2,2
1991,2,61190,1,4,4,2,3,3,3,4,2,3,1968,2,2
1991,1,61191,3,2,5,2,1,1,3,4,1,3,1991,1,2
1991,2,61191,6,4,4,2,1,1,3,4,2,3,1972,2,2
1991,1,61192,2,4,2,2,1,1,3,4,2,3,1990,2,2
1991,2,61192,1,2,3,2,1,1,3,4,2,3,1990,2,2
1991,3,61192,1,2,5,2,2,2,3,4,2,3,1986,2,2
1991,1,61193,1,2,2,2,1,1,3,4,2,3,1965,2,2
1991,1,61194,1,2,2,2,1,1,3,4,2,3,1986,2,2
1991,1,61195,4,2,2,2,1,1,3,4,2,3,1974,2,2
1991,2,61195,4,2,2,2,1,1,3,4,2,3,1984,2,2
1991,1,61196,2,1,1,1,2,2,3,4,1,3,1987,2,2
1991,1,61197,1,2,2,2,1,1,3,4,2,3,1989,2,2
1991,1,61198,7,5,2,2,4,2,3,2,1,3,1986,2,2
1991,1,61199,1,5,2,1,2,2,3,4,2,3,1978,1,2
1991,1,61200,4,4,4,2,2,2,3,4,2,3,1966,2,2
1991,2,61200,1,2,2,2,2,2,3,4,1,3,1986,1,2
1991,1,61201,1,2,2,2,1,1,3,4,2,3,1983,2,2
1991,2,61201,8,6,6,2,1,1,3,4,2,3,1988,2,2
1991,1,61202,6,2,2,1,1,1,3,4,2,3,1991,2,2
1991,1,61203,2,6,2,2,2,2,3,4,2,3,1987,1,2
1991,1,61204,7,2,2,2,4,2,3,2,1,3,1983,2,2
1991,2,61204,1,4,4,2,1,1,3,4,2,3,1985,2,2
1991,3,61204,4,6,6,2,2,2,3,4,2,3,1989,2,2
1991,1,61205,3,2,2,2,1,1,3,4,1,3,1988,2,2
1991,1,61206,1,2,5,2,3,3,3,4,1,3,1982,2,2
1991,1,61207,2,2,2,2,3,3,3,4,1,3,1976,2,2
1991,2,61207,1,4,5,1,2,2,3,4,2,3,1973,2,2
1991,3,61207,1,2,2,2,1,1,3,4,1,3,1982,2,2
1991,1,61208,1,2,3,2,1,1,3,4,2,3,1985,2,2
1991,2,61208,1,2,2,2,1,1,3,4,2,3,1977,2,2
1991,1,61209,4,2,2,2,1,1,3,4,2,3,1987,2,2
1991,1,61210,2,2,2,1,1,1,3,4,1,3,1986,1,2
1991,1,61211,1,2,2,2,2,2,3,4,2,3,1978,1,2
1991,2,61211,1,3,3,2,1,1,3,4,2,3,1966,2,2
1991,1,61212,1,2,2,1,1,1,3,4,1,3,1975,2,2
1991,1,61213,3,2,3,1,1,1,3,4,2,3,1969,1,2
1991,2,61213,1,2,3,2,1,1,3,4,2,3,1966,2,2
1991,1,61214,1,3,3,2,1,1,3,4,2,3,1985,2,2
1991,1,61215,7,5,5,2,4,2,3,2,1,3,1985,2,2
1991,1,61216,7,2,2,2,4,2,3,2,1,3,1986,2,2
1991,2,61216,1,5,5,2,2,2,3,4,2,3,1984,2,2
1991,1,61217,1,2,2,2,1,1,3,4,2,3,1980,2,2
1991,1,61218,6,2,2,2,1,1,3,4,1,3,1985,2,2
1991,2,61218,1,4,2,2,1,1,3,4,2,3,1979,2,2
1991,3,61218,1,4,4,2,1,1,3,4,2,3,1988,2,2
1991,1,61219,1,2,2,1,1,1,3,4,1,3,1985,2,2
1991,1,61220,1,6,6,1,1,1,3,4,1,3,1983,2,1
1991,1,61221,1,3,3,2,1,1,3,4,2,3,1984,2,2
1991,2,61221,2,2,2,2,1,1,3,4,2,3,1979,2,2
1991,1,61222,7,2,3,2,4,2,3,2,1,3,1985,2,2
1991,1,61223,1,2,5,2,1,1,3,4,2,3,1990,2,2
1991,2,61223,1,2,5,2,1,1,3,4,2,3,1991,2,2
1991,3,61223,9,2,2,2,1,1,3,4,2,3,1988,2,2
1991,1,61224,1,3,3,2,1,1,3,4,2,3,1980,2,2
1991,2,61224,2,2,2,2,1,1,3,4,2,3,1986,2,2
1991,1,61225,2,5,5,2,1,1,3,4,1,3,1979,2,2
1991,2,61225,8,2,2,2,1,1,3,4,2,1,1980,2,2
1991,1,61226,2,2,2,1,2,2,3,4,2,3,1983,2,2
1991,1,61227,8,6,6,2,1,1,3,4,2,3,1988,2,2
1991,1,61228,7,2,2,2,4,2,3,2,1,3,1981,2,2
1991,1,61229,7,3,3,2,4,2,3,2,2,3,1983,2,2
1991,2,61229,1,2,2,2,1,1,3,4,2,3,1980,2,2
1991,1,61230,2,2,3,2,1,1,3,4,2,3,1957,2,2
1991,2,61230,4,2,4,2,1,1,3,4,2,3,1989,2,2
1991,1,61231,2,6,3,1,2,2,3,4,1,3,1979,2,2
1991,1,61232,2,2,2,1,1,1,3,4,1,3,1988,2,2
1991,1,61233,7,2,2,2,4,2,3,2,1,3,1989,2,2
1991,2,61233,2,4,4,2,1,1,3,4,2,3,1988,2,2
1991,1,61234,9,2,2,2,3,3,3,4,2,3,9999,2,2
1991,1,61235,1,2,2,2,3,3,3,4,2,3,1977,2,2
1991,1,61236,1,2,2,2,2,2,3,4,2,3,1982,1,2
1991,1,61237,1,2,2,2,3,3,3,4,2,3,9999,1,2
1991,1,61238,1,2,2,2,1,1,3,4,1,3,1976,2,2
1991,2,61238,2,2,2,2,1,1,3,4,2,3,1986,2,2
1991,1,61239,1,2,2,2,1,1,3,4,2,3,1963,2,2
1991,2,61239,1,2,2,2,3,3,3,4,2,3,1976,2,2
1991,1,61240,6,4,4,1,1,1,3,4,1,3,1974,2,2
1991,1,61241,1,2,2,1,2,2,3,4,1,3,1981,1,2
1991,1,61242,1,2,2,2,1,1,3,4,1,3,1987,2,2
1991,1,61243,1,3,3,2,1,1,3,4,2,3,1986,1,2
1991,2,61243,1,2,2,2,1,1,3,4,2,3,1984,2,2
1991,1,61244,7,2,2,2,4,2,3,2,1,3,1981,1,2
1991,2,61244,2,5,5,1,1,1,3,4,2,3,1990,2,2
1991,1,61245,4,1,1,1,1,1,3,4,1,3,1986,2,1
1991,1,61246,2,7,7,1,1,1,3,4,1,3,1980,2,2
1991,1,61247,1,3,3,2,1,1,3,4,1,3,1989,2,2
1991,2,61247,6,2,2,2,1,1,3,4,2,3,9999,2,2
1991,1,61248,2,1,1,1,2,2,3,4,2,3,1974,2,2
1991,1,61249,1,2,2,2,1,1,3,4,2,3,1976,2,2
1991,2,61249,1,2,2,2,1,1,3,4,2,3,1983,2,2
1991,1,61250,1,2,2,2,1,1,3,4,2,3,1989,2,2
1991,1,61251,7,3,3,2,4,2,3,2,1,3,1983,2,2
1991,1,61252,7,6,2,2,4,2,3,2,1,3,1991,2,2
1991,1,61253,6,4,4,2,1,1,3,4,2,3,1980,2,2
1991,2,61253,1,2,2,2,1,1,3,4,2,3,1979,2,2
1991,1,61254,1,2,2,1,2,2,3,4,2,3,1988,2,2
1991,1,61255,2,2,2,2,1,1,3,4,2,3,1988,1,2
1991,2,61255,1,3,3,2,1,1,3,4,2,3,1990,2,2
1991,1,61256,1,2,3,2,1,1,3,4,1,3,1987,2,2
1991,1,61257,1,2,3,2,1,1,3,4,1,3,1989,2,2
1991,1,61258,1,2,2,2,1,1,3,4,1,3,1983,2,2
1991,1,61259,3,5,5,2,1,1,3,4,2,3,1988,2,2
1991,2,61259,7,2,2,2,4,3,3,3,1,3,1987,2,2
1991,1,61260,1,2,2,2,1,1,3,4,2,3,1985,2,2
1991,2,61260,4,5,5,2,1,1,3,4,2,3,1989,2,2
1991,1,61261,1,2,2,2,1,1,3,4,2,3,1980,1,2
1991,1,61262,7,2,2,2,4,2,3,2,1,3,1981,2,2
1991,1,61263,3,2,2,2,1,1,3,4,2,3,1982,2,2
1991,1,61264,1,2,2,2,2,2,3,4,1,3,1976,2,2
1991,1,61265,6,2,2,2,1,1,3,4,2,3,1976,2,2
1991,2,61265,6,3,3,2,1,1,3,4,2,3,1988,2,2
1991,3,61265,1,3,3,2,1,1,3,4,2,3,1978,2,2
1991,1,61266,1,3,3,2,1,1,3,4,2,3,1984,2,2
1991,1,61267,1,5,5,2,1,1,3,4,2,3,1986,2,2
1991,2,61267,1,2,2,2,3,3,3,4,2,3,1976,2,2
1991,1,61268,1,3,3,2,1,1,3,4,1,3,1971,2,2
1991,1,61269,2,2,5,2,1,1,3,4,1,3,1990,2,2
1991,1,61270,4,2,2,2,1,1,3,4,1,3,1990,2,2
1991,2,61270,6,4,6,2,1,1,3,4,2,3,1990,2,2
1991,1,61271,1,3,2,1,2,2,3,4,2,3,1981,2,2
1991,1,61272,1,2,2,2,1,1,3,4,2,3,1989,1,2
1991,1,61273,1,3,3,2,1,1,3,4,2,3,1979,2,2
1991,2,61273,2,2,2,2,1,1,3,4,2,3,1990,2,2
1991,1,61274,7,2,2,2,4,2,3,2,2,3,1989,2,2
1991,2,61274,1,4,6,2,1,1,3,4,2,3,1991,2,2
1991,1,61275,7,1,1,2,4,2,3,2,2,3,1990,2,2
1991,1,61276,2,6,6,1,2,2,3,4,2,3,1984,2,2
1991,1,61277,1,5,5,1,1,1,3,4,2,3,1979,2,2
1991,1,61278,3,2,2,2,1,1,3,4,2,3,1985,2,2
1991,2,61278,7,2,2,2,4,3,3,3,1,3,1987,2,2
1991,1,61279,2,2,2,2,1,1,3,4,2,3,1989,2,2
1991,1,61280,1,2,2,2,1,1,3,4,2,3,1988,1,2
1991,2,61280,1,2,2,2,1,1,3,4,2,3,1987,2,2
1991,1,61281,8,2,6,2,1,1,3,4,2,1,1987,2,2
1991,1,61282,1,3,3,2,1,1,3,4,2,3,1988,2,2
1991,2,61282,1,2,2,2,2,2,3,4,2,3,1981,2,2
1991,1,61283,1,3,3,2,1,1,3,4,2,3,1979,2,2
1991,2,61283,7,2,2,2,4,1,3,1,2,3,1980,2,2
1991,1,61284,1,3,3,2,2,2,3,4,2,3,1976,2,2
1991,2,61284,6,2,2,2,1,1,3,4,2,3,1979,2,2
1991,1,61285,5,3,3,2,1,1,3,4,2,3,1964,2,2
1991,1,61286,4,2,2,2,1,1,3,4,2,3,1987,2,2
1991,2,61286,1,4,4,2,2,2,3,4,2,3,1982,2,2
1991,3,61286,2,4,4,2,1,1,3,4,2,3,1988,2,2
1991,4,61286,1,4,4,2,1,1,3,4,2,3,1983,2,2
1991,1,61287,1,2,2,2,1,1,3,4,2,3,1983,1,2
1991,2,61287,1,2,2,2,1,1,3,4,2,3,1987,2,2
1991,1,61288,1,2,2,2,1,1,3,4,1,3,1969,2,2
1991,1,61289,1,5,5,2,1,1,3,4,1,3,1990,1,2
1991,2,61289,1,2,2,2,1,1,3,4,2,3,1991,2,2
1991,3,61289,1,2,2,2,1,1,3,4,2,3,1980,2,2
1991,1,61290,1,2,2,2,1,1,3,4,1,3,1982,2,2
1991,1,61291,3,2,2,1,2,2,3,4,2,3,1985,2,1
1991,1,61292,2,2,2,2,1,1,3,4,2,3,1982,2,2
1991,1,61293,3,3,3,2,1,1,3,4,1,3,1984,2,2
1991,1,61294,1,2,2,2,1,1,3,4,2,3,1990,2,2
1991,1,61295,7,3,3,2,4,2,3,2,1,3,1991,2,2
1991,1,61296,9,3,3,2,3,3,3,4,1,3,1987,2,2
1991,1,61297,2,2,2,2,1,1,3,4,2,3,1979,1,2
1991,1,61298,1,3,3,2,1,1,3,4,1,3,1979,2,2
1991,1,61299,1,2,2,2,1,1,3,4,2,3,1990,1,2
1991,2,61299,1,5,5,2,1,1,3,4,2,3,1977,2,2
1991,1,61300,7,2,2,2,4,2,3,2,2,3,1988,1,2
1991,2,61300,1,5,5,2,1,1,3,4,2,3,1988,1,2
1991,1,61301,1,2,2,2,1,1,3,4,2,3,1981,2,2
1991,2,61301,1,5,5,2,1,1,3,4,2,3,1989,2,2
1991,3,61301,4,2,2,2,1,1,3,4,2,2,1986,2,2
1991,1,61302,1,2,6,1,1,1,3,4,2,3,1982,2,1
1991,1,61303,7,2,6,2,4,2,3,2,2,3,1980,2,2
1991,2,61303,1,6,6,2,3,3,3,4,1,3,1974,2,2
1991,1,61304,1,2,6,2,1,1,3,4,2,3,1982,2,1
1991,1,61305,2,2,2,2,1,1,3,4,1,3,1990,2,2
1991,2,61305,1,3,3,2,1,1,3,4,2,3,1984,2,2
1991,3,61305,1,2,2,2,1,1,3,4,2,3,1980,2,2
1991,4,61305,1,2,2,2,1,1,3,4,2,3,1991,2,2
1991,1,61306,1,1,1,1,1,1,3,4,1,3,1991,2,2
1991,1,61307,7,6,2,2,4,3,3,3,1,3,1986,2,2
1991,1,61308,1,2,2,1,1,1,3,4,2,3,1983,2,2
1991,1,61309,1,2,2,2,1,1,3,4,2,3,1991,2,2
1991,2,61309,7,3,3,2,4,2,3,2,2,3,1986,2,2
1991,1,61310,1,2,2,2,1,1,3,4,1,3,1989,2,2
1991,1,61311,1,2,2,1,1,1,3,4,2,3,1987,2,1
1991,1,61312,3,1,1,1,1,1,3,4,2,3,1988,2,2
1991,1,61313,6,2,2,2,1,1,3,4,2,3,1983,2,2
1991,2,61313,2,2,2,2,1,1,3,4,2,3,1964,1,2
1991,1,61314,1,2,6,2,3,3,3,4,2,3,9999,2,2
1991,1,61315,1,2,2,1,2,2,3,4,2,3,1978,2,2
1991,1,61316,2,6,6,1,1,1,3,4,2,3,1967,2,2
1991,1,61317,1,5,5,2,1,1,3,4,2,3,1985,1,2
1991,2,61317,2,2,2,2,1,1,3,4,2,3,1990,2,2
1991,1,61318,2,2,2,2,2,2,3,4,2,3,1967,2,2
1991,1,61319,1,2,2,2,3,3,3,4,1,3,1989,2,2
1991,1,61320,2,2,2,2,1,1,3,4,2,3,1990,2,2
1991,1,61321,1,2,2,2,2,2,3,4,1,3,1987,2,2
1991,1,61322,9,2,2,2,3,3,3,4,2,3,9999,2,2
1991,1,61323,6,1,1,1,1,1,3,4,1,3,1987,2,2
1991,1,61324,4,2,2,2,1,1,3,4,2,3,1983,2,2
1991,1,61325,2,2,2,2,1,1,3,4,2,3,1986,2,2
1991,2,61325,1,5,3,2,1,1,3,4,2,3,1987,2,2
1991,1,61326,1,5,5,2,2,2,3,4,2,3,1980,1,2
1991,2,61326,2,2,2,2,1,1,3,4,2,3,1973,1,2
1991,3,61326,1,2,2,2,1,1,3,4,2,3,1968,2,2
1991,1,61327,1,6,2,1,3,3,3,4,1,3,1978,2,2
1991,1,61328,7,6,2,2,4,1,3,1,1,3,1988,2,2
1991,1,61329,1,2,3,2,1,1,3,4,2,3,1987,1,2
1991,2,61329,7,2,2,2,4,2,3,2,2,3,1985,2,2
1991,1,61330,1,2,2,2,1,1,3,4,2,3,1967,2,2
1991,2,61330,7,2,2,2,4,2,3,2,2,3,1982,2,2
1991,1,61331,1,2,2,1,2,2,3,4,1,3,1989,2,2
1991,1,61332,1,5,5,1,1,1,3,4,1,3,1979,2,2
1991,1,61333,1,6,2,2,2,2,3,4,2,3,1984,2,2
1991,1,61334,1,1,1,1,1,1,3,4,1,3,1988,2,2
1991,1,61335,2,1,1,1,1,1,3,4,2,3,1950,2,2
1991,1,61336,1,2,2,2,1,1,3,4,1,3,1990,2,2
1991,2,61336,1,2,2,2,1,1,3,4,2,3,1987,2,2
1991,1,61337,1,2,2,2,1,1,3,4,2,3,1982,2,2
1991,1,61338,1,2,2,2,1,1,3,4,2,3,1986,2,2
1991,1,61339,4,5,6,2,1,1,3,4,2,3,1983,2,2
1991,1,61340,2,2,2,1,1,1,3,4,2,3,1990,2,2
1991,2,61340,3,3,3,2,2,2,3,4,2,3,1983,2,2
1991,1,61341,1,6,3,2,1,1,3,4,1,3,1987,2,2
1991,2,61341,3,2,6,2,1,1,3,4,2,3,1981,2,2
1991,1,61342,1,2,3,2,1,1,3,4,2,3,1990,2,1
1991,1,61343,1,3,3,2,1,1,3,4,2,3,1986,2,2
1991,1,61344,3,2,2,2,1,1,3,4,1,3,1979,2,2
1991,1,61345,1,2,2,1,1,1,3,4,1,3,1977,2,2
1991,1,61346,1,2,2,2,2,2,3,4,1,3,1972,2,2
1991,2,61346,1,5,5,2,1,1,3,4,2,3,1986,2,2
1991,1,61347,1,2,2,2,1,1,3,4,2,3,1978,2,2
1991,1,61348,2,2,2,2,1,1,3,4,2,3,1986,2,2
1991,2,61348,2,2,2,2,1,1,3,4,2,3,1982,2,2
1991,3,61348,2,2,2,2,1,1,3,4,2,3,1987,2,2
1991,1,61349,1,2,2,2,1,1,3,4,2,3,1988,2,2
1991,1,61350,1,2,2,2,1,1,3,4,2,3,1984,2,2
1991,1,61351,2,2,2,2,2,2,3,4,2,3,1990,2,2
1991,1,61352,1,2,3,2,1,1,3,4,2,3,1985,2,2
1991,1,61353,1,2,2,2,1,1,3,4,2,3,1968,2,2
1991,1,61354,1,2,2,2,2,2,3,4,2,3,1979,2,2
1991,1,61355,6,1,1,1,1,2,3,4,1,3,1973,2,2
1991,1,61356,7,2,2,2,4,2,3,2,1,3,1987,2,2
1991,2,61356,1,5,5,2,1,1,3,4,2,3,1979,2,2
1991,1,61357,4,2,6,2,1,1,3,4,2,3,1979,2,2
1991,1,61358,1,2,2,1,1,1,3,4,2,3,1975,2,2
1991,2,61358,1,2,2,2,1,1,3,4,2,3,1984,2,2
1991,1,61359,1,2,2,2,1,1,3,4,2,3,1979,2,2
1991,1,61360,1,2,2,2,1,1,3,4,2,3,1986,1,2
1991,1,61361,1,5,2,2,1,1,3,4,1,3,1965,2,2
1991,2,61361,3,2,2,2,1,1,3,4,2,3,1981,2,2
1991,1,61362,1,2,3,2,2,2,3,4,2,3,1969,2,2
1991,2,61362,7,3,3,2,4,1,3,1,2,3,1986,2,2
1991,1,61363,1,2,3,2,1,1,3,4,2,3,1977,2,2
1991,2,61363,1,2,2,2,1,1,3,4,2,3,1985,2,2
1991,3,61363,1,4,4,2,1,1,3,4,2,3,1981,2,2
1991,4,61363,3,4,4,2,2,2,3,4,2,3,1989,2,2
1991,1,61364,1,2,2,2,3,3,3,4,2,3,9999,2,2
1991,2,61364,1,6,6,2,1,1,3,4,2,3,1970,2,2
1991,1,61365,1,3,3,1,3,3,3,4,2,3,1984,2,2
1991,2,61365,7,2,2,2,4,2,3,2,1,3,1965,2,2
1991,3,61365,7,2,2,2,4,2,3,2,1,3,1987,2,2
1991,1,61366,2,2,2,2,2,2,3,4,1,3,1990,2,2
1991,2,61366,1,5,5,2,1,1,3,4,2,3,1987,2,2
1991,1,61367,1,2,2,2,1,1,3,4,2,3,1991,2,2
1991,1,61368,1,5,5,2,2,2,3,4,1,3,1985,2,2
1991,1,61369,1,1,1,2,1,1,3,4,2,3,1977,1,2
1991,1,61370,9,2,2,2,1,2,3,4,2,3,1991,1,2
1991,1,61371,1,5,5,1,1,1,3,4,1,3,1985,1,2
1991,2,61371,4,2,2,2,1,1,3,4,2,3,1990,2,2
1991,1,61372,7,2,2,2,4,2,3,2,1,3,1978,2,2
1991,2,61372,1,6,6,2,3,3,3,4,2,3,9999,2,2
1991,1,61373,1,3,5,1,2,2,3,4,1,3,1991,2,2
1991,1,61374,1,2,2,2,2,2,3,4,2,3,1973,2,2
1991,2,61374,1,2,2,2,2,2,3,4,2,3,1978,2,2
1991,1,61375,1,5,5,2,1,1,3,4,1,3,1990,2,2
1991,1,61376,1,3,3,1,1,1,3,4,1,3,1987,2,2
1991,1,61377,9,2,2,2,3,3,3,4,2,3,9999,2,2
1991,1,61378,6,4,4,2,1,1,3,4,2,3,1986,2,2
1991,2,61378,6,2,2,2,1,1,3,4,1,3,1988,2,2
1991,1,61379,2,1,1,1,1,1,3,4,2,3,1975,2,2
1991,1,61380,2,5,5,2,3,3,3,4,2,3,1973,2,2
1991,2,61380,1,2,2,2,1,1,3,4,2,3,1984,2,2
1991,1,61381,2,1,1,1,1,1,3,4,1,3,1972,2,2
1991,1,61382,1,3,3,1,1,1,3,4,2,3,1987,2,2
1991,1,61383,1,2,2,2,1,1,3,4,1,3,1977,2,2
1991,2,61383,2,2,2,2,1,1,3,4,2,3,1989,2,2
1991,1,61384,1,2,2,2,2,2,3,4,2,3,1972,2,2
1991,1,61385,1,2,2,2,1,1,3,4,2,3,1972,2,1
1991,2,61385,1,2,2,2,1,1,3,4,2,3,1983,2,2
1991,1,61386,1,2,2,2,1,1,3,4,1,3,1971,2,2
1991,1,61387,5,1,1,1,2,2,3,4,2,3,1973,1,2
1991,1,61388,1,2,2,2,3,3,3,4,2,3,9999,2,2
1991,1,61389,2,2,2,1,2,2,3,4,1,3,1991,2,2
1991,2,61389,1,4,4,2,1,1,3,4,2,3,1978,2,2
1991,1,61390,1,2,2,2,1,1,3,4,2,3,1986,2,2
1991,2,61390,2,2,2,1,1,1,3,4,2,3,1990,2,2
1991,3,61390,1,2,2,2,1,1,3,4,2,3,1988,2,2
1991,4,61390,1,5,5,2,2,2,3,4,2,3,1991,2,2
1991,1,61391,2,1,1,2,1,1,3,4,2,3,1977,2,2
1991,1,61392,1,6,3,1,1,1,3,4,1,3,1987,2,2
1991,1,61393,4,2,2,2,1,1,3,4,2,3,1987,1,2
1991,2,61393,4,3,3,1,3,3,3,4,2,3,1974,2,2
1991,1,61394,1,1,1,1,2,2,3,4,2,3,1991,1,2
1991,1,61395,1,3,3,2,1,1,3,4,2,3,1983,2,2
1991,2,61395,2,2,2,2,1,1,3,4,2,3,1989,2,2
1991,1,61396,1,3,3,2,2,2,3,4,1,3,1979,2,2
1991,1,61397,7,2,2,2,4,2,3,2,1,3,1973,2,2
1991,1,61398,1,4,4,2,1,1,3,4,2,3,1989,2,2
1991,2,61398,4,3,3,2,1,1,3,4,2,3,1977,2,2
1991,3,61398,1,2,2,2,2,2,3,4,1,3,1984,2,2
1991,1,61399,7,2,2,2,4,2,3,2,1,3,1983,2,2
1991,1,61400,5,2,2,2,1,1,3,4,2,3,1979,2,2
1991,1,61401,1,1,1,1,1,1,3,4,2,3,1984,2,2
1991,1,61402,1,2,2,2,1,1,3,4,2,3,1985,2,2
1991,1,61403,2,2,2,2,1,1,3,4,1,3,1980,2,2
1991,2,61403,3,4,4,2,1,1,3,4,2,3,1985,2,2
1991,3,61403,1,2,2,2,1,1,3,4,2,3,1987,2,2
1991,1,61404,1,3,3,2,1,1,3,4,2,3,1985,2,2
1991,2,61404,1,2,2,2,1,1,3,4,1,3,1991,2,2
1991,1,61405,7,2,2,2,4,1,3,1,1,3,1986,2,2
1991,2,61405,3,5,5,2,1,1,3,4,2,3,1984,2,2
1991,3,61405,1,2,2,2,1,1,3,4,2,3,1981,2,2
1991,1,61406,2,2,2,2,2,2,3,4,2,3,1972,2,2
1991,2,61406,1,5,5,2,1,1,3,4,2,3,1991,2,2
1991,1,61407,1,3,5,2,1,1,3,4,2,3,1989,2,2
1991,2,61407,1,2,2,2,1,1,3,4,2,3,1985,2,2
1991,3,61407,8,2,2,2,1,1,3,4,2,3,1985,2,2
1991,1,61408,4,2,2,2,1,1,3,4,2,3,1985,2,2
1991,2,61408,1,5,5,2,2,2,3,4,2,3,1986,2,2
1991,3,61408,1,5,5,2,2,2,3,4,2,3,1989,2,2
1991,1,61409,1,5,5,2,3,3,3,4,1,3,1987,2,2
1991,1,61410,1,1,1,2,1,1,3,4,2,3,1981,2,2
1991,1,61411,1,7,7,1,3,3,3,4,1,3,1970,2,2
1991,1,61412,1,2,2,2,3,3,3,4,1,3,1983,2,2
1991,1,61413,9,1,1,1,1,1,3,4,1,3,1986,2,2
1991,1,61414,1,2,2,2,1,1,3,4,2,3,1989,2,2
1991,1,61415,3,1,1,1,1,1,3,4,1,3,1974,2,2
1991,1,61416,1,6,6,1,1,1,3,4,1,3,1978,2,2
1991,1,61417,2,2,2,2,1,1,3,4,2,3,1976,2,2
1991,1,61418,9,2,2,2,3,3,3,4,2,3,9999,2,2
1991,1,61419,1,2,6,1,1,1,3,4,1,3,1991,2,2
1991,1,61420,2,3,3,1,1,1,3,4,2,3,1979,2,2
1991,1,61421,4,6,5,1,1,1,3,4,2,3,1981,2,2
1991,1,61422,2,2,2,2,1,1,3,4,2,3,1983,2,2
1991,1,61423,1,1,1,1,2,2,3,4,2,3,1989,2,2
1991,1,61424,1,2,5,2,2,2,3,4,2,3,1973,1,2
1991,2,61424,6,2,2,2,1,1,3,4,2,3,1974,2,2
1991,1,61425,1,2,2,2,2,2,3,4,1,3,1982,1,2
1991,2,61425,1,4,2,2,1,1,3,4,2,3,1978,2,2
1991,3,61425,4,4,4,2,1,1,3,4,2,3,1985,2,2
1991,1,61426,7,2,2,2,4,2,3,2,1,3,1986,2,2
1991,1,61427,1,2,2,2,2,2,3,4,2,3,1986,2,2
1991,2,61427,6,2,6,1,1,1,3,4,2,3,1977,2,2
1991,1,61428,1,5,2,2,2,2,3,4,1,3,1990,1,2
1991,2,61428,1,2,3,2,2,2,3,4,2,3,1974,2,2
1991,1,61429,1,6,2,1,2,2,3,4,1,3,1968,2,2
1991,1,61430,2,1,1,1,2,2,3,4,1,3,1972,2,2
1991,1,61431,1,5,2,2,1,1,3,4,2,3,1964,1,2
1991,2,61431,1,2,2,2,1,1,3,4,2,3,1979,2,2
1991,3,61431,6,2,2,1,1,1,3,4,2,3,1978,2,2
1991,1,61432,1,2,2,2,1,1,3,4,2,3,1978,2,2
1991,2,61432,1,2,2,2,1,1,3,4,1,3,1991,2,2
1991,1,61433,1,2,2,2,1,1,3,4,1,3,1991,2,2
1991,2,61433,1,5,5,2,1,1,3,4,2,3,1986,2,2
1991,1,61434,1,2,6,2,3,3,3,4,2,3,9999,2,2
1991,2,61434,1,2,6,2,1,1,3,4,2,3,1976,2,2
1991,1,61435,1,5,5,2,1,1,3,4,2,3,1990,1,2
1991,2,61435,1,2,2,2,2,2,3,4,2,3,1980,2,2
1991,1,61436,1,5,5,2,1,1,3,4,1,3,1977,2,2
1991,2,61436,6,2,3,2,1,1,3,4,2,3,1988,2,2
1991,1,61437,1,3,3,2,1,1,3,4,2,3,1976,1,2
1991,2,61437,2,2,2,2,2,2,3,4,2,3,1957,2,2
1991,1,61438,1,2,2,2,3,3,3,4,1,3,1980,2,2
1991,2,61438,6,2,2,2,1,1,3,4,2,3,1990,2,2
1991,1,61439,7,2,2,2,4,2,3,2,2,3,1984,2,2
1991,2,61439,6,2,3,2,2,2,3,4,1,3,1987,2,2
1991,1,61440,1,2,2,2,2,2,3,4,2,3,1971,2,2
1991,2,61440,1,3,3,2,2,2,3,4,2,3,1976,2,2
1991,1,61441,1,2,3,2,1,1,3,4,2,3,1990,1,2
1991,1,61442,1,2,3,2,1,1,3,4,1,3,1989,2,2
1991,1,61443,2,1,1,1,1,1,3,4,1,3,1985,2,2
1991,1,61444,3,2,3,1,1,1,3,4,1,3,1973,2,2
1991,1,61445,1,2,6,2,2,2,3,4,2,3,1983,2,2
1991,1,61446,1,2,2,2,1,1,3,4,2,3,1980,2,2
1991,1,61447,1,2,2,2,2,2,3,4,2,3,1977,2,2
1991,2,61447,1,2,2,2,1,1,3,4,2,3,1979,2,2
1991,1,61448,1,2,2,2,1,1,3,4,1,3,1991,2,2
1991,1,61449,1,4,5,1,1,1,3,4,2,3,1983,2,2
1991,1,61450,7,5,3,2,4,2,3,2,1,3,1986,2,2
1991,1,61451,1,3,2,2,1,1,3,4,2,3,1985,1,2
1991,2,61451,2,2,2,2,1,1,3,4,2,3,1974,2,2
1991,3,61451,1,2,2,2,1,1,3,4,2,3,1981,2,2
1991,1,61452,1,6,6,1,1,1,3,4,1,3,1980,2,2
1991,1,61453,2,2,2,1,1,1,3,4,1,3,1975,1,2
1991,1,61454,1,2,2,2,2,2,3,4,1,3,1990,2,2
1991,2,61454,1,4,4,2,1,1,3,4,1,3,1981,1,2
1991,1,61455,1,2,3,2,1,1,3,4,2,3,1990,2,1
1991,1,61456,1,3,2,2,1,1,3,4,1,3,1964,2,2
1991,1,61457,1,1,1,1,1,1,3,4,2,3,1976,2,2
1991,1,61458,1,1,1,1,1,1,3,4,1,3,1988,1,2
1991,1,61459,1,2,2,2,1,1,3,4,2,3,1989,2,2
1991,1,61460,2,5,3,2,2,2,3,4,2,3,1985,1,2
1991,2,61460,1,2,3,2,1,1,3,4,2,3,1981,2,2
1991,3,61460,9,2,5,2,1,1,3,4,2,3,1988,2,2
1991,1,61461,9,2,2,2,3,3,3,4,1,3,9999,2,2
1991,1,61462,2,1,1,1,2,2,3,4,2,3,1977,2,2
1991,1,61463,1,3,3,2,1,1,3,4,2,3,1984,2,2
1991,2,61463,1,2,2,2,1,1,3,4,2,3,1986,2,2
1991,1,61464,7,2,3,2,4,2,3,2,1,3,1991,2,2
1991,2,61464,1,4,4,2,1,1,3,4,2,3,1987,2,2
1991,3,61464,6,4,4,2,1,1,3,4,2,3,1988,2,2
1991,1,61465,4,1,1,1,1,1,3,4,2,3,1978,2,2
1991,1,61466,9,3,4,2,2,2,3,4,2,3,1972,2,2
1991,2,61466,7,2,2,2,4,2,3,2,2,3,1985,2,2
1991,1,61467,4,1,1,1,1,1,3,4,2,3,1977,2,2
1991,1,61468,1,6,6,2,2,2,3,4,1,3,1978,2,2
1991,1,61469,1,2,2,2,2,2,3,4,1,3,1987,1,2
1991,2,61469,9,5,5,2,1,1,3,4,2,3,1985,2,2
1991,1,61470,2,1,1,1,1,1,3,4,2,3,1987,1,2
1991,1,61471,1,1,1,1,1,1,3,4,2,3,1989,2,2
1991,1,61472,7,6,2,2,4,2,3,2,1,3,1991,2,2
1991,1,61473,1,6,2,1,1,1,3,4,1,3,1983,2,2
1991,1,61474,1,2,2,2,1,1,3,4,2,3,1984,2,2
1991,1,61475,2,2,2,2,2,2,3,4,2,3,1988,2,2
1991,1,61476,1,2,2,2,2,2,3,4,2,3,1976,1,2
1991,2,61476,1,2,2,2,2,2,3,4,2,3,1988,2,2
1991,1,61477,1,6,2,1,1,1,3,4,1,3,1991,2,2
1991,1,61478,1,6,6,1,3,3,3,4,2,3,1990,2,2
1991,1,61479,1,3,4,2,1,1,3,4,2,3,1980,1,2
1991,2,61479,1,2,2,2,1,1,3,4,2,3,1984,2,2
1991,1,61480,6,4,4,1,1,1,3,4,2,3,1985,2,2
1991,2,61480,2,6,6,2,1,1,3,4,2,3,1988,2,2
1991,3,61480,1,5,5,2,1,1,3,4,2,3,1985,2,2
1991,1,61481,1,3,3,2,2,2,3,4,1,3,1979,1,2
1991,2,61481,1,2,2,2,1,1,3,4,2,3,1988,2,2
1991,1,61482,7,2,2,2,4,2,3,2,2,3,1991,1,2
1991,2,61482,1,2,2,2,1,1,3,4,2,3,1962,2,2
1991,1,61483,1,5,5,2,1,1,3,4,1,3,1984,2,2
1991,1,61484,1,2,2,2,1,1,3,4,2,3,1977,2,2
1991,1,61485,3,2,2,2,1,1,3,4,1,3,1984,1,2
1991,2,61485,8,2,2,2,1,1,3,4,2,3,1981,2,2
1991,1,61486,1,2,2,2,1,1,3,4,2,3,1984,2,2
1991,1,61487,1,2,2,2,1,1,3,4,2,3,1991,2,2
1991,1,61488,1,2,3,2,1,1,3,4,2,3,1988,2,2
1991,1,61489,1,4,5,2,1,1,3,4,1,3,1975,2,2
1991,2,61489,1,2,2,2,1,1,3,4,1,3,1960,2,2
1991,1,61490,1,2,5,2,1,1,3,4,2,3,1990,2,2
1991,2,61490,1,2,2,2,1,1,3,4,1,3,1984,2,2
1991,1,61491,2,2,2,2,1,1,3,4,1,3,1985,2,2
1991,1,61492,9,7,7,2,3,3,3,4,2,3,9999,2,2
1991,2,61492,1,2,2,2,1,1,3,4,2,3,1984,2,2
1991,1,61493,4,2,2,2,2,2,3,4,2,3,1974,2,2
1991,1,61494,6,5,5,2,1,1,3,4,2,3,1979,2,1
1991,2,61494,2,3,3,1,1,1,3,4,2,3,1973,2,2
1991,1,61495,7,2,2,2,4,2,3,2,1,3,1985,2,2
1991,2,61495,5,3,3,2,1,1,3,4,2,3,1988,2,2
1991,1,61496,3,2,2,2,1,1,3,4,1,3,1990,1,2
1991,2,61496,6,4,4,2,3,3,3,4,2,3,1985,2,2
1991,3,61496,1,5,4,1,2,2,3,4,2,3,1976,2,2
1991,4,61496,1,3,3,2,1,1,3,4,2,3,9999,2,2
1991,5,61496,1,3,3,2,1,1,3,4,2,3,1991,2,2
1991,6,61496,2,4,4,2,1,1,3,4,2,3,1987,2,2
1991,7,61496,6,2,2,2,1,1,3,4,1,3,1978,2,2
1991,8,61496,1,3,3,2,1,1,3,4,2,3,1990,2,2
1991,9,61496,2,4,5,2,1,1,3,4,2,3,1987,2,2
1991,1,61497,1,2,6,1,2,2,3,4,2,3,1981,2,2
1991,1,61498,7,2,2,2,4,2,3,2,2,3,1983,2,2
1991,2,61498,3,7,7,2,3,3,3,4,2,3,9999,2,2
1991,1,61499,1,2,2,2,1,1,3,4,1,3,1982,2,2
1991,2,61499,1,4,2,2,1,1,3,4,2,3,1991,2,2
1991,3,61499,3,4,2,2,1,1,3,4,2,3,1983,2,2
1991,4,61499,1,4,4,2,1,1,3,4,2,3,1985,2,2
1991,1,61500,6,2,5,2,1,1,3,4,2,3,1984,2,2
1991,2,61500,1,5,5,1,1,1,3,4,2,3,1986,2,2
1991,3,61500,2,2,5,2,1,1,3,4,2,3,1980,2,2
1991,4,61500,1,3,2,1,1,1,3,4,2,3,1986,2,2
1991,1,61501,3,2,6,2,1,1,3,4,2,3,1972,1,2
1991,2,61501,1,2,2,2,1,1,3,4,2,3,1980,2,2
1991,1,61502,1,1,1,1,2,2,3,4,2,3,1989,2,2
1991,1,61503,1,2,2,2,2,2,3,4,2,3,1981,2,2
1991,1,61504,1,6,5,2,3,3,3,4,2,3,1931,2,2
1991,1,61505,1,2,2,2,1,1,3,4,1,3,1980,2,2
1991,1,61506,1,2,2,2,3,3,3,4,1,3,9999,2,2
1991,1,61507,1,2,2,2,1,1,3,4,2,3,1986,2,2
1991,1,61508,1,2,5,2,2,2,3,4,1,3,1978,2,2
1991,1,61509,1,2,2,2,1,1,3,4,2,3,1981,2,2
1991,1,61510,4,2,2,2,1,1,3,4,2,3,1977,2,2
1991,1,61511,6,2,3,1,1,1,3,4,2,3,1991,2,2
1991,2,61511,2,4,5,2,2,2,3,4,2,3,1981,2,2
1991,3,61511,7,2,2,2,4,1,3,1,2,3,1986,2,2
1991,4,61511,2,4,4,2,1,1,3,4,2,3,1988,2,2
1991,1,61512,7,6,6,2,4,2,3,2,1,3,1991,2,2
1991,1,61513,7,5,5,2,4,2,3,2,1,3,1982,2,2
1991,2,61513,1,4,4,2,1,1,3,4,2,3,1989,2,2
1991,1,61514,1,5,4,2,1,1,3,4,2,3,1991,2,2
1991,2,61514,6,4,4,2,1,1,3,4,2,3,1991,2,2
1991,1,61515,2,2,2,1,1,1,3,4,1,3,1991,2,2
1991,2,61515,1,3,3,2,1,1,3,4,2,3,1986,2,2
1991,1,61516,2,2,2,2,2,2,3,4,1,3,1977,2,2
1991,1,61517,1,2,2,2,3,3,3,4,2,3,1988,2,2
1991,1,61518,1,2,2,2,1,1,3,4,2,3,1969,2,2
1991,1,61519,1,6,2,2,1,1,3,4,1,3,1990,2,2
1991,1,61520,2,6,6,1,1,1,3,4,1,3,1984,2,2
1991,1,61521,3,1,1,1,1,1,3,4,2,3,1989,2,2
1991,1,61522,2,5,5,2,1,1,3,4,2,3,1990,2,2
1991,2,61522,2,2,4,1,2,2,3,4,2,3,1985,2,2
1991,3,61522,2,2,2,2,1,1,3,4,2,3,1991,2,2
1991,1,61523,1,4,2,1,1,1,3,4,1,3,1989,2,2
1991,2,61523,1,4,5,2,1,1,3,4,2,3,1986,2,2
1991,1,61524,1,2,2,2,1,1,3,4,2,3,1981,2,2
1991,1,61525,1,1,1,1,2,2,3,4,1,3,1988,2,2
1991,1,61526,1,1,1,1,1,1,3,4,1,3,1986,2,2
1991,1,61527,1,1,1,1,1,1,3,4,2,3,1977,2,2
1991,1,61528,2,2,2,2,1,1,3,4,2,3,1982,2,1
1991,2,61528,3,2,2,2,1,1,3,4,2,3,1990,2,2
1991,1,61529,2,6,6,1,1,1,3,4,2,3,1978,2,2
1991,1,61530,7,2,2,2,4,1,3,1,2,3,1980,2,2
1991,1,61531,2,2,2,1,1,1,3,4,1,3,1987,2,2
1991,2,61531,7,2,2,2,4,2,3,2,2,3,1984,2,2
1991,1,61532,1,3,3,2,1,1,3,4,2,3,1981,2,2
1991,2,61532,2,2,2,2,1,1,3,4,2,3,1982,2,2
1991,1,61533,7,2,2,2,4,1,3,1,1,3,1990,2,2
1991,2,61533,1,4,4,2,1,1,3,4,2,3,1985,2,2
1991,1,61534,2,6,5,2,1,1,3,4,1,3,1990,1,2
1991,1,61536,1,2,2,2,1,1,3,4,2,3,1984,2,2
1991,2,61536,1,2,2,2,1,1,3,4,2,3,1990,2,2
1991,1,61537,2,2,2,2,1,1,3,4,2,3,1983,1,1
1991,1,61538,7,2,2,2,4,2,3,2,1,3,1984,2,2
1991,1,61539,4,2,2,2,1,1,3,4,1,3,1980,1,2
1991,2,61539,1,4,4,2,1,1,3,4,2,3,1971,2,2
1991,1,61540,1,2,2,2,3,3,3,4,1,3,1978,2,2
1991,2,61540,1,4,4,2,1,1,3,4,2,3,1989,2,2
1991,3,61540,1,2,2,2,1,1,3,4,2,3,1960,2,2
1991,1,61541,1,2,2,2,1,1,3,4,2,3,1988,2,2
1991,1,61542,2,2,2,2,1,1,3,4,1,3,1988,2,2
1991,2,61542,1,2,2,2,1,1,3,4,2,3,1991,2,2
1991,1,61543,1,1,1,1,3,3,3,4,1,3,1987,2,2
1991,1,61544,7,2,2,2,4,2,3,2,1,3,1983,2,2
1991,2,61544,2,2,2,2,1,1,3,4,2,3,1977,2,2
1991,1,61545,1,5,5,2,1,1,3,4,1,3,1991,2,2
1991,1,61546,1,2,2,2,3,3,3,4,2,3,9999,2,2
1991,1,61547,1,6,6,1,1,1,3,4,1,3,1970,2,2
1991,1,61548,1,2,2,1,1,1,3,4,2,3,1979,2,2
1991,2,61548,4,2,2,2,1,1,3,4,2,3,1987,2,2
1991,1,61549,7,2,2,2,4,1,3,1,2,3,1978,2,2
1991,2,61549,2,3,3,2,1,1,3,4,2,3,1978,2,2
1991,1,61550,1,6,6,1,2,2,3,4,1,3,1984,2,2
1991,1,61551,1,2,2,2,3,3,3,4,2,3,1991,2,2
1991,2,61551,1,2,2,2,1,1,3,4,2,3,1966,2,2
1991,1,61552,1,2,2,1,2,2,3,4,2,3,1983,2,2
1991,2,61552,1,2,2,2,1,1,3,4,2,3,1977,2,2
1991,1,61553,1,5,5,2,1,1,3,4,2,3,1972,2,2
1991,2,61553,2,2,3,2,1,1,3,4,2,3,1985,2,2
1991,1,61554,1,5,3,2,3,3,3,4,2,3,1978,2,2
1991,2,61554,1,5,5,2,1,1,3,4,2,3,1969,2,2
1991,3,61554,1,2,2,2,1,1,3,4,2,3,1986,2,2
1991,1,61555,2,2,5,2,1,1,3,4,2,3,1988,2,1
1991,2,61555,1,2,5,2,2,2,3,4,2,3,1975,2,2
1991,1,61556,2,1,1,1,1,1,3,4,1,3,1978,2,2
1991,1,61557,2,2,2,2,1,1,3,4,2,3,1991,2,2
1991,2,61557,1,3,3,2,1,1,3,4,2,3,1971,2,2
1991,3,61557,1,4,2,2,1,1,3,4,2,3,1985,2,2
1991,1,61558,6,3,3,2,1,1,3,4,2,3,1979,2,2
1991,1,61559,1,2,2,2,1,1,3,4,1,3,1987,1,2
1991,2,61559,1,4,4,2,1,1,3,4,2,3,1981,2,2
1991,3,61559,1,2,2,2,1,1,3,4,2,3,1987,2,2
1991,1,61560,7,2,2,2,4,2,3,2,1,3,1988,1,2
1991,2,61560,1,2,3,2,1,1,3,4,2,3,1979,2,2
1991,3,61560,1,2,2,2,1,1,3,4,2,3,1986,2,2
1991,1,61561,4,7,7,1,1,1,3,4,1,3,1991,2,2
1991,2,61561,1,2,5,2,1,1,3,4,2,3,1988,2,2
1991,1,61562,1,2,2,2,2,2,3,4,2,3,1982,2,2
1991,1,61563,1,7,7,1,1,1,3,4,2,3,1991,2,2
1991,1,61564,2,3,3,2,1,1,3,4,2,3,1985,2,2
1991,2,61564,6,6,6,2,2,2,3,4,2,3,1974,2,2
1991,1,61565,2,2,2,2,1,1,3,4,1,3,1974,2,2
1991,1,61566,1,2,2,1,1,1,3,4,2,3,1984,2,2
1991,1,61567,4,4,4,2,1,1,3,4,2,3,1991,2,2
1991,2,61567,2,2,2,2,1,1,3,4,1,3,1988,1,2
1991,1,61568,2,2,5,2,1,1,3,4,2,3,1983,2,2
1991,2,61568,1,2,5,2,1,1,3,4,2,3,1985,2,2
1991,1,61569,4,2,2,2,1,1,3,4,2,3,1990,2,2
1991,2,61569,1,5,5,2,1,1,3,4,2,3,1991,2,2
1991,1,61570,1,2,2,2,1,1,3,4,2,3,1979,1,2
1991,1,61571,7,2,2,2,4,1,3,1,1,3,1990,1,2
1991,1,61572,1,2,2,2,1,1,3,4,2,3,1980,2,2
1991,2,61572,1,2,2,2,2,2,3,4,2,3,1976,2,2
1991,1,61573,4,2,3,2,1,1,3,4,2,3,1973,2,2
1991,1,61574,6,2,2,2,1,1,3,4,2,3,1991,2,1
1991,1,61575,9,2,2,2,3,3,3,4,2,3,9999,1,2
1991,1,61576,1,2,3,2,1,1,3,4,2,3,1988,1,2
1991,2,61576,2,2,2,2,1,1,3,4,2,3,1985,2,2
1991,1,61577,2,2,3,2,1,1,3,4,2,3,1987,1,2
1991,1,61578,3,7,7,1,1,1,3,4,1,3,1989,2,2
1991,1,61579,2,2,2,2,1,1,3,4,2,3,1985,2,2
1991,1,61580,1,5,2,2,1,1,3,4,1,3,1988,2,2
1991,1,61581,7,3,3,2,4,1,3,1,2,3,1990,2,2
1991,1,61582,9,2,5,2,1,1,3,4,2,3,1990,1,2
1991,2,61582,1,2,2,2,1,1,3,4,2,3,1985,2,2
1991,1,61583,1,1,1,1,1,1,3,4,1,3,1968,2,2
1991,1,61584,2,6,6,1,1,1,3,4,2,3,1983,2,2
1991,1,61585,7,5,5,2,4,2,3,2,2,3,1965,2,2
1991,2,61585,1,2,2,2,1,1,3,4,1,3,1986,2,2
1991,1,61586,2,2,2,1,3,3,3,4,2,3,1974,1,2
1991,2,61586,1,3,3,2,1,1,3,4,2,3,1988,2,2
1991,1,61587,1,2,2,2,1,1,3,4,2,3,1978,2,2
1991,2,61587,7,5,5,2,4,1,3,1,2,3,1949,2,2
1991,1,61588,7,2,5,2,4,2,3,2,2,3,9999,1,2
1991,2,61588,1,2,5,2,1,1,3,4,2,3,1986,2,2
1991,1,61589,4,2,2,2,1,1,3,4,2,3,1988,2,2
1991,1,61590,1,2,2,2,1,1,3,4,2,3,1982,2,2
1991,1,61591,7,2,2,2,4,1,3,1,1,3,1989,2,2
1991,2,61591,1,2,3,2,1,1,3,4,2,3,1988,2,2
1991,1,61592,2,1,1,1,1,1,3,4,2,3,1991,2,2
1991,1,61593,7,3,3,2,4,1,3,1,2,3,1989,2,2
1991,1,61594,2,2,2,1,3,3,3,4,1,3,1975,2,2
1991,1,61595,4,2,5,2,1,1,3,4,1,3,1983,2,2
1991,2,61595,1,5,5,2,1,1,3,4,2,3,1990,2,2
1991,1,61596,1,6,6,1,1,1,3,4,2,3,1988,2,2
1991,1,61597,4,2,2,2,1,1,3,4,2,3,1978,2,2
1991,1,61598,7,2,2,2,4,1,3,1,2,3,1989,2,2
1991,1,61599,2,7,7,1,2,2,3,4,2,3,1991,2,2
1991,1,61600,1,1,1,1,1,1,3,4,2,3,1990,2,2
1991,1,61601,3,2,2,2,1,1,3,4,2,3,1983,2,2
1991,1,61602,1,6,6,1,1,1,3,4,1,3,1989,2,2
1991,1,61603,1,2,5,2,1,1,3,4,2,3,1984,2,1
1991,1,61604,7,2,2,2,4,2,3,2,2,3,1972,2,2
1991,1,61605,2,2,2,1,2,2,3,4,1,3,1987,2,2
1991,1,61606,1,2,3,2,1,1,3,4,2,3,1990,1,2
1991,1,61607,2,1,1,1,1,1,3,4,2,3,1989,1,2
1991,1,61608,1,2,2,2,1,1,3,4,2,3,1990,2,1
1991,2,61608,6,2,5,2,1,1,3,4,2,3,1987,2,2
1991,1,61609,1,6,4,1,1,1,3,4,1,3,1988,2,2
1991,1,61610,1,2,5,2,2,2,3,4,2,3,1964,2,2
1991,2,61610,2,3,3,2,3,3,3,4,2,3,9999,2,2
1991,1,61611,1,2,3,2,1,1,3,4,2,3,1990,2,1
1991,1,61612,2,2,5,2,1,1,3,4,2,3,1988,2,2
1991,2,61612,2,3,2,2,1,1,3,4,2,3,1987,2,2
1991,3,61612,1,5,5,2,1,1,3,4,2,3,1989,2,2
1991,1,61613,1,1,1,1,2,2,3,4,1,3,1983,2,2
1991,1,61614,2,2,2,2,1,1,3,4,2,3,1977,2,2
1991,1,61615,2,2,5,2,1,1,3,4,2,3,1991,2,2
1991,2,61615,7,2,2,2,4,1,3,1,2,3,1982,2,2
1991,1,61616,1,2,3,1,3,3,3,4,2,3,1982,2,2
1991,1,61617,1,2,2,2,2,2,3,4,2,3,1977,2,2
1991,1,61618,1,2,3,2,1,1,3,4,2,3,1988,2,2
1991,1,61619,1,5,5,2,2,2,3,4,2,3,1971,1,2
1991,1,61620,1,2,3,1,1,1,3,4,1,3,1991,1,2
1991,1,61621,1,4,6,2,3,3,3,4,1,3,1980,2,2
1991,2,61621,8,2,2,2,1,1,3,4,2,3,1975,2,2
1991,1,61622,1,5,5,2,1,1,3,4,2,3,1976,2,2
1991,2,61622,1,2,2,2,1,1,3,4,2,3,1990,2,2
1991,1,61623,6,2,2,2,1,1,3,4,2,3,1985,2,2
1991,1,61624,1,2,2,2,2,2,3,4,2,3,1973,2,2
1991,1,61625,1,4,2,1,1,1,3,4,1,3,1984,1,2
1991,1,61626,7,1,1,2,4,2,3,2,1,3,1982,2,2
1991,1,61627,1,7,7,1,1,1,3,4,1,3,1989,2,2
1991,1,61628,1,2,3,2,1,1,3,4,2,3,1980,2,2
1991,1,61629,1,2,2,2,1,1,3,4,2,3,1987,1,2
1991,2,61629,7,2,2,2,4,1,3,1,2,3,1974,2,2
1991,1,61630,1,2,2,2,1,1,3,4,2,3,1984,1,2
1991,1,61631,4,1,1,2,1,1,3,4,2,3,1991,2,2
1991,1,61632,7,2,2,2,4,1,3,1,1,3,1986,2,2
1991,1,61633,2,2,2,2,2,2,3,4,1,3,1973,2,2
1991,1,61634,1,6,3,2,1,1,3,4,1,3,1969,2,2
1991,1,61635,1,2,2,2,1,1,3,4,1,3,1978,2,2
1991,1,61636,7,3,3,2,4,1,3,1,2,3,1983,2,2
1991,1,61637,1,2,2,2,1,1,3,4,2,3,1970,2,2
1991,2,61637,1,5,3,2,1,1,3,4,2,3,1987,2,2
1991,1,61638,3,7,7,1,1,1,3,4,2,3,1984,2,2
1991,1,61639,1,2,2,2,1,1,3,4,2,3,1987,2,2
1991,2,61639,1,4,2,1,1,1,3,4,2,3,1989,2,2
1991,3,61639,3,2,2,1,1,1,3,4,2,3,1984,2,2
1991,1,61640,2,2,2,2,3,3,3,4,2,3,9999,2,2
1991,1,61641,1,2,2,2,1,1,3,4,2,3,1985,2,2
1991,1,61642,1,2,2,2,1,1,3,4,2,3,1990,2,2
1991,2,61642,2,3,3,1,1,1,3,4,2,3,1988,2,2
1991,1,61643,1,5,5,2,1,1,3,4,1,3,1984,2,2
1991,2,61643,6,2,2,2,1,1,3,4,2,3,1985,2,2
1991,1,61644,1,3,3,2,2,2,3,4,1,3,1991,2,2
1991,1,61645,1,2,2,1,2,2,3,4,1,3,1984,1,2
1991,1,61646,3,1,1,1,1,1,3,4,1,3,1968,2,2
1991,1,61647,1,1,1,1,1,1,3,4,1,3,1976,2,2
1991,1,61648,1,2,2,2,1,1,3,4,2,3,1970,2,2
1991,1,61649,1,2,3,2,2,2,3,4,2,3,1980,2,2
1991,2,61649,2,2,2,2,1,1,3,4,2,3,1986,2,2
1991,1,61650,1,2,2,2,1,1,3,4,2,3,1980,2,2
1991,1,61651,1,6,5,2,1,1,3,4,2,3,1988,2,2
1991,2,61651,9,2,2,2,3,3,3,4,2,3,9999,2,2
1991,1,61652,1,5,5,2,1,1,3,4,2,3,1989,2,2
1991,2,61652,4,2,2,2,1,1,3,4,2,3,1985,2,2
1991,1,61653,6,4,4,2,1,1,3,4,2,3,1986,2,2
1991,2,61653,1,2,2,2,1,1,3,4,1,3,1991,1,2
1991,1,61654,1,2,5,2,2,2,3,4,1,3,1984,2,2
1991,2,61654,6,5,5,2,1,1,3,4,2,3,1989,2,2
1991,1,61655,1,2,2,2,1,1,3,4,2,3,1991,2,2
1991,1,61656,2,2,2,1,2,2,3,4,1,3,1986,2,2
1991,2,61656,1,4,2,2,1,1,3,4,2,3,1982,2,2
1991,1,61657,7,5,5,2,4,1,3,1,1,3,1989,2,2
1991,1,61658,7,2,2,2,4,2,3,2,1,3,1990,2,2
1991,1,61659,4,1,1,1,1,1,3,4,2,3,1989,2,2
1991,1,61660,1,3,3,1,1,1,3,4,1,3,1978,2,1
1991,1,61661,6,3,3,2,1,1,3,4,2,3,1984,1,2
1991,2,61661,2,2,2,2,1,1,3,4,2,3,1991,1,2
1991,3,61661,1,2,2,2,1,1,3,4,2,3,1986,2,2
1991,1,61662,6,3,6,1,1,1,3,4,1,3,1977,2,2
1991,1,61663,2,2,2,2,1,1,3,4,2,3,1968,2,2
1991,1,61664,1,4,2,2,1,1,3,4,1,3,1986,2,2
1991,2,61664,2,4,4,2,1,1,3,4,2,3,1988,2,2
1991,1,61665,4,2,2,2,1,1,3,4,1,3,1989,1,2
1991,1,61666,1,2,2,2,1,1,3,4,2,3,1984,2,2
1991,1,61667,4,2,2,2,1,1,3,4,2,3,1975,2,2
1991,1,61668,2,2,2,1,1,1,3,4,1,3,1991,1,2
1991,2,61668,6,2,2,2,1,1,3,4,2,3,1990,2,2
1991,1,61669,5,2,6,2,1,1,3,4,2,3,1984,2,2
1991,1,61670,1,2,2,2,1,1,3,4,2,3,1983,2,2
1991,2,61670,1,2,2,2,1,1,3,4,2,3,1990,2,2
1991,1,61671,7,2,2,2,4,1,3,1,1,3,1990,1,2
1991,1,61672,2,6,6,1,1,1,3,4,2,3,1983,1,2
1991,1,61673,1,3,3,2,2,2,3,4,2,3,1979,2,2
1991,1,61674,1,1,1,1,1,1,3,4,2,3,1980,2,2
1991,1,61675,1,5,5,2,2,2,3,4,2,3,1976,2,2
1991,2,61675,3,2,2,2,1,1,3,4,2,3,1984,2,2
1991,1,61676,1,1,1,1,3,3,3,4,2,3,1982,2,2
1991,1,61677,1,3,3,1,1,1,3,4,2,3,1991,1,2
1991,1,61678,1,5,5,2,2,2,3,4,2,3,1978,1,2
1991,2,61678,2,2,2,2,1,1,3,4,2,3,1990,2,2
1991,1,61679,2,2,2,2,1,1,3,4,1,3,1977,1,2
1991,2,61679,1,2,2,2,1,1,3,4,2,3,1987,2,2
1991,1,61680,4,6,3,1,2,2,3,4,2,3,1973,2,2
1991,2,61680,1,2,2,2,1,1,3,4,2,3,1987,2,2
1991,1,61681,1,2,2,2,1,1,3,4,1,3,1987,2,2
1991,2,61681,1,3,2,1,2,2,3,4,2,3,1980,2,2
1991,3,61681,5,5,2,2,2,2,3,4,2,3,1964,2,2
1991,1,61682,1,1,1,1,2,2,3,4,2,3,1974,2,2
1991,1,61683,1,2,2,1,1,1,3,4,1,3,1964,2,2
1991,1,61684,4,2,2,2,1,1,3,4,2,3,1976,1,2
1991,2,61684,1,5,5,2,1,1,3,4,2,3,1988,2,2
1991,1,61685,7,2,2,2,4,2,3,2,2,3,1977,2,2
1991,2,61685,1,2,2,2,1,1,3,4,2,3,1990,2,2
1991,1,61686,1,5,2,2,1,1,3,4,2,3,1989,1,2
1991,2,61686,1,5,5,2,1,1,3,4,2,3,1986,2,2
1991,3,61686,2,2,2,1,1,1,3,4,2,3,1990,2,2
1991,1,61687,2,2,2,2,3,3,3,4,1,3,9999,2,2
1991,1,61688,6,5,6,2,1,1,3,4,2,3,1988,1,2
1991,2,61688,1,2,6,2,1,1,3,4,1,3,1991,2,2
1991,3,61688,1,2,2,2,2,2,3,4,1,3,1991,2,2
1991,1,61689,3,2,2,2,1,1,3,4,1,3,1972,2,2
1991,1,61690,7,6,2,2,4,2,3,2,1,3,1990,2,2
1991,1,61691,1,2,2,2,1,1,3,4,1,3,1978,2,2
1991,1,61692,1,2,6,2,1,1,3,4,2,3,1990,2,2
1991,1,61693,4,2,2,2,1,1,3,4,2,3,1991,2,2
1991,2,61693,1,2,2,2,1,1,3,4,2,3,1989,2,2
1991,1,61694,3,5,5,2,1,1,3,4,2,3,1990,2,2
1991,2,61694,1,2,2,2,1,1,3,4,2,3,1989,2,2
1991,1,61695,4,3,3,2,1,1,3,4,2,3,1975,2,2
1991,1,61696,1,1,1,1,1,1,3,4,1,3,1977,2,2
1991,1,61697,2,2,2,2,2,2,3,4,2,3,1981,2,2
1991,1,61698,2,2,2,1,1,1,3,4,1,3,1984,2,2
1991,1,61699,1,4,4,2,1,1,3,4,2,3,1988,2,2
1991,2,61699,1,4,4,2,1,1,3,4,2,3,1980,2,2
1991,3,61699,6,2,2,2,1,1,3,4,1,3,1986,2,2
1991,4,61699,2,2,2,2,1,1,3,4,2,3,1949,2,2
1991,5,61699,1,2,2,2,1,1,3,4,2,3,1985,2,2
1991,6,61699,1,5,5,2,1,1,3,4,2,3,1988,2,2
1991,1,61700,1,2,2,2,2,2,3,4,2,3,1973,2,2
1991,2,61700,1,5,5,2,1,1,3,4,2,3,1985,2,2
1991,1,61701,1,5,5,2,1,1,3,4,2,3,1978,2,1
1991,1,61702,7,1,1,2,4,2,3,2,2,3,1976,2,2
1991,1,61703,1,2,2,2,2,2,3,4,1,3,1979,2,2
1991,2,61703,1,5,5,2,1,1,3,4,2,3,1979,2,2
1991,1,61704,1,3,3,2,1,1,3,4,1,3,1970,2,2
1991,1,61705,1,3,3,2,2,2,3,4,2,3,1983,1,2
1991,2,61705,2,2,2,2,2,2,3,4,2,3,1967,2,2
1991,1,61706,2,2,2,2,1,1,3,4,2,3,1972,2,2
1991,1,61707,1,2,2,2,1,1,3,4,1,3,1987,1,2
1991,2,61707,1,2,2,2,1,1,3,4,2,3,1987,2,2
1991,1,61708,1,2,2,2,2,2,3,4,1,3,1978,2,2
1991,2,61708,1,2,2,2,1,1,3,4,2,3,1987,2,2
1991,1,61709,9,2,6,2,1,1,3,4,2,3,1986,2,2
1991,1,61710,3,3,3,1,2,2,3,4,2,3,1988,2,2
1991,2,61710,1,2,2,2,1,1,3,4,2,3,1987,2,2
1991,3,61710,4,2,2,2,1,1,3,4,2,3,1985,2,2
1991,1,61711,1,2,2,2,2,2,3,4,2,3,1978,1,2
1991,1,61712,6,3,3,2,1,1,3,4,2,3,1982,2,2
1991,1,61713,1,2,2,1,1,1,3,4,1,3,1967,2,2
1991,1,61714,1,2,2,2,1,1,3,4,2,3,1977,2,2
1991,1,61715,1,2,2,2,2,2,3,4,2,3,1988,2,2
1991,2,61715,1,2,2,2,1,1,3,4,2,3,1984,2,2
1991,1,61716,2,2,3,2,1,1,3,4,2,3,1991,2,2
1991,1,61717,7,3,2,2,4,1,3,1,1,3,1985,2,2
1991,1,61718,3,2,2,2,3,3,3,4,2,3,1987,2,2
1991,2,61718,1,5,5,2,1,1,3,4,2,3,1986,2,2
1991,1,61719,2,2,2,2,1,1,3,4,2,3,1981,2,2
1991,2,61719,1,2,2,2,1,1,3,4,2,3,1980,2,2
1991,1,61720,9,2,2,2,3,3,3,4,2,3,9999,2,2
1991,1,61721,1,2,5,1,2,2,3,4,2,3,1986,2,2
1991,1,61722,1,2,2,2,2,2,3,4,2,3,1985,2,2
1991,1,61723,2,2,2,2,1,1,3,4,1,3,1988,2,2
1991,1,61724,1,4,4,2,1,1,3,4,2,3,1981,2,2
1991,2,61724,7,2,2,2,4,2,3,2,2,3,1982,2,2
1991,1,61725,1,6,4,2,2,2,3,4,1,3,1990,2,2
1991,1,61726,1,2,2,2,1,1,3,4,2,3,1978,2,2
1991,2,61726,1,2,2,2,1,1,3,4,2,3,1986,2,2
1991,1,61727,2,4,5,2,1,1,3,4,1,3,1989,2,2
1991,1,61728,1,3,5,2,1,1,3,4,1,3,1988,2,2
1991,1,61729,1,5,5,2,1,1,3,4,2,3,1981,2,2
1991,1,61730,1,2,2,2,1,1,3,4,2,3,1988,2,2
1991,1,61731,4,2,2,2,2,2,3,4,2,3,1981,1,2
1991,2,61731,1,3,3,1,1,1,3,4,2,3,1989,2,2
1991,1,61732,1,2,2,2,1,1,3,4,2,3,1980,2,2
1991,1,61733,2,2,2,2,2,2,3,4,1,3,1974,1,2
1991,2,61733,1,4,2,2,1,1,3,4,2,3,1989,2,2
1991,3,61733,1,2,2,2,1,1,3,4,2,3,1972,2,2
1991,1,61734,1,7,7,2,2,2,3,4,1,3,1981,2,2
1991,2,61734,1,7,7,2,2,2,3,4,1,3,1979,2,2
1991,3,61734,1,7,7,2,2,2,3,4,2,3,1980,2,2
1991,1,61735,1,2,2,2,1,1,3,4,1,3,1984,2,2
1991,2,61735,7,5,5,2,4,2,3,2,2,3,1980,2,2
1991,1,61736,1,2,2,2,1,1,3,4,1,3,1968,2,2
1991,2,61736,1,5,5,1,1,1,3,4,2,3,1974,2,2
1991,1,61737,1,2,2,2,1,1,3,4,2,3,1973,2,2
1991,2,61737,5,2,2,2,2,2,3,4,2,3,1987,2,2
1991,1,61738,1,5,5,2,2,2,3,4,2,3,1985,2,2
1991,1,61739,7,1,1,2,4,2,3,2,1,3,1986,2,2
1991,1,61740,1,2,2,2,1,1,3,4,2,3,1985,2,2
1991,1,61741,1,5,5,2,1,1,3,4,1,3,1971,2,2
1991,2,61741,1,2,2,2,1,1,3,4,2,3,1984,2,2
1991,1,61742,1,6,6,2,1,1,3,4,2,3,1982,2,2
1991,1,61743,1,5,5,1,1,1,3,4,1,3,1991,2,2
1991,1,61744,2,3,2,2,1,1,3,4,1,3,1990,2,2
1991,1,61745,2,2,3,2,1,1,3,4,2,3,1978,2,2
1991,2,61745,1,2,2,2,1,1,3,4,1,3,1988,2,2
1991,1,61746,2,2,2,2,1,1,3,4,1,3,1990,2,2
1991,1,61747,1,3,2,2,2,2,3,4,2,3,1991,1,2
1991,2,61747,1,2,2,2,1,1,3,4,2,3,1986,2,2
1991,3,61747,2,2,2,2,1,1,3,4,2,3,1987,2,2
1991,1,61748,1,2,2,2,2,2,3,4,2,3,1979,1,2
1991,2,61748,1,5,5,2,1,1,3,4,2,3,1978,2,2
1991,1,61749,1,5,5,2,1,1,3,4,1,3,1988,2,2
1991,2,61749,1,3,3,1,1,1,3,4,1,3,1977,2,2
1991,1,61750,7,2,2,2,4,2,3,2,2,3,1985,2,2
1991,2,61750,1,2,3,2,1,1,3,4,2,3,1990,2,2
1991,1,61751,7,6,6,2,4,2,3,2,2,3,1981,2,2
1991,1,61752,7,2,2,2,4,1,3,1,1,3,1982,2,2
1991,1,61753,7,7,7,2,4,1,3,1,1,3,1984,2,2
1991,1,61754,2,6,6,2,1,1,3,4,2,3,1991,2,2
1991,1,61755,1,2,2,2,1,1,3,4,2,3,1978,2,1
1991,2,61755,6,5,6,2,1,1,3,4,2,3,1989,2,2
1991,1,61756,1,6,6,1,1,1,3,4,1,3,1977,2,2
1991,1,61757,1,2,2,1,1,1,3,4,2,3,1991,2,2
1991,1,61758,7,2,2,2,4,1,3,1,2,3,1985,2,2
1991,2,61758,1,2,2,2,2,2,3,4,2,3,1978,2,2
1991,1,61759,7,2,2,2,4,1,3,1,1,3,1990,2,2
1991,2,61759,2,2,6,2,1,1,3,4,2,3,1982,2,2
1991,1,61760,2,2,2,2,1,1,3,4,1,3,1989,2,2
1991,2,61760,2,2,2,2,1,1,3,4,2,3,1983,2,2
1991,1,61761,1,7,7,1,1,1,3,4,1,3,1988,2,2
1991,1,61762,6,2,6,1,1,1,3,4,1,3,1989,2,2
1991,1,61763,1,2,2,2,1,1,3,4,2,3,1985,2,2
1991,1,61764,3,2,2,2,1,1,3,4,2,3,1985,2,2
1991,1,61765,1,6,5,2,1,1,3,4,1,3,1990,2,2
1991,1,61766,1,2,5,2,1,1,3,4,1,3,1986,2,2
1991,1,61767,1,1,1,1,2,2,3,4,1,3,1973,2,2
1991,1,61768,6,6,3,2,1,1,3,4,2,3,1984,2,2
1991,1,61769,7,2,2,2,4,1,3,1,1,3,1985,2,2
1991,1,61770,7,2,2,2,4,2,3,2,1,3,1989,2,2
1991,1,61771,1,5,5,2,2,2,3,4,1,3,1985,2,2
1991,2,61771,1,2,2,2,1,1,3,4,2,3,1985,2,2
1991,1,61772,4,2,2,2,1,1,3,4,2,3,1978,2,2
1991,1,61773,6,7,7,1,1,1,3,4,1,3,1979,2,2
1991,1,61774,1,2,2,2,1,1,3,4,2,3,1971,2,2
1991,1,61775,1,2,2,2,1,1,3,4,2,3,1964,2,2
1991,1,61776,1,2,2,2,1,1,3,4,2,3,1985,2,1
1991,1,61777,4,5,5,2,1,1,3,4,2,3,1978,2,2
1991,2,61777,2,2,2,2,1,1,3,4,1,3,1988,2,2
1991,1,61778,1,2,2,2,1,1,3,4,1,3,1968,2,2
1991,2,61778,1,2,2,2,1,1,3,4,2,3,1991,2,2
1991,1,61779,2,2,2,2,1,1,3,4,2,3,1981,2,2
1991,2,61779,1,4,3,2,1,1,3,4,2,3,1991,2,2
1991,3,61779,1,2,2,2,1,1,3,4,2,3,1990,2,2
1991,1,61780,2,1,1,1,1,1,3,4,2,3,1983,2,2
1991,1,61781,1,6,3,1,1,1,3,4,2,3,1977,2,2
1991,1,61782,1,3,3,2,1,1,3,4,1,3,1985,2,2
1991,2,61782,4,2,2,1,1,1,3,4,2,3,1979,2,2
1991,1,61783,1,2,5,2,1,1,3,4,1,3,1986,2,2
1991,2,61783,1,5,5,2,1,1,3,4,2,3,1988,2,2
1991,1,61784,2,2,2,2,3,3,3,4,1,3,1973,2,2
1991,2,61784,1,3,3,2,1,1,3,4,2,3,1970,2,2
1991,1,61785,1,2,2,2,1,1,3,4,1,3,1987,2,2
1991,2,61785,9,4,4,2,1,1,3,4,2,3,1973,2,2
1991,1,61786,7,1,1,2,4,2,3,2,2,3,1977,1,2
1991,1,61787,7,6,6,2,4,1,3,1,1,3,1988,2,2
1991,1,61788,9,5,5,2,1,1,3,4,2,3,1973,2,2
1991,2,61788,9,2,4,2,1,1,3,4,2,3,1988,2,2
1991,3,61788,2,2,2,2,1,1,3,4,2,3,1988,2,2
1991,1,61789,1,6,2,2,2,2,3,4,1,3,1983,2,2
1991,1,61790,1,1,1,1,2,2,3,4,1,3,1982,2,2
1991,1,61791,1,5,5,1,1,1,3,4,1,3,1985,2,2
1991,1,61792,1,7,7,2,1,1,3,4,1,3,1978,2,2
1991,1,61793,9,2,2,2,3,3,3,4,2,3,1980,1,2
1991,2,61793,6,5,5,2,1,1,3,4,2,3,1974,2,2
1991,1,61794,1,2,2,2,3,3,3,4,1,3,1973,2,2
1991,1,61795,2,3,3,2,1,1,3,4,2,3,1981,2,2
1991,2,61795,7,2,2,2,4,2,3,2,2,3,1986,2,2
1991,3,61795,7,2,2,2,4,2,3,2,2,3,1989,2,2
1991,1,61796,4,2,2,2,1,1,3,4,1,3,1991,1,2
1991,2,61796,2,4,4,2,1,1,3,4,2,3,1970,2,2
1991,1,61797,1,2,2,2,1,1,3,4,2,3,1981,2,2
1991,2,61797,1,2,2,2,1,1,3,4,2,3,1988,2,2
1991,1,61798,9,1,1,1,2,2,3,4,2,3,1971,2,2
1991,1,61799,4,2,2,1,1,1,3,4,1,3,1991,2,1
1991,1,61800,1,2,2,2,1,1,3,4,1,3,1976,2,2
1991,2,61800,3,2,2,2,1,1,3,4,2,3,1990,2,2
1991,1,61801,6,5,2,2,1,1,3,4,2,3,1988,2,2
1991,2,61801,1,3,6,2,1,1,3,4,2,3,1986,2,2
1991,1,61802,2,2,2,2,2,2,3,4,2,3,9999,1,2
1991,2,61802,8,2,2,2,1,1,3,4,2,1,1978,2,2
1991,1,61803,1,2,2,2,2,2,3,4,1,3,1982,2,2
1991,1,61804,6,6,6,2,1,1,3,4,2,3,1989,2,1
1991,2,61804,7,2,2,2,4,1,3,1,2,3,1989,2,2
1991,1,61805,1,5,5,2,1,1,3,4,2,3,1971,1,2
1991,2,61805,2,2,2,2,1,1,3,4,2,3,1983,2,2
1991,1,61806,2,3,3,2,2,2,3,4,1,3,1980,1,2
1991,2,61806,3,6,6,2,1,1,3,4,2,3,1987,2,2
1991,1,61807,2,2,2,2,1,1,3,4,2,3,1984,2,2
1991,1,61808,7,2,2,2,4,2,3,2,2,3,1982,2,2
1991,1,61809,1,2,2,2,1,1,3,4,2,3,1987,2,2
1991,2,61809,1,2,2,2,1,1,3,4,2,3,1979,2,2
1991,3,61809,1,5,5,2,2,2,3,4,2,3,1982,2,2
1991,1,61810,1,1,1,1,2,2,3,4,1,3,1971,2,2
1991,1,61811,2,2,2,2,2,2,3,4,2,3,1986,2,2
1991,2,61811,2,2,2,1,1,1,3,4,2,3,1982,2,2
1991,1,61812,6,6,6,2,1,1,3,4,2,3,1989,2,2
1991,2,61812,1,4,4,2,1,1,3,4,2,3,1987,2,2
1991,3,61812,1,2,2,2,1,1,3,4,1,3,1989,1,2
1991,1,61813,6,7,7,1,1,1,3,4,2,3,1986,2,2
1991,1,61814,1,2,2,2,1,1,3,4,2,3,1980,2,2
1991,1,61815,1,2,2,2,2,2,3,4,1,3,1984,2,2
1991,1,61816,1,2,2,2,1,1,3,4,2,3,1983,1,2
1991,1,61817,2,2,2,2,1,1,3,4,2,3,1987,2,2
1991,1,61818,1,2,2,2,3,3,3,4,2,3,9999,2,2
1991,1,61819,4,2,2,2,1,1,3,4,1,3,1963,2,2
1991,2,61819,2,4,4,2,1,1,3,4,2,3,1985,2,2
1991,1,61820,1,2,2,2,1,1,3,4,2,3,1978,2,2
1991,1,61821,7,2,2,2,4,2,3,2,1,3,1981,2,2
1991,2,61821,2,2,2,2,2,2,3,4,1,3,1976,2,2
1991,1,61822,1,5,5,1,1,1,3,4,1,3,1978,2,2
1991,2,61822,1,2,2,1,1,1,3,4,2,3,1986,2,2
1991,1,61823,9,2,2,2,3,3,3,4,2,3,9999,2,2
1991,1,61824,1,2,3,2,1,1,3,4,2,3,1985,1,2
1991,2,61824,2,2,2,2,1,1,3,4,2,3,1991,2,2
1991,1,61825,4,6,6,1,1,1,3,4,1,3,1988,2,2
1991,1,61826,3,7,7,1,1,1,3,4,1,3,1987,2,2
1991,2,61826,1,6,6,2,1,1,3,4,2,3,1988,2,2
1991,1,61827,9,2,2,2,2,2,3,4,1,3,1989,2,2
1991,1,61828,7,2,2,2,4,2,3,2,1,3,1986,2,2
1991,2,61828,1,4,4,2,1,1,3,4,2,3,1954,2,2
1991,3,61828,8,6,6,2,1,1,3,4,2,3,1970,2,2
1991,1,61829,1,2,2,1,1,1,3,4,2,3,1987,2,2
1991,2,61829,3,2,2,1,1,1,3,4,2,3,1987,2,2
1991,1,61830,1,2,2,2,1,1,3,4,2,3,1986,2,2
1991,1,61831,1,6,6,1,2,2,3,4,1,3,1991,2,2
1991,1,61832,1,2,2,2,1,1,3,4,2,3,1981,1,2
1991,2,61832,1,2,2,2,1,1,3,4,2,3,1983,2,2
1991,1,61833,1,6,6,1,1,1,3,4,1,3,1979,2,2
1991,1,61834,3,1,1,1,1,1,3,4,2,3,1990,2,2
1991,1,61835,1,3,3,2,2,2,3,4,2,3,1983,1,2
1991,2,61835,1,2,2,2,1,1,3,4,2,3,1984,2,2
1991,1,61836,1,2,2,2,2,2,3,4,2,3,1978,2,2
1991,1,61837,3,2,2,2,1,1,3,4,2,3,1981,2,2
1991,2,61837,1,2,2,2,1,1,3,4,2,3,1991,2,2
1991,3,61837,1,6,6,2,1,1,3,4,2,3,1989,1,2
1991,1,61838,7,7,7,2,4,2,3,2,1,3,1989,1,2
1991,1,61839,1,3,3,2,1,1,3,4,2,3,1987,2,2
1991,2,61839,2,2,2,2,2,2,3,4,2,3,1989,2,2
1991,1,61840,1,6,2,1,1,1,3,4,1,3,1986,2,1
1991,1,61841,7,2,2,2,4,2,3,2,1,3,1983,2,2
1991,2,61841,1,5,5,2,1,1,3,4,2,3,1979,2,2
1991,1,61842,1,2,2,2,2,2,3,4,1,3,1980,2,2
1991,1,61843,1,5,5,1,1,1,3,4,1,3,1969,2,2
1991,1,61844,1,2,2,2,1,1,3,4,2,3,1991,1,2
1991,1,61845,1,5,6,1,1,1,3,4,1,3,1976,2,2
1991,1,61846,1,2,6,1,1,1,3,4,2,3,1980,2,1
1991,1,61847,1,6,6,1,2,2,3,4,1,3,1991,2,2
1991,1,61848,1,6,2,2,1,1,3,4,2,3,1977,2,2
1991,2,61848,3,2,2,2,1,1,3,4,2,3,1986,2,2
1991,1,61849,7,1,1,2,4,2,3,2,1,3,1983,2,2
1991,1,61850,1,2,5,2,1,1,3,4,2,3,1985,2,2
1991,2,61850,7,2,2,2,4,2,3,2,2,3,1985,2,2
1991,1,61851,1,2,2,1,1,1,3,4,2,3,1982,1,2
1991,2,61851,1,2,2,2,1,1,3,4,2,3,1991,2,2
1991,1,61852,1,7,7,1,1,1,3,4,2,3,1987,1,2
1991,1,61853,3,1,1,1,1,1,3,4,2,3,1989,2,2
1991,1,61854,9,7,7,2,3,3,3,4,1,3,9999,2,2
1991,1,61855,1,4,5,2,2,2,3,4,1,3,1988,2,2
1991,1,61856,2,2,5,2,2,2,3,4,2,3,1989,2,2
1991,2,61856,1,3,5,2,1,1,3,4,2,3,1988,2,2
1991,3,61856,1,2,2,2,1,1,3,4,2,3,1986,2,2
1991,4,61856,1,2,2,2,1,1,3,4,2,3,1985,2,2
1991,5,61856,1,4,4,2,1,1,3,4,2,3,1976,2,2
1991,1,61857,1,2,2,2,2,2,3,4,1,3,1991,2,2
1991,1,61858,2,2,2,2,2,2,3,4,2,3,1987,2,2
1991,1,61859,1,2,2,2,3,3,3,4,1,3,9999,2,2
1991,1,61860,1,2,2,2,1,1,3,4,1,3,1978,2,2
1991,1,61861,2,2,2,2,1,1,3,4,2,3,1974,2,2
1991,1,61862,1,2,2,2,1,1,3,4,2,3,1990,2,2
1991,2,61862,1,3,3,2,1,1,3,4,2,3,1987,2,2
1991,1,61863,1,2,2,2,1,1,3,4,2,3,1977,2,2
1991,1,61864,7,2,2,2,4,2,3,2,2,3,1953,2,2
1991,2,61864,2,2,2,2,1,1,3,4,2,3,1985,2,2
1991,1,61865,6,4,4,2,3,3,3,4,2,3,1988,2,2
1991,2,61865,2,2,5,2,1,1,3,4,2,3,1966,2,2
1991,3,61865,1,2,2,2,1,1,3,4,2,3,1986,2,2
1991,1,61866,1,2,2,1,2,2,3,4,1,3,1989,2,2
1991,1,61867,4,2,2,2,3,3,3,4,2,3,9999,2,2
1991,2,61867,3,4,4,1,1,1,3,4,2,3,1989,2,2
1991,1,61868,7,1,1,2,4,2,3,2,2,3,1989,1,2
1991,1,61869,1,4,4,1,1,1,3,4,2,3,1982,2,2
1991,2,61869,2,2,2,2,3,3,3,4,1,3,9999,2,2
1991,1,61870,7,5,5,2,4,2,3,2,1,3,1981,2,2
1991,1,61871,6,2,2,2,1,1,3,4,1,3,1978,2,2
1991,2,61871,1,4,2,2,1,1,3,4,2,3,1982,2,2
1991,3,61871,1,4,2,2,1,1,3,4,2,3,1979,2,2
1991,4,61871,1,2,4,2,1,1,3,4,2,3,1988,2,2
1991,1,61872,3,2,2,2,1,1,3,4,2,3,1989,2,2
1991,1,61873,4,2,2,2,1,1,3,4,2,3,1984,2,2
1991,1,61874,2,3,3,1,2,2,3,4,1,3,1986,1,2
1991,2,61874,2,2,2,2,1,1,3,4,2,3,1982,2,2
1991,1,61875,1,2,2,2,2,2,3,4,1,3,1980,2,2
1991,1,61876,7,2,2,2,4,1,3,1,1,3,1986,2,2
1991,2,61876,2,2,2,2,1,1,3,4,2,3,1982,2,2
1991,1,61877,3,2,2,2,1,1,3,4,2,3,1986,2,2
1991,1,61878,7,2,2,2,4,2,3,2,1,3,1982,1,2
1991,1,61879,1,2,2,2,1,1,3,4,2,3,1988,2,2
1991,2,61879,1,2,2,2,1,1,3,4,2,3,1991,2,2
1991,1,61880,1,2,2,1,1,1,3,4,2,3,1990,2,2
1991,1,61881,1,2,3,2,1,1,3,4,1,3,1990,2,1
1991,1,61882,1,2,2,2,1,1,3,4,2,3,1987,2,2
1991,1,61883,1,2,2,2,2,2,3,4,2,3,1987,2,2
1991,1,61884,1,3,3,1,1,1,3,4,2,3,1990,1,2
1991,2,61884,1,5,5,2,1,1,3,4,2,3,1976,2,2
1991,1,61885,1,2,2,1,1,1,3,4,2,3,1985,2,2
1991,1,61886,1,2,2,2,2,2,3,4,2,3,1979,2,2
1991,1,61887,1,2,6,2,2,2,3,4,1,3,1982,2,2
1991,2,61887,1,4,4,1,1,1,3,4,2,3,1978,2,2
1991,1,61888,7,1,1,2,4,1,3,1,2,3,1991,2,2
1991,1,61889,6,2,3,2,1,1,3,4,2,3,1984,1,2
1991,1,61890,9,2,2,2,3,3,3,4,2,3,9999,2,2
1991,1,61891,1,2,2,2,3,3,3,4,1,3,1980,2,2
1991,2,61891,1,3,3,2,1,1,3,4,2,3,1981,2,2
1991,1,61892,2,1,1,1,1,1,3,4,2,3,1981,2,1
1991,1,61893,2,2,2,2,1,1,3,4,2,3,1988,2,2
1991,1,61894,1,6,6,2,3,3,3,4,2,3,1979,2,2
1991,1,61895,1,2,2,2,1,1,3,4,1,3,1981,2,2
1991,2,61895,1,5,5,2,1,1,3,4,2,3,1987,2,2
1991,1,61896,2,2,3,1,1,1,3,4,1,3,1986,2,1
1991,1,61897,7,2,2,2,4,2,3,2,1,3,1978,2,2
1991,2,61897,1,4,4,2,2,2,3,4,2,3,1989,1,2
1991,1,61898,1,2,5,1,1,1,3,4,2,3,1991,2,2
1991,1,61899,1,1,1,1,1,1,3,4,1,3,1974,2,2
1991,1,61900,1,6,6,1,1,1,3,4,2,3,1987,2,2
1991,2,61900,1,2,2,2,1,1,3,4,2,3,1984,2,2
1991,1,61901,1,4,4,2,1,1,3,4,2,3,1977,2,2
1991,2,61901,1,2,2,2,1,1,3,4,1,3,1982,2,2
1991,1,61902,4,1,1,1,1,1,3,4,2,3,1982,2,2
1991,1,61903,6,5,5,1,1,1,3,4,2,3,1988,2,2
1991,2,61903,2,3,2,2,1,1,3,4,2,3,1984,2,2
1991,1,61904,2,2,2,2,2,2,3,4,2,3,1979,2,2
1991,2,61904,2,2,3,2,1,1,3,4,2,3,1980,2,2
1991,1,61905,6,2,6,2,1,1,3,4,2,3,1987,2,2
1991,1,61906,7,5,5,2,4,1,3,1,1,3,1991,1,2
1991,2,61906,1,6,6,2,3,3,3,4,2,3,9999,1,2
1991,1,61907,1,7,7,1,1,1,3,4,2,3,1989,1,2
1991,1,61908,1,2,2,2,1,1,3,4,2,3,1991,2,2
1991,2,61908,1,2,5,1,1,1,3,4,2,3,1981,2,2
1991,3,61908,1,2,5,1,1,1,3,4,2,3,1991,2,2
1991,1,61909,1,2,3,2,2,2,3,4,2,3,1975,2,2
1991,2,61909,6,2,2,2,1,2,3,4,2,3,1976,2,2
1991,1,61910,6,2,2,1,1,1,3,4,1,3,1989,1,2
1991,2,61910,2,6,6,2,1,1,3,4,2,3,1991,2,2
1991,3,61910,1,3,3,2,1,1,3,4,2,3,1984,2,2
1991,4,61910,2,3,4,2,1,1,3,4,2,3,1991,2,2
1991,5,61910,1,4,4,2,1,1,3,4,2,3,1977,2,2
1991,6,61910,1,4,4,2,1,1,3,4,2,3,1989,2,2
1991,1,61911,2,6,6,2,1,1,3,4,2,3,1988,2,2
1991,1,61912,7,6,6,2,4,2,3,2,2,3,1980,2,2
1991,1,61913,1,2,2,1,1,1,3,4,2,3,1989,2,2
1991,2,61913,2,5,2,1,1,1,3,4,2,3,1991,2,2
1991,1,61914,2,2,2,2,1,1,3,4,2,3,1991,1,2
1991,2,61914,1,5,4,2,1,1,3,4,2,3,1989,2,2
1991,1,61915,7,7,7,2,4,2,3,2,2,3,1982,2,2
1991,1,61916,3,1,1,1,1,1,3,4,2,3,1985,2,1
1991,1,61917,2,2,2,1,1,1,3,4,2,3,1979,2,2
1991,1,61918,6,2,2,2,1,1,3,4,2,3,1984,2,2
1991,1,61919,1,2,6,2,3,3,3,4,2,3,1970,2,2
1991,1,61920,6,2,2,1,1,1,3,4,2,3,1986,2,2
1991,1,61921,7,2,2,2,4,2,3,2,1,3,1989,2,2
1991,2,61921,2,4,4,2,1,1,3,4,2,3,1986,2,2
1991,1,61922,1,2,2,1,1,1,3,4,1,3,1975,2,2
1991,1,61923,7,2,2,2,4,2,3,2,2,3,1982,2,2
1991,1,61924,6,2,5,2,1,1,3,4,2,3,1989,2,2
1991,1,61925,6,2,2,2,1,1,3,4,2,3,1969,2,2
1991,2,61925,1,5,5,2,1,1,3,4,2,3,1987,1,2
1991,1,61926,7,2,2,2,4,1,3,1,1,3,1987,1,2
1991,2,61926,1,4,4,2,1,1,3,4,2,3,1984,2,2
1991,1,61927,3,2,2,1,1,1,3,4,2,3,1981,1,2
1991,2,61927,1,2,5,2,1,1,3,4,2,3,1989,2,2
1991,1,61928,1,5,5,2,1,1,3,4,2,3,1989,2,2
1991,2,61928,6,2,2,2,1,1,3,4,2,3,1974,2,2
1991,1,61929,6,2,6,1,1,1,3,4,1,3,1966,1,2
1991,2,61929,1,4,4,2,1,1,3,4,2,3,1991,2,2
1991,1,61930,1,3,3,2,1,1,3,4,2,3,1980,1,2
1991,2,61930,7,2,2,2,4,1,3,1,2,3,1980,2,2
1991,1,61931,1,1,1,1,1,1,3,4,2,3,1986,2,2
1991,1,61932,1,2,2,2,1,1,3,4,1,3,1981,2,2
1991,2,61932,2,4,4,2,3,3,3,4,2,3,1983,2,2
1991,1,61933,1,2,2,2,1,1,3,4,2,3,1984,2,2
1991,2,61933,7,2,2,2,4,2,3,2,2,3,1985,2,2
1991,1,61934,2,1,1,1,1,1,3,4,2,3,1985,2,2
1991,1,61935,3,2,2,2,1,1,3,4,2,3,1987,2,2
1991,1,61936,1,2,2,2,1,1,3,4,2,3,1984,1,2
1991,2,61936,1,5,2,2,1,1,3,4,1,3,1978,2,2
1991,1,61937,1,2,2,2,1,1,3,4,2,3,1984,2,2
1991,1,61938,1,2,2,2,2,2,3,4,1,3,1980,2,2
1991,2,61938,1,3,3,2,1,1,3,4,1,3,1986,2,2
1991,3,61938,1,4,2,1,3,3,3,4,2,3,1985,2,2
1991,4,61938,1,4,4,2,3,3,3,4,2,3,1980,2,2
1991,1,61939,1,5,5,2,2,2,3,4,1,3,1990,2,2
1991,1,61940,1,2,2,2,2,2,3,4,2,3,1982,2,2
1991,2,61940,1,6,6,2,1,1,3,4,2,3,1972,2,2
1991,1,61941,1,2,2,2,2,2,3,4,1,3,1979,2,2
1991,2,61941,2,3,3,2,1,1,3,4,2,3,1964,2,2
1991,1,61942,1,2,2,2,2,2,3,4,2,3,1967,2,2
1991,2,61942,1,5,4,2,1,1,3,4,2,3,1988,2,2
1991,3,61942,2,2,2,1,1,1,3,4,2,3,1990,2,2
1991,1,61943,2,2,2,2,1,1,3,4,1,3,1984,2,1
1991,1,61944,3,2,2,2,1,1,3,4,1,3,1988,2,2
1991,2,61944,1,3,3,2,1,1,3,4,2,3,1986,2,2
1991,1,61945,1,2,2,2,1,1,3,4,1,3,1988,2,2
1991,2,61945,1,2,2,2,1,1,3,4,2,3,1986,2,2
1991,1,61946,1,2,2,2,1,1,3,4,2,3,1985,2,2
1991,2,61946,1,2,2,2,1,1,3,4,2,3,1982,2,2
1991,1,61947,4,5,5,2,2,2,3,4,2,3,1975,2,2
1991,2,61947,6,2,2,2,1,1,3,4,2,3,1985,2,2
1991,1,61948,1,2,2,2,1,1,3,4,2,3,1977,2,2
1991,2,61948,1,5,5,2,1,1,3,4,2,3,1979,2,2
1991,1,61949,2,2,2,2,1,1,3,4,1,3,1983,2,2
1991,2,61949,1,5,5,2,2,2,3,4,2,3,1990,2,2
1991,1,61950,1,2,2,2,1,1,3,4,2,3,1989,2,2
1991,2,61950,1,2,2,2,1,1,3,4,2,3,1977,2,2
1991,1,61951,1,2,2,2,1,1,3,4,2,3,1986,1,2
1991,1,61952,1,3,3,2,1,1,3,4,2,3,1979,2,2
1991,2,61952,1,2,2,2,1,1,3,4,2,3,1966,2,2
1991,3,61952,1,2,2,2,2,2,3,4,2,3,1976,2,2
1991,1,61953,1,2,2,2,2,2,3,4,1,3,1978,2,2
1991,2,61953,1,4,4,2,1,1,3,4,2,3,1984,2,2
1991,1,61954,4,1,1,1,1,1,3,4,1,3,1979,2,2
1991,1,61955,1,2,2,2,1,1,3,4,1,3,1989,1,2
1991,2,61955,4,4,4,2,2,2,3,4,2,3,1977,2,2
1991,1,61956,2,1,1,1,2,2,3,4,2,3,1987,2,2
1991,1,61957,1,1,1,1,2,2,3,4,1,3,1975,2,2
1991,1,61958,1,2,2,1,2,2,3,4,1,3,1979,2,2
1991,1,61959,2,2,6,2,2,2,3,4,1,3,1975,2,2
1991,1,61960,7,2,2,2,4,1,3,1,1,3,1990,2,2
1991,1,61961,2,2,2,2,1,1,3,4,2,3,1971,2,2
1991,2,61961,7,2,2,2,4,1,3,1,2,3,1982,2,2
1991,1,61962,2,6,6,1,1,1,3,4,2,3,1988,2,2
1991,1,61963,2,2,2,1,2,2,3,4,1,3,1975,2,2
1991,1,61964,7,2,2,2,4,2,3,2,1,3,1976,2,2
1991,1,61965,1,2,6,2,2,2,3,4,2,3,1970,2,2
1991,1,61966,1,2,2,2,2,2,3,4,2,3,1976,2,2
1991,2,61966,1,5,6,1,1,1,3,4,2,3,1972,2,2
1991,3,61966,1,2,5,2,2,2,3,4,2,3,1984,2,2
1991,1,61967,1,5,2,2,2,2,3,4,1,3,1974,2,2
1991,2,61967,1,2,2,2,1,1,3,4,2,3,1978,2,2
1991,1,61968,2,6,2,1,2,2,3,4,1,3,1984,2,2
1991,1,61969,2,1,1,1,2,2,3,4,2,3,1984,2,2
1991,1,61970,1,2,2,2,1,1,3,4,2,3,1988,2,2
1991,2,61970,1,4,4,2,3,3,3,4,2,3,1987,2,2
1991,1,61971,3,3,3,2,2,2,3,4,2,3,1991,2,2
1991,1,61972,7,2,2,2,4,2,3,2,1,3,1988,2,2
1991,2,61972,1,3,3,2,1,1,3,4,2,3,1981,2,2
1991,1,61973,2,2,2,2,1,1,3,4,2,3,1970,2,2
1991,1,61974,1,2,2,2,2,2,3,4,2,3,1972,2,2
1991,2,61974,2,2,2,2,1,1,3,4,1,3,1989,2,2
1991,3,61974,1,2,2,2,1,1,3,4,2,3,1985,2,2
1991,1,61975,1,2,2,2,1,1,3,4,2,3,1989,1,2
1991,2,61975,1,4,4,2,1,1,3,4,2,3,1986,2,2
1991,1,61976,1,2,2,2,1,1,3,4,2,3,1988,2,2
1991,1,61977,1,4,4,2,1,1,3,4,2,3,1991,2,2
1991,2,61977,1,2,5,2,1,1,3,4,2,3,1976,2,2
1991,1,61978,4,6,6,2,3,3,3,4,1,3,9999,2,2
1991,1,61979,1,2,2,2,2,2,3,4,2,3,1973,2,2
1991,2,61979,3,4,6,1,2,2,3,4,2,3,1987,2,2
1991,1,61980,3,1,1,1,1,1,3,4,2,3,1984,2,2
1991,1,61981,1,3,3,2,2,2,3,4,2,3,1988,2,2
1991,1,61982,1,2,2,2,1,1,3,4,2,3,1987,2,2
1991,1,61983,2,3,3,1,1,1,3,4,2,3,1985,2,2
1991,1,61984,1,6,6,1,1,1,3,4,1,3,1977,2,2
1991,1,61985,2,5,5,1,1,1,3,4,2,3,1979,1,2
1991,2,61985,1,5,5,1,1,1,3,4,2,3,1984,2,2
1991,1,61986,1,2,2,2,1,1,3,4,1,3,1975,2,2
1991,1,61987,1,3,5,2,2,2,3,4,2,3,1983,2,2
1991,2,61987,3,2,2,1,1,1,3,4,2,3,1988,2,2
1991,1,61988,6,6,6,2,1,1,3,4,2,3,1985,2,2
1991,1,61989,9,7,7,2,3,3,3,4,2,3,9999,2,2
1991,1,61990,1,7,7,1,2,2,3,4,2,3,1979,2,1
1991,1,61991,1,1,1,1,2,2,3,4,2,3,1988,1,2
1991,1,61992,6,5,5,1,1,1,3,4,2,3,1984,2,2
1991,2,61992,1,2,5,2,1,1,3,4,2,3,1991,2,2
1991,1,61993,7,2,2,2,4,1,3,1,2,3,1980,2,2
1991,2,61993,1,5,5,2,1,1,3,4,2,3,1981,2,2
1991,1,61994,1,2,2,2,1,1,3,4,2,3,1975,1,2
1991,2,61994,2,2,2,2,1,1,3,4,2,3,1975,2,2
1991,1,61995,7,2,2,2,4,2,3,2,1,3,1989,2,2
1991,2,61995,1,5,5,2,1,1,3,4,2,3,1985,2,2
1991,1,61996,3,2,2,2,1,1,3,4,2,3,1985,2,2
1991,1,61997,1,3,3,2,1,1,3,4,2,3,1985,1,2
1991,2,61997,6,2,2,2,1,1,3,4,2,3,1982,2,2
1991,1,61998,1,2,2,2,2,2,3,4,2,3,1981,2,2
1991,1,61999,1,2,2,2,1,1,3,4,1,3,1981,2,2
1991,1,62000,1,2,2,2,1,1,3,4,2,3,1973,2,2
1991,2,62000,7,2,2,2,4,2,3,2,1,3,1991,2,2
1991,1,62001,1,1,1,1,1,1,3,4,2,3,1981,2,2
1991,1,62002,7,6,6,2,4,1,3,1,1,3,1988,2,2
1991,1,62003,1,2,2,2,1,1,3,4,1,3,1986,1,2
1991,2,62003,7,4,4,2,4,1,3,1,2,3,1977,2,2
1991,1,62004,1,2,2,2,2,2,3,4,2,3,1977,2,2
1991,2,62004,1,6,6,2,1,1,3,4,2,3,1979,2,2
1991,3,62004,1,6,6,2,1,1,3,4,2,3,1986,2,2
1991,1,62005,1,5,5,1,1,1,3,4,2,3,1984,2,2
1991,1,62006,3,1,1,1,1,1,3,4,2,3,1961,2,2
1991,1,62007,1,2,2,2,1,1,3,4,2,3,1982,2,2
1991,2,62007,6,5,5,2,1,1,3,4,2,3,1962,2,2
1991,1,62008,3,2,2,2,1,1,3,4,1,3,1991,1,2
1991,2,62008,1,5,5,2,1,1,3,4,2,3,1980,2,2
1991,1,62009,1,2,2,2,1,1,3,4,1,3,1978,1,2
1991,1,62010,1,2,2,2,1,1,3,4,2,3,1989,2,1
1991,2,62010,6,4,6,2,1,1,3,4,2,3,1987,2,2
1991,1,62011,1,3,3,2,2,2,3,4,1,3,1991,2,2
1991,2,62011,1,2,2,2,1,1,3,4,2,3,1983,2,2
1991,1,62012,1,4,4,2,1,1,3,4,2,3,1991,2,2
1991,1,62013,1,5,5,2,1,1,3,4,2,3,1979,2,2
1991,2,62013,2,2,2,2,1,1,3,4,2,3,1977,2,2
1991,3,62013,4,4,4,2,1,1,3,4,2,3,1989,2,2
1991,1,62014,2,2,2,2,1,1,3,4,2,3,1990,2,2
1991,2,62014,2,5,5,1,1,1,3,4,2,3,1986,2,2
1991,1,62015,1,1,1,1,1,1,3,4,2,3,1987,2,2
1991,1,62016,6,1,1,1,1,1,3,4,1,3,1989,1,2
1991,1,62017,1,1,1,1,1,1,3,4,2,3,1977,2,2
1991,1,62018,6,6,6,2,3,3,3,4,2,3,1973,2,2
1991,1,62019,1,5,5,2,1,1,3,4,2,3,1977,2,2
1991,2,62019,7,2,2,2,4,1,3,1,2,3,1978,2,2
1991,3,62019,1,2,2,2,1,1,3,4,2,3,1990,2,2
1991,1,62020,1,2,2,2,1,1,3,4,1,3,1988,2,2
1991,2,62020,1,4,4,2,1,1,3,4,2,3,1987,2,2
1991,1,62021,1,2,2,2,1,1,3,4,2,3,1985,1,2
1991,1,62022,6,2,2,2,1,1,3,4,1,3,1978,2,2
1991,2,62022,1,2,2,2,2,2,3,4,2,3,1981,2,2
1991,1,62023,2,1,1,1,1,1,3,4,2,3,1990,2,2
1991,1,62024,1,1,1,1,1,1,3,4,1,3,1985,2,2
1991,1,62025,1,5,5,2,1,1,3,4,2,3,1982,2,2
1991,2,62025,4,2,2,2,1,1,3,4,2,3,1982,2,2
1991,1,62026,3,3,6,1,1,1,3,4,1,3,1990,1,2
1991,2,62026,1,5,5,2,1,1,3,4,2,3,1983,2,2
1991,1,62027,1,3,3,2,1,1,3,4,2,3,1988,2,2
1991,2,62027,1,2,2,2,1,1,3,4,2,3,1988,2,2
1991,1,62028,1,2,2,2,2,2,3,4,2,3,1983,2,2
1991,1,62029,1,2,2,2,1,1,3,4,2,3,1981,2,2
1991,1,62030,7,2,2,2,4,2,3,2,1,3,1980,2,2
1991,1,62031,2,1,1,1,2,2,3,4,2,3,1985,2,2
1991,1,62032,4,2,2,2,1,1,3,4,2,3,1989,1,2
1991,1,62033,9,6,6,2,1,1,3,4,2,3,9999,2,2
1991,1,62034,3,3,3,2,1,1,3,4,1,3,1982,2,2
1991,1,62035,1,3,3,2,1,1,3,4,1,3,1980,2,2
1991,2,62035,2,2,2,2,2,2,3,4,2,3,1970,2,2
1991,1,62036,1,2,2,2,1,1,3,4,1,3,1979,1,2
1991,2,62036,3,4,2,2,1,1,3,4,2,3,1947,2,2
1991,1,62037,1,2,5,2,1,1,3,4,2,3,1973,2,2
1991,2,62037,3,3,3,2,3,3,3,4,2,3,1975,2,2
1991,1,62038,3,3,3,2,1,1,3,4,2,3,1986,2,2
1991,2,62038,2,2,2,2,1,1,3,4,2,3,1991,2,2
1991,1,62039,1,2,2,2,1,1,3,4,2,3,1982,2,2
1991,1,62040,7,2,2,2,4,2,3,2,1,3,1986,2,2
1991,1,62041,1,2,2,2,1,1,3,4,2,3,1985,2,2
1991,2,62041,1,2,2,2,1,1,3,4,2,3,1990,2,2
1991,1,62042,1,5,3,2,2,2,3,4,2,3,1977,2,2
1991,2,62042,2,5,5,2,1,1,3,4,2,3,1972,2,2
1991,3,62042,2,2,2,2,1,1,3,4,2,3,1991,2,2
1991,1,62043,3,1,1,1,1,1,3,4,1,3,1986,2,2
1991,1,62044,7,2,2,2,4,2,3,2,1,3,1983,2,2
1991,1,62045,1,2,2,2,1,1,3,4,1,3,1979,2,2
1991,2,62045,1,2,2,2,1,1,3,4,2,3,1990,2,2
1991,1,62046,1,1,1,1,1,1,3,4,2,3,1977,2,2
1991,1,62047,4,1,1,1,1,1,3,4,2,3,1980,2,1
1991,1,62048,1,6,6,1,1,1,3,4,1,3,1979,2,1
1991,1,62049,1,3,3,2,1,1,3,4,1,3,1977,2,2
1991,1,62050,2,5,2,2,1,1,3,4,2,3,1986,2,2
1991,2,62050,1,5,5,2,1,1,3,4,2,3,1967,2,2
1991,3,62050,2,5,5,2,1,1,3,4,2,3,1988,2,2
1991,4,62050,1,5,5,1,1,1,3,4,2,3,1991,2,2
1991,1,62051,2,2,5,2,1,1,3,4,1,3,1986,2,2
1991,1,62052,1,3,3,1,1,1,3,4,1,3,1986,2,2
1991,1,62053,1,2,2,1,2,2,3,4,1,3,1987,2,2
1991,1,62054,1,4,4,2,2,2,3,4,2,3,1979,2,2
1991,2,62054,1,2,3,2,2,2,3,4,1,3,1968,2,2
1991,1,62055,1,3,3,2,2,2,3,4,2,3,1988,2,2
1991,2,62055,1,2,2,2,2,2,3,4,2,3,1981,2,2
1991,1,62056,2,2,2,2,1,1,3,4,2,3,1981,2,2
1991,1,62057,1,2,2,2,1,1,3,4,2,3,1984,2,2
1991,1,62058,1,2,2,2,1,1,3,4,2,3,1988,1,2
1991,2,62058,8,4,4,2,1,1,3,4,2,3,1987,2,2
1991,1,62059,1,4,4,1,1,1,3,4,2,3,1990,2,2
1991,2,62059,2,2,2,2,1,1,3,4,2,3,1985,2,2
1991,1,62060,2,3,2,2,1,1,3,4,2,3,1988,2,2
1991,2,62060,1,2,2,2,1,1,3,4,2,3,1980,2,2
1991,1,62061,1,2,2,2,1,1,3,4,1,3,1985,2,2
1991,1,62062,1,2,2,2,1,1,3,4,2,3,1991,2,2
1991,2,62062,1,5,5,2,1,1,3,4,2,3,1990,2,2
1991,1,62063,1,1,1,1,1,1,3,4,2,3,1991,1,2
1991,1,62064,1,3,3,2,1,1,3,4,2,3,1980,2,2
1991,2,62064,1,2,2,2,1,1,3,4,2,3,1989,2,2
1991,1,62065,1,2,3,1,3,3,3,4,2,3,1987,1,2
1991,1,62066,1,3,3,1,2,2,3,4,1,3,1980,2,2
1991,1,62067,7,5,5,2,4,1,3,1,1,3,1990,2,2
1991,1,62068,3,2,2,2,1,1,3,4,2,3,1991,2,2
1991,2,62068,1,2,2,2,2,2,3,4,2,3,1990,2,2
1991,1,62069,2,2,2,2,3,3,3,4,1,3,9999,2,2
1991,1,62070,2,4,4,2,1,1,3,4,2,3,1981,1,2
1991,2,62070,7,2,2,2,4,1,3,1,2,3,1985,2,2
1991,1,62071,7,2,2,2,4,2,3,2,2,3,1971,2,2
1991,2,62071,1,3,3,2,1,1,3,4,2,3,1979,2,2
1991,1,62072,2,5,5,2,1,1,3,4,2,3,1971,2,2
1991,2,62072,7,5,5,2,4,2,3,2,2,3,1987,2,2
1991,1,62073,2,2,2,2,1,1,3,4,2,3,1984,2,2
1991,2,62073,1,2,2,2,1,1,3,4,2,3,1981,2,2
1991,1,62074,1,2,2,2,1,1,3,4,2,3,1982,2,2
1991,2,62074,2,2,2,2,1,1,3,4,1,3,1991,2,2
1991,1,62075,1,5,5,2,1,1,3,4,1,3,1990,2,2
1991,1,62076,1,7,7,1,2,2,3,4,1,3,1978,2,2
1991,1,62077,1,3,2,2,1,1,3,4,1,3,1990,2,2
1991,2,62077,6,5,5,2,1,1,3,4,2,3,1987,2,2
1991,1,62078,3,2,2,2,1,1,3,4,2,3,1988,2,2
1991,1,62079,1,2,2,2,2,2,3,4,2,3,1964,2,2
1991,2,62079,1,3,3,2,1,1,3,4,2,3,1986,2,2
1991,1,62080,1,2,3,2,1,1,3,4,1,3,1991,2,2
1991,2,62080,1,4,4,2,1,1,3,4,2,3,1978,2,2
1991,1,62081,6,5,5,2,1,1,3,4,2,3,1985,2,2
1991,1,62082,1,2,2,1,1,1,3,4,1,3,1980,2,2
1991,1,62083,2,1,1,1,2,2,3,4,1,3,1984,2,2
1991,1,62084,9,4,4,1,1,1,3,4,2,3,1972,1,2
1991,2,62084,6,2,2,2,1,1,3,4,2,3,1987,2,2
1991,1,62085,3,2,2,1,3,3,3,4,2,3,1989,2,2
1991,1,62086,1,1,1,1,1,1,3,4,2,3,1989,2,1
1991,1,62087,6,5,5,2,1,1,3,4,2,3,1982,2,2
1991,2,62087,6,2,2,1,1,1,3,4,2,3,1987,2,2
1991,1,62088,4,2,2,2,2,2,3,4,2,3,1981,1,2
1991,2,62088,1,2,2,2,1,1,3,4,2,3,1980,2,2
1991,1,62089,4,3,3,1,1,1,3,4,2,3,1988,1,2
1991,1,62090,7,3,3,2,4,2,3,2,1,3,1982,2,2
1991,2,62090,1,2,2,2,1,1,3,4,2,3,1985,2,2
1991,1,62091,2,2,2,2,1,1,3,4,2,3,1986,2,2
1991,2,62091,1,2,2,2,1,1,3,4,2,3,1980,2,2
1991,3,62091,1,2,2,2,1,1,3,4,2,3,1985,2,2
1991,1,62092,7,6,6,2,4,2,3,2,1,3,1991,2,2
1991,1,62093,1,2,2,2,2,2,3,4,2,3,1974,2,2
1991,1,62094,8,6,2,2,1,1,3,4,1,3,1990,2,2
1991,1,62095,1,6,6,1,1,1,3,4,1,3,1980,2,2
1991,1,62096,1,2,2,2,1,1,3,4,2,3,1989,2,2
1991,2,62096,2,5,2,2,1,1,3,4,2,3,1984,2,2
1991,1,62097,1,2,3,2,2,2,3,4,2,3,1989,2,2
1991,1,62098,6,2,5,1,1,1,3,4,2,3,1985,2,2
1991,2,62098,6,5,5,1,1,1,3,4,2,3,1988,2,2
1991,3,62098,3,2,5,2,1,1,3,4,2,3,1989,2,2
1991,1,62099,1,7,7,2,3,3,3,4,2,3,9999,2,2
1991,1,62100,2,2,5,2,2,2,3,4,1,3,1988,2,2
1991,2,62100,2,2,2,2,1,1,3,4,2,3,1985,2,2
1991,1,62101,2,2,2,2,1,1,3,4,2,3,1987,2,2
1991,1,62102,1,2,5,2,1,1,3,4,2,3,1976,2,2
1991,1,62103,1,3,3,2,1,1,3,4,2,3,1979,2,2
1991,2,62103,7,2,2,2,4,2,3,2,2,3,1979,2,2
1991,1,62104,1,2,2,2,2,2,3,4,1,3,1989,2,2
1991,2,62104,1,5,5,2,1,1,3,4,2,3,1990,2,2
1991,1,62105,1,2,5,2,1,1,3,4,2,3,1985,2,2
1991,2,62105,2,2,2,2,1,1,3,4,2,3,1985,2,2
1991,1,62106,7,2,5,2,4,2,3,2,1,3,1979,2,2
1991,2,62106,1,2,3,2,1,1,3,4,1,3,1979,2,2
1991,1,62107,7,5,5,2,4,2,3,2,2,3,1985,2,2
1991,2,62107,1,5,5,2,3,3,3,4,2,3,9999,1,2
1991,1,62108,1,2,2,2,1,1,3,4,2,3,1977,2,2
1991,1,62109,1,2,2,2,1,1,3,4,1,3,1966,2,2
1991,1,62110,1,2,2,2,1,1,3,4,2,3,1989,2,2
1991,1,62111,2,2,3,2,1,1,3,4,2,3,1974,2,2
1991,2,62111,7,2,2,2,4,2,3,2,2,3,1978,2,2
1991,1,62112,2,2,2,1,1,1,3,4,2,3,1990,1,2
1991,1,62113,4,2,3,2,1,1,3,4,1,3,1987,2,1
1991,2,62113,6,4,4,2,1,1,3,4,2,3,1985,2,2
1991,1,62114,7,2,2,2,4,2,3,2,1,3,1981,2,2
1991,2,62114,1,5,4,2,1,1,3,4,2,3,1960,2,2
1991,1,62115,1,2,3,1,1,1,3,4,1,3,1988,2,2
1991,1,62116,4,2,5,2,1,1,3,4,2,3,1975,2,2
1991,2,62116,4,2,5,2,2,2,3,4,2,3,1977,2,2
1991,1,62117,9,6,6,2,1,1,3,4,1,3,1985,1,2
1991,1,62118,1,2,2,2,1,1,3,4,1,3,1980,2,2
1991,1,62119,1,2,2,2,2,2,3,4,1,3,1981,1,2
1991,2,62119,2,4,2,2,1,1,3,4,2,3,1973,2,2
1991,3,62119,1,4,4,2,2,2,3,4,2,3,1980,2,2
1991,1,62120,4,2,2,2,1,1,3,4,2,3,1977,2,2
1991,1,62121,4,2,2,2,3,3,3,4,2,3,9999,2,2
1991,1,62122,2,3,6,1,1,1,3,4,2,3,1978,1,2
1991,2,62122,1,5,6,2,1,1,3,4,2,3,1989,2,2
1991,3,62122,1,2,5,2,1,1,3,4,2,3,1986,2,2
1991,1,62123,1,4,2,2,1,1,3,4,2,3,1988,2,2
1991,2,62123,6,4,5,2,3,3,3,4,2,3,1978,2,2
1991,3,62123,6,2,3,2,1,1,3,4,1,3,1973,2,2
1991,1,62124,1,2,2,2,1,1,3,4,2,3,1989,2,2
1991,1,62125,2,3,3,1,1,1,3,4,1,3,1971,2,1
1991,2,62125,4,2,4,1,1,1,3,4,2,3,1990,2,2
1991,1,62126,7,2,2,2,4,1,3,1,1,3,1980,2,2
1991,1,62127,1,2,2,1,1,1,3,4,2,3,1989,2,2
1991,1,62128,7,4,4,2,4,2,3,2,1,3,1982,1,2
1991,1,62129,2,2,2,2,1,1,3,4,1,3,1989,2,2
1991,2,62129,1,5,5,2,1,1,3,4,2,3,1987,2,2
1991,1,62130,2,2,2,1,1,1,3,4,1,3,1987,2,2
1991,1,62131,1,5,3,2,1,1,3,4,2,3,1974,2,2
1991,2,62131,6,2,2,2,1,1,3,4,2,3,1990,2,2
1991,3,62131,1,2,5,2,1,1,3,4,2,3,1990,2,2
1991,4,62131,1,2,2,2,2,2,3,4,1,3,1981,2,2
1991,1,62132,1,2,2,2,1,1,3,4,2,3,1987,2,2
1991,2,62132,5,4,6,2,1,1,3,4,2,3,1971,2,2
1991,1,62133,4,5,5,1,2,2,3,4,2,3,1987,1,2
1991,2,62133,1,3,3,2,1,1,3,4,2,3,1990,2,2
1991,1,62134,8,3,6,2,1,1,3,4,2,3,1989,2,2
1991,1,62135,3,2,5,2,1,1,3,4,2,3,1989,2,2
1991,2,62135,1,5,5,2,1,1,3,4,2,3,1979,2,2
1991,1,62136,1,2,2,2,1,1,3,4,2,3,1979,2,2
1991,2,62136,6,2,2,1,1,1,3,4,2,3,1987,2,2
1991,3,62136,1,4,4,2,1,1,3,4,2,3,1985,2,2
1991,4,62136,1,2,2,2,1,1,3,4,2,3,1977,2,2
1991,5,62136,1,2,2,2,1,1,3,4,2,3,1982,2,2
1991,6,62136,1,4,2,2,1,1,3,4,2,3,1985,2,2
1991,7,62136,2,2,2,2,1,1,3,4,2,3,1989,2,2
1991,1,62137,2,2,2,2,1,1,3,4,2,3,1985,2,2
1991,1,62138,1,2,6,2,3,3,3,4,2,3,9999,2,2
1991,2,62138,1,6,6,2,1,1,3,4,2,3,1981,2,2
1991,1,62139,1,3,3,1,2,2,3,4,1,3,1980,1,2
1991,1,62140,4,2,2,2,3,3,3,4,2,3,1966,2,2
1991,2,62140,4,3,3,2,1,1,3,4,2,3,1991,2,2
1991,1,62141,1,2,2,2,3,3,3,4,1,3,1984,2,2
1991,2,62141,3,2,2,2,1,1,3,4,2,3,1969,2,2
1991,1,62142,1,1,1,1,1,1,3,4,2,3,1979,2,2
1991,1,62143,1,6,6,1,2,2,3,4,1,3,1976,2,2
1991,1,62144,7,6,2,2,4,1,3,1,2,3,1981,2,2
1991,1,62145,7,2,2,2,4,2,3,2,2,3,9999,1,2
1991,1,62146,1,2,2,2,1,1,3,4,1,3,1990,2,2
1991,1,62147,7,6,2,2,4,2,3,2,1,3,1978,2,2
1991,1,62148,2,2,2,1,1,1,3,4,2,3,1976,2,2
1991,1,62149,4,2,2,1,1,1,3,4,1,3,1976,2,1
1991,2,62149,6,4,4,2,1,1,3,4,2,3,1985,2,2
1991,1,62150,7,5,2,2,4,1,3,1,2,3,9999,1,2
1991,2,62150,1,2,2,2,1,1,3,4,2,3,1976,1,2
1991,3,62150,1,5,2,2,1,1,3,4,2,3,1981,2,2
1991,4,62150,1,4,4,2,1,1,3,4,2,3,1969,2,2
1991,1,62151,1,3,3,2,1,1,3,4,2,3,1989,2,2
1991,2,62151,6,2,2,2,1,1,3,4,2,3,1979,2,2
1991,1,62152,1,3,3,2,1,1,3,4,2,3,1982,1,2
1991,2,62152,1,2,2,2,1,1,3,4,2,3,1989,2,2
1991,1,62153,7,7,7,2,4,2,3,2,1,3,1990,2,2
1991,1,62154,1,2,2,2,1,1,3,4,2,3,1989,2,2
1991,1,62155,1,2,2,2,2,2,3,4,1,3,1985,2,2
1991,1,62156,1,2,2,2,1,1,3,4,2,3,1990,2,2
1991,2,62156,1,6,2,2,3,3,3,4,2,3,9999,2,2
1991,3,62156,1,6,6,2,3,3,3,4,2,3,9999,2,2
1991,1,62157,1,2,2,2,2,2,3,4,1,3,1979,2,2
1991,1,62158,2,2,2,1,1,1,3,4,2,3,1966,2,2
1991,1,62159,1,2,2,2,3,3,3,4,2,3,9999,2,2
1991,1,62160,1,3,3,2,1,1,3,4,2,3,1987,2,2
1991,2,62160,3,2,2,2,1,1,3,4,2,3,1982,2,2
1991,1,62161,3,2,2,2,2,2,3,4,1,3,1985,2,2
1991,1,62162,1,5,5,2,2,2,3,4,1,3,1977,2,2
1991,1,62163,1,2,2,2,3,3,3,4,1,3,1991,1,2
1991,1,62164,1,2,3,2,1,1,3,4,2,3,1982,2,2
1991,2,62164,1,5,5,2,1,1,3,4,2,3,1986,2,2
1991,3,62164,6,2,2,2,1,1,3,4,2,3,1984,2,2
1991,1,62165,2,6,6,2,1,1,3,4,2,3,1987,2,2
1991,1,62166,1,5,5,2,2,2,3,4,2,3,1978,2,2
1991,2,62166,2,2,2,2,1,1,3,4,2,3,1991,2,2
1991,1,62167,1,2,2,2,1,1,3,4,2,3,1987,2,2
1991,2,62167,7,2,2,2,4,2,3,2,1,3,1981,2,2
1991,1,62168,2,1,1,2,1,1,3,4,2,3,1987,2,2
1991,1,62169,4,2,2,2,1,1,3,4,1,3,1991,2,2
1991,2,62169,2,4,2,2,1,1,3,4,2,3,1977,2,2
1991,3,62169,1,4,4,2,1,1,3,4,2,3,1987,2,2
1991,1,62170,1,2,2,2,1,1,3,4,2,3,1987,2,2
1991,1,62171,2,2,2,2,3,3,3,4,2,3,9999,2,2
1991,1,62172,1,6,4,2,1,1,3,4,1,3,1978,2,2
1991,1,62173,7,7,7,2,4,2,3,2,1,3,1984,2,2
1991,1,62174,1,5,2,2,1,1,3,4,1,3,1986,2,2
1991,1,62175,7,2,2,2,4,1,3,1,1,3,1986,2,2
1991,2,62175,1,2,2,2,1,1,3,4,2,3,1989,2,2
1991,1,62176,1,5,6,2,3,3,3,4,1,3,1978,2,2
1991,1,62177,2,2,2,2,1,1,3,4,2,3,1986,2,2
1991,1,62178,6,2,2,1,1,2,3,4,2,3,1989,2,2
1991,1,62179,1,5,6,2,1,1,3,4,2,3,1978,2,2
1991,2,62179,7,7,7,2,4,1,3,1,2,3,1976,2,2
1991,1,62180,1,2,2,2,2,2,3,4,2,3,1981,2,2
1991,2,62180,1,5,5,2,1,1,3,4,2,3,1988,2,2
1991,3,62180,1,2,2,2,1,1,3,4,2,3,1978,2,2
1991,1,62181,3,1,1,1,1,1,3,4,2,3,1976,2,2
1991,1,62182,1,2,2,2,3,3,3,4,1,3,9999,2,2
1991,2,62182,1,4,4,2,1,1,3,4,2,3,1971,2,2
1991,3,62182,1,3,3,2,1,1,3,4,2,3,1984,2,2
1991,1,62183,2,2,2,2,1,1,3,4,2,3,1973,2,2
1991,1,62184,1,2,2,2,2,2,3,4,2,3,1980,2,2
1991,2,62184,2,4,4,2,1,1,3,4,2,3,1989,2,2
1991,1,62185,1,2,2,2,1,1,3,4,2,3,1986,2,2
1991,2,62185,3,3,3,1,1,1,3,4,2,3,1982,2,2
1991,1,62186,2,3,3,1,1,1,3,4,2,3,1979,2,1
1991,1,62187,1,6,5,2,1,1,3,4,1,3,1989,2,2
1991,1,62188,7,6,2,2,4,1,3,1,1,3,1990,2,2
1991,1,62189,1,2,2,2,1,1,3,4,1,3,1990,2,2
1991,1,62190,3,2,2,1,1,1,3,4,1,3,1989,2,2
1991,1,62191,7,2,2,2,4,2,3,2,2,3,1986,2,2
1991,2,62191,5,4,4,2,1,1,3,4,2,3,1988,1,2
1991,1,62192,2,2,3,1,1,1,3,4,1,3,1972,2,2
1991,1,62193,3,2,2,2,1,1,3,4,2,3,1984,2,2
1991,2,62193,2,5,5,2,1,1,3,4,2,3,1986,2,2
1991,1,62194,6,2,6,2,2,2,3,4,2,3,1990,2,2
1991,2,62194,1,4,2,2,1,1,3,4,2,3,1985,2,2
1991,3,62194,4,4,2,2,1,1,3,4,2,3,1972,2,2
1991,4,62194,3,4,5,1,1,1,3,4,2,3,1984,2,2
1991,5,62194,1,3,3,2,1,1,3,4,2,3,1981,2,2
1991,6,62194,1,4,3,2,1,1,3,4,2,3,1989,2,2
1991,7,62194,1,4,2,2,1,1,3,4,2,3,1991,2,2
1991,1,62195,1,1,1,1,2,2,3,4,2,3,1981,2,2
1991,1,62196,1,3,6,1,1,1,3,4,2,3,1972,2,2
1991,2,62196,1,2,2,2,1,1,3,4,2,3,1987,2,2
1991,1,62197,4,1,1,1,3,3,3,4,1,3,1980,2,2
1991,1,62198,1,2,5,2,1,1,3,4,1,3,1982,2,2
1991,2,62198,1,4,4,2,1,1,3,4,2,3,1983,2,2
1991,3,62198,2,2,2,2,1,1,3,4,2,3,1991,2,2
1991,1,62199,7,6,2,2,4,2,3,2,1,3,1980,2,2
1991,1,62200,1,2,2,2,2,2,3,4,2,3,1976,1,2
1991,2,62200,2,5,2,2,1,1,3,4,2,3,1990,2,2
1991,1,62201,1,4,4,2,2,2,3,4,2,3,1976,1,2
1991,1,62202,1,5,5,2,1,1,3,4,2,3,1984,2,2
1991,2,62202,7,2,2,2,4,2,3,2,2,3,1987,2,2
1991,1,62203,1,7,7,2,3,3,3,4,2,3,9999,2,2
1991,1,62204,1,2,2,2,1,1,3,4,2,3,1987,2,1
1991,1,62205,1,6,2,2,1,1,3,4,2,3,1979,2,2
1991,1,62206,2,2,2,2,2,2,3,4,1,3,1989,2,2
1991,1,62207,2,6,6,2,1,1,3,4,1,3,1988,2,2
1991,1,62208,1,5,5,2,1,1,3,4,2,3,1987,2,2
1991,2,62208,2,2,2,1,1,1,3,4,2,3,1987,2,2
1991,1,62209,1,7,7,1,1,1,3,4,2,3,1987,2,2
1991,1,62210,1,2,2,2,1,1,3,4,2,3,1982,1,2
1991,2,62210,1,2,2,2,2,2,3,4,1,3,1988,2,2
1991,1,62211,2,3,3,2,1,1,3,4,2,3,1986,2,2
1991,1,62212,1,6,6,1,2,2,3,4,1,3,1973,2,2
1991,1,62213,1,2,3,2,1,1,3,4,2,3,1988,2,2
1991,1,62214,1,2,2,2,3,3,3,4,2,3,1968,2,2
1991,2,62214,6,2,2,2,2,2,3,4,2,3,1970,2,2
1991,1,62215,3,7,7,1,1,1,3,4,1,3,1984,2,2
1991,1,62216,6,2,3,1,1,1,3,4,1,3,1973,1,2
1991,2,62216,6,2,5,1,1,1,3,4,2,3,1977,2,2
1991,1,62217,4,2,2,2,1,1,3,4,2,3,1991,2,2
1991,1,62218,1,2,2,2,1,1,3,4,1,3,1978,2,2
1991,1,62219,1,2,2,2,2,2,3,4,1,3,1979,2,2
1991,2,62219,1,2,2,2,1,1,3,4,1,3,1979,2,2
1991,1,62220,7,2,2,2,4,2,3,2,1,3,1991,2,2
1991,2,62220,1,4,4,2,3,3,3,4,2,3,9999,2,2
1991,1,62221,1,2,2,2,1,1,3,4,2,3,1970,2,2
1991,1,62222,1,7,7,1,1,1,3,4,1,3,1984,2,2
1991,1,62223,2,2,2,2,2,2,3,4,1,3,1981,2,2
1991,1,62224,1,6,5,2,1,1,3,4,2,3,1989,2,2
1991,1,62225,1,2,2,2,1,1,3,4,2,3,1982,2,2
1991,1,62226,1,1,1,1,2,2,3,4,1,3,1976,2,2
1991,1,62227,2,2,5,2,2,2,3,4,2,3,1985,2,2
1991,2,62227,6,2,2,2,1,1,3,4,2,3,1989,2,2
1991,1,62228,6,2,2,1,1,2,3,4,1,3,1969,2,2
1991,1,62229,1,3,4,2,1,1,3,4,2,3,1990,2,2
1991,2,62229,3,2,2,2,1,1,3,4,2,3,1986,2,2
1991,1,62230,7,2,2,2,4,2,3,2,1,3,1982,2,2
1991,2,62230,6,6,6,2,1,1,3,4,2,3,1981,2,2
1991,1,62231,2,7,7,1,2,2,3,4,2,3,1974,2,2
1991,1,62232,1,2,6,2,1,1,3,4,1,3,1981,2,2
1991,2,62232,6,3,6,2,1,1,3,4,2,3,1984,2,2
1991,1,62233,4,3,3,2,1,1,3,4,2,3,1989,1,2
1991,1,62234,1,2,2,2,1,1,3,4,2,3,1987,2,2
1991,1,62235,1,2,2,2,3,3,3,4,2,3,1987,1,2
1991,1,62236,1,2,2,2,1,1,3,4,2,3,1977,1,2
1991,2,62236,1,5,5,2,1,1,3,4,2,3,1989,2,2
1991,1,62237,1,2,2,2,3,3,3,4,2,3,1977,2,2
1991,2,62237,3,2,2,1,1,1,3,4,2,3,1985,2,2
1991,1,62238,1,2,2,2,3,3,3,4,2,3,1973,2,2
1991,2,62238,2,2,6,2,1,1,3,4,2,3,1985,2,2
1991,1,62239,1,7,7,1,1,1,3,4,2,3,1991,1,2
1991,2,62239,3,4,4,2,1,1,3,4,2,3,1985,2,2
1991,3,62239,1,2,2,2,1,1,3,4,2,3,1980,2,2
1991,1,62240,2,2,5,2,1,1,3,4,2,3,1985,2,2
1991,2,62240,7,3,3,2,4,1,3,1,2,3,1988,2,2
1991,1,62241,1,5,5,1,2,2,3,4,2,3,1978,2,1
1991,1,62242,8,6,6,2,1,1,3,4,2,3,1988,2,2
1991,1,62243,1,2,2,1,1,1,3,4,2,3,1983,2,2
1991,2,62243,2,5,2,2,1,1,3,4,2,3,1985,2,2
1991,1,62244,1,6,6,1,1,1,3,4,1,3,1990,2,2
1991,1,62245,1,6,3,2,1,1,3,4,2,3,1983,2,2
1991,2,62245,1,2,5,2,1,1,3,4,2,3,1991,2,2
1991,1,62246,1,4,4,2,1,1,3,4,2,3,1983,2,2
1991,1,62247,9,2,2,2,2,2,3,4,2,3,1985,2,2
1991,1,62248,2,2,2,1,1,1,3,4,2,3,1974,2,2
1991,1,62249,2,2,2,2,1,1,3,4,2,3,1990,2,2
1991,2,62249,2,2,2,2,1,1,3,4,2,3,1989,2,2
1991,1,62250,4,2,2,2,2,2,3,4,2,3,1988,2,2
1991,1,62251,7,3,3,2,4,1,3,1,1,3,1989,2,2
1991,1,62252,7,6,6,2,4,2,3,2,1,3,1985,2,2
1991,2,62252,1,2,2,2,1,1,3,4,2,3,1978,2,2
1991,1,62253,3,5,5,2,1,1,3,4,1,3,1989,1,2
1991,1,62254,1,2,2,2,1,1,3,4,2,3,1972,2,2
1991,2,62254,1,3,3,2,2,2,3,4,2,3,1970,2,2
1991,1,62255,1,2,2,1,1,1,3,4,2,3,1986,1,2
1991,2,62255,1,2,2,2,1,1,3,4,2,3,1989,2,2
1991,1,62256,7,2,2,2,4,1,3,1,1,3,1990,2,2
1991,1,62257,7,2,2,2,4,2,3,2,1,3,1984,1,2
1991,2,62257,1,3,3,2,1,1,3,4,2,3,1969,2,2
1991,1,62258,2,2,2,2,1,1,3,4,2,3,1986,2,2
1991,1,62259,2,2,2,2,1,1,3,4,2,3,1987,2,2
1991,2,62259,2,2,2,2,1,1,3,4,2,3,1990,2,2
1991,1,62260,4,6,6,2,3,3,3,4,1,3,9999,2,2
1991,1,62261,1,2,2,2,2,2,3,4,1,3,1980,1,2
1991,1,62262,1,2,2,1,1,1,3,4,2,3,1985,2,2
1991,1,62263,1,6,6,1,2,2,3,4,1,3,1985,1,2
1991,1,62264,1,3,5,1,2,2,3,4,1,3,1982,1,2
1991,2,62264,6,2,2,2,1,1,3,4,2,3,1988,2,2
1991,1,62265,1,2,2,2,1,1,3,4,2,3,1964,1,2
1991,2,62265,6,5,5,2,1,1,3,4,2,3,1978,2,2
1991,1,62266,2,4,4,2,3,3,3,4,2,3,1984,2,2
1991,2,62266,2,2,2,2,1,1,3,4,1,3,1984,2,2
1991,3,62266,1,2,2,2,1,1,3,4,2,3,1991,2,2
1991,1,62267,1,5,5,2,1,1,3,4,2,3,1984,2,2
1991,1,62268,2,7,7,1,2,2,3,4,1,3,1987,2,2
1991,1,62269,1,2,2,2,1,1,3,4,2,3,1981,2,2
1991,1,62270,1,2,2,2,1,1,3,4,2,3,1991,2,2
1991,2,62270,1,2,2,1,1,1,3,4,2,3,1968,2,2
1991,1,62271,4,1,1,1,1,1,3,4,2,3,1975,2,2
1991,1,62272,7,2,2,2,4,1,3,1,2,3,1983,2,2
1991,2,62272,1,3,3,2,2,2,3,4,2,3,1974,2,2
1991,1,62273,1,2,2,2,1,1,3,4,2,3,1989,2,2
1991,1,62274,7,6,2,2,4,2,3,2,1,3,1989,2,2
1991,1,62275,2,2,2,2,1,1,3,4,1,3,1990,2,2
1991,2,62275,7,2,2,2,4,3,3,3,2,3,1977,2,2
1991,1,62276,1,3,3,2,1,1,3,4,2,3,1980,2,2
1991,2,62276,1,2,2,2,2,2,3,4,2,3,1977,2,2
1991,1,62277,2,2,4,2,2,2,3,4,2,3,1988,2,2
1991,1,62278,1,2,2,2,1,1,3,4,2,3,1987,2,2
1991,1,62279,1,2,2,2,2,2,3,4,2,3,1980,2,2
1991,2,62279,1,5,5,2,1,1,3,4,2,3,1988,2,2
1991,1,62280,1,2,2,2,1,1,3,4,2,3,1990,1,2
1991,1,62281,1,5,5,2,1,1,3,4,2,3,1985,2,2
1991,1,62282,2,7,7,1,1,1,3,4,2,3,1981,2,2
1991,1,62283,1,5,5,1,1,1,3,4,1,3,1986,2,2
1991,1,62284,1,2,2,1,1,1,3,4,1,3,1977,2,2
1991,1,62285,1,2,2,2,1,1,3,4,2,3,1973,2,2
1991,1,62286,2,7,7,1,1,1,3,4,2,3,1984,2,2
1991,1,62287,1,2,2,1,1,1,3,4,1,3,1968,2,2
1991,1,62288,9,2,2,2,1,1,3,4,2,3,1986,2,2
1991,1,62289,1,2,2,2,1,1,3,4,2,3,1990,2,2
1991,1,62290,1,2,3,2,1,1,3,4,1,3,1988,2,2
1991,1,62291,1,2,2,2,1,1,3,4,2,3,1979,1,2
1991,1,62292,2,2,2,1,2,2,3,4,2,3,1984,2,2
1991,1,62293,1,2,3,2,2,2,3,4,1,3,1984,2,2
1991,1,62294,1,1,1,1,3,3,3,4,2,3,1981,2,1
1991,1,62295,1,2,2,2,1,1,3,4,2,3,1987,1,2
1991,2,62295,1,2,2,2,1,1,3,4,2,3,1976,2,2
1991,1,62296,4,2,2,2,1,1,3,4,2,3,1984,2,2
1991,2,62296,1,2,2,2,1,1,3,4,2,3,1985,2,2
1991,1,62297,1,3,3,2,2,2,3,4,1,3,1982,2,2
1991,2,62297,3,2,5,2,2,2,3,4,2,3,1986,2,2
1991,1,62298,2,2,2,2,1,1,3,4,2,3,1985,1,2
1991,1,62299,1,2,2,1,1,1,3,4,1,3,1967,2,2
1991,1,62300,1,3,3,2,1,1,3,4,2,3,1971,1,2
1991,2,62300,7,2,2,2,4,1,3,1,2,3,1979,2,2
1991,1,62301,2,2,6,2,1,1,3,4,1,3,1989,1,2
1991,2,62301,6,5,6,2,1,1,3,4,2,3,1977,2,2
1991,1,62302,1,2,2,2,1,1,3,4,1,3,1986,2,2
1991,1,62303,1,2,2,2,2,2,3,4,2,3,1976,2,2
1991,2,62303,4,2,5,2,3,3,3,4,2,3,1970,2,2
1991,1,62304,1,4,4,2,1,1,3,4,2,3,1981,2,2
1991,2,62304,1,4,4,2,1,1,3,4,2,3,1986,2,2
1991,3,62304,2,2,2,2,1,1,3,4,1,3,1991,2,2
1991,1,62305,2,7,7,1,1,1,3,4,1,3,1986,1,2
1991,1,62306,7,2,2,2,4,1,3,1,1,3,1990,2,2
1991,2,62306,2,2,6,2,1,1,3,4,2,3,1980,2,2
1991,1,62307,4,7,7,1,1,1,3,4,2,3,1987,2,2
1991,1,62308,1,2,2,2,1,1,3,4,2,3,1987,2,2
1991,1,62309,6,4,4,2,1,1,3,4,2,3,1981,2,2
1991,2,62309,6,2,2,2,1,1,3,4,1,3,1985,2,2
1991,1,62310,1,2,6,2,1,1,3,4,1,3,1971,2,1
1991,1,62311,7,2,2,2,4,1,3,1,1,3,1985,2,2
1991,2,62311,5,4,4,2,3,3,3,4,2,3,1972,2,2
1991,3,62311,1,6,6,2,3,3,3,4,2,3,9999,2,2
1991,1,62312,2,4,2,1,1,1,3,4,1,3,1978,2,2
1991,2,62312,1,2,2,2,1,1,3,4,2,3,1989,2,2
1991,3,62312,2,2,3,2,1,1,3,4,2,3,1989,2,2
1991,4,62312,1,2,2,2,1,1,3,4,2,3,1989,2,2
1991,5,62312,6,4,4,2,1,1,3,4,2,3,1989,2,2
1991,6,62312,2,2,6,2,2,2,3,4,2,3,1982,2,2
1991,7,62312,1,2,4,2,1,1,3,4,2,3,1977,2,2
1991,1,62313,1,3,3,2,1,1,3,4,2,3,1982,1,2
1991,2,62313,7,2,2,2,4,2,3,2,1,3,1967,2,2
1991,1,62314,1,2,2,2,1,1,3,4,2,3,1987,2,2
1991,2,62314,2,6,6,2,1,1,3,4,2,3,1991,2,2
1991,1,62315,8,6,6,2,1,1,3,4,2,3,1989,2,2
1991,1,62316,1,2,2,2,1,1,3,4,2,3,1990,1,2
1991,2,62316,1,5,4,2,1,1,3,4,2,3,1986,1,2
1991,1,62317,2,5,5,2,2,2,3,4,2,3,1982,1,2
1991,2,62317,9,2,2,2,1,1,3,4,2,3,1989,2,2
1991,1,62318,1,2,2,1,1,1,3,4,2,3,1988,2,2
1991,1,62319,1,2,6,2,3,3,3,4,1,3,1976,2,2
1991,2,62319,3,4,4,1,1,1,3,4,2,3,1970,2,2
1991,1,62320,7,5,5,2,4,2,3,2,1,3,1988,2,2
1991,2,62320,2,2,5,2,1,1,3,4,2,3,1981,2,2
1991,1,62321,1,2,2,1,1,1,3,4,1,3,1991,2,2
1991,1,62322,3,2,3,2,1,1,3,4,2,3,1989,2,2
1991,1,62323,2,5,4,2,1,1,3,4,2,3,1988,1,2
1991,1,62324,2,2,2,1,1,1,3,4,2,3,1985,2,2
1991,1,62325,3,1,1,1,1,1,3,4,2,3,1990,2,2
1991,1,62326,2,2,2,2,2,2,3,4,1,3,9999,2,1
1991,1,62327,4,3,3,2,1,1,3,4,2,3,1989,2,2
1991,2,62327,7,2,2,2,4,1,3,1,2,3,1982,2,2
1991,1,62328,2,2,5,2,1,1,3,4,2,3,1974,2,1
1991,2,62328,2,2,5,2,1,1,3,4,2,3,1971,2,2
1991,1,62329,1,4,4,2,1,1,3,4,2,3,1981,2,2
1991,1,62330,1,2,2,2,1,1,3,4,2,3,1978,2,2
1991,1,62331,1,5,5,2,1,1,3,4,2,3,1979,1,2
1991,2,62331,7,2,2,2,4,2,3,2,2,3,1984,2,2
1991,1,62332,1,1,1,1,1,1,3,4,2,3,1966,1,2
1991,1,62333,3,4,4,2,1,1,3,4,2,3,1978,2,2
1991,2,62333,7,2,2,2,4,2,3,2,1,3,1984,1,2
1991,1,62334,1,1,1,1,2,2,3,4,1,3,1976,2,2
1991,1,62335,1,2,2,2,1,1,3,4,2,3,1979,2,2
1991,1,62336,1,1,1,1,2,2,3,4,1,3,1984,2,2
1991,1,62337,1,2,2,2,1,1,3,4,1,3,1979,2,2
1991,1,62338,9,3,3,2,1,1,3,4,2,3,1978,2,2
1991,1,62339,7,2,2,2,4,2,3,2,1,3,1981,2,2
1991,1,62340,1,2,2,1,2,2,3,4,1,3,1980,2,2
1991,1,62341,1,5,2,2,2,2,3,4,2,3,1987,2,2
1991,2,62341,3,2,2,2,1,1,3,4,2,3,1984,2,2
1991,1,62342,1,2,2,2,2,2,3,4,1,3,1976,2,2
1991,1,62343,1,2,2,2,2,2,3,4,1,3,1977,2,2
1991,1,62344,2,2,2,2,1,1,3,4,1,3,1989,1,2
1991,2,62344,4,4,4,2,1,1,3,4,2,3,1990,2,2
1991,1,62345,2,2,2,2,1,1,3,4,1,3,1978,2,2
1991,1,62346,1,6,2,1,1,1,3,4,1,3,1979,1,2
1991,1,62347,1,2,2,1,2,2,3,4,2,3,1988,2,2
1991,1,62348,1,3,2,2,1,1,3,4,2,3,1985,1,2
1991,2,62348,2,2,2,2,1,1,3,4,2,3,1989,2,2
1991,1,62349,1,2,2,2,1,1,3,4,2,3,1988,2,2
1991,1,62350,3,2,2,2,1,1,3,4,2,3,1989,2,2
1991,1,62351,2,2,2,1,1,1,3,4,1,3,1976,2,2
1991,1,62352,1,2,2,2,1,1,3,4,2,3,1982,2,2
1991,1,62353,1,3,3,2,1,1,3,4,2,3,1984,1,2
1991,2,62353,7,2,2,2,4,1,3,1,2,3,1972,2,2
1991,1,62354,7,2,2,2,4,1,3,1,1,3,1976,2,2
1991,2,62354,1,4,4,2,1,1,3,4,2,3,1987,2,2
1991,3,62354,1,2,6,2,2,2,3,4,2,3,1979,2,2
1991,1,62355,1,2,2,1,1,1,3,4,2,3,1983,2,2
1991,1,62356,7,5,2,2,4,2,3,2,1,3,1982,2,2
1991,2,62356,2,4,4,2,1,1,3,4,2,3,1983,2,2
1991,1,62357,7,2,2,2,4,2,3,2,1,3,1981,2,2
1991,1,62358,2,1,1,2,1,1,3,4,2,3,1984,2,2
1991,1,62359,1,2,3,2,2,2,3,4,1,3,1973,2,2
1991,1,62360,7,6,2,2,4,2,3,2,1,3,1970,2,2
1991,1,62361,1,5,5,2,2,2,3,4,2,3,1980,2,2
1991,2,62361,2,3,2,2,1,1,3,4,2,3,1968,2,2
1991,3,62361,1,2,2,2,1,1,3,4,2,3,1981,2,2
1991,4,62361,2,2,2,2,1,1,3,4,2,3,1985,2,2
1991,1,62362,4,2,2,2,1,1,3,4,2,3,1972,1,2
1991,1,62363,2,2,2,2,3,3,3,4,2,3,1969,2,2
1991,2,62363,1,2,2,2,1,1,3,4,2,3,1964,2,2
1991,1,62364,2,2,2,2,1,1,3,4,2,3,1986,2,2
1991,2,62364,7,5,5,2,4,1,3,1,2,3,1987,2,2
1991,1,62365,1,2,2,2,1,1,3,4,2,3,1973,2,2
1991,1,62366,2,1,1,1,1,1,3,4,1,3,1986,2,2
1991,1,62367,1,2,4,2,1,1,3,4,1,3,1972,2,2
1991,2,62367,2,2,3,2,1,1,3,4,1,3,1984,2,2
1991,1,62368,1,2,2,1,2,2,3,4,1,3,1969,2,2
1991,1,62369,3,2,2,2,1,1,3,4,2,3,1987,2,2
1991,1,62370,1,2,2,2,1,1,3,4,1,3,1980,2,2
1991,1,62371,2,3,3,2,1,1,3,4,1,3,1986,2,2
1991,1,62372,6,1,1,1,1,1,3,4,1,3,1988,2,2
1991,1,62373,2,5,5,2,2,2,3,4,2,3,1988,2,2
1991,1,62374,1,2,2,2,2,2,3,4,2,3,1979,2,2
1991,1,62375,1,5,5,1,1,1,3,4,1,3,1989,2,2
1991,2,62375,4,2,2,2,2,2,3,4,2,3,1990,2,2
1991,1,62376,1,2,2,2,2,2,3,4,1,3,1968,2,2
1991,2,62376,1,5,5,2,3,3,3,4,2,3,1976,2,2
1991,1,62377,2,2,2,2,2,2,3,4,2,3,1985,2,2
1991,2,62377,1,2,2,2,1,1,3,4,2,3,1981,2,2
1991,1,62378,1,2,2,2,2,2,3,4,2,3,1983,2,2
1991,1,62379,1,2,2,2,1,1,3,4,2,3,1982,1,2
1991,1,62380,1,3,3,2,2,2,3,4,1,3,1978,2,2
1991,2,62380,2,2,2,2,1,1,3,4,2,3,1956,2,2
1991,1,62381,8,2,2,2,1,1,3,4,2,1,1990,2,2
1991,2,62381,1,2,6,2,1,1,3,4,2,3,1986,2,2
1991,1,62382,6,3,3,2,1,1,3,4,2,3,1989,2,2
1991,1,62383,1,2,2,2,1,1,3,4,2,3,1985,2,2
1991,2,62383,2,5,5,2,1,1,3,4,2,3,1976,2,2
1991,1,62384,1,2,2,2,1,1,3,4,2,3,1967,2,2
1991,1,62385,8,3,6,2,1,1,3,4,2,3,1987,2,2
1991,1,62386,1,3,3,1,1,1,3,4,2,3,1987,2,2
1991,1,62387,2,5,5,1,1,1,3,4,2,3,1990,2,2
1991,1,62388,2,2,2,2,1,1,3,4,2,3,1989,2,2
1991,1,62389,1,3,5,2,1,1,3,4,2,3,1990,1,2
1991,2,62389,1,2,2,2,1,1,3,4,2,3,1982,2,2
1991,3,62389,2,2,2,2,1,1,3,4,2,3,1990,2,2
1991,1,62390,1,1,1,1,1,1,3,4,2,3,1978,2,2
1991,1,62391,1,3,3,2,2,2,3,4,1,3,1988,1,2
1991,2,62391,4,2,2,2,1,1,3,4,2,3,1975,2,2
1991,1,62392,6,4,6,2,1,1,3,4,2,3,1990,2,2
1991,2,62392,7,2,2,2,4,2,3,2,1,3,1980,2,2
1991,1,62393,1,3,6,2,1,1,3,4,2,3,1989,2,2
1991,1,62394,1,2,2,2,1,1,3,4,2,3,1987,1,2
1991,1,62395,7,2,2,2,4,2,3,2,2,3,1985,2,2
1991,1,62396,1,2,2,2,2,2,3,4,2,3,1980,2,2
1991,1,62397,1,1,1,1,2,2,3,4,1,3,1989,2,2
1991,1,62398,2,2,2,2,1,1,3,4,2,3,1979,2,2
1991,2,62398,1,2,2,2,1,1,3,4,2,3,1973,2,2
1991,1,62399,7,2,2,2,4,2,3,2,1,3,1991,2,2
1991,1,62400,1,5,5,1,2,2,3,4,1,3,1984,2,2
1991,1,62401,2,1,1,2,2,2,3,4,2,3,1988,2,2
1991,2,62401,1,1,1,1,1,1,3,4,2,3,1990,2,2
1991,1,62402,1,3,3,2,1,1,3,4,2,3,1988,2,2
1991,2,62402,7,2,2,2,4,2,3,2,2,3,1984,2,2
1991,1,62403,1,2,2,2,1,1,3,4,2,3,1988,2,2
1991,2,62403,1,5,5,2,1,1,3,4,1,3,1974,2,2
1991,1,62404,3,1,1,1,1,1,3,4,1,3,1988,2,2
1991,1,62405,1,5,5,1,2,2,3,4,2,3,1987,2,2
1991,2,62405,1,3,3,2,1,1,3,4,2,3,1989,2,2
1991,1,62406,1,3,3,2,1,1,3,4,2,3,1978,2,2
1991,1,62407,2,2,2,2,1,1,3,4,2,3,1971,2,2
1991,1,62408,1,5,5,2,1,1,3,4,2,3,1990,1,2
1991,2,62408,3,2,2,2,1,1,3,4,2,3,1990,2,2
1991,1,62409,7,7,7,2,4,2,3,2,1,3,1991,2,2
1991,1,62410,4,2,2,2,1,1,3,4,2,3,1991,2,2
1991,1,62411,6,2,2,2,2,2,3,4,2,3,1971,2,2
1991,2,62411,1,5,5,2,1,1,3,4,2,3,1988,1,2
1991,1,62412,2,2,2,2,1,1,3,4,2,3,1979,2,2
1991,1,62413,1,2,3,2,1,1,3,4,2,3,1985,1,2
1991,2,62413,1,2,2,2,1,1,3,4,2,3,1980,2,2
1991,3,62413,1,2,2,2,1,1,3,4,2,3,1991,2,2
1991,1,62414,1,7,7,2,3,3,3,4,2,3,9999,2,2
1991,2,62414,7,7,7,2,4,2,3,2,2,3,1986,2,2
1991,1,62415,2,1,1,2,1,1,3,4,2,3,1988,2,2
1991,1,62416,7,3,3,2,4,2,3,2,2,3,1978,2,2
1991,1,62417,1,2,2,2,1,1,3,4,2,3,1986,2,2
1991,1,62418,3,2,2,2,3,3,3,4,2,3,1975,2,2
1991,2,62418,1,3,3,2,1,1,3,4,2,3,1989,2,2
1991,3,62418,1,5,2,2,1,1,3,4,2,3,1987,2,2
1991,1,62419,2,1,1,1,1,1,3,4,2,3,1986,2,2
1991,1,62420,1,1,1,1,3,3,3,4,1,3,1988,1,2
1991,1,62421,4,2,3,2,1,1,3,4,2,3,1991,1,2
1991,2,62421,1,2,2,2,1,1,3,4,2,3,1985,2,2
1991,1,62422,2,2,2,2,2,2,3,4,2,3,1981,2,2
1991,2,62422,1,2,2,2,2,2,3,4,2,3,1986,2,2
1991,1,62423,1,2,2,2,3,3,3,4,2,3,9999,1,2
1991,2,62423,1,3,2,2,1,1,3,4,2,3,1983,2,2
1991,1,62425,1,2,2,2,1,1,3,4,1,3,1989,2,2
1991,2,62425,7,4,4,2,4,2,3,2,2,3,1983,2,2
1991,1,62426,2,2,2,2,1,1,3,4,1,3,1991,2,2
1991,2,62426,1,3,3,2,1,1,3,4,2,3,1987,2,2
1991,1,62427,1,1,1,1,1,1,3,4,1,3,1989,2,2
1991,1,62428,4,2,2,2,2,2,3,4,1,3,1974,2,2
1991,1,62429,1,2,2,1,1,1,3,4,2,3,1980,2,2
1991,2,62429,1,3,3,2,1,1,3,4,2,3,1981,2,2
1991,1,62430,2,2,2,2,1,1,3,4,1,3,1986,2,2
1991,1,62431,1,6,2,2,1,1,3,4,1,3,1979,2,2
1991,1,62432,1,2,6,2,2,2,3,4,1,3,1977,2,2
1991,2,62432,6,5,5,2,1,1,3,4,2,3,1985,2,2
1991,1,62433,2,2,2,2,1,1,3,4,1,3,1983,2,2
1991,2,62433,6,4,4,2,1,1,3,4,2,3,1991,2,2
1991,1,62434,6,7,7,1,1,2,3,4,1,3,1991,2,2
1991,2,62434,1,4,2,2,1,1,3,4,2,3,1991,2,2
1991,3,62434,2,2,2,2,1,1,3,4,1,3,1984,2,2
1991,1,62435,1,3,3,2,1,1,3,4,1,3,1990,2,2
1991,2,62435,2,2,2,2,1,1,3,4,2,3,1987,2,2
1991,1,62436,2,2,5,2,3,3,3,4,2,3,1973,2,2
1991,2,62436,1,3,3,2,2,2,3,4,2,3,1979,2,2
1991,1,62437,1,5,5,2,1,1,3,4,2,3,1976,2,2
1991,1,62438,1,2,3,2,2,2,3,4,2,3,1980,1,2
1991,2,62438,2,2,5,2,1,1,3,4,2,3,1978,2,2
1991,1,62439,2,1,1,2,3,3,3,4,2,3,1975,2,2
1991,1,62440,1,5,5,2,1,1,3,4,2,3,1983,1,2
1991,2,62440,2,2,2,2,1,1,3,4,2,3,1990,2,2
1991,1,62441,1,2,2,1,2,2,3,4,1,3,1978,2,2
1991,1,62442,3,1,1,1,1,1,3,4,2,3,1990,2,2
1991,1,62443,6,2,6,2,1,1,3,4,2,3,1985,2,1
1991,1,62444,1,2,2,2,1,1,3,4,1,3,1991,2,2
1991,2,62444,1,2,2,2,1,1,3,4,1,3,1983,2,2
1991,1,62445,6,7,7,1,1,1,3,4,1,3,1972,2,2
1991,1,62446,1,5,5,1,1,1,3,4,1,3,1981,2,2
1991,1,62447,2,2,2,2,1,1,3,4,2,3,1991,2,2
1991,1,62448,4,2,2,2,1,1,3,4,1,3,1991,2,2
1991,2,62448,7,4,4,2,4,2,3,2,2,3,1991,2,2
1991,1,62449,7,2,2,2,4,2,3,2,1,3,1975,2,2
1991,2,62449,1,3,3,2,2,2,3,4,2,3,1977,2,2
1991,1,62450,1,2,2,1,3,3,3,4,1,3,1973,2,2
1991,1,62451,1,3,3,2,1,1,3,4,2,3,1983,2,2
1991,2,62451,7,2,2,2,4,2,3,2,2,3,1981,2,2
1991,1,62452,1,2,2,2,1,1,3,4,1,3,1984,2,2
1991,1,62453,2,3,2,1,1,1,3,4,2,3,1986,2,2
1991,2,62453,6,4,4,2,1,1,3,4,2,3,1976,2,2
1991,1,62454,7,2,2,2,4,1,3,1,1,3,1991,2,2
1991,2,62454,1,4,4,2,1,1,3,4,2,3,1971,2,2
1991,1,62455,3,4,4,1,1,1,3,4,1,3,1977,2,2
1991,1,62456,1,3,3,2,1,1,3,4,2,3,1980,1,2
1991,2,62456,2,2,2,2,1,1,3,4,2,3,1989,2,2
1991,1,62457,3,1,1,1,1,1,3,4,2,3,1987,2,1
1991,1,62458,2,2,2,2,1,1,3,4,2,3,1991,2,2
1991,1,62459,3,2,2,2,1,1,3,4,2,3,1981,2,2
1991,1,62460,1,1,1,1,1,1,3,4,1,3,1983,2,2
1991,1,62461,7,2,2,2,4,2,3,2,1,3,1990,2,2
1991,2,62461,9,5,5,2,1,1,3,4,2,3,1990,2,2
1991,1,62462,1,1,1,1,3,3,3,4,1,3,1982,2,2
1991,1,62463,1,6,2,1,1,1,3,4,1,3,1977,2,2
1991,1,62464,7,2,2,2,4,1,3,1,1,3,1991,1,2
1991,2,62464,6,5,6,2,1,1,3,4,2,3,1988,2,2
1991,1,62465,2,5,5,1,1,1,3,4,2,3,1978,2,2
1991,2,62465,6,2,2,2,1,1,3,4,2,3,1977,2,2
1991,3,62465,3,2,2,1,1,1,3,4,2,3,1991,2,2
1991,4,62465,1,2,2,2,1,1,3,4,2,3,1991,2,2
1991,1,62466,1,5,5,2,1,1,3,4,1,3,1991,2,2
1991,1,62467,1,1,1,1,1,1,3,4,1,3,1985,2,1
1991,1,62468,3,2,2,2,1,1,3,4,2,3,1988,2,2
1991,1,62469,2,2,2,2,1,1,3,4,2,3,1989,2,2
1991,1,62470,7,7,7,2,4,2,3,2,1,3,1989,2,2
1991,2,62470,4,5,6,2,1,1,3,4,2,3,1991,2,2
1991,1,62471,1,2,2,2,1,1,3,4,2,3,1975,1,2
1991,2,62471,7,2,2,2,4,2,3,2,2,3,1981,2,2
1991,1,62472,1,2,2,2,1,1,3,4,2,3,1990,2,2
1991,1,62473,1,2,2,2,1,1,3,4,2,3,1986,2,2
1991,1,62474,4,2,2,2,3,3,3,4,2,3,9999,2,2
1991,2,62474,2,6,6,2,3,3,3,4,2,3,9999,2,2
1991,1,62475,3,2,2,1,1,1,3,4,2,3,1987,2,2
1991,1,62476,7,3,3,2,4,2,3,2,1,3,1983,2,2
1991,1,62477,1,1,1,1,2,2,3,4,2,3,1971,1,2
1991,1,62478,1,6,6,1,2,2,3,4,2,3,1980,2,2
1991,1,62479,4,2,2,2,1,1,3,4,2,3,1983,1,2
1991,1,62480,1,3,2,2,1,1,3,4,1,3,1976,1,2
1991,2,62480,2,2,3,1,2,2,3,4,2,3,1975,2,2
1991,1,62481,1,2,2,2,1,1,3,4,2,3,1989,2,2
1991,1,62482,1,1,1,1,1,1,3,4,2,3,1990,2,2
1991,1,62483,3,1,1,1,1,1,3,4,2,3,1986,1,1
1991,1,62484,1,2,2,1,1,1,3,4,1,3,1977,2,2
1991,2,62484,8,2,2,2,1,1,3,4,2,3,1986,2,2
1991,1,62485,1,2,2,2,3,3,3,4,1,3,1978,2,2
1991,1,62486,1,1,1,1,3,3,3,4,2,3,1989,2,2
1991,1,62487,7,6,2,2,4,2,3,2,1,3,1988,2,2
1991,1,62488,1,2,2,2,1,1,3,4,2,3,1990,2,2
1991,2,62488,6,2,2,2,1,1,3,4,2,3,1989,2,2
1991,1,62489,2,2,2,2,1,1,3,4,1,3,1976,2,2
1991,2,62489,2,5,5,2,1,1,3,4,2,3,1987,2,2
1991,1,62490,1,6,5,2,1,1,3,4,1,3,1990,2,2
1991,1,62491,6,2,2,2,1,1,3,4,2,3,1978,2,2
1991,2,62491,2,2,2,2,2,2,3,4,2,3,1974,2,2
1991,1,62492,2,2,2,1,1,1,3,4,2,3,1990,2,2
1991,1,62493,1,1,1,1,1,1,3,4,1,3,1991,2,2
1991,1,62494,1,1,1,1,1,1,3,4,2,3,1987,2,2
1991,1,62495,1,5,3,2,1,1,3,4,2,3,1990,2,2
1991,2,62495,9,2,2,2,1,1,3,4,2,3,1990,2,2
1991,3,62495,1,2,2,2,1,1,3,4,2,3,1987,2,2
1991,1,62496,1,2,2,1,2,2,3,4,2,3,1981,2,2
1991,1,62497,2,3,4,2,1,1,3,4,2,3,1989,1,2
1991,1,62498,6,2,6,2,1,1,3,4,2,3,1988,2,2
1991,1,62499,3,2,2,2,1,1,3,4,1,3,1985,1,2
1991,2,62499,6,4,6,2,1,1,3,4,2,3,1980,2,2
1991,1,62500,1,6,3,2,1,1,3,4,1,3,1985,2,2
1991,1,62501,4,5,5,2,1,1,3,4,2,3,1989,2,2
1991,2,62501,7,2,2,2,4,1,3,1,1,3,1988,2,2
1991,1,62502,1,5,5,2,1,1,3,4,2,3,1984,2,2
1991,2,62502,1,2,2,2,1,1,3,4,1,3,1990,2,2
1991,1,62503,1,1,1,1,1,1,3,4,2,3,1990,2,2
1991,1,62504,1,2,2,2,2,2,3,4,2,3,1980,2,2
1991,2,62504,2,3,2,2,1,1,3,4,2,3,1989,2,2
1991,3,62504,1,2,2,2,1,1,3,4,2,3,1986,2,2
1991,1,62505,2,2,2,1,1,1,3,4,2,3,1986,2,2
1991,2,62505,6,2,2,2,2,2,3,4,2,3,1974,2,2
1991,3,62505,1,2,2,2,1,1,3,4,2,3,1982,2,2
1991,1,62506,1,2,2,2,1,1,3,4,2,3,1991,2,2
1991,1,62507,9,2,3,2,1,1,3,4,2,3,1973,2,2
1991,1,62508,2,2,2,2,1,1,3,4,2,3,1988,2,2
1991,1,62509,3,1,1,1,1,1,3,4,1,3,1974,2,2
1991,1,62510,9,6,6,1,1,1,3,4,1,3,9999,2,2
1991,1,62511,1,2,2,2,1,1,3,4,2,3,1990,1,2
1991,2,62511,1,5,5,2,1,1,3,4,2,3,1988,2,2
1991,1,62512,2,3,3,2,1,1,3,4,2,3,1979,2,2
1991,1,62513,7,2,2,2,4,2,3,2,1,3,1988,2,2
1991,2,62513,1,4,4,2,1,1,3,4,2,3,1971,2,2
1991,3,62513,3,3,3,2,1,1,3,4,2,3,1987,2,2
1991,1,62514,1,1,1,2,1,1,3,4,2,3,1978,2,2
1991,1,62515,1,2,2,2,1,1,3,4,1,3,1990,2,2
1991,2,62515,9,5,5,2,3,3,3,4,1,3,9999,2,2
1991,1,62516,1,2,2,2,3,3,3,4,1,3,1990,2,2
1991,2,62516,1,5,5,2,1,1,3,4,2,3,1983,2,2
1991,1,62517,1,5,5,2,1,1,3,4,1,3,1991,2,2
1991,1,62518,1,2,3,2,1,1,3,4,1,3,1989,2,2
1991,1,62519,1,2,3,2,1,1,3,4,2,3,1980,1,2
1991,2,62519,1,2,2,2,1,1,3,4,2,3,1990,2,2
1991,1,62520,8,2,6,2,1,1,3,4,2,1,1975,2,2
1991,1,62521,1,2,5,2,2,2,3,4,2,3,1982,2,2
1991,2,62521,7,5,5,2,4,2,3,2,2,3,1974,2,2
1991,1,62522,1,2,2,1,1,1,3,4,2,3,1990,1,2
1991,1,62523,2,4,4,2,1,1,3,4,2,3,1987,2,2
1991,2,62523,1,2,2,2,2,2,3,4,1,3,1988,2,2
1991,1,62524,2,6,6,1,1,1,3,4,1,3,1988,2,2
1991,1,62525,1,6,6,1,1,1,3,4,1,3,1974,2,2
1991,1,62526,1,2,3,2,3,3,3,4,2,3,1987,2,2
1991,2,62526,1,2,2,2,1,1,3,4,2,3,1988,2,2
1991,1,62527,2,2,2,2,1,1,3,4,2,3,1985,2,2
1991,2,62527,1,2,5,2,1,1,3,4,2,3,1990,2,2
1991,1,62528,1,2,2,2,2,2,3,4,2,3,1988,2,2
1991,1,62529,1,2,2,2,1,1,3,4,2,3,1990,2,2
1991,1,62530,2,7,7,1,2,2,3,4,1,3,1977,2,1
1991,1,62531,1,2,2,2,2,2,3,4,1,3,1980,2,2
1991,2,62531,2,4,4,1,1,1,3,4,2,3,1960,2,2
1991,1,62532,1,1,1,1,1,1,3,4,2,3,1990,2,2
1991,1,62533,2,1,1,1,1,1,3,4,2,3,1981,1,1
1991,1,62534,2,2,6,2,1,1,3,4,2,3,1987,2,2
1991,1,62535,7,2,2,2,4,1,3,1,1,3,1986,2,2
1991,1,62536,1,1,1,1,2,2,3,4,2,3,1977,2,2
1991,1,62537,1,4,4,1,2,2,3,4,2,3,1987,1,2
1991,1,62538,2,6,6,1,2,2,3,4,1,3,1988,2,2
1991,1,62539,7,2,2,2,4,1,3,1,2,3,1983,2,2
1991,1,62540,7,6,3,2,4,2,3,2,1,3,1963,2,2
1991,1,62541,1,2,2,1,2,2,3,4,2,3,1980,2,2
1991,1,62542,1,2,2,1,2,2,3,4,1,3,1989,2,2
1991,1,62543,7,2,2,2,4,2,3,2,1,3,1981,2,2
1991,1,62544,1,6,3,2,1,1,3,4,1,3,1991,2,2
1991,1,62545,7,6,6,2,4,2,3,2,2,3,1985,2,2
1991,1,62546,7,2,2,2,4,2,3,2,1,3,1986,2,2
1991,2,62546,1,5,5,2,1,1,3,4,2,3,1965,2,2
1991,1,62547,1,1,1,1,1,1,3,4,1,3,1983,1,2
1991,1,62548,1,2,2,2,2,2,3,4,1,3,1979,2,2
1991,2,62548,1,5,5,2,1,1,3,4,2,3,1977,2,2
1991,1,62549,6,2,2,1,3,3,3,4,2,3,1990,2,2
1991,1,62550,1,2,2,1,2,2,3,4,2,3,1972,2,2
1991,1,62551,1,1,1,1,1,1,3,4,2,3,1978,2,2
1991,1,62552,1,5,5,2,1,1,3,4,2,3,1975,1,2
1991,2,62552,6,2,2,2,1,1,3,4,2,3,1989,2,2
1991,1,62553,2,6,6,1,1,1,3,4,2,3,1991,1,2
1991,1,62554,1,4,5,2,1,1,3,4,2,3,1980,2,2
1991,2,62554,4,2,2,2,2,2,3,4,2,3,1978,2,2
1991,1,62555,4,6,6,1,2,2,3,4,2,3,1976,2,2
1991,1,62556,1,7,7,1,1,1,3,4,1,3,1973,2,2
1991,1,62557,7,1,1,2,4,2,3,2,1,3,1982,2,2
1991,1,62558,2,6,5,2,1,1,3,4,1,3,1990,2,2
1991,1,62559,2,2,2,2,3,3,3,4,2,3,1973,2,1
1991,2,62559,1,4,4,2,2,2,3,4,2,3,1983,2,2
1991,1,62560,1,2,2,1,2,2,3,4,1,3,1968,2,2
1991,1,62561,2,2,2,1,1,1,3,4,1,3,1986,2,2
1991,2,62561,1,4,2,2,2,2,3,4,2,3,1982,2,2
1991,3,62561,1,4,2,2,3,3,3,4,2,3,1965,2,2
1991,4,62561,6,5,5,2,1,1,3,4,2,3,1984,2,2
1991,5,62561,4,2,2,2,1,1,3,4,2,3,1991,2,2
1991,1,62562,1,2,6,2,3,3,3,4,2,3,9999,2,2
1991,2,62562,1,6,6,2,1,1,3,4,2,3,1988,2,2
1991,1,62563,1,2,2,2,1,1,3,4,2,3,1987,1,2
1991,2,62563,2,2,2,2,1,1,3,4,2,3,1987,2,2
1991,1,62564,1,2,2,2,1,1,3,4,2,3,1989,1,2
1991,2,62564,7,2,2,2,4,2,3,2,2,3,1983,1,2
1991,3,62564,3,2,2,2,1,1,3,4,2,3,1990,2,2
1991,1,62565,1,6,6,1,1,1,3,4,2,3,1986,2,2
1991,1,62566,1,3,2,2,1,1,3,4,2,3,1966,2,2
1991,2,62566,1,2,2,2,1,1,3,4,2,3,1986,2,2
1991,3,62566,1,3,4,2,1,1,3,4,2,3,1989,2,2
1991,1,62567,1,2,2,2,1,1,3,4,2,3,1983,2,2
1991,1,62568,1,2,2,2,1,1,3,4,2,3,1990,2,2
1991,2,62568,1,3,2,2,1,1,3,4,2,3,1985,2,2
1991,3,62568,1,5,5,2,1,1,3,4,2,3,1987,2,2
1991,1,62569,1,1,1,2,1,1,3,4,1,3,1986,2,2
1991,1,62570,7,2,5,2,4,1,3,1,1,3,1989,2,2
1991,1,62571,2,2,2,2,1,1,3,4,2,3,1985,1,2
1991,1,62572,1,2,2,2,1,1,3,4,2,3,1984,2,2
1991,1,62573,2,1,1,1,1,1,3,4,1,3,1946,2,2
1991,1,62574,2,2,2,2,3,3,3,4,2,3,9999,1,2
1991,1,62575,1,2,2,2,1,1,3,4,2,3,1980,2,2
1991,1,62576,4,2,2,2,1,1,3,4,1,3,1977,2,2
1991,1,62577,1,2,2,2,2,2,3,4,1,3,1976,2,2
1991,1,62578,7,2,2,2,4,2,3,2,1,3,1986,2,2
1991,2,62578,2,2,2,2,1,1,3,4,2,3,1973,2,2
1991,1,62579,1,2,2,2,1,1,3,4,2,3,1979,2,2
1991,1,62580,1,2,2,2,1,1,3,4,2,3,1982,2,2
1991,2,62580,1,2,2,2,1,1,3,4,2,3,1984,2,2
1991,3,62580,1,3,3,1,1,1,3,4,2,3,1977,2,2
1991,1,62581,4,2,6,2,1,1,3,4,2,3,1987,2,2
1991,1,62582,1,3,3,2,1,1,3,4,2,3,1985,2,2
1991,2,62582,2,2,2,2,1,1,3,4,2,3,1990,2,2
1991,1,62583,2,1,1,1,1,1,3,4,1,3,1990,2,2
1991,1,62584,6,2,2,2,1,1,3,4,2,3,1975,2,2
1991,2,62584,4,5,5,2,1,1,3,4,2,3,1975,2,2
1991,1,62585,2,2,2,1,1,1,3,4,2,3,1984,2,2
1991,2,62585,1,3,3,2,2,2,3,4,2,3,1980,2,2
1991,1,62586,1,1,1,1,1,1,3,4,1,3,1982,2,2
1991,1,62587,2,2,4,1,1,1,3,4,2,3,1986,2,2
1991,2,62587,9,4,4,2,1,1,3,4,2,3,1975,1,2
1991,3,62587,1,2,2,2,1,1,3,4,2,3,1988,2,2
1991,1,62588,1,4,4,2,1,1,3,4,2,3,1983,2,2
1991,2,62588,1,4,4,2,1,1,3,4,2,3,1976,2,2
1991,3,62588,1,2,2,2,3,3,3,4,1,3,1982,2,2
1991,1,62589,1,5,5,2,1,1,3,4,1,3,1980,2,2
1991,1,62590,1,5,5,2,1,1,3,4,2,3,1969,2,2
1991,2,62590,1,2,2,2,1,1,3,4,2,3,1978,2,2
1991,3,62590,2,2,2,2,1,1,3,4,2,3,1986,2,2
1991,1,62591,6,2,2,2,3,3,3,4,2,3,1988,1,2
1991,2,62591,6,3,3,1,1,1,3,4,2,3,1976,2,2
1991,1,62592,1,5,5,1,2,2,3,4,2,3,1973,2,2
1991,2,62592,2,2,2,1,2,2,3,4,2,3,1989,2,2
1991,1,62593,3,7,7,1,1,1,3,4,1,3,1987,2,2
1991,2,62593,1,2,2,2,1,1,3,4,2,3,1983,2,2
1991,1,62594,1,2,2,2,2,2,3,4,1,3,1965,2,2
1991,2,62594,1,4,4,2,1,1,3,4,2,3,1987,2,2
1991,1,62595,1,2,6,2,2,2,3,4,1,3,1984,2,2
1991,1,62596,1,2,2,2,1,1,3,4,2,3,1987,2,2
1991,1,62597,7,3,3,2,4,2,3,2,1,3,1980,2,2
1991,2,62597,2,2,6,2,1,1,3,4,2,3,1991,2,2
1991,1,62598,1,2,2,2,1,1,3,4,2,3,1975,1,1
1991,1,62599,1,6,6,1,1,1,3,4,1,3,1990,2,2
1991,1,62600,1,2,2,2,1,1,3,4,2,3,1982,2,2
1991,1,62601,1,2,2,2,1,1,3,4,2,3,1988,2,2
1991,1,62602,6,5,5,2,1,1,3,4,1,3,1979,2,2
1991,2,62602,1,3,3,2,3,3,3,4,2,3,1971,2,2
1991,1,62603,2,3,3,2,1,1,3,4,2,3,1987,2,2
1991,2,62603,4,2,2,2,2,2,3,4,2,3,1990,2,2
1991,1,62604,1,4,2,2,2,2,3,4,1,3,1990,2,2
1991,2,62604,1,2,2,2,1,1,3,4,2,3,1976,2,2
1991,1,62605,1,2,2,2,2,2,3,4,1,3,1977,2,2
1991,1,62606,1,5,5,1,1,1,3,4,2,3,1987,2,2
1991,2,62606,1,2,2,2,1,1,3,4,2,3,1987,2,2
1991,1,62607,1,2,2,2,1,1,3,4,2,3,1987,2,2
1991,2,62607,1,2,2,2,1,1,3,4,2,3,1987,2,2
1991,1,62608,1,3,3,2,1,1,3,4,2,3,1985,2,2
1991,2,62608,1,2,2,2,1,1,3,4,2,3,1990,2,2
1991,1,62609,4,3,3,1,3,3,3,4,1,3,1978,2,2
1991,2,62609,1,2,2,2,1,1,3,4,2,3,1981,2,2
1991,1,62610,1,5,5,1,1,1,3,4,2,3,1988,2,2
1991,2,62610,1,2,2,2,1,1,3,4,2,3,1988,2,2
1991,1,62611,7,2,2,2,4,2,3,2,1,3,1990,2,2
1991,2,62611,1,5,5,2,1,1,3,4,2,3,1983,2,2
1991,1,62612,2,2,2,2,1,1,3,4,2,3,1981,1,2
1991,1,62613,3,5,5,1,1,1,3,4,2,3,1991,1,2
1991,2,62613,2,2,2,2,1,1,3,4,2,3,1988,2,2
1991,1,62614,1,2,2,2,3,3,3,4,1,3,9999,2,2
1991,2,62614,1,4,3,2,2,2,3,4,2,3,1985,2,2
1991,3,62614,1,2,2,2,1,1,3,4,2,3,1977,2,2
1991,4,62614,2,4,4,2,3,3,3,4,2,3,1939,2,2
1991,1,62615,2,2,2,2,1,1,3,4,2,3,1990,2,2
1991,2,62615,1,5,5,2,1,1,3,4,2,3,1978,2,2
1991,1,62616,6,2,2,2,1,1,3,4,1,3,1988,2,2
1991,2,62616,6,4,4,2,3,3,3,4,2,3,1976,2,2
1991,1,62617,2,2,2,2,1,1,3,4,1,3,1987,1,2
1991,2,62617,1,4,2,2,3,3,3,4,2,3,1991,2,2
1991,3,62617,4,4,4,2,1,1,3,4,2,3,1972,2,2
1991,1,62618,5,2,2,2,1,1,3,4,1,3,1986,2,2
1991,2,62618,1,5,5,2,1,1,3,4,2,3,1989,2,2
1991,1,62619,1,2,2,2,1,1,3,4,2,3,1984,2,2
1991,2,62619,1,5,5,2,1,1,3,4,2,3,1984,1,2
1991,1,62620,3,1,1,1,1,1,3,4,2,3,1975,1,2
1991,1,62621,1,2,2,2,2,2,3,4,1,3,1977,2,2
1991,2,62621,5,4,4,1,1,1,3,4,2,3,1986,2,2
1991,1,62622,1,2,2,2,1,1,3,4,2,3,1976,2,2
1991,1,62623,7,2,2,2,4,2,3,2,1,3,1985,2,2
1991,1,62624,1,2,2,2,3,3,3,4,1,3,9999,2,2
1991,2,62624,1,4,6,1,1,1,3,4,2,3,1989,2,2
1991,1,62625,1,3,3,2,1,1,3,4,2,3,1980,2,2
1991,2,62625,2,2,2,1,1,1,3,4,2,3,1975,2,2
1991,1,62626,9,4,4,2,2,2,3,4,2,3,1987,2,2
1991,2,62626,2,2,2,2,1,1,3,4,1,3,1973,2,2
1991,1,62627,2,6,6,2,1,1,3,4,2,3,1978,2,2
1991,1,62628,1,5,2,2,2,2,3,4,1,3,1980,2,2
1991,2,62628,1,2,2,2,1,1,3,4,2,3,1986,2,2
1991,3,62628,1,2,2,2,1,1,3,4,2,3,1983,2,2
1991,1,62629,1,6,2,1,2,2,3,4,1,3,1984,2,2
1991,1,62630,6,6,2,2,1,1,3,4,2,3,1985,2,2
1991,1,62631,2,6,6,1,2,2,3,4,1,3,1985,2,2
1991,1,62632,2,5,5,2,2,2,3,4,2,3,1987,2,2
1991,1,62633,7,2,2,2,4,3,3,3,1,3,1987,1,2
1991,2,62633,2,4,4,2,1,1,3,4,2,3,1974,2,2
1991,1,62634,1,2,2,2,1,1,3,4,1,3,1988,2,2
1991,1,62635,3,7,7,1,1,1,3,4,2,3,1984,2,2
1991,2,62635,1,2,2,2,1,1,3,4,2,3,1982,2,2
1991,1,62636,1,3,3,2,1,1,3,4,2,3,1984,2,2
1991,2,62636,1,2,2,2,2,2,3,4,2,3,1971,2,2
1991,3,62636,1,2,2,2,1,1,3,4,2,3,1991,2,2
1991,1,62637,1,2,2,2,1,1,3,4,2,3,1971,2,2
1991,2,62637,1,3,3,2,1,1,3,4,2,3,1985,1,2
1991,1,62638,1,3,3,2,1,1,3,4,2,3,1980,2,2
1991,2,62638,1,2,2,2,1,1,3,4,1,3,1991,2,2
1991,1,62639,1,2,2,2,2,2,3,4,2,3,1983,2,2
1991,2,62639,1,2,2,2,1,1,3,4,2,3,1990,2,2
1991,1,62640,7,6,6,2,4,2,3,2,2,3,1982,2,2
1991,1,62641,7,2,2,2,4,2,3,2,1,3,1990,2,2
1991,1,62642,6,2,2,2,1,1,3,4,2,3,1987,1,2
1991,2,62642,6,2,2,1,1,1,3,4,2,3,1974,2,2
1991,1,62643,4,2,2,2,1,1,3,4,2,3,1971,2,2
1991,1,62644,6,2,6,2,1,1,3,4,2,3,1982,2,2
1991,1,62645,1,5,5,1,2,2,3,4,1,3,1977,2,2
1991,2,62645,1,2,2,2,1,1,3,4,2,3,1989,2,2
1991,1,62646,1,7,7,1,3,3,3,4,2,3,1991,2,2
1991,1,62647,1,2,2,2,2,2,3,4,1,3,1979,2,2
1991,1,62648,2,5,5,1,1,1,3,4,2,3,1973,2,2
1991,2,62648,4,2,2,1,1,1,3,4,2,3,1989,2,2
1991,1,62649,1,6,2,2,2,2,3,4,1,3,1982,2,2
1991,1,62650,1,5,5,1,2,2,3,4,2,3,1987,2,2
1991,1,62651,2,2,2,1,1,1,3,4,1,3,1984,2,2
1991,1,62652,2,2,2,2,3,3,3,4,2,3,1979,2,2
1991,2,62652,1,2,2,2,1,1,3,4,2,3,1972,2,2
1991,1,62653,1,2,2,2,1,1,3,4,2,3,1986,2,2
1991,2,62653,7,2,2,2,4,2,3,2,1,3,1988,2,2
1991,3,62653,6,6,6,2,1,1,3,4,2,3,1992,2,2
1991,4,62653,7,2,2,2,4,1,3,1,1,3,1990,2,2
1991,1,62654,2,2,2,2,1,1,3,4,2,3,1986,1,2
1991,1,62655,1,6,6,1,1,1,3,4,1,3,1966,2,2
1991,2,62655,1,6,6,2,1,1,3,4,2,3,1983,2,2
1991,1,62656,1,3,3,2,1,1,3,4,2,3,1977,2,2
1991,2,62656,2,2,2,2,1,1,3,4,2,3,1987,2,2
1991,1,62657,1,6,6,1,2,2,3,4,2,3,1982,2,2
1991,1,62658,1,6,2,1,1,1,3,4,1,3,1986,2,2
1991,1,62659,4,6,6,1,1,1,3,4,2,3,1975,2,2
1991,1,62660,2,5,5,1,1,1,3,4,1,3,1991,2,2
1991,1,62661,1,1,1,1,2,2,3,4,1,3,1986,2,2
1991,1,62662,1,2,2,2,3,3,3,4,1,3,9999,2,2
1991,1,62663,6,6,6,2,1,1,3,4,2,3,1989,1,2
1991,1,62664,1,5,5,2,2,2,3,4,2,3,1987,1,2
1991,2,62664,2,2,2,2,2,2,3,4,2,3,1989,2,2
1991,1,62665,1,2,2,1,1,1,3,4,1,3,1972,2,2
1991,1,62666,2,4,4,2,1,1,3,4,2,3,1987,2,2
1991,2,62666,1,4,2,2,1,1,3,4,2,3,1981,2,2
1991,3,62666,7,4,2,2,4,1,3,1,2,3,1985,2,2
1991,4,62666,2,2,5,2,1,1,3,4,1,3,1989,2,2
1991,5,62666,6,5,5,2,1,1,3,4,2,3,1979,2,2
1991,1,62667,1,4,4,2,3,3,3,4,2,3,1982,2,2
1991,2,62667,1,2,2,2,1,1,3,4,1,3,1986,1,2
1991,1,62668,3,2,2,2,2,2,3,4,2,3,1967,2,2
1991,2,62668,1,2,2,2,1,1,3,4,2,3,1985,2,2
1991,1,62669,2,3,3,2,1,1,3,4,1,3,1990,2,2
1991,2,62669,2,2,2,1,2,2,3,4,2,3,1986,2,2
1991,1,62670,1,2,2,2,1,1,3,4,2,3,1976,2,2
1991,1,62671,1,2,2,2,1,1,3,4,2,3,1980,2,2
1991,1,62672,1,2,4,1,1,1,3,4,2,3,1976,2,2
1991,1,62673,1,5,5,2,2,2,3,4,2,3,1982,2,2
1991,1,62674,1,2,2,2,2,2,3,4,2,3,1979,1,2
1991,2,62674,1,2,2,2,1,1,3,4,2,3,1985,2,2
1991,1,62675,2,2,2,1,3,3,3,4,1,3,1977,2,2
1991,1,62676,1,6,2,1,2,2,3,4,1,3,1985,2,2
1991,1,62677,1,2,2,1,2,2,3,4,1,3,1988,2,2
1991,2,62677,2,2,2,2,1,1,3,4,2,3,1990,2,2
1991,1,62678,1,2,6,2,1,1,3,4,2,3,1986,2,2
1991,1,62679,1,5,5,2,2,2,3,4,2,3,1979,1,2
1991,2,62679,1,2,2,2,1,1,3,4,2,3,1984,2,2
1991,1,62680,1,2,2,2,1,1,3,4,2,3,1978,2,2
1991,1,62681,2,2,2,1,2,2,3,4,2,3,1970,1,2
1991,1,62682,8,6,6,2,1,1,3,4,2,3,1988,2,2
1991,1,62683,1,2,2,2,1,1,3,4,2,3,1980,1,2
1991,1,62684,1,2,2,2,2,2,3,4,2,3,1989,2,2
1991,2,62684,1,3,2,2,2,2,3,4,2,3,1978,2,2
1991,1,62685,1,1,1,1,2,2,3,4,2,3,1985,2,2
1991,1,62686,1,7,7,2,3,3,3,4,2,3,9999,2,2
1991,1,62687,7,2,2,2,4,2,3,2,1,3,1988,2,2
1991,1,62688,1,2,2,2,2,2,3,4,2,3,1987,1,2
1991,1,62689,1,5,5,2,2,2,3,4,1,3,1985,2,2
1991,2,62689,3,2,2,2,2,2,3,4,2,3,1986,2,2
1991,1,62690,2,2,2,2,1,1,3,4,2,3,1972,2,2
1991,2,62690,1,3,3,2,2,2,3,4,1,3,1986,2,2
1991,1,62691,2,2,2,2,1,1,3,4,1,3,1972,2,1
1991,1,62692,2,2,2,2,2,2,3,4,2,3,1979,2,1
1991,1,62693,1,2,2,2,1,1,3,4,2,3,1990,1,2
1991,1,62694,1,4,2,2,2,2,3,4,1,3,1974,2,2
1991,2,62694,2,5,5,2,1,1,3,4,2,3,1989,2,2
1991,3,62694,6,2,5,2,1,1,3,4,2,3,1978,2,2
1991,1,62695,7,6,2,2,4,2,3,2,1,3,1991,2,2
1991,1,62696,7,6,2,2,4,2,3,2,1,3,1985,2,2
1991,1,62697,1,2,2,2,1,1,3,4,2,3,1978,2,2
1991,1,62698,1,2,2,1,3,3,3,4,2,3,1975,2,2
1991,2,62698,5,4,4,2,3,3,3,4,2,3,1972,2,2
1991,3,62698,1,4,2,2,3,3,3,4,2,3,1962,2,2
1991,1,62699,7,2,2,2,4,2,3,2,2,3,1982,2,2
1991,1,62700,1,2,2,1,1,1,3,4,1,3,1986,2,2
1991,1,62701,1,6,6,1,2,2,3,4,1,3,1985,2,2
1991,1,62702,1,7,7,1,1,1,3,4,2,3,1989,2,2
1991,1,62703,1,1,1,1,1,1,3,4,1,3,1967,2,2
1991,1,62704,1,2,2,2,2,2,3,4,1,3,1977,2,2
1991,1,62705,7,1,1,2,4,1,3,1,2,3,1981,2,2
1991,1,62706,2,2,2,2,1,1,3,4,2,3,1967,2,2
1991,1,62707,4,1,1,1,1,1,3,4,2,3,1983,2,2
1991,1,62708,2,1,1,1,2,2,3,4,1,3,1983,2,2
1991,1,62709,1,2,2,2,1,1,3,4,2,3,1989,1,2
1991,2,62709,1,5,5,2,1,1,3,4,2,3,1984,2,2
1991,1,62710,2,4,4,1,1,1,3,4,2,3,1973,2,2
1991,2,62710,7,2,2,2,4,1,3,1,2,3,1990,2,2
1991,1,62711,1,3,3,2,1,1,3,4,1,3,1986,2,2
1991,2,62711,1,2,2,1,1,1,3,4,2,3,1991,2,2
1991,1,62712,9,5,5,2,3,3,3,4,2,3,9999,2,2
1991,2,62712,7,7,7,2,4,2,3,2,2,3,1988,2,2
1991,1,62713,1,2,2,1,1,1,3,4,1,3,1984,2,2
1991,2,62713,1,2,2,2,1,1,3,4,2,3,1988,2,2
1991,1,62714,1,5,5,2,1,1,3,4,2,3,1988,2,1
1991,1,62715,2,3,3,2,1,1,3,4,1,3,1989,2,2
1991,2,62715,1,2,3,2,1,1,3,4,2,3,1990,2,2
1991,3,62715,1,2,2,2,2,2,3,4,2,3,1980,2,2
1991,1,62716,4,6,6,1,1,1,3,4,2,3,1988,2,2
1991,1,62717,1,2,2,1,1,1,3,4,1,3,1983,2,2
1991,2,62717,1,2,2,2,1,1,3,4,2,3,1988,2,2
1991,1,62718,1,2,2,2,2,2,3,4,1,3,1977,2,2
1991,2,62718,2,4,4,2,1,1,3,4,2,3,1986,2,2
1991,1,62719,2,5,5,1,1,1,3,4,1,3,1983,1,2
1991,1,62720,1,2,2,2,1,1,3,4,2,3,1975,1,2
1991,1,62721,1,2,2,2,2,2,3,4,1,3,1991,1,2
1991,2,62721,4,4,4,2,2,2,3,4,2,3,1974,2,2
1991,1,62722,1,1,1,1,1,1,3,4,2,3,1985,2,2
1991,1,62723,1,2,2,2,1,1,3,4,2,3,1988,2,2
1991,2,62723,1,2,2,2,1,1,3,4,2,3,1983,2,2
1991,1,62724,6,4,4,2,1,1,3,4,2,3,1986,2,2
1991,2,62724,3,2,5,2,1,1,3,4,1,3,1973,1,2
1991,1,62726,1,4,2,2,1,1,3,4,2,3,1985,2,2
1991,1,62727,7,2,2,2,4,1,3,1,1,3,1985,2,2
1991,2,62727,4,5,2,2,1,1,3,4,2,3,1984,2,2
1991,1,62728,1,2,2,2,2,2,3,4,2,3,1971,1,2
1991,2,62728,2,4,4,1,1,1,3,4,2,3,1988,2,2
1991,1,62729,1,2,2,2,1,1,3,4,2,3,1985,2,2
1991,2,62729,1,5,2,2,1,1,3,4,2,3,1989,2,2
1991,3,62729,1,5,2,2,1,1,3,4,2,3,1989,2,2
1991,1,62730,2,1,1,1,1,1,3,4,1,3,1982,2,2
1991,1,62731,1,6,6,1,3,3,3,4,2,3,1984,1,2
1991,2,62731,7,2,2,2,4,1,3,1,1,3,1981,2,2
1991,1,62732,1,3,4,1,1,1,3,4,2,3,1985,2,2
1991,2,62732,2,2,2,1,1,1,3,4,2,3,1988,2,2
1991,3,62732,2,2,2,2,1,1,3,4,2,3,1986,2,2
1991,1,62733,1,2,2,2,1,1,3,4,1,3,1978,2,2
1991,1,62734,9,2,2,2,3,3,3,4,2,3,9999,1,2
1991,1,62735,2,1,1,1,1,1,3,4,2,3,1989,2,2
1991,1,62736,3,1,1,1,1,1,3,4,2,3,1991,2,2
1991,1,62737,1,6,6,1,1,1,3,4,1,3,1986,2,2
1991,1,62738,1,1,1,1,2,2,3,4,2,3,1977,2,2
1991,1,62739,3,2,2,2,1,1,3,4,2,3,1979,2,2
1991,2,62739,2,3,3,2,1,1,3,4,2,3,1987,2,2
1991,1,62740,2,2,2,2,1,1,3,4,2,3,1989,2,2
1991,2,62740,1,2,2,2,1,1,3,4,2,3,1981,2,2
1991,1,62741,1,3,3,2,2,2,3,4,2,3,1977,2,2
1991,2,62741,1,2,2,2,2,2,3,4,2,3,1976,2,2
1991,1,62742,2,2,3,2,1,1,3,4,2,3,1989,2,2
1991,1,62743,2,6,2,1,1,1,3,4,1,3,1986,2,2
1991,1,62744,1,6,6,1,1,1,3,4,1,3,1991,2,2
1991,1,62745,1,2,2,2,1,1,3,4,2,3,1987,2,2
1991,1,62746,7,2,2,2,4,1,3,1,2,3,1986,2,2
1991,1,62747,1,2,2,2,2,2,3,4,1,3,1973,2,2
1991,2,62747,1,5,2,2,1,1,3,4,2,3,1978,2,2
1991,3,62747,3,4,4,2,1,1,3,4,2,3,1991,2,2
1991,4,62747,1,2,2,2,1,1,3,4,2,3,1989,2,2
1991,1,62748,7,2,2,2,4,1,3,1,2,3,1982,2,2
1991,2,62748,3,2,5,2,1,1,3,4,2,3,1991,2,2
1991,1,62749,1,5,5,2,2,2,3,4,2,3,1991,2,2
1991,2,62749,4,2,2,2,1,1,3,4,2,3,1971,2,2
1991,1,62750,7,6,2,2,4,2,3,2,1,3,1987,2,2
1991,1,62751,7,2,3,2,4,1,3,1,1,3,1988,2,2
1991,2,62751,1,5,5,2,1,1,3,4,2,3,1987,2,2
1991,1,62752,1,2,2,1,1,1,3,4,2,3,1986,2,2
1991,1,62753,1,2,2,2,1,1,3,4,2,3,1989,2,2
1991,2,62753,7,2,2,2,4,2,3,2,2,3,1969,2,2
1991,1,62754,2,2,2,2,1,1,3,4,2,3,1990,2,2
1991,2,62754,1,2,5,2,1,1,3,4,2,3,1987,2,2
1991,3,62754,1,2,2,2,1,1,3,4,2,3,1987,2,2
1991,1,62755,2,3,4,2,1,1,3,4,2,3,1990,2,2
1991,2,62755,1,5,5,1,2,2,3,4,2,3,1977,2,2
1991,1,62756,1,7,7,1,1,1,3,4,1,3,1987,2,2
1991,1,62757,1,2,2,1,1,1,3,4,1,3,1969,2,2
1991,2,62757,1,4,4,1,1,1,3,4,2,3,1988,2,2
1991,1,62758,1,2,2,2,1,1,3,4,2,3,1975,2,2
1991,2,62758,1,2,2,2,1,1,3,4,2,3,1978,2,2
1991,1,62759,1,2,2,2,1,1,3,4,2,3,1983,2,2
1991,1,62760,1,2,2,2,2,2,3,4,1,3,1977,2,2
1991,2,62760,1,4,4,2,2,2,3,4,2,3,1976,2,2
1991,1,62761,7,2,2,2,4,2,3,2,2,3,1980,2,2
1991,1,62762,9,2,2,2,3,3,3,4,2,3,9999,2,2
1991,1,62763,7,6,6,2,4,2,3,2,1,3,1986,2,2
1991,1,62764,1,2,2,2,1,1,3,4,2,3,1971,2,2
1991,1,62765,2,5,5,2,1,1,3,4,2,3,1976,2,2
1991,2,62765,4,2,2,2,1,1,3,4,2,3,1976,2,2
1991,1,62766,2,2,2,2,1,1,3,4,1,3,1990,2,2
1991,1,62767,4,6,5,1,1,1,3,4,2,3,1983,2,2
1991,1,62768,7,2,2,2,4,2,3,2,2,3,1987,2,2
1991,1,62769,2,2,2,2,1,1,3,4,2,3,1986,2,2
1991,2,62769,1,3,3,2,2,2,3,4,2,3,1981,2,2
1991,1,62770,2,6,3,1,1,1,3,4,2,3,1984,1,2
1991,1,62771,1,6,6,1,1,1,3,4,2,3,1979,2,2
1991,2,62771,1,2,2,2,1,1,3,4,2,3,1991,2,2
1991,1,62772,1,2,2,2,1,1,3,4,1,3,1990,2,2
1991,2,62772,1,3,3,2,2,2,3,4,2,3,1981,2,2
1991,1,62773,1,3,3,2,1,1,3,4,1,3,1989,2,2
1991,2,62773,2,2,2,2,1,1,3,4,2,3,1975,2,2
1991,1,62774,2,1,1,1,2,2,3,4,1,3,1989,2,2
1991,1,62775,6,4,4,1,1,1,3,4,1,3,1988,2,2
1991,2,62775,1,6,6,2,1,1,3,4,2,3,1991,2,2
1991,1,62776,1,2,2,2,1,1,3,4,2,3,1978,2,2
1991,2,62776,9,6,6,2,3,3,3,4,2,3,9999,2,2
1991,1,62777,1,6,4,1,1,1,3,4,1,3,1970,2,2
1991,1,62778,1,2,2,2,1,1,3,4,2,3,1985,2,2
1991,1,62779,2,2,2,2,1,1,3,4,1,3,1988,2,2
1991,2,62779,7,2,2,2,4,2,3,2,2,3,1985,2,2
1991,1,62780,1,2,2,2,1,1,3,4,1,3,1985,1,2
1991,2,62780,7,4,4,2,4,2,3,2,2,3,1979,2,2
1991,1,62781,7,2,3,2,4,1,3,1,1,3,1985,1,2
1991,1,62782,2,2,2,1,2,2,3,4,1,3,1964,2,2
1991,2,62782,1,4,4,2,1,1,3,4,2,3,1984,2,2
1991,3,62782,1,2,2,2,2,2,3,4,2,3,1985,2,2
1991,1,62783,4,2,2,1,2,2,3,4,2,3,1985,2,2
1991,2,62783,1,2,2,2,2,2,3,4,2,3,1980,2,2
1991,3,62783,1,2,2,2,1,1,3,4,2,3,1984,2,2
1991,1,62784,2,2,2,2,1,1,3,4,2,3,1986,2,2
1991,1,62785,7,1,1,2,4,1,3,1,2,3,1985,2,2
1991,1,62786,4,2,3,2,2,2,3,4,1,3,1974,2,2
1991,2,62786,6,4,4,2,1,1,3,4,2,3,1987,2,2
1991,1,62787,1,2,5,2,1,1,3,4,1,3,1976,2,2
1991,2,62787,3,2,2,1,1,1,3,4,2,3,1988,2,2
1991,3,62787,2,2,2,1,1,1,3,4,1,3,1986,2,2
1991,4,62787,2,2,2,2,1,1,3,4,1,3,1985,2,2
1991,1,62788,1,6,6,1,2,2,3,4,1,3,1983,2,2
1991,1,62789,1,2,2,1,2,2,3,4,2,3,1979,2,2
1991,2,62789,1,2,2,2,1,1,3,4,2,3,1984,2,2
1991,1,62790,2,2,2,2,1,1,3,4,2,3,1981,2,2
1991,1,62791,2,6,2,2,2,2,3,4,2,3,1961,1,2
1991,1,62792,1,4,2,2,1,1,3,4,2,3,1983,2,2
1991,2,62792,1,2,2,2,1,1,3,4,1,3,1989,2,2
1991,1,62793,1,2,2,1,1,1,3,4,1,3,1984,2,2
1991,1,62794,2,3,2,1,2,2,3,4,2,3,1977,2,2
1991,2,62794,1,2,2,2,1,1,3,4,2,3,1982,2,2
1991,1,62795,4,1,1,1,1,1,3,4,2,3,1986,2,2
1991,1,62796,1,2,2,2,1,1,3,4,2,3,1978,2,2
1991,1,62797,2,4,4,2,1,1,3,4,2,3,1987,1,2
1991,2,62797,6,2,2,2,1,1,3,4,2,3,1989,1,2
1991,1,62798,1,2,2,2,1,1,3,4,2,3,1985,2,2
1991,1,62799,1,2,2,1,1,1,3,4,1,3,1976,2,2
1991,1,62800,1,2,2,2,1,1,3,4,1,3,1984,2,2
1991,1,62801,7,6,6,2,4,1,3,1,1,3,1991,2,2
1991,1,62802,7,2,6,2,4,2,3,2,1,3,1982,2,2
1991,2,62802,2,2,2,2,1,1,3,4,2,3,1980,2,2
1991,1,62803,4,2,2,2,1,1,3,4,2,3,1972,1,2
1991,2,62803,1,2,2,2,2,2,3,4,2,3,1968,2,2
1991,1,62804,2,2,2,2,3,3,3,4,1,3,1981,1,2
1991,2,62804,2,2,2,2,2,2,3,4,2,3,1964,2,2
1991,1,62805,7,2,2,2,4,2,3,2,2,3,1980,1,2
1991,1,62806,2,2,2,1,1,1,3,4,2,3,1966,2,2
1991,2,62806,2,3,3,2,1,1,3,4,2,3,1991,2,2
1991,1,62807,1,3,3,2,2,2,3,4,2,3,1982,2,2
1991,2,62807,4,2,2,2,1,1,3,4,2,3,1981,2,2
1991,1,62808,2,2,2,1,1,1,3,4,1,3,1985,1,2
1991,2,62808,2,4,2,2,1,1,3,4,2,3,1972,2,2
1991,1,62809,1,2,2,2,1,1,3,4,1,3,1985,1,2
1991,2,62809,1,5,5,2,1,1,3,4,2,3,1985,2,2
1991,1,62810,2,2,5,2,1,1,3,4,2,3,1985,1,2
1991,2,62810,2,2,2,1,1,1,3,4,2,3,1973,2,2
1991,1,62811,4,2,2,2,2,2,3,4,2,3,1978,1,2
1991,1,62812,1,2,2,2,1,1,3,4,2,3,1988,2,2
1991,1,62813,1,2,2,2,1,1,3,4,2,3,1987,1,2
1991,1,62814,2,2,2,2,2,2,3,4,1,3,1987,2,2
1991,2,62814,4,4,4,2,1,1,3,4,2,3,1978,2,2
1991,1,62815,1,2,2,1,1,1,3,4,1,3,1982,2,2
1991,1,62816,1,6,6,1,2,2,3,4,1,3,1984,2,2
1991,1,62817,3,1,1,1,2,2,3,4,2,3,1985,1,2
1991,1,62818,2,2,2,2,1,1,3,4,1,3,1989,2,2
1991,1,62819,2,2,2,2,2,2,3,4,2,3,1975,2,2
1991,1,62820,1,2,2,2,1,1,3,4,1,3,1984,2,2
1991,1,62821,6,3,6,2,1,1,3,4,2,3,1982,2,2
1991,1,62822,1,2,2,2,1,1,3,4,1,3,1987,2,2
1991,1,62823,1,3,3,2,3,3,3,4,2,3,1990,2,2
1991,2,62823,6,2,2,2,1,1,3,4,2,3,1977,2,2
1991,1,62824,1,2,2,2,1,1,3,4,2,3,1991,2,2
1991,1,62825,1,3,5,2,1,1,3,4,2,3,1980,2,2
1991,1,62826,1,5,5,1,1,1,3,4,1,3,1976,2,2
1991,1,62827,1,6,2,1,2,2,3,4,1,3,1984,2,2
1991,1,62828,7,3,3,2,4,2,3,2,1,3,1978,2,2
1991,2,62828,1,6,6,2,1,1,3,4,2,3,1991,2,2
1991,1,62829,6,4,4,2,1,1,3,4,2,3,1985,2,2
1991,2,62829,1,2,2,2,1,1,3,4,1,3,1985,1,2
1991,1,62830,1,5,5,2,1,1,3,4,2,3,1989,1,2
1991,1,62831,1,5,4,2,1,1,3,4,2,3,1984,2,2
1991,2,62831,7,2,2,2,4,1,3,1,2,3,1983,2,2
1991,1,62832,1,2,2,2,1,1,3,4,1,3,1983,2,2
1991,1,62833,5,2,6,2,2,2,3,4,2,3,1976,2,2
1991,1,62834,1,2,6,2,3,3,3,4,2,3,9999,2,2
1991,1,62835,1,3,3,2,1,1,3,4,2,3,1991,2,2
1991,2,62835,1,2,2,2,3,3,3,4,2,3,1991,2,2
1991,3,62835,1,2,3,2,1,1,3,4,2,3,1989,2,2
1991,1,62836,1,7,7,1,1,1,3,4,1,3,1966,2,2
1991,1,62837,2,2,2,2,1,1,3,4,2,3,1969,2,2
1991,1,62838,2,6,5,2,1,1,3,4,2,3,1989,2,2
1991,1,62839,2,5,5,2,1,1,3,4,2,3,1986,2,2
1991,1,62840,2,2,2,1,1,1,3,4,1,3,1988,1,2
1991,1,62841,2,2,2,2,1,1,3,4,1,3,1986,2,2
1991,2,62841,6,4,4,2,1,1,3,4,2,3,1982,2,2
1991,1,62842,1,2,2,1,2,2,3,4,2,3,1984,2,2
1991,1,62843,6,2,2,2,1,1,3,4,1,3,1979,2,2
1991,2,62843,2,3,3,2,3,3,3,4,2,3,1974,2,2
1991,3,62843,1,5,5,2,2,2,3,4,2,3,1980,2,2
1991,1,62844,1,2,2,2,2,2,3,4,1,3,1985,2,2
1991,2,62844,1,4,5,2,2,2,3,4,2,3,1982,2,2
1991,1,62845,1,5,5,2,1,1,3,4,2,3,1988,2,2
1991,1,62846,7,6,2,2,4,2,3,2,2,3,1982,2,2
1991,1,62847,1,3,3,1,1,1,3,4,1,3,1965,2,2
1991,2,62847,1,2,4,1,2,2,3,4,2,3,1981,2,2
1991,3,62847,2,2,2,2,1,1,3,4,2,3,1988,2,2
1991,1,62848,1,2,2,2,1,1,3,4,1,3,1981,2,2
1991,1,62849,7,2,2,2,4,2,3,2,2,3,1979,2,2
1991,2,62849,1,3,3,2,1,1,3,4,2,3,1982,2,2
1991,1,62850,1,6,5,1,1,1,3,4,1,3,1986,2,2
1991,1,62851,1,5,5,2,2,2,3,4,2,3,1978,2,2
1991,2,62851,6,2,2,1,1,1,3,4,2,3,1971,2,2
1991,1,62852,1,2,2,2,3,3,3,4,1,3,1987,2,2
1991,2,62852,1,4,4,2,1,1,3,4,2,3,1985,2,2
1991,1,62853,1,1,1,1,1,1,3,4,2,3,1990,2,1
1991,1,62854,2,5,5,1,1,1,3,4,2,3,1974,2,2
1991,1,62855,9,7,7,2,3,3,3,4,2,3,9999,2,2
1991,1,62856,6,3,2,2,2,2,3,4,2,3,1986,2,2
1991,2,62856,2,2,2,2,3,3,3,4,2,3,1986,2,2
1991,3,62856,2,2,2,2,3,3,3,4,2,3,1984,2,2
1991,1,62857,1,2,2,2,1,1,3,4,1,3,1989,1,2
1991,2,62857,1,5,5,2,1,1,3,4,2,3,1988,2,2
1991,1,62858,1,2,2,2,1,1,3,4,1,3,1979,2,2
1991,1,62859,4,1,1,1,2,2,3,4,2,3,1986,1,2
1991,1,62860,1,2,2,2,1,1,3,4,1,3,1973,2,2
1991,2,62860,1,2,2,2,1,1,3,4,2,3,1985,2,2
1991,3,62860,1,2,2,2,1,1,3,4,2,3,1978,2,2
1991,1,62861,3,5,5,1,2,2,3,4,2,3,1975,2,2
1991,2,62861,1,2,2,2,1,1,3,4,2,3,1981,2,2
1991,1,62862,2,3,6,1,2,2,3,4,1,3,1988,2,2
1991,1,62863,1,2,2,2,2,2,3,4,2,3,1981,1,2
1991,2,62863,7,2,2,2,4,2,3,2,2,3,1983,2,2
1991,1,62864,9,6,6,1,2,2,3,4,1,3,1989,2,2
1991,1,62865,1,1,1,1,1,1,3,4,1,3,1987,2,2
1991,1,62866,1,2,2,2,1,1,3,4,2,3,1982,2,2
1991,1,62867,4,1,1,1,1,1,3,4,1,3,1985,2,2
1991,1,62868,1,2,6,2,1,1,3,4,2,3,1985,2,2
1991,1,62869,1,2,2,2,2,2,3,4,2,3,1976,2,2
1991,2,62869,1,3,3,2,1,1,3,4,2,3,1983,2,2
1991,1,62870,1,2,4,2,2,2,3,4,2,3,1979,1,2
1991,1,62871,1,5,5,2,1,1,3,4,2,3,1976,2,2
1991,2,62871,7,2,2,2,4,2,3,2,2,3,1981,2,2
1991,1,62872,1,2,2,2,2,2,3,4,1,3,1989,2,2
1991,2,62872,1,4,4,2,2,2,3,4,2,3,1979,2,2
1991,1,62873,2,2,6,2,1,1,3,4,2,3,1987,2,2
1991,1,62874,1,2,2,2,1,1,3,4,2,3,1986,2,2
1991,1,62875,4,2,2,2,2,2,3,4,1,3,1980,2,2
1991,2,62875,1,4,4,2,1,1,3,4,2,3,1981,2,2
1991,1,62876,2,2,2,2,2,2,3,4,2,3,1970,2,2
1991,2,62876,2,4,4,2,2,2,3,4,2,3,1981,2,2
1991,1,62877,1,5,2,2,1,1,3,4,2,3,1987,1,2
1991,2,62877,7,2,2,2,4,2,3,2,1,3,1990,2,2
1991,1,62878,1,1,1,1,2,2,3,4,2,3,1977,2,2
1991,1,62879,1,2,2,2,1,1,3,4,1,3,1984,2,2
1991,1,62880,1,2,2,2,1,1,3,4,2,3,1988,2,2
1991,2,62880,1,6,6,2,1,1,3,4,2,3,1989,2,2
1991,1,62881,1,3,3,1,2,2,3,4,2,3,1985,2,2
1991,1,62882,3,2,2,2,1,1,3,4,2,3,1986,1,2
1991,2,62882,1,3,3,2,2,2,3,4,2,3,1975,2,2
1991,1,62883,1,2,2,2,1,1,3,4,2,3,1991,2,1
1991,1,62884,1,5,5,2,2,2,3,4,2,3,1989,2,2
1991,2,62884,6,2,6,2,1,1,3,4,2,3,1983,2,2
1991,1,62885,2,6,5,1,1,1,3,4,2,3,1990,2,2
1991,1,62886,2,1,1,1,1,1,3,4,2,3,1977,2,2
1991,1,62887,2,1,1,1,1,1,3,4,2,3,1986,1,2
1991,1,62888,1,2,2,2,1,1,3,4,2,3,1988,2,2
1991,2,62888,1,3,2,2,1,1,3,4,2,3,1989,2,2
1991,1,62889,2,6,5,2,1,1,3,4,2,3,1972,2,2
1991,2,62889,2,3,3,1,1,1,3,4,2,3,1980,2,2
1991,3,62889,1,2,5,2,1,1,3,4,2,3,1990,2,2
1991,1,62890,6,2,2,2,1,1,3,4,2,3,1981,2,2
1991,2,62890,1,5,5,2,1,1,3,4,2,3,1989,2,2
1991,1,62891,7,6,6,2,4,2,3,2,1,3,1989,2,2
1991,1,62892,2,5,5,1,1,1,3,4,2,3,1985,2,2
1991,2,62892,9,2,2,2,3,3,3,4,2,3,9999,2,2
1991,1,62893,7,2,2,2,4,1,3,1,1,3,1989,2,2
1991,1,62894,2,6,2,2,3,3,3,4,2,3,1991,1,2
1991,1,62895,1,2,2,2,1,1,3,4,2,3,1983,1,2
1991,2,62895,1,2,2,2,1,1,3,4,2,3,1979,2,2
1991,1,62896,2,2,2,2,1,1,3,4,1,3,1971,2,1
1991,2,62896,1,4,4,2,1,1,3,4,2,3,1978,2,2
1991,1,62897,2,7,7,1,1,1,3,4,1,3,1988,2,2
1991,1,62898,3,1,1,1,1,1,3,4,2,3,1972,2,2
1991,1,62899,1,6,6,1,2,2,3,4,1,3,1986,2,2
1991,1,62900,1,2,2,2,2,2,3,4,2,3,1988,2,2
1991,1,62901,1,2,2,2,1,1,3,4,2,3,1987,2,2
1991,1,62902,3,2,2,2,1,1,3,4,2,3,1986,1,2
1991,1,62903,1,6,6,1,1,1,3,4,2,3,1989,2,2
1991,1,62904,1,6,6,1,2,2,3,4,1,3,1978,2,2
1991,1,62905,2,2,2,2,1,1,3,4,2,3,1987,2,2
1991,1,62906,1,1,1,1,1,1,3,4,2,3,1982,2,2
1991,1,62907,6,2,4,2,1,1,3,4,2,3,1980,2,2
1991,2,62907,4,2,2,1,1,1,3,4,2,3,1989,2,2
1991,3,62907,5,2,2,2,1,1,3,4,2,3,1982,2,2
1991,1,62908,7,2,2,2,4,1,3,1,2,3,1990,2,2
1991,1,62909,1,1,1,1,1,1,3,4,2,3,1983,2,1
1991,1,62910,1,2,2,2,1,1,3,4,1,3,1972,2,2
1991,2,62910,7,5,5,2,4,2,3,2,2,3,1979,2,2
1991,1,62911,6,2,2,2,1,1,3,4,2,3,1981,2,2
1991,2,62911,7,5,5,2,4,2,3,2,2,3,1981,2,2
1991,1,62912,1,6,6,2,1,1,3,4,2,3,1979,2,2
1991,1,62913,1,1,1,1,1,1,3,4,1,3,1977,2,2
1991,1,62914,1,2,6,2,2,2,3,4,2,3,1981,2,2
1991,2,62914,7,5,5,2,4,1,3,1,2,3,1982,2,2
1991,1,62915,1,5,3,2,2,2,3,4,1,3,1990,2,2
1991,1,62916,1,3,2,2,1,1,3,4,2,3,1967,2,2
1991,1,62917,1,3,3,1,1,1,3,4,2,3,1965,2,2
1991,1,62918,4,2,2,2,1,1,3,4,2,3,1973,2,2
1991,1,62919,1,2,2,2,1,1,3,4,2,3,1974,2,2
1991,2,62919,7,2,2,2,4,1,3,1,2,3,1980,2,2
1991,1,62920,3,5,5,2,1,1,3,4,1,3,1979,2,2
1991,1,62921,1,2,2,1,1,1,3,4,1,3,1987,2,2
1991,1,62922,1,2,2,2,1,1,3,4,1,3,1975,2,2
1991,1,62923,1,3,3,2,1,1,3,4,2,3,1986,2,2
1991,1,62924,6,3,6,2,1,1,3,4,2,3,1988,2,2
1991,2,62924,7,2,6,2,4,2,3,2,2,3,1987,1,2
1991,1,62925,1,5,3,1,2,2,3,4,1,3,1979,2,2
1991,1,62926,1,2,2,2,1,1,3,4,2,3,1983,1,2
1991,1,62927,1,7,7,1,1,1,3,4,2,3,1984,2,2
1991,1,62928,1,2,2,2,1,1,3,4,2,3,1991,2,2
1991,1,62929,1,2,2,2,1,1,3,4,2,3,1983,1,2
1991,1,62930,1,1,1,2,1,1,3,4,1,3,1989,2,2
1991,1,62931,7,6,2,2,4,2,3,2,1,3,1990,2,2
1991,1,62932,2,2,2,2,2,2,3,4,1,3,1988,2,2
1991,1,62933,2,2,2,1,2,2,3,4,1,3,1988,2,2
1991,1,62934,2,2,2,1,1,1,3,4,2,3,1972,2,2
1991,1,62935,7,6,2,2,4,2,3,2,1,3,1988,1,2
1991,1,62936,4,6,3,2,1,1,3,4,2,3,1991,2,1
1991,1,62937,3,3,3,2,1,1,3,4,2,3,1983,1,2
1991,2,62937,7,2,2,2,4,2,3,2,1,3,1991,1,2
1991,1,62938,7,3,3,2,4,1,3,1,2,3,1988,2,2
1991,1,62939,1,5,5,2,1,1,3,4,2,3,1979,2,2
1991,1,62940,1,5,5,2,1,1,3,4,2,3,1989,1,2
1991,2,62940,1,3,3,1,1,1,3,4,2,3,1970,2,2
1991,1,62941,1,3,3,2,1,1,3,4,2,3,1978,2,2
1991,2,62941,5,2,2,2,1,1,3,4,2,3,1991,2,2
1991,1,62942,1,4,2,2,1,1,3,4,2,3,1980,1,2
1991,2,62942,1,2,2,2,1,1,3,4,2,3,1974,2,2
1991,1,62943,4,3,3,2,1,1,3,4,2,3,1977,2,2
1991,1,62944,2,2,2,2,1,1,3,4,2,3,1985,2,2
1991,1,62945,1,2,2,2,1,1,3,4,1,3,1988,2,2
1991,2,62945,1,2,5,2,1,1,3,4,2,3,1967,2,2
1991,1,62946,1,2,6,2,2,2,3,4,2,3,1982,2,2
1991,1,62947,4,6,6,1,1,1,3,4,1,3,1988,2,2
1991,1,62948,1,2,2,2,1,1,3,4,2,3,1987,2,2
1991,2,62948,1,5,5,2,1,1,3,4,2,3,1985,2,2
1991,1,62949,2,6,2,2,3,3,3,4,2,3,1984,1,2
1991,1,62950,2,7,7,1,1,1,3,4,2,3,1985,2,2
1991,1,62951,2,2,2,2,1,1,3,4,1,3,1990,1,2
1991,2,62951,1,4,5,2,2,2,3,4,2,3,1988,2,2
1991,3,62951,2,2,2,2,1,1,3,4,2,3,1984,2,2
1991,1,62952,1,2,2,2,1,1,3,4,2,3,1985,2,2
1991,1,62953,1,5,5,2,1,1,3,4,2,3,1988,2,2
1991,2,62953,3,3,3,1,1,1,3,4,2,3,1986,2,2
1991,3,62953,2,2,2,2,1,1,3,4,2,3,1988,2,2
1991,4,62953,3,1,1,2,1,1,3,4,2,3,1986,2,2
1991,1,62954,1,2,3,2,2,2,3,4,2,3,1987,1,2
1991,1,62955,1,2,2,2,2,2,3,4,2,3,1978,1,2
1991,1,62956,7,6,6,2,4,2,3,2,1,3,1978,2,2
1991,1,62957,7,2,2,2,4,2,3,2,1,3,1986,2,2
1991,1,62958,1,2,2,2,2,2,3,4,2,3,1983,2,2
1991,2,62958,1,5,5,2,1,1,3,4,2,3,1987,2,2
1991,1,62959,1,1,1,1,1,1,3,4,1,3,1988,2,2
1991,1,62960,1,2,2,2,2,2,3,4,2,3,1986,2,2
1991,2,62960,1,2,2,2,1,1,3,4,2,3,1978,2,2
1991,1,62961,1,2,4,1,1,1,3,4,1,3,1978,2,2
1991,1,62962,7,1,1,2,4,2,3,2,2,3,1975,2,2
1991,1,62963,1,1,1,1,1,1,3,4,1,3,1990,2,2
1991,1,62964,3,2,3,1,2,2,3,4,2,3,1977,2,2
1991,2,62964,1,3,3,2,1,1,3,4,2,3,1978,2,2
1991,1,62965,1,2,6,2,3,3,3,4,1,3,9999,2,2
1991,1,62966,1,3,3,2,2,2,3,4,2,3,1975,2,2
1991,2,62966,1,2,2,2,2,2,3,4,2,3,1989,2,2
1991,1,62967,2,6,6,1,1,1,3,4,1,3,1985,2,2
1991,1,62968,1,2,2,2,2,2,3,4,2,3,1976,2,2
1991,2,62968,1,3,3,2,2,2,3,4,2,3,1987,2,2
1991,1,62969,6,2,2,2,1,2,3,4,2,3,1979,2,2
1991,1,62970,2,3,3,2,2,2,3,4,2,3,1985,2,2
1991,2,62970,2,2,2,2,1,1,3,4,2,3,1984,2,2
1991,1,62971,1,3,3,2,2,2,3,4,1,3,1972,2,2
1991,1,62972,1,2,2,2,2,2,3,4,2,3,1981,2,2
1991,2,62972,1,2,2,2,1,1,3,4,2,3,1974,2,2
1991,1,62973,1,2,2,2,1,1,3,4,2,3,1991,2,2
1991,1,62974,2,3,3,2,1,1,3,4,2,3,1982,2,2
1991,2,62974,7,7,7,2,4,3,3,3,1,3,1987,2,2
1991,1,62975,4,6,6,1,1,1,3,4,2,3,1991,2,2
1991,1,62976,2,2,2,2,1,1,3,4,1,3,1987,2,2
1991,1,62977,1,2,2,2,1,1,3,4,1,3,1982,2,2
1991,2,62977,1,3,3,2,2,2,3,4,2,3,1986,2,2
1991,1,62978,1,2,2,2,1,1,3,4,2,3,1986,2,2
1991,2,62978,4,3,3,2,1,1,3,4,2,3,1989,2,2
1991,1,62979,1,3,2,2,1,1,3,4,2,3,1970,2,2
1991,1,62980,2,1,1,1,2,2,3,4,1,3,1985,2,2
1991,1,62981,1,2,2,2,1,1,3,4,1,3,1984,1,2
1991,1,62982,1,4,4,1,2,2,3,4,2,3,1977,2,2
1991,2,62982,6,2,6,2,1,1,3,4,2,3,1991,2,2
1991,1,62983,5,4,4,2,1,1,3,4,1,3,1975,2,2
1991,1,62984,1,3,3,2,1,1,3,4,2,3,1963,2,2
1991,2,62984,1,2,2,2,1,1,3,4,2,3,1980,2,2
1991,1,62985,1,6,6,1,1,1,3,4,2,3,1991,2,2
1991,1,62986,2,2,6,2,1,1,3,4,2,3,1969,1,2
1991,1,62987,7,2,2,2,4,1,3,1,2,3,1983,2,2
1991,2,62987,1,5,6,2,2,2,3,4,2,3,1979,2,2
1991,1,62988,1,2,2,2,2,2,3,4,2,3,1973,2,2
1991,2,62988,1,2,2,2,1,1,3,4,2,3,9999,2,2
1991,1,62989,3,1,1,1,1,1,3,4,2,3,1964,2,2
1991,1,62990,2,5,2,1,1,1,3,4,2,3,1986,2,2
1991,1,62991,1,2,2,2,1,1,3,4,1,3,1971,2,2
1991,2,62991,1,4,4,2,1,1,3,4,2,3,1988,2,2
1991,1,62992,1,6,6,1,2,2,3,4,2,3,1978,2,2
1991,1,62993,1,2,2,2,3,3,3,4,1,3,1989,2,2
1991,2,62993,4,5,5,1,2,2,3,4,2,3,1989,2,2
1991,1,62994,2,6,2,1,1,1,3,4,1,3,1991,2,2
1991,1,62995,7,2,2,2,4,1,3,1,1,3,1992,2,2
1991,1,62996,1,2,2,2,1,1,3,4,1,3,1985,2,2
1991,1,62997,6,2,6,2,1,1,3,4,2,3,1984,2,2
1991,1,62998,1,2,2,1,1,1,3,4,2,3,1990,2,2
1991,1,62999,1,6,6,1,1,1,3,4,1,3,1980,2,2
1991,1,63000,2,2,5,2,1,1,3,4,2,3,1988,2,2
1991,2,63000,1,2,2,2,1,1,3,4,2,3,1988,2,2
1991,1,63001,2,2,3,2,1,1,3,4,2,3,1982,1,2
1991,1,63002,4,6,2,1,2,2,3,4,1,3,1988,2,2
1991,1,63003,1,2,2,1,2,2,3,4,1,3,1983,2,2
1991,1,63004,1,5,5,2,1,1,3,4,1,3,1987,2,2
1991,2,63004,1,2,2,2,2,2,3,4,2,3,1982,2,2
1991,1,63005,1,2,2,2,1,1,3,4,2,3,1986,2,2
1991,1,63006,1,2,2,1,1,1,3,4,1,3,1989,2,2
1991,2,63006,2,5,5,1,1,1,3,4,2,3,1979,2,2
1991,1,63007,1,7,7,2,3,3,3,4,2,3,9999,2,2
1991,1,63008,1,7,7,1,1,1,3,4,1,3,1978,2,2
1991,1,63009,6,2,2,2,1,1,3,4,2,3,1983,2,2
1991,2,63009,2,2,2,2,2,2,3,4,1,3,1979,2,2
1991,1,63010,1,6,2,2,1,1,3,4,1,3,1984,2,2
1991,1,63011,1,2,2,2,2,2,3,4,1,3,1976,1,2
1991,1,63012,3,1,1,1,1,1,3,4,2,3,1988,2,2
1991,1,63013,2,2,2,2,1,1,3,4,2,3,1990,2,2
1991,2,63013,1,5,5,2,2,2,3,4,2,3,1981,2,2
1991,1,63014,1,5,4,2,2,2,3,4,1,3,1979,2,2
1991,2,63014,1,2,2,2,1,1,3,4,2,3,1982,2,2
1991,1,63015,7,2,2,2,4,2,3,2,1,3,1986,2,2
1991,2,63015,1,4,4,2,2,2,3,4,2,3,1974,2,2
1991,1,63016,1,2,2,2,2,2,3,4,1,3,1973,1,2
1991,1,63017,2,2,2,1,1,1,3,4,2,3,1991,2,2
1991,2,63017,2,2,2,2,1,1,3,4,2,3,1986,2,2
1991,1,63018,7,6,6,2,4,1,3,1,2,3,1990,2,1
1991,1,63019,1,2,2,2,3,3,3,4,1,3,9999,2,2
1991,1,63020,2,2,2,2,1,1,3,4,2,3,1980,2,2
1991,1,63021,2,7,7,1,1,1,3,4,2,3,1971,2,2
1991,2,63021,3,5,5,2,1,1,3,4,2,3,1989,2,2
1991,3,63021,3,2,2,2,1,1,3,4,2,3,1985,2,2
1991,4,63021,1,2,2,2,1,1,3,4,2,3,1990,2,2
1991,1,63022,1,5,6,2,3,3,3,4,2,3,1991,2,2
1991,1,63023,1,5,5,2,2,2,3,4,2,3,1977,2,2
1991,2,63023,7,2,2,2,4,1,3,1,2,3,1990,2,2
1991,1,63024,1,2,2,2,3,3,3,4,1,3,1969,2,2
1991,2,63024,1,3,3,2,1,1,3,4,2,3,1983,2,2
1991,1,63025,1,2,2,2,1,1,3,4,2,3,1978,2,2
1991,1,63026,3,2,2,2,1,1,3,4,1,3,1987,2,2
1991,1,63027,3,2,2,2,1,1,3,4,1,3,1985,2,2
1991,1,63028,1,2,5,2,1,1,3,4,2,3,1981,2,2
1991,1,63029,1,2,2,2,1,1,3,4,1,3,1982,2,2
1991,1,63030,1,1,1,1,2,2,3,4,2,3,1991,2,2
1991,1,63031,1,2,2,2,3,3,3,4,1,3,1981,2,2
1991,1,63032,1,2,2,2,1,1,3,4,2,3,1978,2,2
1991,2,63032,1,5,5,2,1,1,3,4,2,3,1991,2,2
1991,1,63033,7,1,1,2,4,2,3,2,2,3,9999,1,2
1991,1,63034,1,2,2,2,2,2,3,4,2,3,1989,2,2
1991,1,63035,1,1,1,1,2,2,3,4,2,3,1981,2,2
1991,1,63036,1,4,4,2,3,3,3,4,2,3,1970,2,2
1991,2,63036,1,2,2,1,1,1,3,4,1,3,1983,2,2
1991,3,63036,1,4,4,2,1,1,3,4,2,3,1988,2,2
1991,1,63037,2,6,4,1,2,2,3,4,2,3,1986,2,2
1991,1,63038,1,1,1,1,1,1,3,4,2,3,1984,2,2
1991,1,63039,4,2,2,2,3,3,3,4,2,3,1986,2,2
1991,1,63040,2,2,2,2,1,1,3,4,1,3,1985,1,2
1991,2,63040,1,5,5,2,2,2,3,4,2,3,1990,2,2
1991,1,63041,2,7,7,1,2,2,3,4,2,3,1976,2,2
1991,1,63042,1,2,4,2,1,1,3,4,2,3,1989,2,2
1991,2,63042,2,2,2,2,1,1,3,4,2,3,1991,2,2
1991,3,63042,6,2,2,2,3,3,3,4,2,3,9999,2,2
1991,1,63043,1,1,1,1,1,1,3,4,1,3,1985,2,2
1991,1,63044,4,2,2,2,3,3,3,4,2,3,9999,1,2
1991,1,63045,7,1,1,2,4,2,3,2,1,3,1974,2,2
1991,1,63046,2,3,4,2,1,1,3,4,2,3,1988,2,2
1991,2,63046,1,2,2,2,2,2,3,4,1,3,1976,2,2
1991,1,63047,7,2,2,2,4,2,3,2,1,3,1983,1,2
1991,2,63047,1,3,3,2,1,1,3,4,2,3,1989,2,2
1991,1,63048,1,2,2,2,2,2,3,4,2,3,1978,2,2
1991,2,63048,2,3,3,2,1,1,3,4,2,3,1979,2,2
1991,1,63049,7,6,2,2,4,1,3,1,2,3,1988,2,2
1991,2,63049,2,6,6,2,1,1,3,4,2,3,1985,2,2
1991,3,63049,1,6,6,2,1,1,3,4,2,3,1991,2,2
1991,4,63049,9,6,6,2,1,1,3,4,2,3,1978,2,2
1991,1,63050,4,2,6,2,1,1,3,4,2,3,1989,2,2
1991,1,63051,7,5,5,2,4,1,3,1,1,3,1946,2,2
1991,2,63051,1,2,2,2,2,2,3,4,2,3,1986,2,2
1991,1,63052,1,4,4,2,1,1,3,4,2,3,1986,2,2
1991,2,63052,7,2,2,2,4,1,3,1,1,3,1980,2,2
1991,1,63053,1,2,2,1,2,2,3,4,2,3,1988,2,2
1991,1,63054,1,2,2,1,1,1,3,4,1,3,1987,1,2
1991,2,63054,1,4,4,2,1,1,3,4,2,3,1984,2,2
1991,1,63055,2,5,5,2,1,1,3,4,2,3,1990,2,2
1991,2,63055,7,2,2,2,4,2,3,2,1,3,1984,2,2
1991,1,63056,1,5,5,2,1,1,3,4,2,3,1987,2,2
1991,2,63056,6,2,2,2,1,1,3,4,2,3,1991,2,2
1991,1,63057,1,3,3,2,1,1,3,4,2,3,1990,1,2
1991,2,63057,6,2,2,2,1,1,3,4,2,3,1966,2,2
1991,1,63058,1,3,3,2,1,1,3,4,2,3,1981,1,2
1991,2,63058,6,2,2,2,1,1,3,4,2,3,1977,2,2
1991,1,63059,1,2,2,2,3,3,3,4,2,3,1967,2,2
1991,1,63060,1,2,2,2,1,1,3,4,2,3,1978,2,2
1991,2,63060,4,2,2,2,1,1,3,4,2,3,1987,2,2
1991,1,63061,1,2,2,1,2,2,3,4,2,3,1986,2,2
1991,1,63062,1,2,2,1,1,1,3,4,1,3,1990,2,2
1991,1,63063,1,2,6,2,2,2,3,4,2,3,1956,2,2
1991,1,63064,1,6,6,1,1,1,3,4,2,3,1986,2,1
1991,1,63065,2,2,2,1,3,3,3,4,1,3,1973,2,2
1991,1,63066,7,1,1,2,4,2,3,2,1,3,1986,1,2
1991,1,63067,2,5,5,2,1,1,3,4,1,3,1988,2,2
1991,1,63068,6,2,5,2,1,1,3,4,2,3,1990,2,2
1991,1,63069,9,2,2,2,3,3,3,4,2,3,9999,2,2
1991,1,63070,1,3,3,1,1,1,3,4,2,3,1979,2,2
1991,2,63070,6,2,2,2,1,1,3,4,2,3,1974,2,2
1991,1,63071,1,2,2,2,1,1,3,4,2,3,1967,2,2
1991,2,63071,1,2,2,2,1,1,3,4,2,3,1989,2,2
1991,1,63072,1,3,4,2,1,1,3,4,2,3,1989,1,2
1991,2,63072,1,2,2,2,1,1,3,4,1,3,1980,1,2
1991,1,63073,1,2,2,2,3,3,3,4,2,3,1979,2,2
1991,1,63074,1,6,2,2,1,1,3,4,1,3,1978,2,2
1991,2,63074,7,2,2,2,4,2,3,2,2,3,1977,2,2
1991,1,63075,3,2,2,2,1,1,3,4,2,3,1987,2,2
1991,1,63076,1,2,2,2,1,1,3,4,2,3,1978,2,2
1991,1,63077,1,2,2,2,1,1,3,4,1,3,1978,2,2
1991,2,63077,1,3,3,2,1,1,3,4,2,3,1980,2,2
1991,1,63078,1,2,2,2,1,1,3,4,2,3,1977,2,2
1991,1,63079,1,2,2,2,3,3,3,4,2,3,9999,2,2
1991,1,63080,1,2,2,2,1,1,3,4,2,3,1985,2,2
1991,1,63081,7,4,4,2,4,1,3,1,1,3,1988,2,2
1991,2,63081,7,2,5,2,4,2,3,2,1,3,1989,2,2
1991,1,63082,1,2,2,2,3,3,3,4,2,3,9999,2,2
1991,1,63083,3,6,6,1,1,1,3,4,1,3,1979,2,2
1991,1,63084,2,1,1,1,1,1,3,4,2,3,1988,2,2
1991,1,63085,1,2,2,2,1,1,3,4,2,3,1987,2,2
1991,2,63085,1,3,3,1,1,1,3,4,1,3,1979,2,2
1991,1,63086,7,2,2,2,4,2,3,2,1,3,1986,2,2
1991,2,63086,1,4,4,2,3,3,3,4,2,3,1987,2,2
1991,1,63087,1,5,5,2,2,2,3,4,2,3,1980,2,2
1991,2,63087,7,2,2,2,4,2,3,2,2,3,1983,2,2
1991,1,63088,1,2,2,2,1,1,3,4,2,3,1991,2,2
1991,1,63089,7,2,5,2,4,2,3,2,2,3,1980,2,2
1991,2,63089,2,2,2,1,1,1,3,4,2,3,1990,2,2
1991,3,63089,1,2,5,2,1,1,3,4,2,3,1988,2,2
1991,4,63089,2,2,2,2,1,1,3,4,2,3,1986,2,2
1991,5,63089,1,2,2,1,2,2,3,4,2,3,1978,2,2
1991,1,63090,7,3,3,2,4,2,3,2,1,3,1983,1,2
1991,1,63091,1,2,5,2,1,1,3,4,1,3,1986,2,2
1991,1,63092,1,5,5,2,1,1,3,4,2,3,1989,1,2
1991,2,63092,7,2,2,2,4,2,3,2,2,3,1988,2,2
1991,1,63093,1,5,5,2,1,1,3,4,2,3,1987,2,2
1991,2,63093,1,2,2,2,1,1,3,4,2,3,1962,2,2
1991,1,63094,1,2,2,2,2,2,3,4,2,3,1978,1,2
1991,1,63095,1,3,5,1,2,2,3,4,2,3,1982,2,2
1991,2,63095,1,2,2,2,1,1,3,4,2,3,1989,2,2
1991,1,63096,2,2,6,1,2,2,3,4,1,3,1978,2,2
1991,1,63097,2,2,2,2,2,2,3,4,1,3,1988,2,2
1991,2,63097,3,2,2,1,1,1,3,4,2,3,1992,2,2
1991,1,63098,1,6,2,2,1,1,3,4,2,3,1980,2,2
1991,1,63099,4,2,2,2,1,1,3,4,2,3,1967,2,2
1991,1,63100,4,2,2,1,1,1,3,4,1,3,1979,2,2
1991,1,63101,7,2,2,2,4,1,3,1,2,3,1983,2,2
1991,2,63101,1,5,5,2,1,1,3,4,2,3,1984,2,2
1991,1,63102,6,2,2,2,1,1,3,4,2,3,1983,2,2
1991,2,63102,1,2,2,2,2,2,3,4,2,3,1977,1,2
1991,1,63103,3,2,2,1,1,1,3,4,2,3,1989,2,2
1991,1,63104,1,2,2,2,2,2,3,4,2,3,1982,2,2
1991,1,63105,7,3,3,2,4,1,3,1,1,3,1988,2,2
1991,1,63106,2,6,6,2,1,1,3,4,2,3,1959,2,2
1991,1,63107,1,6,2,2,1,1,3,4,1,3,1978,2,2
1991,1,63108,3,1,1,1,1,1,3,4,2,3,1988,2,2
1991,1,63109,1,2,2,2,1,1,3,4,2,3,1989,2,2
1991,1,63110,1,2,2,1,2,2,3,4,2,3,1980,2,2
1991,1,63111,1,2,2,2,1,1,3,4,2,3,1985,2,2
1991,1,63112,3,2,5,2,1,1,3,4,2,3,1963,2,2
1991,1,63113,7,5,5,2,4,2,3,2,1,3,1981,2,2
1991,1,63114,1,2,2,1,2,2,3,4,2,3,1978,1,2
1991,2,63114,1,2,5,2,1,1,3,4,2,3,1985,2,2
1991,1,63115,1,2,3,2,1,1,3,4,2,3,1983,2,2
1991,1,63116,1,7,7,2,1,1,3,4,1,3,1980,2,2
1991,1,63117,7,2,2,2,4,2,3,2,1,3,1986,2,2
1991,1,63118,7,2,2,2,4,2,3,2,1,3,9999,2,2
1991,2,63118,1,4,4,2,1,1,3,4,2,3,1964,2,2
1991,3,63118,1,4,3,2,2,2,3,4,2,3,1986,2,2
1991,1,63119,2,2,3,2,1,1,3,4,2,3,1988,2,2
1991,1,63120,1,2,2,2,1,1,3,4,1,3,1989,2,2
1991,2,63120,4,5,3,2,1,1,3,4,2,3,1990,2,2
1991,3,63120,1,5,5,2,1,1,3,4,2,3,1983,2,2
1991,1,63121,1,1,1,1,1,1,3,4,2,3,1973,2,2
1991,1,63122,1,5,5,2,2,2,3,4,2,3,1978,1,2
1991,2,63122,2,2,2,2,1,1,3,4,1,3,1991,2,2
1991,1,63123,7,5,5,2,4,2,3,2,2,3,1988,2,2
1991,1,63124,2,2,2,1,2,2,3,4,2,3,1975,2,2
1991,2,63124,4,3,3,2,2,2,3,4,2,3,1987,2,2
1991,1,63125,8,6,6,2,1,1,3,4,2,3,1981,1,2
1991,1,63126,1,6,6,1,1,1,3,4,1,3,1980,2,2
1991,1,63127,1,2,2,2,1,1,3,4,2,3,1981,1,2
1991,2,63127,2,2,2,2,1,1,3,4,2,3,1986,1,2
1991,1,63128,1,2,3,2,1,1,3,4,1,3,1985,2,2
1991,2,63128,1,2,5,2,3,3,3,4,2,3,1987,2,2
1991,1,63129,1,2,2,2,1,1,3,4,2,3,1979,2,2
1991,2,63129,4,3,3,2,1,1,3,4,2,3,1988,2,2
1991,3,63129,4,2,2,2,1,1,3,4,2,3,1991,2,2
1991,1,63130,1,4,5,1,3,3,3,4,2,3,1984,2,2
1991,2,63130,1,2,2,2,1,1,3,4,2,3,1991,2,2
1991,1,63131,1,2,5,2,1,1,3,4,2,3,1989,2,2
1991,1,63132,1,2,2,1,1,1,3,4,1,3,1979,2,2
1991,1,63133,2,2,2,1,2,2,3,4,1,3,1970,2,2
1991,1,63134,1,2,2,2,1,1,3,4,2,3,1991,2,2
1991,2,63134,2,2,2,2,1,1,3,4,2,3,1977,2,2
1991,1,63135,1,3,3,1,3,3,3,4,1,3,1981,2,2
1991,1,63136,2,2,2,2,1,1,3,4,2,3,1989,2,2
1991,1,63137,6,2,3,2,1,2,3,4,2,3,1979,1,2
1991,2,63137,1,2,5,2,1,1,3,4,2,3,1965,2,2
1991,1,63138,1,1,1,1,1,1,3,4,1,3,1981,2,2
1991,1,63139,2,2,2,2,1,1,3,4,2,3,1985,2,2
1991,2,63139,2,5,5,2,1,1,3,4,2,3,1987,2,2
1991,3,63139,1,2,2,2,1,1,3,4,2,3,1991,2,2
1991,4,63139,2,2,4,2,1,1,3,4,2,3,1984,2,2
1991,5,63139,1,2,2,2,3,3,3,4,2,3,9999,2,2
1991,1,63140,1,6,6,1,1,1,3,4,1,3,1979,2,2
1991,1,63141,1,5,2,1,3,3,3,4,1,3,1988,2,2
1991,1,63142,2,3,3,2,2,2,3,4,2,3,1979,2,2
1991,2,63142,9,2,2,2,1,1,3,4,2,3,1988,2,2
1991,1,63143,1,7,7,1,2,2,3,4,1,3,1985,2,2
1991,1,63145,1,6,2,1,1,1,3,4,1,3,1985,2,2
1991,1,63146,2,2,2,2,1,1,3,4,2,3,1986,2,2
1991,1,63147,6,5,6,2,1,1,3,4,2,3,1988,2,2
1991,1,63148,2,1,1,2,1,1,3,4,2,3,1991,2,2
1991,1,63149,1,2,2,2,2,2,3,4,1,3,1984,2,2
1991,2,63149,1,2,2,2,1,1,3,4,2,3,1991,2,2
1991,1,63150,1,2,2,2,3,3,3,4,1,3,1970,2,2
1991,2,63150,1,3,2,2,1,1,3,4,2,3,1979,2,2
1991,1,63151,1,2,2,1,1,1,3,4,2,3,1978,2,2
1991,1,63152,2,2,2,2,2,2,3,4,1,3,1973,2,2
1991,2,63152,1,4,4,2,1,1,3,4,2,3,1990,2,2
1991,3,63152,4,2,2,2,1,1,3,4,2,3,1990,2,2
1991,1,63153,7,2,2,2,4,3,3,3,1,3,1978,1,2
1991,1,63154,9,7,7,2,3,3,3,4,2,3,9999,2,2
1991,2,63154,1,6,6,2,1,1,3,4,2,3,1973,2,2
1991,1,63155,1,2,2,2,1,1,3,4,1,3,1982,2,2
1991,2,63155,1,2,2,2,1,1,3,4,2,3,1981,2,2
1991,1,63156,1,2,2,2,1,1,3,4,2,3,1979,2,2
1991,1,63157,2,6,6,1,1,1,3,4,1,3,1987,2,2
1991,1,63158,3,2,2,2,1,1,3,4,2,3,1978,2,2
1991,1,63159,7,2,2,2,4,2,3,2,1,3,1991,2,2
1991,1,63160,1,2,2,2,1,1,3,4,2,3,1982,2,2
1991,1,63161,6,2,2,2,1,1,3,4,2,3,1980,2,2
1991,2,63161,1,4,4,2,1,1,3,4,2,3,1984,2,2
1991,1,63162,2,1,1,1,1,1,3,4,1,3,1953,2,2
1991,1,63163,2,7,7,1,1,1,3,4,1,3,1986,2,2
1991,1,63164,2,2,2,1,3,3,3,4,1,3,1989,2,2
1991,1,63165,1,6,6,1,1,1,3,4,1,3,1984,2,2
1991,1,63166,1,2,2,2,1,1,3,4,2,3,1974,2,2
1991,1,63167,4,5,5,2,1,1,3,4,2,3,1971,1,2
1991,2,63167,7,2,2,2,4,2,3,2,1,3,1981,2,2
1991,1,63168,2,2,2,2,3,3,3,4,2,3,9999,1,2
1991,1,63169,1,6,6,1,1,1,3,4,2,3,1988,2,2
1991,1,63170,2,2,2,1,1,1,3,4,2,3,1979,2,2
1991,1,63171,7,2,2,2,4,2,3,2,1,3,1985,2,2
1991,2,63171,2,2,2,2,1,1,3,4,2,3,1983,2,2
1991,1,63172,8,5,6,2,1,1,3,4,2,3,1988,1,2
1991,1,63173,1,2,2,2,1,1,3,4,2,3,1981,1,2
1991,1,63174,4,6,6,1,1,1,3,4,1,3,1985,2,2
1991,1,63175,4,2,6,2,1,1,3,4,2,3,1974,2,2
1991,1,63176,1,2,2,2,2,2,3,4,2,3,1978,2,2
1991,2,63176,6,2,2,2,1,1,3,4,2,3,1986,2,2
1991,1,63177,1,3,3,2,2,2,3,4,2,3,1988,1,2
1991,2,63177,1,2,2,2,1,1,3,4,2,3,1985,2,2
1991,1,63178,6,4,3,2,1,1,3,4,1,3,1976,2,2
1991,2,63178,7,2,2,2,4,1,3,1,2,3,1984,2,2
1991,3,63178,6,2,2,2,1,1,3,4,2,3,1985,2,2
1991,4,63178,1,2,2,2,1,1,3,4,2,3,1987,2,2
1991,1,63179,7,2,2,2,4,2,3,2,2,3,1990,2,2
1991,1,63180,2,5,6,1,1,1,3,4,1,3,1986,2,2
1991,1,63181,1,2,2,2,3,3,3,4,2,3,1979,2,2
1991,1,63182,1,2,2,2,2,2,3,4,2,3,1986,2,2
1991,2,63182,2,2,2,2,1,1,3,4,2,3,1991,2,2
1991,1,63183,2,2,2,2,1,1,3,4,2,3,1971,1,2
1991,2,63183,9,3,3,1,2,2,3,4,2,3,9999,1,2
1991,1,63184,6,6,6,2,1,1,3,4,2,3,1985,2,2
1991,1,63185,7,2,2,2,4,2,3,2,2,3,1983,2,2
1991,2,63185,6,2,6,2,1,1,3,4,2,3,1976,2,2
1991,1,63186,3,2,2,1,1,1,3,4,2,3,1991,1,2
1991,2,63186,1,3,3,2,1,1,3,4,2,3,1984,2,2
1991,1,63187,1,2,2,2,1,1,3,4,2,3,1984,2,2
1991,1,63188,1,2,5,2,1,1,3,4,1,3,1982,2,2
1991,2,63188,1,5,5,1,1,1,3,4,2,3,1982,2,2
1991,1,63189,1,2,2,1,1,1,3,4,2,3,1962,2,2
1991,1,63190,1,2,2,2,1,1,3,4,2,3,1988,2,2
1991,2,63190,2,2,5,2,1,1,3,4,2,3,1990,2,2
1991,1,63191,9,2,2,2,1,1,3,4,1,3,1983,2,2
1991,1,63192,1,5,5,2,1,1,3,4,2,3,1980,2,2
1991,2,63192,1,2,2,2,1,1,3,4,2,3,1983,2,2
1991,1,63193,1,1,1,1,1,1,3,4,1,3,1985,2,2
1991,1,63194,2,2,2,2,1,1,3,4,1,3,1976,2,2
1991,1,63195,2,3,3,1,1,1,3,4,1,3,1990,2,2
1991,1,63196,1,6,3,2,1,1,3,4,1,3,1981,2,2
1991,1,63197,1,1,1,1,2,2,3,4,1,3,1979,2,2
1991,1,63198,1,2,2,2,2,2,3,4,1,3,1981,2,2
1991,2,63198,6,4,4,2,1,1,3,4,2,3,1980,2,2
1991,1,63199,1,2,2,2,2,2,3,4,2,3,1982,2,2
1991,1,63200,1,2,4,1,2,2,3,4,1,3,1978,2,2
1991,2,63200,3,2,2,2,1,1,3,4,2,3,1987,2,2
1991,3,63200,3,2,2,1,1,1,3,4,2,3,1984,2,2
1991,1,63201,1,1,1,1,1,1,3,4,1,3,1982,2,2
1991,1,63202,6,2,2,2,1,1,3,4,2,3,1990,2,2
1991,2,63202,1,3,3,2,2,2,3,4,2,3,1976,2,2
1991,1,63203,1,3,3,1,1,1,3,4,2,3,1989,1,2
1991,2,63203,6,2,2,2,1,1,3,4,2,3,1990,2,2
1991,1,63204,1,2,3,2,1,1,3,4,2,3,1980,2,2
1991,2,63204,6,2,4,2,1,1,3,4,2,3,1990,2,2
1991,1,63205,7,2,2,2,4,2,3,2,1,3,1987,1,2
1991,2,63205,6,2,3,2,3,3,3,4,2,3,1990,2,2
1991,1,63206,7,2,5,2,4,2,3,2,1,3,1980,2,2
1991,2,63206,2,4,4,2,2,2,3,4,2,3,1983,2,2
1991,3,63206,1,2,6,2,1,1,3,4,2,3,1981,2,2
1991,1,63207,6,2,2,2,1,1,3,4,1,3,1990,2,2
1991,2,63207,6,2,2,2,1,1,3,4,2,3,1984,2,2
1991,3,63207,2,5,5,2,1,1,3,4,2,3,1988,2,2
1991,1,63208,2,3,3,2,2,2,3,4,2,3,1984,2,2
1991,2,63208,3,2,2,2,1,1,3,4,2,3,1990,2,2
1991,1,63209,1,2,2,2,1,1,3,4,1,3,1991,2,2
1991,1,63210,7,2,2,2,4,2,3,2,1,3,1989,2,2
1991,1,63211,7,1,1,2,4,2,3,2,1,3,1982,2,2
1991,1,63212,8,2,4,2,1,1,3,4,2,3,1980,2,2
1991,1,63213,9,1,1,2,1,1,3,4,2,3,1986,2,2
1991,1,63214,1,5,5,2,2,2,3,4,2,3,1980,2,2
1991,2,63214,2,2,2,2,1,1,3,4,2,3,1985,2,2
1991,1,63215,1,2,2,2,2,2,3,4,2,3,1985,2,2
1991,1,63216,1,2,5,2,1,1,3,4,2,3,1991,2,2
1991,1,63217,1,6,6,1,1,1,3,4,1,3,1980,2,1
1991,1,63218,1,3,3,2,1,1,3,4,1,3,1987,1,1
1991,2,63218,6,4,4,2,1,1,3,4,2,3,1976,2,2
1991,1,63219,1,2,3,2,2,2,3,4,2,3,1979,2,2
1991,1,63220,1,2,2,2,2,2,3,4,2,3,1982,1,2
1991,2,63220,2,3,3,2,1,1,3,4,2,3,1986,2,2
1991,1,63221,9,7,7,2,3,3,3,4,2,3,9999,2,2
1991,1,63222,2,1,1,1,2,2,3,4,2,3,1984,2,2
1991,1,63223,2,2,2,2,2,2,3,4,2,3,1988,1,1
1991,1,63224,2,2,2,2,1,1,3,4,1,3,1986,1,2
1991,2,63224,1,4,4,1,1,1,3,4,2,3,1980,2,2
1991,1,63225,1,2,6,2,2,2,3,4,1,3,1969,2,2
1991,1,63226,2,3,4,1,2,2,3,4,2,3,1970,2,2
1991,1,63227,6,2,2,2,1,1,3,4,2,3,1985,2,2
1991,2,63227,2,5,5,2,1,1,3,4,2,3,1991,2,2
1991,1,63228,6,6,6,1,1,1,3,4,2,3,1986,2,2
1991,2,63228,2,4,4,2,1,1,3,4,2,3,1986,2,2
1991,3,63228,1,2,2,2,2,2,3,4,2,3,1985,2,2
1991,1,63229,2,2,2,2,1,1,3,4,2,3,1986,2,2
1991,1,63230,2,2,3,1,1,1,3,4,1,3,1983,2,2
1991,1,63231,1,2,2,2,1,1,3,4,2,3,1981,2,2
1991,1,63232,1,2,2,2,1,1,3,4,1,3,1990,2,2
1991,1,63233,1,5,5,1,2,2,3,4,1,3,1986,2,2
1991,1,63234,7,6,2,2,4,2,3,2,1,3,1982,2,2
1991,1,63235,4,3,6,1,1,1,3,4,1,3,1980,2,2
1991,2,63235,9,2,2,2,1,1,3,4,2,3,1980,2,2
1991,1,63236,1,2,2,2,1,1,3,4,2,3,1990,2,2
1991,1,63237,1,1,1,1,1,1,3,4,2,3,1982,2,2
1991,1,63238,1,3,3,2,1,1,3,4,2,3,1989,2,2
1991,2,63238,3,6,6,2,1,1,3,4,2,3,1989,2,2
1991,3,63238,9,6,6,2,3,3,3,4,2,3,9999,2,2
1991,1,63239,2,2,2,2,2,2,3,4,1,3,1978,2,2
1991,1,63240,6,2,2,2,1,1,3,4,1,3,1988,2,1
1991,2,63240,6,4,4,2,1,1,3,4,2,3,1988,2,2
1991,1,63241,2,2,2,2,1,1,3,4,1,3,1987,2,2
1991,1,63242,1,2,3,1,2,2,3,4,2,3,1972,2,2
1991,1,63243,1,2,2,2,1,1,3,4,2,3,1989,2,2
1991,1,63244,7,3,2,2,4,2,3,2,1,3,1983,2,2
1991,2,63244,2,5,5,2,1,1,3,4,2,3,1979,2,2
1991,3,63244,2,2,2,2,1,1,3,4,2,3,1987,2,2
1991,1,63245,1,2,3,2,1,1,3,4,2,3,1985,1,2
1991,2,63245,1,5,2,2,3,3,3,4,2,3,1991,2,2
1991,3,63245,1,2,2,2,1,1,3,4,2,3,1979,2,2
1991,1,63246,1,2,2,2,1,1,3,4,1,3,1991,2,2
1991,2,63246,1,2,2,2,1,1,3,4,2,3,1986,2,2
1991,1,63247,1,2,2,2,2,2,3,4,2,3,1980,1,2
1991,1,63248,1,2,2,2,1,1,3,4,2,3,1989,2,2
1991,1,63249,1,5,5,2,2,2,3,4,1,3,1985,2,2
1991,1,63250,1,2,2,2,1,1,3,4,2,3,1987,2,2
1991,1,63251,7,2,2,2,4,2,3,2,1,3,1986,2,2
1991,1,63252,1,2,2,2,1,1,3,4,2,3,1982,1,2
1991,2,63252,1,3,3,2,1,1,3,4,2,3,1983,1,2
1991,1,63253,1,2,2,2,2,2,3,4,1,3,1984,2,2
1991,1,63254,2,1,1,1,1,1,3,4,2,3,1985,2,2
1991,1,63255,2,2,2,2,1,1,3,4,2,3,1967,2,2
1991,1,63256,2,2,2,1,1,1,3,4,1,3,1991,2,2
1991,1,63257,7,6,2,2,4,2,3,2,1,3,1986,2,2
1991,1,63258,6,2,2,2,1,1,3,4,2,3,1972,2,2
1991,2,63258,1,5,5,2,2,2,3,4,2,3,1973,2,2
1991,1,63259,2,2,2,2,3,3,3,4,1,3,1977,2,2
1991,1,63260,2,2,5,2,1,1,3,4,2,3,1989,2,2
1991,2,63260,1,2,4,2,1,1,3,4,2,3,1991,1,2
1991,1,63261,2,5,5,1,1,1,3,4,1,3,1990,2,2
1991,1,63262,2,2,2,1,1,1,3,4,2,3,1982,1,2
1991,2,63262,1,5,5,2,1,1,3,4,2,3,1988,2,2
1991,1,63263,2,1,1,1,1,1,3,4,1,3,1979,2,2
1991,1,63264,1,2,2,2,1,1,3,4,2,3,1988,2,2
1991,1,63265,1,2,6,2,1,1,3,4,2,3,1980,1,2
1991,2,63265,6,3,3,2,1,1,3,4,2,3,1986,2,2
1991,1,63266,1,5,3,2,2,2,3,4,1,3,1976,2,2
1991,2,63266,1,2,2,2,3,3,3,4,2,3,1982,2,2
1991,1,63267,4,5,5,2,1,1,3,4,1,3,1991,2,1
1991,1,63268,1,2,2,2,1,1,3,4,1,3,1966,2,2
1991,1,63269,1,2,2,1,2,2,3,4,1,3,1975,2,2
1991,1,63270,1,2,2,2,1,1,3,4,2,3,1984,2,2
1991,1,63271,2,2,2,2,1,1,3,4,2,3,1985,1,2
1991,2,63271,1,5,2,2,1,1,3,4,2,3,1984,1,2
1991,1,63272,1,2,5,2,1,1,3,4,1,3,1987,2,2
1991,1,63273,1,2,5,2,1,1,3,4,1,3,1988,2,2
1991,2,63273,3,2,2,1,1,1,3,4,2,3,1988,2,2
1991,3,63273,1,2,2,2,1,1,3,4,2,3,1987,2,2
1991,1,63274,1,1,1,1,1,1,3,4,2,3,1983,1,2
1991,1,63275,7,2,2,2,4,1,3,1,2,3,1991,2,2
1991,1,63276,1,6,6,1,1,1,3,4,1,3,1991,2,2
1991,1,63277,7,6,5,2,4,2,3,2,1,3,1986,2,2
1991,1,63278,1,1,1,1,1,1,3,4,1,3,1981,2,2
1991,1,63279,1,2,2,2,2,2,3,4,1,3,1987,2,2
1991,1,63280,1,2,6,2,1,1,3,4,1,3,1984,2,1
1991,1,63281,1,2,3,2,1,1,3,4,1,3,1991,2,2
1991,2,63281,3,4,4,1,1,1,3,4,2,3,1990,2,2
1991,3,63281,2,2,3,2,1,1,3,4,2,3,1990,2,2
1991,1,63282,3,1,1,1,1,1,3,4,2,3,1986,2,2
1991,1,63283,4,2,2,2,1,1,3,4,2,3,1982,2,2
1991,1,63284,6,2,6,2,1,1,3,4,1,3,1980,2,2
1991,2,63284,1,5,6,2,1,1,3,4,2,3,1985,2,2
1991,1,63285,1,2,2,2,1,1,3,4,2,3,1988,2,2
1991,1,63286,2,2,5,2,2,2,3,4,1,3,1973,2,2
1991,1,63287,2,2,2,2,2,2,3,4,2,3,1977,2,2
1991,1,63288,6,2,5,2,1,1,3,4,2,3,1989,1,2
1991,2,63288,6,2,2,2,1,1,3,4,2,3,1988,2,2
1991,1,63289,4,2,3,2,2,2,3,4,2,3,1977,2,2
1991,1,63290,1,6,6,1,2,2,3,4,1,3,1981,2,2
1991,1,63291,1,2,2,2,1,1,3,4,1,3,1987,2,2
1991,2,63291,1,5,6,2,1,1,3,4,2,3,1982,2,2
1991,1,63292,1,3,5,2,1,1,3,4,2,3,1985,2,2
1991,2,63292,1,2,5,2,1,1,3,4,2,3,1989,2,2
1991,1,63293,1,2,3,2,1,1,3,4,1,3,1988,2,2
1991,2,63293,1,5,5,2,2,2,3,4,2,3,1978,2,2
1991,1,63294,1,2,2,2,2,2,3,4,1,3,1975,1,2
1991,1,63295,4,2,2,2,2,2,3,4,2,3,1976,2,2
1991,1,63296,1,1,1,1,2,2,3,4,2,3,1981,2,1
1991,1,63297,1,2,2,1,1,1,3,4,2,3,1991,2,2
1991,1,63298,1,4,4,2,1,1,3,4,2,3,1989,2,2
1991,2,63298,6,2,2,2,1,1,3,4,2,3,1978,2,2
1991,1,63299,1,2,2,1,1,1,3,4,1,3,1987,2,2
1991,2,63299,1,2,2,2,1,1,3,4,2,3,1984,2,2
1991,3,63299,1,2,2,2,1,1,3,4,2,3,1987,2,2
1991,1,63300,2,2,2,1,1,1,3,4,2,3,1976,2,2
1991,1,63301,1,2,2,2,3,3,3,4,1,3,1991,2,2
1991,2,63301,9,2,2,2,1,1,3,4,2,3,1977,2,2
1991,1,63302,7,6,2,2,4,1,3,1,2,3,1986,2,2
1991,1,63303,7,2,2,2,4,2,3,2,1,3,1990,2,2
1991,1,63304,1,2,2,2,1,1,3,4,2,3,1970,1,2
1991,2,63304,1,2,2,2,1,1,3,4,2,3,1983,2,2
1991,1,63305,2,2,2,2,1,1,3,4,2,3,1984,2,2
1991,1,63306,1,1,1,1,1,1,3,4,2,3,1978,2,2
1991,1,63307,2,2,2,2,2,2,3,4,1,3,1990,2,2
1991,1,63308,1,2,2,2,2,2,3,4,2,3,1979,2,2
1991,2,63308,4,5,5,2,1,1,3,4,2,3,1989,2,2
1991,1,63309,1,2,2,2,1,1,3,4,2,3,1977,2,2
1991,1,63310,2,2,2,1,2,2,3,4,1,3,1983,2,2
1991,1,63311,1,2,2,2,1,1,3,4,2,3,1982,2,2
1991,1,63312,4,2,2,2,1,1,3,4,1,3,1978,2,2
1991,2,63312,1,2,2,2,1,1,3,4,2,3,1985,2,2
1991,1,63313,2,1,1,1,1,1,3,4,1,3,1991,2,2
1991,1,63314,1,1,1,1,3,3,3,4,1,3,1982,2,2
1991,1,63315,2,2,2,2,1,1,3,4,1,3,1990,2,2
1991,2,63315,7,2,2,2,4,2,3,2,2,3,1989,2,2
1991,1,63316,1,3,3,2,2,2,3,4,2,3,1977,2,2
1991,2,63316,1,2,2,2,2,2,3,4,1,3,1977,2,2
1991,1,63317,1,1,1,1,1,1,3,4,2,3,1987,2,2
1991,1,63318,7,2,2,2,4,2,3,2,1,3,1980,2,2
1991,1,63319,1,2,2,1,2,2,3,4,1,3,1983,2,2
1991,1,63320,2,2,2,2,2,2,3,4,2,3,1988,2,2
1991,1,63321,1,2,2,2,2,2,3,4,2,3,1990,2,2
1991,1,63322,1,2,6,2,1,1,3,4,2,3,1978,2,2
1991,1,63323,3,2,2,2,1,1,3,4,2,3,1986,2,2
1991,2,63323,1,4,4,2,1,1,3,4,1,3,1983,2,2
1991,1,63324,2,2,2,2,1,1,3,4,2,3,1985,2,2
1991,1,63325,2,2,2,1,1,1,3,4,2,3,1991,2,2
1991,1,63326,1,5,5,2,1,1,3,4,1,3,1989,2,2
1991,1,63327,1,2,2,2,2,2,3,4,2,3,1988,2,2
1991,1,63328,1,2,2,2,1,1,3,4,2,3,1991,2,2
1991,1,63329,1,6,6,2,1,1,3,4,2,3,1987,2,2
1991,1,63330,9,2,2,2,3,3,3,4,2,3,9999,1,2
1991,1,63331,1,3,3,2,1,1,3,4,2,3,1971,2,2
1991,2,63331,4,2,2,2,1,1,3,4,2,3,1988,2,2
1991,1,63332,1,2,2,2,1,1,3,4,2,3,1988,2,2
1991,1,63333,7,6,2,2,4,2,3,2,1,3,1980,2,2
1991,1,63334,1,5,5,2,1,1,3,4,2,3,1988,2,2
1991,2,63334,7,2,2,2,4,1,3,1,2,3,1985,2,2
1991,1,63335,2,2,2,2,1,1,3,4,2,3,1980,1,2
1991,1,63336,1,5,5,1,1,1,3,4,1,3,1988,2,2
1991,2,63336,1,2,2,2,2,2,3,4,2,3,1982,2,2
1991,1,63337,6,2,6,2,1,1,3,4,1,3,1980,2,2
1991,2,63337,7,5,5,2,4,1,3,1,2,3,1982,2,2
1991,3,63337,4,2,2,2,1,1,3,4,2,3,1990,2,2
1991,1,63338,7,2,2,2,4,2,3,2,1,3,1990,2,2
1991,2,63338,1,4,2,2,3,3,3,4,2,3,1991,2,2
1991,1,63339,1,2,2,2,1,1,3,4,2,3,1986,2,2
1991,1,63340,1,2,2,2,1,1,3,4,2,3,1985,1,2
1991,2,63340,1,2,2,2,1,1,3,4,2,3,1980,2,2
1991,3,63340,1,2,2,2,1,1,3,4,2,3,1988,2,2
1991,1,63341,4,2,2,1,1,1,3,4,1,3,1971,2,2
1991,1,63342,1,2,2,2,2,2,3,4,2,3,1982,2,2
1991,1,63343,1,2,2,2,2,2,3,4,1,3,1986,2,2
1991,1,63344,2,2,2,2,1,1,3,4,2,3,1982,2,2
1991,2,63344,1,3,3,2,1,1,3,4,2,3,1977,2,2
1991,1,63345,1,2,5,2,1,1,3,4,1,3,1986,2,2
1991,1,63346,1,2,2,1,1,1,3,4,2,3,1989,2,2
1991,2,63346,4,2,2,2,1,1,3,4,2,3,1987,2,2
1991,3,63346,1,2,2,2,1,1,3,4,2,3,1988,2,2
1991,1,63347,1,2,2,2,1,1,3,4,1,3,1989,2,2
1991,1,63348,1,6,2,2,1,1,3,4,2,3,1978,2,2
1991,2,63348,2,4,4,2,1,1,3,4,2,3,1987,2,2
1991,3,63348,1,2,2,2,1,1,3,4,2,3,1981,2,2
1991,1,63349,1,2,5,2,1,1,3,4,1,3,1977,2,2
1991,2,63349,2,2,2,2,1,1,3,4,2,3,1990,2,2
1991,3,63349,1,2,2,2,1,1,3,4,2,3,1990,2,2
1991,1,63350,1,2,2,2,1,1,3,4,1,3,1984,1,2
1991,2,63350,1,4,2,2,2,2,3,4,2,3,1970,2,2
1991,3,63350,8,2,6,2,1,1,3,4,2,1,1990,2,2
1991,1,63351,2,7,7,2,1,1,3,4,2,3,1985,2,2
1991,1,63352,1,6,3,2,1,1,3,4,1,3,1986,2,2
1991,1,63353,1,5,5,2,1,1,3,4,2,3,1988,2,2
1991,2,63353,1,6,6,2,1,1,3,4,2,3,1972,2,2
1991,1,63354,1,5,5,2,2,2,3,4,1,3,1977,2,2
1991,2,63354,1,2,2,2,2,2,3,4,2,3,1979,2,2
1991,1,63355,4,2,4,2,1,1,3,4,1,3,1970,2,2
1991,2,63355,1,5,5,2,1,1,3,4,2,3,1989,2,2
1991,3,63355,9,6,6,2,3,3,3,4,2,3,9999,2,2
1991,1,63356,1,6,6,1,1,1,3,4,1,3,1989,2,2
1991,1,63357,1,2,2,2,1,1,3,4,2,3,1979,2,2
1991,1,63358,8,2,2,1,1,1,3,4,1,3,1989,2,2
1991,1,63359,9,3,4,2,1,1,3,4,2,3,1983,2,2
1991,2,63359,7,2,2,2,4,2,3,2,1,3,1980,2,2
1991,1,63360,6,1,1,1,1,1,3,4,1,3,1988,2,2
1991,1,63361,1,5,2,2,1,1,3,4,2,3,1985,1,2
1991,2,63361,1,2,2,1,1,1,3,4,1,3,1985,2,2
1991,1,63362,2,2,6,2,1,1,3,4,2,3,1965,2,2
1991,1,63363,6,2,6,2,1,1,3,4,2,3,1991,2,2
1991,2,63363,7,5,5,2,4,2,3,2,2,3,1985,2,2
1991,1,63364,1,3,3,2,1,1,3,4,2,3,1966,2,2
1991,2,63364,6,2,2,2,1,1,3,4,2,3,1977,2,2
1991,1,63365,4,2,2,2,1,1,3,4,2,3,1971,2,2
1991,1,63366,5,5,5,2,1,1,3,4,2,3,1989,2,2
1991,2,63366,9,2,2,2,2,2,3,4,2,3,1986,2,2
1991,1,63367,7,2,2,2,4,2,3,2,1,3,1987,1,2
1991,2,63367,1,2,2,2,1,1,3,4,2,3,1988,2,2
1991,1,63368,7,1,1,2,4,1,3,1,2,3,1983,2,2
1991,1,63369,1,2,5,2,1,1,3,4,1,3,1981,2,2
1991,2,63369,2,4,4,2,1,1,3,4,2,3,1977,2,2
1991,1,63370,2,2,6,1,1,1,3,4,2,3,1984,2,2
1991,1,63371,1,2,2,2,1,1,3,4,2,3,1976,2,2
1991,2,63371,1,3,3,2,1,1,3,4,2,3,1981,2,2
1991,1,63372,2,2,2,2,1,1,3,4,2,3,1988,2,2
1991,1,63373,3,1,1,1,1,1,3,4,1,3,1980,2,2
1991,1,63374,1,2,2,2,3,3,3,4,2,3,9999,2,2
1991,1,63375,4,5,2,2,1,1,3,4,2,3,1970,2,2
1991,2,63375,2,2,2,2,1,1,3,4,2,3,1988,2,2
1991,1,63376,7,2,2,2,4,2,3,2,2,3,1977,2,2
1991,1,63377,1,2,2,2,1,1,3,4,2,3,1973,2,2
1991,1,63378,1,2,2,2,1,1,3,4,2,3,1979,2,2
1991,1,63379,1,3,3,2,1,1,3,4,1,3,1981,2,2
1991,2,63379,8,2,2,2,3,3,3,4,2,3,1981,2,2
1991,1,63380,1,4,4,2,1,1,3,4,2,3,1991,2,2
1991,2,63380,7,2,5,2,4,1,3,1,1,3,1984,2,2
1991,1,63381,6,3,3,2,2,2,3,4,2,3,1985,2,2
1991,1,63382,3,2,2,2,1,1,3,4,2,3,1990,2,2
1991,1,63383,6,6,6,2,3,3,3,4,2,3,9999,2,2
1991,2,63383,2,4,4,2,2,2,3,4,2,3,1968,2,2
1991,1,63384,2,2,2,2,3,3,3,4,1,3,9999,2,2
1991,2,63384,7,4,4,2,4,1,3,1,2,3,1983,2,2
1991,1,63385,1,1,1,1,1,1,3,4,2,3,1986,2,2
1991,1,63386,6,1,1,1,1,1,3,4,2,3,1978,2,1
1991,1,63387,1,2,2,2,2,2,3,4,2,3,1973,2,2
1991,2,63387,4,2,2,2,1,1,3,4,2,3,1989,2,2
1991,1,63388,1,1,1,1,1,1,3,4,2,3,1978,1,2
1991,1,63389,6,2,2,2,1,1,3,4,2,3,1979,2,2
1991,1,63390,1,5,5,2,1,1,3,4,2,3,1977,2,2
1991,2,63390,1,2,2,2,1,1,3,4,2,3,1979,2,2
1991,1,63391,1,2,2,2,2,2,3,4,1,3,1979,2,2
1991,1,63392,2,2,2,1,1,1,3,4,2,3,1991,2,2
1991,1,63393,1,5,5,2,1,1,3,4,2,3,1968,2,2
1991,1,63394,4,1,1,1,1,1,3,4,1,3,1987,2,2
1991,1,63395,4,2,2,2,3,3,3,4,2,3,1984,2,2
1991,1,63396,1,2,2,2,1,1,3,4,1,3,1991,2,2
1991,2,63396,2,2,2,2,1,1,3,4,2,3,1979,2,2
1991,1,63397,1,2,2,2,3,3,3,4,1,3,9999,2,2
1991,2,63397,1,3,5,2,1,1,3,4,2,3,1983,2,2
1991,1,63398,1,6,6,1,1,1,3,4,1,3,1986,2,2
1991,1,63399,9,3,3,2,3,3,3,4,2,3,9999,2,2
1991,1,63400,4,2,2,2,2,2,3,4,2,3,1978,2,2
1991,2,63400,1,5,5,2,2,2,3,4,2,3,1980,2,2
1991,1,63401,1,5,5,2,1,1,3,4,2,3,1978,1,2
1991,2,63401,2,2,2,2,1,1,3,4,2,3,1984,2,2
1991,1,63402,1,2,2,2,1,1,3,4,1,3,1987,2,2
1991,2,63402,1,4,2,2,1,1,3,4,2,3,1984,2,2
1991,3,63402,2,4,4,2,1,1,3,4,2,3,1988,2,2
1991,1,63403,7,5,5,2,4,1,3,1,2,3,1983,2,2
1991,1,63404,2,2,6,2,3,3,3,4,1,3,1988,2,2
1991,1,63405,1,2,4,1,1,1,3,4,1,3,1988,2,2
1991,1,63406,1,6,2,2,1,1,3,4,2,3,1981,2,2
1991,1,63407,2,2,2,2,2,2,3,4,1,3,1987,2,2
1991,2,63407,1,2,2,2,1,1,3,4,2,3,1988,2,2
1991,1,63408,9,3,3,2,1,1,3,4,1,3,1985,2,2
1991,2,63408,5,5,5,2,3,3,3,4,2,3,1990,2,2
1991,1,63409,2,2,2,2,1,1,3,4,2,3,1986,2,2
1991,1,63410,3,2,2,1,1,1,3,4,2,3,1983,2,2
1991,1,63411,1,2,2,2,3,3,3,4,1,3,1977,2,2
1991,2,63411,1,5,5,2,1,1,3,4,2,3,1982,2,2
1991,1,63412,1,2,4,1,1,1,3,4,1,3,1988,2,2
1991,2,63412,2,6,6,2,1,1,3,4,2,3,1973,2,2
1991,1,63413,2,2,2,1,2,2,3,4,2,3,1990,2,1
1991,1,63414,1,6,3,2,1,1,3,4,2,3,1982,2,2
1991,2,63414,1,2,2,2,1,1,3,4,2,3,1983,2,2
1991,1,63415,1,2,2,2,3,3,3,4,1,3,1985,2,2
1991,2,63415,1,5,5,1,1,1,3,4,2,3,1988,2,2
1991,1,63416,1,2,2,2,1,1,3,4,1,3,1983,2,2
1991,1,63417,1,2,2,2,3,3,3,4,2,3,9999,1,2
1991,1,63418,7,2,2,2,4,3,3,3,1,3,1982,2,2
1991,2,63418,4,5,5,2,1,1,3,4,2,3,1980,2,2
1991,1,63419,8,2,6,2,1,1,3,4,2,3,1991,2,2
1991,1,63420,1,3,3,2,1,1,3,4,2,3,1979,2,2
1991,2,63420,6,2,2,2,1,1,3,4,2,3,1987,2,2
1991,1,63421,9,7,7,2,3,3,3,4,2,3,9999,2,2
1991,1,63422,1,4,4,1,1,1,3,4,2,3,1990,2,2
1991,1,63423,1,4,6,2,2,2,3,4,1,3,1979,2,2
1991,2,63423,6,2,2,2,1,1,3,4,2,3,1986,2,2
1991,1,63424,1,4,4,2,1,1,3,4,1,3,1969,2,2
1991,2,63424,6,3,3,2,1,1,3,4,2,3,1985,2,2
1991,3,63424,6,2,2,2,1,1,3,4,2,3,1972,2,2
1991,1,63425,2,1,1,1,1,1,3,4,2,3,1974,2,2
1991,1,63426,1,6,2,2,1,1,3,4,2,3,1977,2,2
1991,1,63427,1,2,2,2,2,2,3,4,1,3,1982,2,2
1991,1,63428,1,2,2,1,1,1,3,4,2,3,1983,2,1
1991,1,63429,1,2,2,2,2,2,3,4,2,3,1977,2,2
1991,2,63429,4,2,2,2,1,1,3,4,2,3,1990,2,2
1991,1,63430,3,2,2,2,1,1,3,4,1,3,1973,2,2
1991,2,63430,8,2,2,2,1,1,3,4,2,3,1988,2,2
1991,1,63431,5,4,4,2,1,1,3,4,2,3,1978,2,2
1991,2,63431,1,2,2,2,1,1,3,4,1,3,1984,2,2
1991,1,63432,1,2,2,2,3,3,3,4,1,3,1981,2,2
1991,2,63432,1,5,2,2,2,2,3,4,1,3,1981,2,2
1991,3,63432,4,4,4,2,1,1,3,4,2,3,1979,2,2
1991,4,63432,1,3,3,2,1,1,3,4,2,3,1990,2,2
1991,5,63432,1,5,5,2,1,1,3,4,2,3,1982,2,2
1991,1,63433,1,5,5,1,1,1,3,4,1,3,1972,2,2
1991,1,63434,1,5,5,2,3,3,3,4,2,3,1979,2,2
1991,2,63434,1,3,2,2,1,1,3,4,2,3,1984,2,2
1991,1,63435,2,1,1,1,1,1,3,4,1,3,1989,2,2
1991,1,63436,3,1,1,1,1,1,3,4,2,3,1985,2,2
1991,1,63437,1,2,2,2,3,3,3,4,1,3,1988,2,2
1991,2,63437,1,5,5,2,1,1,3,4,2,3,1988,2,2
1991,1,63438,1,5,5,2,1,1,3,4,1,3,1983,2,2
1991,1,63439,1,3,3,2,1,1,3,4,1,3,1985,2,2
1991,1,63440,2,3,2,2,1,1,3,4,2,3,1976,2,2
1991,1,63441,1,2,2,2,2,2,3,4,2,3,1980,2,2
1991,1,63442,4,1,1,1,2,2,3,4,1,3,1987,2,2
1991,1,63443,2,3,2,2,1,1,3,4,2,3,1991,2,2
1991,1,63444,1,2,2,2,2,2,3,4,2,3,1979,2,2
1991,2,63444,1,2,2,2,2,2,3,4,2,3,1982,2,2
1991,1,63445,5,2,5,2,1,1,3,4,2,3,1978,2,2
1991,2,63445,1,5,5,2,1,1,3,4,2,3,1981,2,2
1991,1,63446,1,2,3,2,1,1,3,4,2,3,1987,2,2
1991,2,63446,6,2,2,2,1,1,3,4,2,3,1974,2,2
1991,1,63447,1,4,4,2,1,1,3,4,2,3,1986,1,2
1991,2,63447,1,2,3,2,1,1,3,4,2,3,1964,2,2
1991,1,63448,1,6,3,2,3,3,3,4,1,3,1977,2,2
1991,2,63448,1,2,5,2,1,1,3,4,2,3,1977,2,2
1991,1,63449,2,2,2,2,2,2,3,4,1,3,1987,2,2
1991,2,63449,1,4,4,2,3,3,3,4,2,3,1975,2,2
1991,1,63450,1,2,2,2,2,2,3,4,2,3,1981,1,2
1991,2,63450,1,5,5,2,1,1,3,4,2,3,1986,2,2
1991,1,63451,2,1,1,1,2,2,3,4,1,3,1990,2,2
1991,1,63452,1,6,5,2,2,2,3,4,2,3,1983,2,2
1991,1,63453,7,2,2,2,4,2,3,2,1,3,1983,2,2
1991,1,63454,1,2,2,2,1,1,3,4,1,3,1968,2,2
1991,2,63454,8,2,2,2,1,1,3,4,2,3,1989,2,2
1991,1,63455,9,2,2,2,3,3,3,4,2,3,9999,2,2
1991,1,63456,2,1,1,1,2,2,3,4,2,3,1971,2,2
1991,1,63457,2,2,2,1,2,2,3,4,2,3,1986,2,2
1991,1,63458,6,2,2,1,1,1,3,4,2,3,1976,2,2
1991,1,63459,1,2,2,2,2,2,3,4,2,3,1964,2,2
1991,2,63459,1,2,2,1,2,2,3,4,2,3,1981,2,2
1991,1,63460,2,2,2,2,1,1,3,4,2,3,1984,2,2
1991,2,63460,2,5,5,2,1,1,3,4,2,3,1990,2,2
1991,1,63461,1,1,1,1,2,2,3,4,1,3,1967,2,2
1991,1,63462,1,2,2,2,1,1,3,4,2,3,1983,2,2
1991,1,63463,1,2,2,2,1,1,3,4,2,3,1987,1,2
1991,1,63464,2,1,1,1,1,1,3,4,2,3,1967,2,2
1991,1,63465,2,2,2,1,2,2,3,4,1,3,1988,2,2
1991,2,63465,6,4,4,2,3,3,3,4,2,3,9999,2,2
1991,1,63466,7,2,2,2,4,1,3,1,1,3,1977,2,2
1991,2,63466,2,5,5,2,1,1,3,4,2,3,1988,2,2
1991,1,63467,1,1,1,1,3,3,3,4,1,3,1992,2,2
1991,1,63468,2,2,2,2,1,1,3,4,2,3,1980,2,2
1991,1,63469,1,2,2,2,2,2,3,4,2,3,1987,2,2
1991,1,63470,1,5,5,2,1,1,3,4,2,3,1984,2,2
1991,2,63470,1,2,2,2,1,1,3,4,2,3,1988,2,2
1991,1,63471,1,1,1,1,1,1,3,4,1,3,1991,2,2
1991,1,63472,6,6,6,2,2,2,3,4,2,3,1967,2,2
1991,1,63473,1,2,2,2,1,1,3,4,2,3,1978,2,2
1991,1,63474,1,5,5,1,1,1,3,4,1,3,1987,2,2
1991,1,63475,1,5,5,2,3,3,3,4,1,3,1987,2,2
1991,1,63476,1,2,2,2,2,2,3,4,2,3,1985,2,2
1991,1,63477,3,1,1,1,1,1,3,4,2,3,1985,1,2
1991,1,63478,1,2,2,2,1,1,3,4,2,3,1990,2,2
1991,2,63478,1,5,5,1,1,1,3,4,2,3,1986,2,2
1991,1,63479,1,2,2,2,1,1,3,4,2,3,1985,2,2
1991,1,63480,1,2,2,1,1,1,3,4,2,3,1979,2,2
1991,1,63481,2,1,1,1,1,1,3,4,2,3,1989,1,2
1991,1,63482,1,2,2,2,2,2,3,4,2,3,1986,2,2
1991,1,63483,2,1,1,1,2,2,3,4,1,3,1982,2,2
1991,1,63484,2,2,2,2,1,1,3,4,2,3,1973,2,2
1991,1,63485,1,2,2,2,1,1,3,4,2,3,1977,2,2
1991,1,63486,1,2,2,2,2,2,3,4,1,3,1985,2,2
1991,2,63486,1,2,2,2,1,1,3,4,2,3,1985,2,2
1991,1,63487,1,5,2,2,2,2,3,4,1,3,1987,2,2
1991,1,63488,1,2,2,2,2,2,3,4,1,3,1991,1,2
1991,2,63488,1,4,6,1,1,1,3,4,2,3,1987,2,2
1991,1,63489,1,3,3,2,2,2,3,4,2,3,1978,2,2
1991,2,63489,1,2,2,2,1,1,3,4,2,3,1976,2,2
1991,1,63490,1,2,3,2,2,2,3,4,1,3,1988,2,2
1991,1,63491,1,2,2,2,1,1,3,4,2,3,1979,2,2
1991,2,63491,1,2,2,2,1,1,3,4,2,3,1987,2,2
1991,1,63492,1,2,2,2,3,3,3,4,2,3,9999,2,2
1991,1,63493,6,2,2,2,1,1,3,4,2,3,1989,2,2
1991,2,63493,1,5,5,2,1,1,3,4,2,3,1987,2,2
1991,1,63494,1,3,3,2,1,1,3,4,2,3,1985,2,2
1991,2,63494,7,2,2,2,4,2,3,2,2,3,1981,2,2
1991,1,63495,3,4,4,1,1,1,3,4,2,3,1991,1,2
1991,1,63496,1,3,3,2,2,2,3,4,2,3,1978,1,2
1991,2,63496,2,2,2,1,1,1,3,4,2,3,1973,2,2
1991,1,63497,1,1,1,1,1,1,3,4,1,3,1986,2,1
1991,1,63498,2,5,5,2,1,1,3,4,1,3,1990,2,2
1991,1,63499,1,2,2,2,3,3,3,4,2,3,9999,2,2
1991,1,63500,6,4,4,2,1,1,3,4,2,3,1983,2,2
1991,2,63500,1,2,2,2,2,2,3,4,1,3,1987,2,2
1991,1,63501,1,6,6,1,2,2,3,4,2,3,1983,2,2
1991,1,63502,3,2,2,1,2,2,3,4,1,3,1981,2,2
1991,1,63503,9,7,7,2,3,3,3,4,2,3,9999,2,2
1991,1,63504,2,2,2,2,1,1,3,4,2,3,1986,2,2
1991,1,63505,2,2,2,2,1,1,3,4,2,3,1988,2,2
1991,1,63506,1,2,2,2,1,1,3,4,2,3,1990,2,2
1991,1,63507,2,2,2,2,3,3,3,4,2,3,1991,2,2
1991,1,63508,1,5,5,2,1,1,3,4,2,3,1987,2,2
1991,2,63508,7,2,2,2,4,1,3,1,2,3,1980,2,2
1991,1,63509,1,2,2,1,1,1,3,4,1,3,1967,2,2
1991,1,63510,1,5,5,2,2,2,3,4,1,3,1970,2,2
1991,2,63510,1,2,2,1,1,1,3,4,2,3,1986,2,2
1991,1,63511,6,2,2,1,2,2,3,4,2,3,1969,2,2
1991,1,63512,6,2,6,2,3,3,3,4,2,3,9999,2,2
1991,1,63513,2,1,1,1,1,1,3,4,2,3,1984,2,1
1991,1,63514,1,2,2,2,1,1,3,4,2,3,1982,2,2
1991,2,63514,5,2,3,2,1,1,3,4,2,3,1980,2,2
1991,1,63515,1,3,3,2,1,1,3,4,1,3,1982,2,2
1991,2,63515,3,2,2,2,1,1,3,4,2,3,1991,2,2
1991,1,63516,1,2,2,2,1,1,3,4,2,3,1974,2,2
1991,1,63517,7,2,2,2,4,2,3,2,1,3,1986,2,2
1991,1,63518,7,2,2,2,4,2,3,2,1,3,1977,2,2
1991,2,63518,2,4,4,2,1,1,3,4,2,3,1990,2,2
1991,1,63519,2,1,1,1,1,1,3,4,1,3,1977,2,2
1991,1,63520,7,2,2,2,4,2,3,2,1,3,1986,2,2
1991,2,63520,1,4,4,2,1,1,3,4,2,3,1986,2,2
1991,1,63521,1,2,5,1,2,2,3,4,1,3,1986,2,2
1991,1,63522,1,2,2,2,1,1,3,4,1,3,1988,1,2
1991,1,63523,7,2,2,2,4,1,3,1,1,3,1989,1,2
1991,1,63524,1,2,2,2,1,1,3,4,2,3,1976,2,2
1991,2,63524,6,5,6,2,1,1,3,4,2,3,1973,2,2
1991,1,63525,1,5,2,2,1,1,3,4,1,3,1982,1,2
1991,1,63526,1,2,2,1,1,1,3,4,1,3,1988,2,2
1991,1,63527,1,2,2,2,1,1,3,4,2,3,1972,2,2
1991,1,63528,1,3,3,2,1,1,3,4,2,3,1989,1,2
1991,2,63528,7,2,2,2,4,1,3,1,1,3,1991,2,2
1991,1,63529,1,3,3,2,2,2,3,4,2,3,1984,2,2
1991,2,63529,2,2,2,2,1,1,3,4,2,3,1967,2,2
1991,1,63530,1,1,1,1,1,1,3,4,1,3,1980,2,2
1991,1,63531,7,6,2,2,4,2,3,2,1,3,1982,1,2
1991,1,63532,1,2,2,2,2,2,3,4,1,3,1970,2,2
1991,1,63533,1,1,1,1,1,1,3,4,1,3,1988,2,2
1991,1,63534,6,2,5,2,1,1,3,4,2,3,1988,2,2
1991,2,63534,1,3,3,2,1,1,3,4,2,3,1978,1,2
1991,3,63534,5,2,2,2,1,1,3,4,2,3,1988,2,2
1991,1,63535,3,1,1,1,1,1,3,4,2,3,1988,1,2
1991,1,63536,1,2,2,2,1,1,3,4,2,3,1983,2,2
1991,2,63536,1,2,2,2,1,1,3,4,1,3,1991,2,2
1991,1,63537,2,1,1,2,2,2,3,4,1,3,1976,2,2
1991,1,63538,1,2,2,2,2,2,3,4,2,3,1978,2,2
1991,1,63539,1,2,3,2,1,1,3,4,1,3,1990,2,1
1991,1,63540,2,2,2,2,1,1,3,4,1,3,1981,1,2
1991,1,63541,1,1,1,1,2,2,3,4,1,3,1985,2,2
1991,1,63542,7,1,1,2,4,2,3,2,1,3,1990,2,2
1991,1,63543,6,3,3,2,1,1,3,4,2,3,1985,2,2
1991,1,63544,2,2,2,1,1,1,3,4,2,3,1990,2,2
1991,2,63544,2,2,2,2,1,1,3,4,2,3,1990,2,2
1991,1,63545,7,2,2,2,4,2,3,2,1,3,1991,2,2
1991,1,63546,1,1,1,1,2,2,3,4,1,3,1980,2,2
1991,1,63547,4,6,2,2,1,1,3,4,2,3,1979,1,2
1991,1,63548,1,2,2,2,1,1,3,4,2,3,1986,1,2
1991,1,63549,1,2,2,1,1,1,3,4,1,3,1982,2,2
1991,1,63550,1,3,3,2,1,1,3,4,2,3,1988,2,2
1991,2,63550,4,2,4,2,2,2,3,4,2,3,1982,2,2
1991,3,63550,1,5,5,2,1,1,3,4,2,3,1987,2,2
1991,1,63551,2,2,3,2,1,1,3,4,2,3,1987,1,2
1991,1,63552,1,2,2,2,1,1,3,4,2,3,1983,2,2
1991,1,63553,1,2,2,2,2,2,3,4,1,3,1977,2,2
1991,2,63553,1,4,4,2,2,2,3,4,2,3,1981,2,2
1991,1,63554,1,5,5,2,2,2,3,4,1,3,1973,2,2
1991,2,63554,1,2,2,2,1,1,3,4,2,3,1989,2,2
1991,1,63555,2,2,2,2,1,1,3,4,2,3,1984,2,2
1991,1,63556,1,3,3,2,2,2,3,4,1,3,1978,2,2
1991,1,63557,2,2,2,2,2,2,3,4,2,3,1984,1,2
1991,1,63558,1,5,5,1,1,1,3,4,2,3,1987,2,2
1991,2,63558,1,2,2,2,1,1,3,4,1,3,1990,2,2
1991,1,63559,2,2,2,2,1,1,3,4,2,3,1990,2,2
1991,1,63560,2,2,2,2,1,1,3,4,2,3,1988,2,2
1991,2,63560,1,2,2,2,1,1,3,4,2,3,1980,2,2
1991,1,63561,1,2,2,2,1,1,3,4,2,3,1991,2,2
1991,1,63562,1,3,3,2,1,1,3,4,2,3,1969,1,2
1991,1,63563,7,6,2,2,4,2,3,2,2,3,1981,2,2
1991,1,63564,3,6,6,1,1,1,3,4,1,3,1987,1,2
1991,1,63565,1,5,5,2,2,2,3,4,2,3,1979,2,2
1991,1,63566,1,2,2,2,1,1,3,4,2,3,1985,1,2
1991,1,63567,1,1,1,1,1,1,3,4,2,3,1989,2,2
1991,1,63568,1,2,2,2,1,1,3,4,2,3,1982,2,2
1991,1,63569,1,6,6,1,1,1,3,4,2,3,1991,1,2
1991,2,63569,6,6,6,2,1,1,3,4,2,3,1984,2,2
1991,1,63570,1,7,7,2,3,3,3,4,2,3,9999,2,2
1991,2,63570,1,2,2,2,1,1,3,4,2,3,1990,2,2
1991,1,63571,1,3,3,2,1,1,3,4,1,3,1978,2,2
1991,1,63572,1,2,2,2,1,1,3,4,2,3,1991,2,2
1991,2,63572,1,2,2,1,2,2,3,4,1,3,1982,2,2
1991,1,63573,1,4,4,2,1,1,3,4,2,3,1991,2,2
1991,2,63573,1,3,3,2,1,1,3,4,2,3,1989,2,2
1991,1,63574,7,2,2,2,4,2,3,2,1,3,1973,2,2
1991,2,63574,1,2,2,2,1,1,3,4,2,3,1969,1,2
1991,1,63575,1,2,6,2,1,1,3,4,2,3,1979,2,2
1991,1,63576,1,2,2,2,1,1,3,4,2,3,1988,2,2
1991,1,63577,1,2,2,2,1,1,3,4,2,3,1985,2,2
1991,2,63577,4,2,2,2,1,1,3,4,2,3,1987,2,2
1991,1,63578,1,5,5,2,2,2,3,4,1,3,1986,2,2
1991,1,63579,1,2,2,2,1,1,3,4,1,3,1987,1,1
1991,2,63579,6,4,4,2,1,1,3,4,2,3,1985,2,2
1991,3,63579,1,4,4,2,2,2,3,4,2,3,1980,2,2
1991,1,63580,1,2,2,2,3,3,3,4,2,3,9999,1,2
1991,1,63581,6,2,2,2,1,1,3,4,2,3,1991,2,2
1991,1,63582,7,2,2,2,4,1,3,1,1,3,1987,1,2
1991,1,63583,7,2,2,2,4,2,3,2,2,3,1976,2,2
1991,1,63584,2,2,2,2,1,1,3,4,1,3,1978,2,2
1991,2,63584,2,2,2,2,1,1,3,4,2,3,1982,2,2
1991,1,63585,3,1,1,1,2,2,3,4,2,3,1988,2,2
1991,1,63586,1,3,3,1,1,1,3,4,2,3,1975,2,2
1991,2,63586,1,5,2,2,1,1,3,4,2,3,1961,2,2
1991,1,63587,7,5,5,2,4,2,3,2,1,3,1979,2,2
1991,2,63587,3,6,6,2,1,1,3,4,2,3,1989,2,2
1991,1,63588,1,1,1,1,1,1,3,4,1,3,1981,2,2
1991,1,63589,7,2,2,2,4,1,3,1,2,3,1983,2,2
1991,1,63590,1,2,3,2,1,1,3,4,2,3,1989,1,2
1991,2,63590,1,2,2,2,1,1,3,4,2,3,1986,2,2
1991,1,63591,2,2,2,2,1,1,3,4,1,3,1985,2,2
1991,2,63591,1,4,4,2,1,1,3,4,2,3,1976,2,2
1991,3,63591,1,5,5,2,1,1,3,4,2,3,1987,2,2
1991,4,63591,1,2,4,2,1,1,3,4,2,3,1988,2,2
1991,5,63591,1,5,5,2,1,1,3,4,2,3,1988,2,2
1991,6,63591,1,3,4,2,1,1,3,4,2,3,1984,2,2
1991,7,63591,6,6,6,2,1,1,3,4,2,3,1979,2,2
1991,1,63592,1,2,2,2,2,2,3,4,1,3,1978,2,2
1991,1,63593,2,4,4,1,1,1,3,4,1,3,1985,2,2
1991,2,63593,1,4,4,2,1,1,3,4,2,3,1981,2,2
1991,1,63594,1,5,5,1,2,2,3,4,2,3,1983,2,2
1991,2,63594,1,2,2,2,1,1,3,4,2,3,1967,2,2
1991,1,63595,9,6,6,2,3,3,3,4,1,3,9999,2,2
1991,1,63596,4,2,3,1,1,1,3,4,2,3,1974,2,2
1991,1,63597,1,2,3,2,1,1,3,4,2,3,1988,2,2
1991,1,63598,1,2,3,2,2,2,3,4,1,3,1987,2,2
1991,2,63598,1,6,6,2,1,1,3,4,2,3,1985,2,2
1991,1,63599,6,5,5,1,1,1,3,4,1,3,1987,1,2
1991,2,63599,2,6,6,2,1,1,3,4,2,3,1983,2,2
1991,3,63599,1,6,6,2,1,1,3,4,2,3,1982,2,2
1991,1,63600,1,2,5,2,1,1,3,4,2,3,1991,2,2
1991,2,63600,4,6,6,2,1,1,3,4,2,3,1973,2,2
1991,1,63601,2,2,2,2,3,3,3,4,2,3,1981,1,2
1991,2,63601,1,3,3,2,1,1,3,4,2,3,1991,2,2
1991,1,63602,2,2,2,1,1,1,3,4,2,3,1988,1,2
1991,1,63603,1,2,2,2,1,1,3,4,2,3,1984,2,2
1991,2,63603,6,2,2,2,1,1,3,4,2,3,1979,2,2
1991,1,63604,2,6,6,1,1,1,3,4,2,3,1986,2,2
1991,2,63604,7,2,2,2,4,1,3,1,2,3,1991,2,2
1991,1,63605,1,2,3,2,1,1,3,4,2,3,1981,2,2
1991,1,63606,4,1,1,1,1,1,3,4,2,3,1991,2,2
1991,1,63607,5,6,6,2,1,1,3,4,2,3,1972,2,2
1991,1,63608,1,2,2,2,1,1,3,4,2,3,1987,2,2
1991,1,63609,2,2,3,2,1,1,3,4,1,3,1990,1,2
1991,2,63609,1,4,3,1,2,2,3,4,2,3,1973,2,2
1991,1,63610,2,2,2,2,2,2,3,4,2,3,1976,2,2
1991,1,63611,2,2,2,2,1,1,3,4,1,3,1988,1,2
1991,2,63611,2,3,4,2,1,1,3,4,2,3,1987,2,2
1991,1,63612,9,2,2,2,3,3,3,4,2,3,9999,2,2
1991,1,63613,1,6,2,2,1,1,3,4,2,3,1990,2,2
1991,1,63614,1,4,5,1,2,2,3,4,2,3,1974,2,2
1991,2,63614,1,2,2,2,1,1,3,4,2,3,1992,1,1
1991,1,63615,2,2,2,2,2,2,3,4,2,3,1978,2,2
1991,1,63616,2,1,1,1,1,1,3,4,1,3,1986,2,1
1991,1,63617,1,2,3,2,1,1,3,4,2,3,1991,2,2
1991,1,63618,1,1,1,1,1,1,3,4,2,3,1985,1,2
1991,1,63619,1,5,5,2,1,1,3,4,1,3,1985,2,2
1991,1,63620,1,6,6,2,1,1,3,4,2,3,1978,1,2
1991,1,63621,5,2,2,1,1,1,3,4,2,3,1972,2,2
1991,2,63621,1,5,4,2,1,1,3,4,2,3,1984,2,2
1991,3,63621,1,2,4,2,1,1,3,4,2,3,1990,2,2
1991,4,63621,1,5,5,2,1,1,3,4,2,3,1984,2,2
1991,1,63622,4,2,5,2,1,1,3,4,2,3,1972,2,2
1991,2,63622,1,3,3,2,2,2,3,4,2,3,1985,2,2
1991,1,63623,1,3,3,2,1,1,3,4,1,3,1981,2,2
1991,1,63624,4,2,5,2,1,1,3,4,2,3,1991,2,2
1991,2,63624,7,2,2,2,4,1,3,1,2,3,1986,2,2
1991,1,63625,1,2,2,2,1,1,3,4,2,3,1981,2,2
1991,1,63626,1,4,2,2,1,1,3,4,1,3,1991,1,2
1991,1,63627,1,2,2,2,2,2,3,4,2,3,1981,1,2
1991,1,63628,1,2,2,2,1,1,3,4,1,3,1977,1,2
1991,1,63629,2,4,4,2,1,1,3,4,2,3,1985,2,2
1991,2,63629,4,4,2,2,1,1,3,4,2,3,1989,2,2
1991,3,63629,1,2,2,2,1,1,3,4,1,3,1981,1,2
1991,1,63630,1,5,5,2,1,1,3,4,2,3,1985,2,2
1991,1,63631,1,1,1,1,1,1,3,4,2,3,1983,1,2
1991,1,63632,1,5,5,1,2,2,3,4,1,3,9999,2,2
1991,1,63633,1,2,2,2,2,2,3,4,2,3,1988,1,2
1991,1,63634,7,2,2,2,4,2,3,2,1,3,1982,2,2
1991,1,63635,1,2,2,2,1,1,3,4,2,3,1990,2,2
1991,2,63635,3,2,2,2,1,1,3,4,2,3,1985,2,2
1991,1,63636,1,3,3,2,1,1,3,4,2,3,1980,2,2
1991,2,63636,3,5,5,1,1,1,3,4,2,3,1986,2,2
1991,1,63637,1,2,2,1,1,1,3,4,2,3,1983,2,1
1991,1,63638,1,2,2,2,1,1,3,4,2,3,1984,2,2
1991,1,63639,1,2,2,2,1,1,3,4,1,3,1985,2,2
1991,2,63639,1,2,2,2,1,1,3,4,2,3,1989,2,2
1991,1,63640,1,2,2,2,1,1,3,4,2,3,1987,1,2
1991,1,63641,1,6,2,2,1,1,3,4,2,3,1983,2,2
1991,1,63642,6,2,2,2,1,1,3,4,2,3,1987,2,2
1991,2,63642,2,3,3,2,1,1,3,4,2,3,1969,2,2
1991,1,63643,2,2,2,2,2,2,3,4,1,3,1983,2,2
1991,1,63644,1,2,2,2,1,1,3,4,2,3,1987,2,2
1991,1,63645,1,3,3,2,1,1,3,4,2,3,1987,2,2
1991,2,63645,4,2,2,2,1,1,3,4,2,3,1983,2,2
1991,1,63646,2,2,2,2,1,1,3,4,2,3,1976,2,2
1991,1,63647,1,5,5,2,1,1,3,4,2,3,1984,2,2
1991,2,63647,7,2,2,2,4,2,3,2,2,3,1979,2,2
1991,1,63648,2,2,6,2,1,1,3,4,2,3,1984,2,2
1991,1,63649,4,2,2,2,1,1,3,4,2,3,1984,2,2
1991,2,63649,1,2,6,2,1,1,3,4,2,3,1988,2,2
1991,1,63650,2,2,6,2,1,1,3,4,1,3,1989,1,2
1991,2,63650,7,4,4,2,4,2,3,2,2,3,1949,2,2
1991,1,63651,1,1,1,1,1,1,3,4,2,3,1989,1,2
1991,1,63652,1,2,2,2,1,1,3,4,2,3,1984,2,2
1991,1,63653,1,2,2,2,1,1,3,4,2,3,1980,2,2
1991,2,63653,1,2,4,2,1,1,3,4,2,3,1984,2,2
1991,3,63653,1,2,2,2,1,1,3,4,2,3,1979,2,2
1991,1,63654,1,7,7,2,3,3,3,4,1,3,9999,2,2
1991,1,63655,1,3,3,2,2,2,3,4,2,3,1982,2,2
1991,2,63655,1,2,2,2,1,1,3,4,2,3,1991,2,2
1991,1,63656,1,4,4,2,2,2,3,4,2,3,1980,2,2
1991,2,63656,2,4,4,2,3,3,3,4,2,3,1967,2,2
1991,3,63656,6,2,6,2,1,1,3,4,1,3,1985,2,2
1991,1,63657,2,5,2,2,2,2,3,4,1,3,1983,2,2
1991,2,63657,1,5,2,2,1,1,3,4,2,3,1981,2,2
1991,1,63658,1,1,1,1,1,1,3,4,1,3,1979,2,2
1991,1,63659,1,6,4,1,3,3,3,4,1,3,1987,2,2
1991,1,63660,4,2,2,2,1,1,3,4,1,3,1992,2,2
1991,1,63661,1,5,5,2,1,1,3,4,2,3,1987,2,2
1991,2,63661,7,2,2,2,4,2,3,2,2,3,1987,2,2
1991,1,63662,1,2,2,2,1,1,3,4,2,3,1985,2,2
1991,1,63663,2,2,2,2,1,1,3,4,1,3,1975,2,2
1991,2,63663,2,2,2,2,1,1,3,4,2,3,1983,2,2
1991,1,63664,4,6,2,2,1,1,3,4,2,3,1989,2,2
1991,1,63665,1,2,2,2,1,1,3,4,2,3,1989,2,2
1991,1,63666,1,5,3,1,2,2,3,4,1,3,1978,2,2
1991,1,63667,1,6,3,2,1,1,3,4,1,3,1984,2,2
1991,1,63668,1,2,2,2,1,1,3,4,2,3,1984,2,2
1991,1,63669,1,2,2,2,2,2,3,4,2,3,1987,2,2
1991,2,63669,1,2,5,2,1,1,3,4,2,3,1979,2,2
1991,3,63669,3,4,4,2,1,1,3,4,2,3,1987,2,2
1991,4,63669,2,2,2,1,1,1,3,4,2,3,1990,2,2
1991,1,63670,1,3,3,1,2,2,3,4,2,3,1982,1,2
1991,2,63670,2,2,2,2,2,2,3,4,2,3,1989,2,2
1991,1,63671,1,2,2,1,2,2,3,4,2,3,1973,1,2
1991,1,63672,1,2,2,2,1,1,3,4,2,3,1991,1,2
1991,1,63673,1,2,2,2,2,2,3,4,2,3,1990,2,2
1991,1,63674,2,6,6,2,3,3,3,4,2,3,1988,2,2
1991,1,63675,7,7,7,2,4,3,3,3,2,3,9999,2,2
1991,1,63676,1,2,2,2,1,1,3,4,2,3,1981,1,2
1991,2,63676,2,2,2,2,1,1,3,4,2,3,1991,2,2
1991,1,63677,1,2,2,2,2,2,3,4,2,3,1978,2,2
1991,2,63677,1,3,3,2,1,1,3,4,2,3,1986,2,2
1991,1,63678,4,4,4,2,2,2,3,4,2,3,1978,1,2
1991,2,63678,8,2,2,2,1,1,3,4,2,3,1988,2,2
1991,1,63679,6,1,1,1,1,2,3,4,2,3,1985,2,2
1991,1,63680,2,3,3,2,1,1,3,4,2,3,1988,2,2
1991,2,63680,6,2,2,2,1,1,3,4,2,3,1973,2,2
1991,1,63681,1,2,2,2,1,1,3,4,2,3,1969,2,2
1991,1,63682,2,2,2,1,1,1,3,4,1,3,1991,2,2
1991,2,63682,1,2,2,2,2,2,3,4,2,3,1983,2,2
1991,1,63683,1,2,2,2,1,1,3,4,2,3,1991,2,2
1991,1,63684,1,2,2,1,1,1,3,4,2,3,1986,2,2
1991,1,63685,6,6,6,2,1,1,3,4,2,3,1979,2,2
1991,1,63686,1,2,2,2,1,1,3,4,2,3,1989,2,2
1991,1,63687,1,2,2,2,3,3,3,4,2,3,9999,2,2
1991,1,63688,4,2,2,1,1,1,3,4,2,3,1971,1,2
1991,2,63688,1,2,2,2,2,2,3,4,2,3,1964,2,2
1991,1,63689,1,5,5,2,1,1,3,4,2,3,1990,1,2
1991,2,63689,2,2,2,2,2,2,3,4,2,3,1984,2,2
1991,1,63690,1,2,2,2,1,1,3,4,2,3,1980,2,2
1991,1,63691,2,2,2,2,1,1,3,4,2,3,1975,2,2
1991,2,63691,1,5,5,2,2,2,3,4,2,3,1971,2,2
1991,1,63692,7,6,2,2,4,2,3,2,1,3,1980,2,2
1991,1,63693,1,5,5,2,1,1,3,4,2,3,1989,2,2
1991,2,63693,2,2,2,2,1,1,3,4,2,3,1976,2,2
1991,1,63694,1,5,5,2,1,1,3,4,2,3,1985,2,2
1991,2,63694,6,2,2,2,1,1,3,4,2,3,1989,2,2
1991,3,63694,1,2,5,2,1,1,3,4,2,3,1991,2,2
1991,1,63696,2,3,3,2,1,1,3,4,2,3,1986,1,2
1991,2,63696,2,2,2,2,1,1,3,4,2,3,1974,2,2
1991,1,63697,2,2,2,2,1,1,3,4,1,3,1989,2,2
1991,2,63697,6,5,5,1,1,1,3,4,2,3,1991,2,2
1991,1,63698,2,2,2,2,1,1,3,4,1,3,1963,2,2
1991,1,63699,1,2,2,2,1,1,3,4,1,3,1988,1,2
1991,2,63699,1,6,6,2,3,3,3,4,2,3,9999,2,2
1991,1,63700,1,2,2,2,2,2,3,4,1,3,1979,2,2
1991,1,63701,1,5,2,2,1,1,3,4,2,3,1989,1,2
1991,2,63701,4,2,5,2,1,1,3,4,2,3,1988,2,2
1991,3,63701,1,5,5,2,1,1,3,4,2,3,1986,2,2
1991,1,63702,1,2,3,2,1,1,3,4,2,3,1990,1,2
1991,1,63703,1,2,4,1,1,1,3,4,2,3,1988,2,2
1991,2,63703,1,2,2,2,1,1,3,4,2,3,1988,2,2
1991,1,63704,2,3,4,2,1,1,3,4,2,3,1991,2,2
1991,2,63704,1,2,2,2,1,1,3,4,2,3,1987,2,2
1991,1,63705,2,1,1,1,1,1,3,4,1,3,1974,2,2
1991,1,63706,1,2,2,2,1,1,3,4,2,3,1984,2,2
1991,1,63707,1,4,4,2,1,1,3,4,2,3,1987,1,2
1991,2,63707,7,2,2,2,4,1,3,1,1,3,1991,1,2
1991,1,63708,3,2,2,1,1,1,3,4,1,3,1985,2,2
1991,2,63708,7,4,4,2,4,2,3,2,2,3,1987,2,2
1991,1,63709,2,2,2,2,1,1,3,4,2,3,1984,2,2
1991,1,63710,1,2,2,2,1,1,3,4,2,3,1988,2,2
1991,1,63711,1,2,2,2,1,1,3,4,2,3,1988,2,1
1991,1,63712,2,2,2,2,2,2,3,4,2,3,1988,2,2
1991,1,63713,1,2,3,2,1,1,3,4,2,3,1989,1,2
1991,2,63713,2,2,2,2,1,1,3,4,2,3,1987,2,2
1991,1,63714,7,2,2,2,4,2,3,2,1,3,1986,2,2
1991,2,63714,4,2,5,2,1,1,3,4,2,3,1988,2,2
1991,1,63715,1,2,2,1,1,1,3,4,1,3,1985,2,2
1991,1,63716,1,2,2,2,1,1,3,4,2,3,1991,2,2
1991,1,63717,1,2,2,2,2,2,3,4,2,3,1980,2,2
1991,1,63718,2,2,2,1,2,2,3,4,1,3,1986,2,2
1991,1,63719,1,5,5,1,1,1,3,4,2,3,1991,2,2
1991,1,63720,1,5,5,2,2,2,3,4,1,3,1978,2,2
1991,1,63721,7,3,3,2,4,2,3,2,1,3,1983,2,2
1991,1,63722,1,5,4,2,3,3,3,4,2,3,9999,2,2
1991,2,63722,7,2,2,2,4,2,3,2,1,3,1986,2,2
1991,1,63723,9,2,2,2,3,3,3,4,1,3,9999,1,2
1991,1,63724,9,2,2,2,2,2,3,4,2,3,1987,2,2
1991,1,63725,1,5,6,2,1,1,3,4,2,3,1977,2,2
1991,2,63725,3,2,2,2,1,1,3,4,2,3,1988,2,2
1991,1,63726,4,2,2,2,1,1,3,4,2,3,1990,2,2
1991,1,63727,3,1,1,1,2,2,3,4,1,3,1967,2,2
1991,1,63728,3,2,2,1,1,1,3,4,2,3,1986,2,2
1991,2,63728,2,2,4,1,1,1,3,4,2,3,1985,2,2
1991,1,63729,1,2,2,2,1,1,3,4,1,3,1986,2,2
1991,1,63730,1,6,6,1,1,1,3,4,2,3,1991,2,2
1991,1,63731,2,2,2,2,1,1,3,4,2,3,1987,2,2
1991,2,63731,1,5,5,1,2,2,3,4,2,3,1976,2,2
1991,1,63732,1,2,2,2,2,2,3,4,2,3,1974,2,2
1991,1,63733,1,2,2,2,1,1,3,4,2,3,1978,2,2
1991,1,63734,1,2,3,1,1,1,3,4,2,3,1979,2,2
1991,2,63734,1,2,2,2,1,1,3,4,1,3,1991,2,2
1991,1,63735,1,2,2,2,2,2,3,4,2,3,1986,2,2
1991,2,63735,1,2,2,2,1,1,3,4,2,3,1990,2,2
1991,1,63736,4,2,6,2,1,1,3,4,2,3,1979,2,2
1991,1,63737,1,7,7,2,3,3,3,4,2,3,9999,2,2
1991,2,63737,1,7,7,2,3,3,3,4,2,3,9999,2,2
1991,1,63738,1,2,2,2,1,1,3,4,1,3,1981,2,2
1991,1,63739,1,5,3,2,1,1,3,4,2,3,1982,2,2
1991,2,63739,1,2,2,2,1,1,3,4,2,3,1992,2,2
1991,1,63740,7,2,2,2,4,2,3,2,1,3,1989,2,2
1991,2,63740,1,4,4,2,1,1,3,4,2,3,1988,2,2
1991,1,63741,2,7,7,1,1,1,3,4,1,3,1980,2,2
1991,1,63742,3,2,2,2,1,1,3,4,2,3,1991,2,2
1991,2,63742,7,2,2,2,4,2,3,2,2,3,1989,2,2
1991,1,63743,1,1,1,1,2,2,3,4,1,3,1974,1,2
1991,1,63744,4,2,2,2,1,1,3,4,1,3,1978,2,2
1991,1,63745,1,2,2,2,1,1,3,4,2,3,1986,1,2
1991,2,63745,1,2,2,2,1,1,3,4,2,3,1976,2,2
1991,1,63746,1,6,2,2,1,1,3,4,1,3,1990,2,2
1991,1,63747,1,3,2,2,1,1,3,4,2,3,1980,1,2
1991,1,63748,7,2,2,2,4,2,3,2,1,3,1991,2,2
1991,2,63748,1,3,3,1,1,1,3,4,2,3,1989,2,2
1991,1,63749,1,2,2,2,2,2,3,4,2,3,1985,2,2
1991,2,63749,4,5,5,2,1,1,3,4,2,3,1990,2,2
1991,1,63750,2,2,2,2,1,1,3,4,1,3,1978,2,2
1991,2,63750,1,2,2,1,1,1,3,4,2,3,1983,2,2
1991,1,63751,1,2,2,2,2,2,3,4,2,3,1977,2,2
1991,1,63752,1,2,2,2,3,3,3,4,1,3,1976,2,2
1991,1,63753,1,2,2,2,1,1,3,4,1,3,1989,2,1
1991,2,63753,1,2,2,2,1,1,3,4,2,3,1970,2,2
1991,1,63754,1,2,2,2,2,2,3,4,2,3,1985,2,2
1991,2,63754,7,2,2,2,4,2,3,2,2,3,1979,2,2
1991,3,63754,3,4,5,2,1,1,3,4,2,3,1991,2,2
1991,1,63755,4,2,2,2,2,2,3,4,2,3,1976,1,2
1991,1,63756,1,2,2,2,1,1,3,4,1,3,1990,1,2
1991,2,63756,1,4,4,2,1,1,3,4,2,3,1985,2,2
1991,1,63757,2,2,2,2,1,1,3,4,1,3,1985,1,2
1991,2,63757,3,4,4,2,1,1,3,4,2,3,1973,2,2
1991,1,63758,1,2,2,2,1,1,3,4,2,3,1983,2,2
1991,1,63759,1,6,3,2,2,2,3,4,1,3,1989,2,2
1991,1,63760,1,3,3,2,2,2,3,4,2,3,1977,2,2
1991,1,63761,1,5,5,2,2,2,3,4,1,3,1976,2,2
1991,1,63762,9,7,7,2,3,3,3,4,2,3,9999,2,2
1991,1,63763,2,2,2,2,2,2,3,4,2,3,1978,2,2
1991,2,63763,1,2,2,2,2,2,3,4,2,3,1982,2,2
1991,1,63764,1,2,2,2,2,2,3,4,1,3,1980,2,2
1991,2,63764,6,4,4,2,3,3,3,4,2,3,1985,2,2
1991,1,63765,1,3,3,2,1,1,3,4,2,3,1986,2,2
1991,2,63765,1,5,6,2,1,1,3,4,2,3,1986,2,2
1991,1,63766,4,2,2,1,2,2,3,4,2,3,1973,2,2
1991,2,63766,2,3,2,2,2,2,3,4,2,3,1989,2,2
1991,1,63767,2,2,2,2,1,1,3,4,2,3,1977,2,2
1991,2,63767,7,2,2,2,4,2,3,2,2,3,1980,2,2
1991,1,63768,1,2,6,2,1,1,3,4,2,3,1973,2,2
1991,1,63769,4,3,3,2,3,3,3,4,2,3,9999,2,2
1991,1,63770,1,2,2,2,1,1,3,4,2,3,1986,2,2
1991,1,63771,1,2,2,2,1,1,3,4,2,3,1983,1,2
1991,1,63772,1,2,2,2,1,1,3,4,2,3,1982,2,2
1991,1,63773,1,2,2,2,3,3,3,4,2,3,1968,2,2
1991,1,63774,4,3,3,2,2,2,3,4,2,3,1988,2,2
1991,1,63775,1,2,2,2,1,1,3,4,2,3,1991,2,2
1991,1,63776,4,2,2,2,1,1,3,4,2,3,1984,2,2
1991,1,63777,4,2,2,2,1,1,3,4,2,3,1991,2,2
1991,1,63778,1,6,5,2,3,3,3,4,1,3,1974,2,2
1991,1,63779,9,7,7,2,3,3,3,4,2,3,9999,2,2
1991,1,63780,1,2,3,2,2,2,3,4,1,3,1975,2,2
1991,1,63781,1,1,1,1,2,2,3,4,1,3,1984,2,2
1991,1,63782,2,6,6,1,1,1,3,4,2,3,1987,2,1
1991,1,63783,7,2,2,2,4,2,3,2,1,3,1986,2,2
1991,2,63783,4,2,5,2,2,2,3,4,2,3,1979,2,2
1991,3,63783,7,2,2,2,4,2,3,2,2,3,1981,2,2
1991,1,63784,1,5,3,2,2,2,3,4,2,3,1989,2,2
1991,2,63784,3,5,5,2,1,1,3,4,2,3,1988,2,2
1991,3,63784,2,6,4,2,1,1,3,4,2,3,1989,2,2
1991,4,63784,4,2,2,2,1,1,3,4,2,3,1983,2,2
1991,5,63784,1,6,2,2,1,1,3,4,2,3,1987,2,2
1991,6,63784,1,4,3,2,1,1,3,4,2,3,1985,2,2
1991,1,63785,3,2,2,1,1,1,3,4,1,3,1986,2,2
1991,1,63786,2,2,2,2,2,2,3,4,2,3,1970,2,2
1991,1,63787,1,2,2,1,3,3,3,4,1,3,1979,2,2
1991,1,63788,2,1,1,1,1,1,3,4,2,3,1986,2,2
1991,1,63789,2,1,1,1,1,1,3,4,2,3,1989,2,2
1991,1,63790,6,3,3,1,1,1,3,4,1,3,1985,2,2
1991,2,63790,1,6,6,2,1,1,3,4,2,3,1990,2,2
1991,3,63790,1,2,2,2,1,1,3,4,2,3,1984,2,2
1991,1,63791,2,2,2,2,1,1,3,4,1,3,1992,2,2
1991,2,63791,2,4,2,2,1,1,3,4,2,3,1986,2,2
1991,3,63791,2,2,2,2,3,3,3,4,2,3,1983,2,2
1991,1,63792,1,2,5,2,1,1,3,4,2,3,1986,2,2
1991,1,63793,7,2,2,2,4,2,3,2,2,3,1987,2,2
1991,2,63793,1,2,2,2,1,1,3,4,2,3,1991,2,2
1991,1,63794,1,2,2,2,1,1,3,4,1,3,1984,2,2
1991,1,63795,2,2,2,2,1,1,3,4,2,3,1986,2,2
1991,1,63796,5,2,6,2,1,1,3,4,1,3,1988,2,2
1991,1,63797,1,7,7,1,1,1,3,4,1,3,1991,2,2
1991,1,63798,2,2,2,2,1,1,3,4,1,3,1990,2,2
1991,1,63799,2,2,2,2,1,1,3,4,1,3,1984,2,2
1991,1,63800,7,2,2,2,4,2,3,2,1,3,1990,2,2
1991,2,63800,1,2,2,2,1,1,3,4,2,3,1987,2,2
1991,1,63801,2,2,2,2,1,1,3,4,1,3,1984,1,2
1991,1,63802,1,2,2,2,2,2,3,4,2,3,1984,2,2
1991,1,63803,6,2,2,2,1,1,3,4,2,3,1982,2,2
1991,2,63803,4,2,2,2,2,2,3,4,2,3,1985,2,2
1991,3,63803,6,4,4,2,1,1,3,4,2,3,1984,2,2
1991,1,63804,1,5,5,2,1,1,3,4,1,3,1978,2,2
1991,1,63805,1,2,2,2,3,3,3,4,1,3,9999,2,2
1991,1,63806,1,2,2,2,2,2,3,4,1,3,1981,2,2
1991,1,63807,1,2,2,2,1,1,3,4,2,3,1988,2,2
1991,1,63808,4,2,2,2,1,1,3,4,2,3,1981,2,2
1991,1,63809,1,5,3,2,1,1,3,4,2,3,1982,2,2
1991,1,63810,1,2,2,2,2,2,3,4,2,3,1980,2,2
1991,2,63810,1,2,2,2,1,1,3,4,2,3,1978,2,2
1991,1,63811,1,2,2,2,1,1,3,4,2,3,1990,2,2
1991,1,63812,3,2,2,1,1,1,3,4,1,3,1986,2,2
1991,1,63813,1,1,1,1,2,2,3,4,1,3,1980,2,2
1991,1,63814,1,5,5,1,2,2,3,4,2,3,1987,2,2
1991,2,63814,1,2,2,2,1,1,3,4,2,3,1991,2,2
1991,3,63814,2,2,2,2,1,1,3,4,2,3,1989,2,2
1991,1,63815,1,7,7,2,1,1,3,4,2,3,1991,2,2
1991,1,63816,1,2,2,2,2,2,3,4,1,3,1980,1,2
1991,2,63816,6,2,2,2,1,1,3,4,2,3,1987,2,2
1991,1,63817,1,2,2,2,1,1,3,4,2,3,1991,1,2
1991,2,63817,1,2,2,2,1,1,3,4,2,3,1986,2,2
1991,1,63818,1,5,5,2,1,1,3,4,2,3,1985,2,2
1991,2,63818,2,2,2,2,1,1,3,4,2,3,1984,2,2
1991,1,63819,2,2,2,2,2,2,3,4,2,3,1984,2,2
1991,1,63820,1,5,5,2,1,1,3,4,1,3,1990,2,2
1991,1,63821,1,2,2,2,1,1,3,4,2,3,1989,2,2
1991,1,63822,2,2,2,2,3,3,3,4,2,3,9999,1,2
1991,1,63823,1,6,5,2,1,1,3,4,2,3,1986,2,1
1991,1,63824,1,2,2,2,1,1,3,4,2,3,1983,2,2
1991,1,63825,2,5,5,1,1,1,3,4,1,3,1987,2,2
1991,1,63826,2,3,3,2,1,1,3,4,2,3,1986,2,2
1991,1,63827,1,6,5,2,2,2,3,4,1,3,1971,2,2
1991,1,63828,1,2,2,2,1,1,3,4,1,3,1988,1,2
1991,2,63828,1,2,5,2,1,1,3,4,2,3,1980,2,2
1991,1,63829,4,6,2,1,3,3,3,4,1,3,1991,1,2
1991,1,63830,1,6,6,1,1,1,3,4,2,3,1991,2,2
1991,1,63831,1,2,2,1,1,1,3,4,2,3,1989,2,2
1991,1,63832,1,5,5,2,1,1,3,4,2,3,1986,1,2
1991,2,63832,1,2,2,2,2,2,3,4,1,3,1979,2,2
1991,1,63833,1,3,3,2,1,1,3,4,1,3,1988,2,2
1991,2,63833,2,2,2,2,1,1,3,4,2,3,1976,2,2
1991,1,63834,2,2,2,2,1,1,3,4,1,3,1973,1,2
1991,1,63835,1,5,5,2,2,2,3,4,1,3,1978,2,2
1991,1,63836,1,6,6,2,1,1,3,4,1,3,1990,2,2
1991,2,63836,7,4,4,2,4,3,3,3,2,3,1975,2,2
1991,1,63837,1,4,4,2,1,1,3,4,2,3,1984,1,2
1991,1,63838,1,6,4,2,1,1,3,4,1,3,1974,2,2
1991,1,63839,7,1,1,2,4,2,3,2,1,3,1982,2,2
1991,1,63840,1,2,5,2,1,1,3,4,2,3,1988,2,2
1991,1,63841,1,2,2,2,1,1,3,4,2,3,1989,1,2
1991,2,63841,1,2,2,2,1,1,3,4,2,3,1972,2,2
1991,1,63842,7,2,2,2,4,2,3,2,2,3,1983,2,2
1991,2,63842,1,4,4,2,3,3,3,4,2,3,9999,2,2
1991,1,63843,1,4,4,2,1,1,3,4,2,3,1980,2,2
1991,2,63843,7,2,2,2,4,1,3,1,2,3,1980,1,2
1991,1,63844,1,2,2,1,1,1,3,4,2,3,1965,2,2
1991,1,63845,1,2,2,2,1,1,3,4,1,3,1986,1,2
1991,2,63845,1,3,3,2,1,1,3,4,2,3,1970,2,2
1991,1,63846,2,3,3,2,2,2,3,4,1,3,1974,1,2
1991,1,63847,2,1,1,1,1,1,3,4,2,3,1986,1,2
1991,1,63848,1,2,2,2,2,2,3,4,1,3,1977,2,2
1991,2,63848,1,4,4,2,1,1,3,4,2,3,1982,2,2
1991,1,63849,1,5,5,2,2,2,3,4,2,3,1976,2,2
1991,2,63849,1,2,2,2,1,1,3,4,2,3,1986,2,2
1991,1,63850,6,5,5,2,1,1,3,4,2,3,1991,2,2
1991,2,63850,3,2,5,1,1,1,3,4,2,3,1985,2,2
1991,1,63851,2,6,6,1,2,2,3,4,1,3,1975,2,2
1991,1,63852,1,1,1,1,1,1,3,4,1,3,1990,2,2
1991,1,63853,1,2,2,2,1,1,3,4,2,3,1970,2,2
1991,1,63854,2,2,2,2,2,2,3,4,1,3,1991,2,2
1991,2,63854,6,2,2,2,1,1,3,4,2,3,1986,2,2
1991,3,63854,1,5,5,2,1,1,3,4,2,3,1990,1,2
1991,1,63855,1,2,2,2,1,1,3,4,2,3,1988,2,2
1991,1,63856,1,2,2,2,1,1,3,4,2,3,9999,2,2
1991,1,63857,1,2,2,2,1,1,3,4,2,3,1989,1,2
1991,1,63858,1,2,2,1,2,2,3,4,1,3,1985,2,2
1991,1,63859,1,2,2,2,2,2,3,4,2,3,1984,2,2
1991,1,63860,2,2,2,2,2,2,3,4,1,3,1988,2,2
1991,2,63860,7,3,3,2,4,1,3,1,2,3,1983,2,2
1991,1,63861,1,2,2,2,1,1,3,4,1,3,1988,1,2
1991,1,63862,9,2,2,2,3,3,3,4,2,3,9999,2,2
1991,2,63862,1,2,2,2,3,3,3,4,2,3,9999,2,2
1991,3,63862,4,6,6,2,1,1,3,4,2,3,1985,2,2
1991,1,63863,1,2,2,2,1,1,3,4,1,3,1980,2,2
1991,2,63863,7,5,5,2,4,2,3,2,2,3,1986,2,2
1991,1,63864,1,2,2,2,1,1,3,4,2,3,1981,2,2
1991,1,63865,5,2,2,2,3,3,3,4,2,3,9999,1,2
1991,1,63866,1,4,4,2,1,1,3,4,2,3,1989,2,2
1991,2,63866,1,2,4,2,1,1,3,4,1,3,1984,2,2
1991,3,63866,1,2,3,2,1,1,3,4,2,3,1983,2,2
1991,4,63866,2,2,2,2,1,1,3,4,2,3,1990,2,2
1991,1,63867,1,2,5,2,1,1,3,4,2,3,1988,2,2
1991,2,63867,7,2,2,2,4,2,3,2,2,3,1985,2,2
1991,1,63868,1,2,2,2,1,1,3,4,2,3,1987,2,2
1991,1,63869,2,2,2,1,1,1,3,4,2,3,1978,2,2
1991,1,63870,1,2,2,2,1,1,3,4,1,3,1962,2,2
1991,1,63871,3,2,2,2,1,1,3,4,2,3,1989,2,2
1991,2,63871,1,3,3,2,1,1,3,4,2,3,1979,1,2
1991,1,63872,1,2,2,2,1,1,3,4,2,3,1988,2,2
1991,1,63873,1,2,2,2,1,1,3,4,1,3,1985,2,2
1991,2,63873,6,3,3,2,1,1,3,4,2,3,1987,2,2
1991,1,63874,1,3,2,2,1,1,3,4,2,3,1985,2,2
1991,1,63875,1,2,2,2,1,1,3,4,2,3,1983,2,2
1991,1,63876,3,2,2,2,1,1,3,4,2,3,1977,2,2
1991,1,63877,1,6,2,1,1,1,3,4,1,3,1989,2,2
1991,1,63878,6,2,2,2,1,1,3,4,1,3,1985,2,2
1991,2,63878,1,6,6,2,1,1,3,4,2,3,1988,2,2
1991,1,63879,2,2,2,2,1,1,3,4,2,3,1980,2,2
1991,1,63880,7,2,2,2,4,2,3,2,2,3,1982,2,2
1991,2,63880,2,2,2,2,1,1,3,4,2,3,1984,2,2
1991,3,63880,1,5,5,2,1,1,3,4,2,3,1987,2,2
1991,1,63881,1,2,3,2,1,1,3,4,2,3,1961,2,2
1991,2,63881,7,2,2,2,4,1,3,1,1,3,1989,2,2
1991,1,63882,1,2,2,2,1,1,3,4,2,3,1977,2,2
1991,2,63882,1,2,2,2,1,1,3,4,2,3,1991,2,2
1991,1,63883,1,1,1,1,1,1,3,4,1,3,1986,2,2
1991,1,63884,1,2,2,2,1,1,3,4,2,3,1985,2,2
1991,1,63885,2,2,2,1,2,2,3,4,2,3,1976,2,2
1991,2,63885,6,5,5,2,1,1,3,4,2,3,1987,2,2
1991,1,63886,1,2,2,2,3,3,3,4,1,3,9999,2,2
1991,2,63886,7,5,5,2,4,1,3,1,2,3,1982,2,2
1991,1,63887,1,6,5,2,1,1,3,4,1,3,1981,2,2
1991,1,63888,1,6,2,2,2,2,3,4,2,3,1971,2,2
1991,1,63889,3,2,2,1,1,1,3,4,1,3,1988,2,2
1991,1,63890,1,5,5,2,1,1,3,4,2,3,1984,2,2
1991,2,63890,1,2,2,2,2,2,3,4,2,3,1985,2,2
1991,1,63891,2,7,7,1,2,2,3,4,1,3,1984,2,2
1991,1,63892,4,6,6,2,3,3,3,4,2,3,1979,2,2
1991,1,63893,1,2,5,2,2,2,3,4,1,3,1963,2,2
1991,2,63893,1,3,3,2,2,2,3,4,2,3,1971,2,2
1991,1,63894,1,2,2,2,1,1,3,4,2,3,1980,2,2
1991,1,63895,1,2,2,2,3,3,3,4,2,3,9999,1,2
1991,1,63896,7,6,2,2,4,2,3,2,1,3,1988,2,2
1991,1,63897,1,5,5,2,3,3,3,4,2,3,9999,2,2
1991,2,63897,1,7,7,2,3,3,3,4,2,3,9999,2,2
1991,3,63897,1,2,2,2,2,2,3,4,2,3,1985,2,2
1991,1,63898,1,2,2,2,1,1,3,4,2,3,1978,1,2
1991,1,63899,1,3,5,2,1,1,3,4,1,3,1981,2,1
1991,1,63900,2,2,5,2,1,1,3,4,1,3,1984,2,2
1991,1,63901,4,2,2,2,1,1,3,4,2,3,1987,2,2
1991,1,63902,2,3,6,2,1,1,3,4,2,3,1989,1,2
1991,1,63903,2,2,2,2,1,1,3,4,2,3,1989,2,2
1991,2,63903,1,2,2,2,1,1,3,4,2,3,1990,2,2
1991,1,63904,1,7,7,2,1,1,3,4,2,3,1989,2,2
1991,2,63904,1,6,6,2,3,3,3,4,2,3,9999,2,2
1991,3,63904,1,6,6,2,3,3,3,4,2,3,9999,2,2
1991,4,63904,2,6,6,2,3,3,3,4,2,3,9999,2,2
1991,1,63905,1,6,2,2,1,1,3,4,2,3,1990,2,2
1991,1,63906,1,3,3,2,2,2,3,4,2,3,1984,2,2
1991,2,63906,1,2,2,2,1,1,3,4,2,3,1988,2,2
1991,1,63907,1,2,4,2,1,1,3,4,1,3,1991,2,2
1991,2,63907,3,2,4,2,1,1,3,4,2,3,1991,2,2
1991,1,63908,1,2,2,1,3,3,3,4,2,3,1975,2,2
1991,1,63909,3,2,2,1,1,1,3,4,1,3,1983,2,2
1991,2,63909,1,2,3,2,1,1,3,4,2,3,1991,2,2
1991,1,63910,1,2,2,2,1,1,3,4,2,3,1990,2,2
1991,1,63911,4,3,2,2,1,1,3,4,2,3,1968,2,2
1991,2,63911,1,2,2,2,1,1,3,4,2,3,1987,2,2
1991,1,63912,1,2,2,2,2,2,3,4,1,3,1990,2,2
1991,1,63913,2,1,1,1,1,1,3,4,1,3,1989,1,2
1991,1,63914,9,7,7,2,3,3,3,4,2,3,9999,2,2
1991,2,63914,6,6,6,2,3,3,3,4,2,3,9999,2,2
1991,1,63915,3,2,2,2,1,1,3,4,2,3,1978,2,2
1991,1,63916,2,2,2,1,1,1,3,4,2,3,1980,2,2
1991,2,63916,2,2,2,2,1,1,3,4,2,3,1978,2,2
1991,1,63917,1,5,5,2,2,2,3,4,2,3,1977,1,2
1991,2,63917,1,2,5,2,2,2,3,4,2,3,1973,2,2
1991,3,63917,2,2,2,2,3,3,3,4,2,3,1965,2,2
1991,1,63918,1,2,2,2,1,1,3,4,1,3,1981,1,2
1991,2,63918,6,4,4,2,1,1,3,4,2,3,1988,2,2
1991,1,63919,1,2,2,2,1,1,3,4,2,3,1973,2,2
1991,1,63920,7,2,2,2,4,2,3,2,1,3,1979,2,2
1991,2,63920,1,2,2,2,1,1,3,4,2,3,1990,2,2
1991,1,63921,2,1,1,1,2,2,3,4,2,3,1950,1,2
1991,1,63922,7,1,1,2,4,2,3,2,1,3,1977,2,2
1991,1,63923,1,2,2,2,1,1,3,4,1,3,1989,1,2
1991,1,63924,1,2,2,2,1,1,3,4,2,3,1988,2,2
1991,1,63925,4,2,6,2,3,3,3,4,1,3,1974,2,2
1991,2,63925,1,2,2,2,2,2,3,4,2,3,1991,2,2
1991,1,63926,1,2,4,2,2,2,3,4,1,3,1979,2,2
1991,2,63926,1,4,4,1,1,1,3,4,2,3,1984,2,2
1991,1,63927,1,2,2,1,2,2,3,4,2,3,1979,2,2
1991,1,63928,6,4,4,2,3,3,3,4,2,3,1981,2,2
1991,2,63928,1,2,3,2,1,1,3,4,1,3,1979,2,2
1991,1,63929,1,2,2,2,1,1,3,4,2,3,1992,2,2
1991,2,63929,6,3,3,2,1,1,3,4,2,3,1983,2,2
1991,3,63929,4,2,6,2,1,1,3,4,2,3,1989,2,2
1991,1,63930,1,2,2,2,1,1,3,4,1,3,1978,2,2
1991,1,63931,2,2,3,2,1,1,3,4,2,3,1980,2,2
1991,2,63931,1,2,2,2,1,1,3,4,2,3,1981,2,2
1991,1,63932,1,2,2,1,1,1,3,4,2,3,1973,2,2
1991,1,63933,1,2,2,2,1,1,3,4,2,3,1980,2,2
1991,1,63934,2,2,2,2,1,1,3,4,2,3,1991,2,2
1991,2,63934,7,2,2,2,4,2,3,2,2,3,1983,2,2
1991,1,63935,1,6,2,2,2,2,3,4,2,3,1977,2,2
1991,1,63936,2,2,2,2,1,1,3,4,2,3,1978,1,2
1991,1,63937,1,2,2,2,2,2,3,4,2,3,1971,1,2
1991,1,63938,2,7,7,1,2,2,3,4,1,3,1979,2,2
1991,1,63939,3,2,2,2,1,1,3,4,2,3,1990,2,2
1991,1,63940,8,2,2,2,1,1,3,4,2,3,1981,2,2
1991,1,63941,1,1,1,1,1,1,3,4,2,3,1974,2,2
1991,1,63942,2,2,2,2,1,1,3,4,2,3,1990,1,2
1991,1,63943,1,2,2,2,2,2,3,4,2,3,1990,2,2
1991,2,63943,6,4,4,2,1,2,3,4,2,3,1985,2,2
1991,1,63944,1,2,4,2,1,1,3,4,2,3,1980,2,2
1991,2,63944,4,2,2,2,1,1,3,4,2,3,1989,2,2
1991,1,63945,1,2,3,2,1,1,3,4,2,3,1984,2,2
1991,2,63945,1,2,2,2,1,1,3,4,2,3,1987,2,2
1991,1,63946,5,2,2,2,1,1,3,4,2,3,1989,2,2
1991,1,63947,4,2,2,2,1,1,3,4,2,3,1989,2,2
1991,1,63948,1,2,2,2,1,1,3,4,2,3,1987,2,2
1991,1,63949,1,3,3,2,1,1,3,4,2,3,1983,2,2
1991,2,63949,1,2,2,2,2,2,3,4,2,3,1987,2,2
1991,1,63950,1,2,2,2,1,1,3,4,2,3,1969,2,2
1991,1,63951,4,2,2,2,2,2,3,4,2,3,1975,2,2
1991,1,63952,2,2,2,2,1,1,3,4,2,3,1986,2,2
1991,1,63953,2,7,7,1,1,1,3,4,1,3,1978,2,2
1991,1,63954,2,3,3,2,1,1,3,4,2,3,1986,2,2
1991,2,63954,6,2,6,2,1,1,3,4,2,3,1991,2,2
1991,1,63955,2,6,6,2,1,1,3,4,2,3,1989,2,2
1991,1,63956,1,6,2,2,2,2,3,4,2,3,1979,2,2
1991,1,63957,9,2,2,2,3,3,3,4,2,3,9999,2,2
1991,1,63958,1,2,2,2,1,1,3,4,2,3,1969,2,2
1991,1,63959,7,2,2,2,4,2,3,2,1,3,9999,2,2
1991,2,63959,1,5,5,2,1,1,3,4,2,3,1991,2,2
1991,1,63960,9,2,2,2,3,3,3,4,2,3,9999,2,2
1991,1,63961,1,2,5,1,1,1,3,4,1,3,1991,2,2
1991,1,63962,1,2,2,2,1,1,3,4,1,3,1985,2,2
1991,2,63962,7,4,4,2,4,2,3,2,2,3,1973,2,2
1991,1,63963,3,3,2,2,1,1,3,4,1,3,1990,2,2
1991,1,63964,1,5,5,1,1,1,3,4,2,3,1988,2,2
1991,2,63964,2,2,2,2,1,1,3,4,2,3,1987,2,2
1991,1,63965,1,2,2,2,1,1,3,4,1,3,1982,2,2
1991,2,63965,1,5,5,2,1,1,3,4,2,3,1970,2,2
1991,1,63966,1,1,1,1,2,2,3,4,1,3,1988,2,2
1991,1,63967,1,2,2,2,2,2,3,4,1,3,1982,2,2
1991,2,63967,1,5,5,2,1,1,3,4,2,3,1975,2,2
1991,3,63967,1,2,2,2,1,1,3,4,2,3,1988,2,2
1991,1,63968,1,2,2,2,1,1,3,4,1,3,1981,2,2
1991,2,63968,1,2,5,2,1,1,3,4,2,3,1980,2,2
1991,3,63968,1,2,2,2,1,1,3,4,2,3,1979,2,2
1991,1,63969,1,6,6,2,3,3,3,4,2,3,1967,2,2
1991,1,63970,2,2,2,2,1,1,3,4,2,3,1980,2,2
1991,1,63971,6,2,2,2,1,1,3,4,2,3,1982,1,2
1991,1,63972,1,3,2,1,2,2,3,4,1,3,1984,2,2
1991,1,63973,1,5,5,2,1,1,3,4,2,3,1987,2,2
1991,2,63973,1,2,2,2,2,2,3,4,2,3,1975,2,2
1991,1,63974,1,2,2,2,2,2,3,4,2,3,1991,2,2
1991,1,63975,1,2,2,1,2,2,3,4,2,3,1979,2,2
1991,1,63976,3,2,2,2,2,2,3,4,2,3,1969,2,2
1991,1,63977,1,2,2,1,1,1,3,4,1,3,1969,2,2
1991,1,63978,2,6,6,1,1,1,3,4,1,3,1991,2,2
1991,1,63979,4,5,5,2,1,1,3,4,1,3,1987,2,2
1991,2,63979,1,3,5,2,1,1,3,4,2,3,1969,2,2
1991,1,63980,1,5,5,2,1,1,3,4,2,3,1983,1,2
1991,2,63980,1,2,2,2,2,2,3,4,2,3,1985,2,2
1991,1,63981,2,2,2,2,1,1,3,4,1,3,1989,2,2
1991,1,63982,1,2,2,1,2,2,3,4,1,3,1971,2,2
1991,2,63982,1,6,6,2,3,3,3,4,1,3,9999,2,2
1991,1,63983,1,2,3,1,2,2,3,4,2,3,1980,2,2
1991,1,63984,1,2,2,2,2,2,3,4,2,3,1989,2,2
1991,1,63985,1,5,5,2,2,2,3,4,2,3,1975,1,2
1991,2,63985,2,2,2,2,1,1,3,4,2,3,1983,2,2
1991,1,63986,1,2,2,2,1,1,3,4,2,3,1966,1,2
1991,1,63987,1,2,2,2,1,1,3,4,2,3,1978,2,2
1991,2,63987,1,5,5,2,1,1,3,4,2,3,1990,2,2
1991,1,63988,2,2,2,2,1,1,3,4,2,3,1985,2,2
1991,1,63989,3,2,2,2,1,1,3,4,2,3,1990,1,2
1991,2,63989,2,3,3,2,1,1,3,4,2,3,1988,2,2
1991,1,63990,2,2,2,2,1,1,3,4,2,3,1981,2,2
1991,2,63990,1,2,2,2,1,1,3,4,2,3,1984,2,2
1991,1,63991,4,1,1,1,1,1,3,4,2,3,1989,2,2
1991,1,63992,4,1,1,1,3,3,3,4,2,3,1984,2,2
1991,1,63993,4,2,6,2,3,3,3,4,2,3,9999,1,2
1991,1,63994,2,6,6,1,2,2,3,4,2,3,1986,2,2
1991,1,63995,4,2,2,2,3,3,3,4,2,3,9999,2,2
1991,1,63996,1,3,3,2,1,1,3,4,1,3,1974,2,2
1991,2,63996,1,2,2,2,1,1,3,4,2,3,1987,2,2
1991,1,63997,1,4,4,2,1,1,3,4,2,3,1973,2,2
1991,2,63997,3,2,2,2,1,1,3,4,1,3,1974,1,2
1991,1,63998,1,2,3,2,1,1,3,4,2,3,1987,2,2
1991,1,63999,1,2,5,2,1,1,3,4,2,3,1972,2,2
1991,1,64000,2,2,2,2,1,1,3,4,2,3,1986,2,2
1991,1,64001,1,2,2,2,2,2,3,4,2,3,1983,2,2
1991,2,64001,2,2,2,2,2,2,3,4,2,3,1977,2,2
1991,1,64002,2,2,6,2,2,2,3,4,2,3,1989,2,2
1991,1,64003,2,2,2,2,3,3,3,4,1,3,1979,2,2
1991,1,64004,1,2,2,2,1,1,3,4,2,3,1981,1,2
1991,2,64004,7,2,2,2,4,1,3,1,2,3,1986,2,2
1991,1,64005,6,2,6,2,1,1,3,4,2,3,1985,2,2
1991,1,64006,1,2,2,2,1,1,3,4,2,3,1980,2,2
1991,1,64007,1,5,5,2,1,1,3,4,2,3,1985,2,2
1991,2,64007,2,2,2,2,1,1,3,4,2,3,1987,2,2
1991,1,64008,2,6,3,2,2,2,3,4,1,3,1990,2,2
1991,1,64009,1,2,2,2,3,3,3,4,1,3,9999,2,2
1991,1,64010,2,5,5,1,2,2,3,4,2,3,1972,1,2
1991,2,64010,6,2,2,2,1,1,3,4,2,3,1973,2,2
1991,1,64011,1,3,3,2,1,1,3,4,2,3,1985,2,2
1991,2,64011,7,2,2,2,4,1,3,1,2,3,1976,2,2
1991,1,64012,2,2,2,2,1,1,3,4,2,3,1987,2,2
1991,1,64013,3,2,2,2,2,2,3,4,1,3,1985,2,2
1991,2,64013,1,3,3,2,1,1,3,4,2,3,1981,2,2
1991,1,64014,7,6,2,2,4,2,3,2,1,3,1990,2,2
1991,1,64015,1,6,3,1,1,1,3,4,1,3,1986,2,2
1991,1,64016,3,1,1,1,1,1,3,4,2,3,1991,2,2
1991,1,64017,1,5,5,2,1,1,3,4,2,3,1986,2,2
1991,2,64017,2,2,2,2,1,1,3,4,2,3,1977,2,2
1991,1,64018,2,2,2,2,2,2,3,4,1,3,1983,2,2
1991,1,64019,1,2,6,2,1,1,3,4,2,3,1982,1,2
1991,1,64020,1,5,5,2,1,1,3,4,2,3,1983,2,2
1991,2,64020,2,2,2,2,1,1,3,4,2,3,1991,2,2
1991,1,64021,2,3,3,1,1,1,3,4,2,3,1986,2,2
1991,1,64022,4,2,2,2,1,1,3,4,2,3,1989,1,2
1991,1,64023,9,2,6,2,3,3,3,4,2,3,9999,2,2
1991,1,64024,2,2,2,2,1,1,3,4,2,3,1987,2,1
1991,1,64025,1,2,2,2,1,1,3,4,1,3,1987,2,2
1991,2,64025,2,2,2,2,2,2,3,4,2,3,1983,2,2
1991,1,64026,7,2,2,2,4,1,3,1,2,3,1978,2,2
1991,1,64027,1,2,2,2,1,1,3,4,1,3,1983,2,2
1991,2,64027,1,2,2,2,3,3,3,4,1,3,1992,2,2
1991,3,64027,1,2,2,2,1,1,3,4,2,3,1991,2,2
1991,1,64028,4,2,2,2,1,1,3,4,2,3,1979,2,2
1991,2,64028,7,2,2,2,4,2,3,2,2,3,1983,2,2
1991,1,64029,3,1,1,1,1,1,3,4,2,3,1989,2,2
1991,1,64030,2,2,2,1,1,1,3,4,1,3,1982,2,2
1991,1,64031,1,2,2,2,2,2,3,4,2,3,1987,2,2
1991,1,64032,1,1,1,1,2,2,3,4,2,3,1975,2,2
1991,1,64033,7,6,6,2,4,1,3,1,1,3,1989,2,2
1991,1,64034,1,2,2,2,1,1,3,4,2,3,1989,1,2
1991,1,64035,1,3,3,1,2,2,3,4,2,3,1971,2,2
1991,1,64036,4,5,6,2,1,1,3,4,2,3,1986,2,2
1991,2,64036,2,5,6,1,1,1,3,4,1,3,1978,2,2
1991,3,64036,1,3,3,2,1,1,3,4,2,3,1991,2,2
1991,4,64036,1,2,2,2,1,1,3,4,2,3,1984,2,2
1991,5,64036,1,6,6,2,1,1,3,4,2,3,1984,2,2
1991,1,64037,1,5,5,2,3,3,3,4,1,3,9999,2,2
1991,1,64038,1,2,2,2,2,2,3,4,2,3,1969,2,2
1991,2,64038,5,2,2,2,3,3,3,4,2,3,9999,2,2
1991,1,64039,1,3,2,2,1,1,3,4,1,3,1985,2,2
1991,1,64040,1,4,4,2,1,1,3,4,1,3,1989,2,2
1991,1,64041,1,2,2,2,3,3,3,4,2,3,1988,2,2
1991,1,64042,2,2,2,2,1,1,3,4,2,3,1982,1,2
1991,1,64043,1,2,2,2,1,1,3,4,2,3,1991,2,2
1991,1,64044,2,1,1,1,1,1,3,4,2,3,1983,2,2
1991,1,64045,1,2,2,2,1,1,3,4,2,3,1986,1,2
1991,1,64046,1,2,3,1,1,1,3,4,2,3,1977,1,2
1991,1,64047,1,2,2,2,1,1,3,4,2,3,1989,2,2
1991,1,64048,2,3,3,2,1,1,3,4,1,3,1979,2,2
1991,2,64048,1,2,2,2,1,1,3,4,2,3,1978,2,2
1991,1,64049,2,2,2,2,1,1,3,4,2,3,1987,2,2
1991,2,64049,1,5,5,2,1,1,3,4,2,3,1987,2,2
1991,1,64050,2,1,1,1,1,1,3,4,2,3,1991,2,2
1991,1,64051,1,2,2,2,2,2,3,4,2,3,1982,1,2
1991,1,64052,7,6,6,2,4,2,3,2,1,3,1977,2,2
1991,1,64053,1,2,2,2,2,2,3,4,1,3,1971,2,2
1991,1,64054,1,2,3,2,1,1,3,4,2,3,1963,2,2
1991,1,64055,1,2,2,2,2,2,3,4,1,3,1971,2,2
1991,1,64056,2,5,5,2,1,1,3,4,2,3,1979,2,2
1991,2,64056,1,2,2,1,1,1,3,4,2,3,1977,2,2
1991,1,64057,1,2,2,1,1,1,3,4,1,3,1989,2,2
1991,2,64057,1,2,2,2,1,1,3,4,2,3,1976,2,2
1991,1,64058,2,2,2,1,2,2,3,4,2,3,1984,2,2
1991,1,64059,1,1,1,1,2,2,3,4,1,3,1991,2,2
1991,1,64060,1,1,1,1,1,1,3,4,2,3,1992,2,1
1991,1,64061,1,2,2,2,1,1,3,4,2,3,1987,2,2
1991,1,64062,4,2,2,2,1,1,3,4,2,3,1989,2,2
1991,1,64063,3,6,5,1,2,2,3,4,1,3,1985,2,2
1991,1,64064,3,2,2,2,1,1,3,4,1,3,1990,2,2
1991,1,64065,2,6,6,1,1,1,3,4,1,3,1980,2,2
1991,1,64066,1,2,2,2,1,1,3,4,1,3,1990,2,2
1991,2,64066,1,2,5,2,2,2,3,4,2,3,1976,1,2
1991,1,64067,1,5,5,2,1,1,3,4,2,3,1988,2,2
1991,2,64067,1,2,2,2,1,1,3,4,2,3,1963,2,2
1991,1,64068,4,5,2,2,1,1,3,4,1,3,1990,2,2
1991,1,64069,1,5,2,2,1,1,3,4,2,3,1987,2,2
1991,2,64069,1,2,2,2,1,1,3,4,1,3,1992,2,2
1991,1,64070,1,2,5,2,2,2,3,4,1,3,1978,2,2
1991,2,64070,2,5,2,2,2,2,3,4,1,3,1987,2,2
1991,3,64070,4,2,3,2,1,1,3,4,2,3,1990,2,2
1991,1,64071,2,5,5,2,1,1,3,4,2,3,1986,1,2
1991,2,64071,2,2,2,2,1,1,3,4,2,3,1990,2,2
1991,1,64072,3,3,2,2,1,1,3,4,2,3,1989,2,2
1991,2,64072,1,5,2,2,1,1,3,4,2,3,1991,2,2
1991,1,64073,1,2,2,2,1,1,3,4,1,3,1989,2,2
1991,1,64074,1,2,2,2,2,2,3,4,1,3,1987,2,2
1991,2,64074,4,4,4,2,1,1,3,4,2,3,1991,2,2
1991,1,64075,6,2,2,2,1,1,3,4,1,3,1966,2,2
1991,2,64075,6,5,5,1,1,1,3,4,2,3,1978,2,2
1991,1,64076,2,2,2,2,1,1,3,4,2,3,1983,2,2
1991,1,64077,1,2,2,2,3,3,3,4,2,3,9999,2,2
1991,1,64078,1,6,6,1,1,1,3,4,2,3,1983,2,2
1991,1,64079,1,2,2,2,1,1,3,4,2,3,1982,2,2
1991,1,64080,1,2,2,2,2,2,3,4,2,3,1980,2,2
1991,2,64080,1,5,3,2,1,1,3,4,2,3,1981,2,2
1991,1,64081,1,2,2,2,1,1,3,4,2,3,1977,2,2
1991,1,64082,4,7,7,1,1,1,3,4,1,3,1990,2,2
1991,1,64083,2,2,2,2,1,1,3,4,2,3,1981,2,2
1991,1,64084,2,2,6,2,1,1,3,4,2,3,1990,1,2
1991,1,64085,1,6,5,2,1,1,3,4,1,3,1982,2,2
1991,1,64086,1,5,5,2,1,1,3,4,2,3,1982,2,2
1991,2,64086,2,2,2,2,1,1,3,4,2,3,1985,2,2
1991,1,64087,2,2,2,2,1,1,3,4,2,3,1974,1,2
1991,2,64087,2,2,2,2,1,1,3,4,2,3,1965,2,2
1991,1,64088,4,2,2,2,1,1,3,4,1,3,1986,2,2
1991,1,64089,1,3,6,2,1,1,3,4,2,3,1984,2,2
1991,2,64089,1,2,2,2,1,1,3,4,2,3,1990,1,2
1991,1,64090,1,2,2,2,1,1,3,4,1,3,1990,2,1
1991,1,64091,3,2,6,2,1,1,3,4,2,3,1988,2,2
1991,1,64092,2,2,6,2,1,1,3,4,1,3,1991,1,2
1991,1,64093,1,1,1,1,1,1,3,4,2,3,1990,2,2
1991,1,64094,7,2,2,2,4,2,3,2,1,3,1980,2,2
1991,2,64094,3,2,2,2,1,1,3,4,2,3,1989,2,2
1991,1,64095,1,2,2,2,1,1,3,4,1,3,1983,2,2
1991,2,64095,1,4,3,2,1,1,3,4,2,3,1983,2,2
1991,3,64095,8,2,2,2,1,1,3,4,2,3,1990,2,2
1991,1,64096,1,2,2,2,1,1,3,4,2,3,1988,2,2
1991,2,64096,1,5,6,1,1,1,3,4,2,3,1982,2,2
1991,1,64097,1,1,1,1,1,1,3,4,2,3,1979,2,1
1991,1,64098,3,7,7,1,1,1,3,4,2,3,1985,2,2
1991,1,64099,3,6,6,1,1,1,3,4,2,3,1976,2,2
1991,1,64100,1,2,5,2,1,1,3,4,1,3,1978,2,2
1991,2,64100,2,2,3,2,1,1,3,4,2,3,1987,2,2
1991,3,64100,4,2,2,2,1,1,3,4,2,3,1988,2,2
1991,4,64100,2,2,6,2,1,1,3,4,2,3,1987,2,2
1991,1,64101,7,2,2,2,4,2,3,2,1,3,1989,2,2
1991,1,64102,1,2,2,2,1,1,3,4,2,3,1986,2,2
1991,1,64103,2,2,2,2,1,1,3,4,2,3,1989,2,2
1991,1,64104,1,6,2,1,1,1,3,4,2,3,1986,2,2
1991,1,64105,1,6,2,2,1,1,3,4,2,3,1987,2,2
1991,1,64106,4,2,2,2,1,1,3,4,1,3,1990,2,2
1991,2,64106,2,2,2,2,1,1,3,4,2,3,1987,2,2
1991,1,64107,1,2,3,2,1,1,3,4,2,3,1988,2,2
1991,2,64107,1,2,2,2,1,1,3,4,2,3,1986,2,2
1991,1,64108,7,5,5,2,4,2,3,2,2,3,1983,2,2
1991,1,64109,4,1,1,1,1,1,3,4,2,3,1988,2,1
1991,1,64110,4,2,2,2,1,1,3,4,2,3,1980,2,2
1991,1,64111,1,2,3,2,1,1,3,4,2,3,1978,2,2
1991,2,64111,3,2,5,2,1,1,3,4,2,3,1989,2,2
1991,1,64112,2,4,4,2,2,2,3,4,2,3,1986,1,2
1991,2,64112,1,2,2,2,1,1,3,4,2,3,1982,2,2
1991,1,64113,7,3,3,2,4,2,3,2,1,3,1981,2,2
1991,1,64114,4,2,4,2,1,1,3,4,2,3,1987,2,2
1991,2,64114,1,2,2,2,1,1,3,4,2,3,1988,2,2
1991,3,64114,6,5,3,2,1,1,3,4,2,3,1988,2,2
1991,4,64114,1,5,5,2,1,1,3,4,2,3,1985,2,2
1991,1,64115,1,2,2,2,1,1,3,4,1,3,1979,2,2
1991,2,64115,6,6,6,2,1,1,3,4,2,3,1989,2,2
1991,1,64116,1,1,1,1,1,1,3,4,1,3,1988,2,2
1991,1,64117,1,2,2,2,1,1,3,4,2,3,1992,2,2
1991,1,64118,1,2,2,2,1,1,3,4,1,3,1990,1,2
1991,2,64118,1,4,2,1,1,1,3,4,2,3,1982,2,2
1991,1,64119,1,5,2,2,1,1,3,4,1,3,1991,1,2
1991,2,64119,1,3,3,2,1,1,3,4,2,3,1991,2,2
1991,1,64120,2,2,2,1,1,1,3,4,1,3,1988,2,2
1991,1,64121,1,2,2,1,1,1,3,4,2,3,1981,2,2
1991,1,64122,2,2,2,2,2,2,3,4,2,3,1988,1,2
1991,1,64123,2,2,2,2,2,2,3,4,2,3,1982,2,2
1991,1,64124,2,3,5,2,1,1,3,4,2,3,1967,2,2
1991,2,64124,8,2,2,2,1,1,3,4,2,1,1975,2,2
1991,1,64125,1,1,1,1,1,1,3,4,1,3,1979,2,2
1991,1,64126,1,2,2,2,1,1,3,4,2,3,1980,2,2
1991,2,64126,1,2,2,2,1,1,3,4,2,3,1982,2,2
1991,1,64127,1,2,2,2,1,1,3,4,2,3,1972,2,2
1991,1,64128,1,5,5,2,1,1,3,4,1,3,1979,2,2
1991,1,64129,1,2,2,2,1,1,3,4,2,3,1980,2,2
1991,2,64129,1,2,2,2,1,1,3,4,2,3,1983,2,2
1991,1,64130,5,2,2,2,3,3,3,4,2,3,9999,2,2
1991,2,64130,1,6,6,2,1,1,3,4,2,3,1991,2,2
1991,3,64130,1,6,6,2,1,1,3,4,2,3,1992,2,2
1991,1,64131,1,3,3,1,1,1,3,4,1,3,1987,2,2
1991,1,64132,1,2,2,2,2,2,3,4,1,3,1980,2,2
1991,1,64133,1,2,2,2,2,2,3,4,1,3,1983,2,2
1991,2,64133,6,4,4,2,1,2,3,4,2,3,1984,2,2
1991,1,64134,1,2,5,2,1,1,3,4,2,3,1986,2,2
1991,1,64135,1,3,3,2,2,2,3,4,2,3,1986,1,2
1991,2,64135,1,2,2,2,1,1,3,4,2,3,1987,2,2
1991,1,64136,2,6,2,2,1,1,3,4,2,3,1984,2,2
1991,1,64137,1,2,4,1,2,2,3,4,1,3,1989,2,2
1991,1,64138,1,2,2,2,2,2,3,4,2,3,1991,1,2
1991,1,64139,1,5,5,2,2,2,3,4,2,3,1983,2,2
1991,2,64139,9,2,2,2,1,1,3,4,2,3,1991,2,2
1991,1,64140,1,2,2,2,1,1,3,4,2,3,1988,2,2
1991,2,64140,2,2,2,1,1,1,3,4,2,3,1991,2,2
1991,1,64141,1,2,4,2,2,2,3,4,2,3,1978,2,2
1991,2,64141,1,2,4,2,1,1,3,4,2,3,1989,2,2
1991,1,64142,7,1,1,2,4,1,3,1,2,3,1992,2,2
1991,1,64143,1,3,3,2,3,3,3,4,2,3,9999,2,2
1991,2,64143,1,2,2,2,3,3,3,4,1,3,9999,2,2
1991,3,64143,1,5,4,2,1,1,3,4,2,3,1986,2,2
1991,1,64144,1,2,2,1,2,2,3,4,1,3,1980,1,2
1991,1,64145,1,5,5,1,2,2,3,4,2,3,1988,2,2
1991,2,64145,1,2,2,2,1,1,3,4,2,3,1983,2,2
1991,1,64146,1,3,3,2,1,1,3,4,2,3,1977,2,2
1991,2,64146,7,5,5,2,4,2,3,2,2,3,1991,2,2
1991,1,64147,1,2,2,2,1,1,3,4,2,3,1992,2,2
1991,2,64147,1,2,2,2,1,1,3,4,2,3,1988,2,2
1991,1,64148,1,2,2,2,1,1,3,4,2,3,1984,2,2
1991,1,64149,1,2,2,1,1,1,3,4,2,3,1986,1,2
1991,2,64149,2,4,4,2,1,1,3,4,2,3,1989,2,2
1991,1,64150,6,2,4,1,2,2,3,4,2,3,1987,2,2
1991,2,64150,1,2,5,2,1,1,3,4,2,3,1990,1,2
1991,1,64151,1,2,2,2,1,1,3,4,2,3,1976,2,2
1991,2,64151,1,5,5,2,1,1,3,4,2,3,1976,2,2
1991,1,64152,3,2,2,2,3,3,3,4,2,3,9999,2,2
1991,1,64153,1,5,5,2,2,2,3,4,1,3,1982,2,2
1991,1,64154,3,5,4,1,1,1,3,4,2,3,1986,2,1
1991,1,64155,1,5,5,2,1,1,3,4,2,3,1991,2,2
1991,2,64155,1,2,2,2,1,1,3,4,2,3,1989,2,2
1991,3,64155,2,2,2,2,1,1,3,4,2,3,1990,2,2
1991,1,64156,2,1,1,1,1,1,3,4,2,3,1987,1,2
1991,1,64157,1,1,1,2,2,2,3,4,1,3,1979,1,2
1991,1,64158,1,2,2,2,1,1,3,4,2,3,1988,1,2
1991,2,64158,1,3,3,2,1,1,3,4,2,3,1981,2,2
1991,3,64158,1,2,2,2,1,1,3,4,2,3,1989,2,2
1991,1,64159,1,1,1,1,3,3,3,4,2,3,1978,2,2
1991,1,64160,1,2,2,2,2,2,3,4,2,3,1984,2,2
1991,2,64160,1,3,3,2,1,1,3,4,2,3,1988,2,2
1991,1,64161,2,2,2,2,1,1,3,4,2,3,1984,1,2
1991,1,64162,1,2,2,2,1,1,3,4,2,3,1986,2,2
1991,1,64163,3,1,1,1,1,1,3,4,2,3,1990,2,2
1991,1,64164,1,2,2,2,1,1,3,4,2,3,1985,1,2
1991,1,64165,3,1,1,1,2,2,3,4,2,3,1979,2,2
1991,1,64166,1,2,2,2,2,2,3,4,2,3,1974,1,2
1991,2,64166,1,5,5,2,2,2,3,4,1,3,1980,2,2
1991,1,64167,1,6,6,1,1,1,3,4,1,3,1989,1,2
1991,1,64168,1,5,5,2,1,1,3,4,2,3,1988,2,2
1991,2,64168,4,3,3,1,1,1,3,4,2,3,1992,2,2
1991,1,64169,1,5,2,2,1,1,3,4,2,3,1988,2,2
1991,2,64169,1,3,3,2,1,1,3,4,2,3,1977,2,2
1991,1,64170,6,2,6,2,1,1,3,4,2,3,1984,2,2
1991,1,64171,3,2,6,2,1,1,3,4,2,3,1985,2,2
1991,1,64172,1,2,2,2,1,1,3,4,2,3,1990,2,2
1991,2,64172,2,2,2,2,1,1,3,4,2,3,1989,2,2
1991,1,64173,1,4,6,2,1,1,3,4,1,3,1990,2,2
1991,2,64173,6,5,6,2,1,1,3,4,2,3,1991,2,2
1991,1,64174,5,2,2,2,1,1,3,4,2,3,1980,2,2
1991,2,64174,2,2,2,2,1,1,3,4,2,3,1990,2,2
1991,1,64175,6,2,2,2,1,1,3,4,2,3,1989,2,2
1991,2,64175,3,3,3,2,1,1,3,4,2,3,1985,2,2
1991,1,64176,4,3,3,1,1,1,3,4,1,3,1991,2,2
1991,1,64177,2,1,1,1,1,1,3,4,2,3,1990,2,2
1991,1,64178,7,2,2,2,4,3,3,3,1,3,1985,1,2
1991,2,64178,2,5,5,2,1,1,3,4,2,3,1985,2,2
1991,1,64179,1,5,5,2,1,1,3,4,2,3,1986,2,2
1991,2,64179,2,2,2,2,1,1,3,4,2,3,1977,2,2
1991,1,64180,1,3,3,2,2,2,3,4,1,3,1975,2,2
1991,2,64180,1,2,2,2,1,1,3,4,2,3,1984,2,2
1991,1,64181,2,3,3,2,1,1,3,4,2,3,1978,2,2
1991,2,64181,2,2,2,2,1,1,3,4,2,3,1985,2,2
1991,1,64182,1,5,5,2,1,1,3,4,2,3,1990,2,2
1991,1,64183,7,2,2,2,4,1,3,1,1,3,1990,2,2
1991,2,64183,1,3,3,2,1,1,3,4,2,3,1984,2,2
1991,1,64184,1,3,3,2,1,1,3,4,2,3,1991,1,2
1991,2,64184,6,2,2,2,1,1,3,4,2,3,1986,2,2
1991,1,64185,1,2,2,2,1,1,3,4,1,3,1985,2,2
1991,2,64185,6,4,4,2,1,1,3,4,2,3,1987,2,2
1991,3,64185,1,2,2,2,1,1,3,4,1,3,1988,2,2
1991,1,64186,2,4,2,2,2,2,3,4,1,3,1977,2,2
1991,2,64186,4,4,5,2,2,2,3,4,2,3,1981,2,2
1991,3,64186,2,2,4,2,1,1,3,4,1,3,1991,2,2
1991,4,64186,1,2,4,2,1,1,3,4,1,3,1983,2,2
1991,5,64186,3,2,4,2,1,1,3,4,1,3,1986,2,2
1991,6,64186,5,2,2,2,2,2,3,4,1,3,1976,2,2
1991,7,64186,1,2,4,2,1,1,3,4,1,3,1986,2,2
1991,8,64186,1,2,4,2,1,1,3,4,1,3,1985,2,2
1991,9,64186,9,2,3,2,1,1,3,4,1,3,1973,2,2
1991,10,64186,2,2,2,2,1,1,3,4,1,3,1991,2,2
1991,11,64186,1,2,4,2,2,2,3,4,1,3,1986,2,2
1991,12,64186,1,2,4,2,1,1,3,4,1,3,1981,2,2
1991,13,64186,6,4,4,2,1,1,3,4,2,3,1990,2,2
1991,14,64186,1,2,4,2,1,1,3,4,1,3,1988,2,2
1991,15,64186,9,2,2,2,3,3,3,4,1,3,9999,2,2
1991,16,64186,1,2,2,2,1,1,3,4,2,3,1987,2,2
1991,1,64187,1,2,2,2,1,1,3,4,1,3,1991,2,2
1991,2,64187,1,2,2,2,2,2,3,4,1,3,1983,2,2
1991,3,64187,1,2,2,2,1,1,3,4,1,3,1990,2,2
1991,4,64187,1,2,3,2,1,1,3,4,1,3,1987,2,2
1991,5,64187,2,2,2,2,1,1,3,4,1,3,1991,2,2
1991,6,64187,1,4,4,2,1,1,3,4,2,3,1990,2,2
1991,7,64187,4,2,4,2,2,2,3,4,1,3,1988,2,2
1991,8,64187,2,2,4,2,1,1,3,4,2,3,1977,2,2
1991,9,64187,2,2,5,2,1,1,3,4,1,3,1987,2,2
1991,10,64187,1,2,4,2,2,2,3,4,1,3,1990,2,2
1991,11,64187,4,4,4,2,1,1,3,4,2,3,1977,2,2
1991,12,64187,4,4,4,2,1,1,3,4,2,3,1986,2,2
1991,13,64187,2,5,5,2,3,3,3,4,2,3,1979,2,2
1991,14,64187,2,3,3,2,3,3,3,4,2,3,1986,2,2
1991,1,64188,4,3,3,2,2,2,3,4,2,3,1977,2,2
1991,1,64189,1,2,2,2,1,1,3,4,2,3,1987,2,2
1991,1,64190,1,2,2,2,1,1,3,4,2,3,1985,2,2
1991,2,64190,1,6,6,2,3,3,3,4,2,3,1990,2,2
1991,3,64190,1,4,6,2,1,1,3,4,2,3,1984,2,2
1991,4,64190,3,2,2,2,1,1,3,4,2,3,1987,2,2
1991,1,64191,1,2,6,1,2,2,3,4,1,3,1984,2,2
1991,1,64192,1,2,2,2,1,1,3,4,1,3,1985,2,2
1991,2,64192,3,4,4,2,3,3,3,4,2,3,1982,2,2
1991,1,64193,1,2,5,2,1,1,3,4,2,3,1981,2,2
1991,1,64194,1,4,2,1,3,3,3,4,1,3,1978,2,2
1991,1,64195,1,2,4,2,2,2,3,4,1,3,1984,2,2
1991,2,64195,1,2,5,2,1,1,3,4,1,3,1990,2,2
1991,3,64195,1,2,4,2,1,1,3,4,1,3,1985,2,2
1991,4,64195,6,3,4,2,1,1,3,4,2,3,1991,2,2
1991,5,64195,2,4,4,1,1,1,3,4,2,3,1991,2,2
1991,6,64195,1,2,4,2,1,1,3,4,1,3,1991,2,2
1991,7,64195,1,2,4,2,1,1,3,4,1,3,1992,2,2
1991,8,64195,1,2,4,2,1,1,3,4,1,3,1987,2,2
1991,9,64195,3,4,4,2,1,1,3,4,2,3,1992,2,2
1991,10,64195,1,2,2,2,1,1,3,4,1,3,1982,2,2
1991,11,64195,1,2,2,2,1,1,3,4,1,3,1989,2,2
1991,1,64196,6,4,4,2,1,1,3,4,2,3,1987,2,2
1991,2,64196,1,4,2,2,1,1,3,4,2,3,1985,2,2
1991,3,64196,1,4,2,2,1,1,3,4,2,3,1985,2,2
1991,4,64196,6,2,5,2,3,3,3,4,2,3,1988,2,2
1991,5,64196,1,2,6,2,1,1,3,4,1,3,1980,2,2
1991,6,64196,1,2,2,2,1,1,3,4,1,3,1990,2,2
1991,7,64196,2,2,4,2,1,1,3,4,1,3,1988,2,2
1991,8,64196,1,4,4,2,3,3,3,4,2,3,1987,2,2
1991,9,64196,1,2,5,2,3,3,3,4,2,3,1985,2,2
1991,10,64196,1,2,4,1,1,1,3,4,1,3,1987,2,2
1991,11,64196,1,2,4,2,1,1,3,4,1,3,1979,2,2
1991,12,64196,1,4,2,2,1,1,3,4,2,3,1983,2,2
1991,13,64196,1,4,2,2,1,1,3,4,2,3,1991,2,2
1991,14,64196,1,4,4,2,2,2,3,4,2,3,1974,2,2
1991,15,64196,1,2,2,2,1,1,3,4,1,3,1987,2,2
1991,16,64196,4,4,4,2,1,1,3,4,2,3,1987,2,2
1991,17,64196,6,2,6,2,1,1,3,4,1,3,1988,2,2
1991,18,64196,1,4,4,2,2,2,3,4,2,3,1986,2,2
1991,19,64196,1,4,2,2,1,1,3,4,2,3,1974,2,2
1991,20,64196,1,4,2,2,1,1,3,4,2,3,1988,2,2
1991,21,64196,1,2,4,2,1,1,3,4,1,3,1989,2,2
1991,22,64196,2,4,4,2,1,1,3,4,2,3,1987,2,2
1991,23,64196,1,4,2,2,1,1,3,4,2,3,1979,2,2
1991,24,64196,1,2,4,2,1,1,3,4,1,3,1989,2,2
1991,25,64196,1,2,2,2,1,1,3,4,1,3,1988,2,2
1991,26,64196,4,4,2,2,3,3,3,4,2,3,1979,2,2
1991,27,64196,6,4,4,2,3,3,3,4,2,3,9999,2,2
1991,28,64196,1,4,2,2,1,1,3,4,2,3,1984,2,2
1991,29,64196,1,4,4,2,1,1,3,4,2,3,1990,2,2
1991,30,64196,1,2,2,2,1,1,3,4,1,3,1991,2,2
1991,1,64197,1,2,2,2,1,1,3,4,2,3,1984,1,2
1991,1,64198,1,3,5,2,1,1,3,4,2,3,1991,2,2
1991,2,64198,1,2,2,2,1,1,3,4,2,3,1981,2,2
1991,3,64198,6,2,2,2,1,1,3,4,2,3,1967,2,2
1991,1,64199,2,1,1,2,1,1,3,4,2,3,1973,2,2
1991,1,64200,5,2,2,2,3,3,3,4,1,3,9999,2,2
1991,2,64200,1,2,6,2,2,2,3,4,2,3,1980,2,2
1991,1,64201,1,2,2,2,1,1,3,4,2,3,1981,2,2
1991,1,64202,1,1,1,2,2,2,3,4,2,3,1973,2,2
1991,1,80001,1,2,2,2,1,1,3,4,2,3,1988,2,2
1991,1,80002,2,2,2,1,1,1,3,4,1,3,1977,2,2
1991,1,80003,1,3,3,2,1,1,3,4,2,3,1990,2,2
1991,2,80003,1,2,2,2,1,1,3,4,2,3,1987,2,2
1991,1,80004,1,2,2,2,1,1,3,4,2,3,1988,2,2
1991,1,80005,3,2,2,2,2,2,3,4,1,3,1981,2,2
1991,2,80005,1,3,3,2,2,2,3,4,2,3,1971,2,2
1991,1,80006,1,2,2,2,1,1,3,4,2,3,1969,2,1
1991,2,80006,7,2,2,2,4,1,3,1,2,3,1979,2,2
1991,1,80007,2,2,2,2,1,1,3,4,2,3,1984,1,2
1991,2,80007,4,2,2,2,1,1,3,4,2,3,1989,2,2
1991,3,80007,1,2,2,2,1,1,3,4,2,3,1979,2,2
1991,1,80008,2,2,2,1,1,1,3,4,1,3,1980,2,1
1991,1,80009,1,3,3,2,2,2,3,4,2,3,1978,2,2
1991,2,80009,6,2,2,2,1,1,3,4,2,3,1980,2,2
1991,1,80010,3,7,7,1,1,1,3,4,1,3,1979,2,2
1991,2,80010,1,2,2,2,1,1,3,4,2,3,1984,2,2
1991,1,80011,2,2,2,2,1,1,3,4,2,3,1977,2,2
1991,1,80012,1,2,2,1,1,1,3,4,1,3,1982,2,2
1991,1,80013,3,2,2,1,1,1,3,4,1,3,1977,1,2
1991,1,80014,3,2,2,2,1,1,3,4,1,3,1984,1,2
1991,2,80014,1,3,3,2,1,1,3,4,2,3,1983,1,2
1991,1,80015,1,2,2,1,1,1,3,4,2,3,1984,2,2
1991,1,80016,3,2,2,2,1,1,3,4,2,3,1968,2,2
1991,2,80016,1,2,2,2,1,1,3,4,2,3,1968,2,2
1991,1,80017,1,1,1,1,1,1,3,4,1,3,1977,2,1
1991,1,80018,1,2,2,2,2,2,3,4,2,3,1978,2,2
1991,2,80018,1,2,2,2,1,1,3,4,2,3,1979,2,2
1991,1,80019,1,2,2,1,1,1,3,4,2,3,1985,2,2
1991,1,80020,1,1,1,1,1,1,3,4,2,3,1986,2,2
1991,1,80021,2,1,1,1,1,1,3,4,2,3,1979,2,2
1991,1,80022,2,2,5,1,1,1,3,4,1,3,1989,2,2
1991,1,80023,1,3,3,2,1,1,3,4,2,3,1986,2,2
1991,2,80023,3,2,2,2,1,1,3,4,2,3,1980,2,2
1991,1,80024,1,2,2,2,1,1,3,4,2,3,1986,2,2
1991,2,80024,1,3,3,2,1,1,3,4,2,3,1989,2,2
1991,1,80025,1,2,2,2,2,2,3,4,2,3,1978,2,2
1991,2,80025,1,3,3,2,1,1,3,4,2,3,1984,2,2
1991,3,80025,1,5,5,2,1,1,3,4,2,3,1985,2,2
1991,1,80026,2,2,2,1,1,1,3,4,2,3,1981,2,2
1991,1,80027,1,3,3,2,1,1,3,4,1,3,1990,2,1
1991,1,80028,2,6,6,2,1,1,3,4,2,3,1990,2,2
1991,2,80028,7,5,5,2,4,2,3,2,2,3,1987,2,2
1991,1,80029,1,2,2,2,1,1,3,4,2,3,1980,2,2
1991,2,80029,1,2,2,2,1,1,3,4,2,3,1987,2,2
1991,1,80030,1,3,3,1,1,1,3,4,1,3,1984,2,2
1991,1,80031,1,1,1,1,1,1,3,4,1,3,1989,1,2
1991,1,80032,2,1,1,1,1,1,3,4,2,3,1982,1,2
1991,1,80033,1,5,5,2,1,1,3,4,2,3,1979,2,2
1991,2,80033,2,2,2,1,1,1,3,4,2,3,1981,2,2
1991,1,80034,1,5,5,2,1,1,3,4,2,3,1973,1,2
1991,2,80034,1,2,2,2,1,1,3,4,2,3,1978,2,2
1991,1,80035,2,2,2,2,1,1,3,4,2,3,1984,2,2
1991,1,80036,1,3,3,2,1,1,3,4,2,3,1988,1,2
1991,2,80036,1,2,2,2,1,1,3,4,2,3,1980,2,2
1991,1,80037,2,1,1,1,2,2,3,4,2,3,1976,2,2
1991,1,80038,2,2,2,2,1,1,3,4,2,3,1978,2,2
1991,2,80038,1,5,5,2,1,1,3,4,2,3,1976,2,2
1991,1,80039,2,1,1,1,1,1,3,4,1,3,1990,2,2
1991,1,80040,1,5,4,1,2,2,3,4,2,3,1984,2,2
1991,1,80041,3,2,2,1,1,1,3,4,2,3,1983,2,2
1991,1,80042,2,1,1,1,1,1,3,4,1,3,1991,2,1
1991,1,80043,1,2,2,2,1,1,3,4,1,3,1988,2,2
1991,2,80043,4,2,2,2,1,1,3,4,2,3,1989,2,2
1991,1,80044,1,5,5,2,1,1,3,4,2,3,1989,2,2
1991,2,80044,7,2,2,2,4,1,3,1,2,3,1987,2,2
1991,1,80045,1,3,2,2,2,2,3,4,2,3,1974,2,2
1991,2,80045,2,2,2,2,1,1,3,4,2,3,1979,2,2
1991,3,80045,1,2,2,2,1,1,3,4,2,3,1990,2,2
1991,4,80045,1,5,5,1,1,1,3,4,2,3,1985,2,2
1991,5,80045,1,2,2,2,1,1,3,4,2,3,1986,2,2
1991,1,80046,3,2,2,2,1,1,3,4,2,3,1984,2,2
1991,1,80047,1,2,2,2,1,1,3,4,1,3,1991,2,2
1991,1,80048,1,1,1,1,1,1,3,4,2,3,1991,2,1
1991,1,80049,1,2,2,2,1,1,3,4,2,3,1976,2,2
1991,1,80050,1,2,2,1,1,1,3,4,1,3,1983,2,2
1991,1,80051,3,2,2,1,1,1,3,4,1,3,1978,2,2
1991,1,80052,3,2,3,2,1,1,3,4,2,3,1979,2,2
1991,2,80052,2,2,2,2,1,1,3,4,2,3,1990,2,2
1991,1,80053,3,7,7,1,1,1,3,4,1,3,1975,2,2
1991,1,80054,2,2,2,1,1,1,3,4,1,3,1989,2,2
1991,1,80055,6,1,1,1,1,1,3,4,2,3,1974,1,2
1991,1,80056,1,2,2,2,1,1,3,4,2,3,1972,2,2
1991,1,80057,1,2,2,2,1,1,3,4,2,3,1988,1,2
1991,1,80058,2,1,1,1,2,2,3,4,1,3,1972,2,2
1991,1,80059,1,2,2,2,1,1,3,4,2,3,1988,2,1
1991,1,80060,3,2,2,1,1,1,3,4,1,3,1989,2,2
1991,1,80061,1,1,1,1,2,2,3,4,1,3,1987,2,2
1991,1,80062,4,6,6,2,1,1,3,4,2,3,1987,2,2
1991,1,80063,1,3,3,2,1,1,3,4,2,3,1982,2,2
1991,2,80063,1,2,2,2,1,1,3,4,2,3,1990,2,2
1991,1,80064,1,2,2,2,1,1,3,4,1,3,1987,2,2
1991,2,80064,6,2,2,2,1,1,3,4,2,3,1980,2,2
1991,1,80065,1,2,2,2,1,1,3,4,1,3,1984,2,2
1991,2,80065,6,4,4,2,1,1,3,4,2,3,1988,2,2
1991,1,80066,1,2,2,1,2,2,3,4,1,3,1986,2,2
1991,1,80067,1,2,2,2,2,2,3,4,2,3,1990,2,2
1991,2,80067,9,6,6,2,3,3,3,4,2,3,9999,2,2
1991,3,80067,9,6,6,2,3,3,3,4,2,3,9999,2,2
1991,4,80067,1,6,6,2,1,1,3,4,2,3,1984,2,2
1991,1,80068,1,7,7,1,1,1,3,4,2,3,1978,2,1
1991,1,80069,2,2,2,2,1,1,3,4,2,3,1985,2,2
1991,2,80069,1,2,2,2,1,1,3,4,2,3,1974,2,2
1991,1,80070,1,2,2,2,1,1,3,4,2,3,1990,2,2
1991,1,80071,3,3,3,2,1,1,3,4,2,3,1987,2,2
1991,2,80071,1,2,2,2,1,1,3,4,1,3,1990,2,2
1991,3,80071,1,2,2,2,1,1,3,4,2,3,1983,2,2
1991,1,80072,2,6,6,1,1,1,3,4,2,3,1974,2,2
1991,1,80073,4,4,4,1,1,1,3,4,2,3,1970,2,2
1991,1,80074,2,2,2,1,1,1,3,4,1,3,1972,2,2
1991,1,80075,1,2,2,2,1,1,3,4,2,3,1972,2,2
1991,1,80076,1,5,5,2,1,1,3,4,2,3,1978,2,2
1991,1,80077,2,2,2,1,1,1,3,4,2,3,1977,2,2
1991,2,80077,2,3,3,2,1,1,3,4,2,3,1987,2,2
1991,1,80078,2,2,2,1,1,1,3,4,1,3,1983,2,2
1991,2,80078,1,3,3,2,1,1,3,4,2,3,1977,2,2
1991,3,80078,1,5,5,2,1,1,3,4,2,3,1987,2,2
1991,4,80078,3,2,2,2,1,1,3,4,2,3,1990,2,2
1991,1,80079,1,1,1,1,2,2,3,4,1,3,1974,2,2
1991,1,80080,1,3,3,1,1,1,3,4,2,3,1976,1,2
1991,2,80080,1,2,2,2,1,1,3,4,2,3,1991,2,2
1991,1,80081,1,2,2,2,1,1,3,4,2,3,1976,1,2
1991,2,80081,6,2,2,2,1,1,3,4,2,3,1991,2,2
1991,1,80082,3,2,2,1,1,1,3,4,2,3,1990,2,2
1991,1,80083,1,2,2,2,1,1,3,4,2,3,1979,2,2
1991,1,80084,1,5,5,2,1,1,3,4,2,3,1986,1,2
1991,2,80084,1,2,2,2,1,1,3,4,2,3,1987,2,2
1991,3,80084,1,5,5,2,1,1,3,4,2,3,1988,2,2
1991,1,80085,2,2,2,2,1,1,3,4,2,3,1983,2,2
1991,1,80086,1,2,6,2,1,1,3,4,2,3,1989,1,2
1991,2,80086,6,4,4,2,1,1,3,4,2,3,1982,2,2
1991,1,80087,3,1,1,1,1,1,3,4,1,3,1976,2,2
1991,1,80088,1,7,7,1,1,1,3,4,1,3,1980,2,2
1991,1,80089,1,1,1,1,1,1,3,4,2,3,1984,1,2
1991,1,80090,1,2,2,2,1,1,3,4,1,3,1987,2,2
1991,1,80091,3,2,2,2,1,1,3,4,2,3,1984,2,2
1991,2,80091,7,2,2,2,4,1,3,1,2,3,1980,2,2
1991,3,80091,7,2,2,2,4,2,3,2,2,3,1987,2,2
1991,1,80092,1,3,6,1,1,1,3,4,1,3,1984,2,2
1991,1,80093,1,2,2,2,1,1,3,4,2,3,1972,2,2
1991,2,80093,1,2,2,2,1,1,3,4,2,3,1979,2,2
1991,1,80095,2,2,2,1,1,1,3,4,1,3,1971,2,2
1991,1,80096,1,2,2,2,1,1,3,4,2,3,1988,2,2
1991,1,80097,3,5,5,2,1,1,3,4,1,3,1977,2,2
1991,1,80098,2,2,2,1,1,1,3,4,2,3,1990,1,2
1991,1,80099,1,3,3,1,1,1,3,4,1,3,1979,2,2
1991,1,80100,1,7,7,1,2,2,3,4,2,3,1979,2,2
1991,1,80101,6,2,2,2,1,1,3,4,2,3,1981,2,1
1991,1,80102,1,2,2,2,1,1,3,4,1,3,1987,1,2
1991,2,80102,4,4,4,2,1,1,3,4,2,3,1973,2,2
1991,1,80103,3,3,3,1,1,1,3,4,2,3,1990,2,2
1991,1,80104,1,2,2,2,1,1,3,4,1,3,1984,2,2
1991,2,80104,1,3,3,2,1,1,3,4,2,3,1986,2,2
1991,1,80105,3,2,2,1,1,1,3,4,1,3,1989,1,2
1991,1,80106,1,2,2,2,1,1,3,4,2,3,1975,2,2
1991,2,80106,1,2,2,1,1,1,3,4,2,3,1990,2,2
1991,1,80107,1,3,3,1,2,2,3,4,2,3,1980,2,2
1991,2,80107,5,2,2,1,1,1,3,4,2,3,1990,2,2
1991,1,80108,1,2,3,2,2,2,3,4,2,3,1990,2,2
1991,2,80108,6,4,4,2,1,1,3,4,2,3,1989,2,2
1991,1,80109,1,5,5,2,1,1,3,4,2,3,1981,2,2
1991,2,80109,3,2,2,1,1,1,3,4,1,3,1987,2,2
1991,1,80110,1,2,2,2,1,1,3,4,2,3,1972,2,2
1991,2,80110,6,2,2,2,1,1,3,4,2,3,1984,2,2
1991,3,80110,1,2,2,2,1,1,3,4,2,3,1985,2,2
1991,4,80110,2,2,2,2,1,1,3,4,2,3,1988,2,2
1991,1,80111,1,2,3,1,1,1,3,4,1,3,1978,2,2
1991,1,80112,1,1,1,1,1,1,3,4,1,3,1972,2,1
1991,1,80113,1,6,2,2,2,2,3,4,2,3,1985,2,2
1991,1,80114,1,1,1,1,1,1,3,4,2,3,1984,2,1
1991,1,80115,3,7,7,1,2,2,3,4,1,3,1985,2,1
1991,1,80116,4,2,2,2,1,1,3,4,2,3,1979,2,2
1991,1,80117,7,2,2,2,4,2,3,2,2,3,1976,2,2
1991,2,80117,1,3,3,2,1,1,3,4,2,3,1988,2,2
1991,1,80118,1,5,3,2,1,1,3,4,2,3,1976,2,2
1991,2,80118,1,2,2,2,1,1,3,4,2,3,1990,2,2
1991,1,80121,4,2,2,2,2,2,3,4,1,3,1978,2,2
1991,2,80121,1,4,4,2,3,3,3,4,2,3,1986,2,2
1991,1,80122,1,2,5,1,2,2,3,4,1,3,1985,2,2
1991,1,80123,1,3,3,2,1,1,3,4,2,3,1977,2,2
1991,1,80124,4,2,2,2,1,1,3,4,2,3,1976,2,2
1991,1,80125,1,2,2,2,1,1,3,4,2,3,1972,2,2
1991,1,80126,3,2,2,1,1,1,3,4,1,3,1972,2,2
1991,2,80126,1,5,5,2,1,1,3,4,2,3,1986,2,2
1991,1,80127,2,2,2,1,1,1,3,4,2,3,1974,1,2
1991,1,80128,1,1,1,1,2,2,3,4,1,3,1987,2,2
1991,1,80129,1,1,1,1,1,1,3,4,2,3,1980,2,1
1991,1,80130,2,2,2,2,2,2,3,4,1,3,1966,2,2
1991,2,80130,1,4,4,1,1,1,3,4,2,3,1980,2,2
1991,1,80131,2,2,2,1,1,1,3,4,1,3,1990,2,2
1991,1,80132,2,2,2,1,2,2,3,4,2,3,1976,2,2
1991,1,80133,1,2,2,2,1,1,3,4,2,3,1976,2,2
1991,2,80133,1,5,5,2,1,1,3,4,2,3,1985,2,2
1991,1,80134,3,4,4,2,1,1,3,4,2,3,1979,1,2
1991,2,80134,3,2,2,2,1,1,3,4,2,3,1979,2,2
1991,1,80135,1,2,2,1,1,1,3,4,1,3,1982,2,2
1991,1,80136,2,5,5,2,1,1,3,4,2,3,1986,1,2
1991,2,80136,7,2,2,2,4,1,3,1,2,3,1987,2,2
1991,1,80137,7,2,2,2,4,2,3,2,1,3,1987,2,2
1991,2,80137,1,4,4,2,1,1,3,4,2,3,1986,2,2
1991,3,80137,1,6,4,2,1,1,3,4,2,3,1981,2,2
1991,4,80137,2,2,2,2,1,1,3,4,2,3,1978,2,2
1991,1,80138,1,1,1,1,2,2,3,4,1,3,1979,2,2
1991,1,80139,7,1,1,2,4,1,3,1,1,3,1991,2,2
1991,1,80140,6,2,2,1,1,1,3,4,1,3,1985,2,2
1991,1,80141,1,5,5,2,3,3,3,4,2,3,1981,2,2
1991,2,80141,1,2,2,2,1,1,3,4,2,3,1988,2,2
1991,1,80142,1,2,2,2,1,1,3,4,2,3,1981,2,2
1991,1,80143,2,1,1,1,2,2,3,4,2,3,1986,2,2
1991,1,80144,3,1,1,1,1,1,3,4,1,3,1978,2,2
1991,1,80145,2,6,2,1,2,2,3,4,2,3,1967,1,2
1991,1,80146,1,2,3,2,1,1,3,4,2,3,1977,2,2
1991,2,80146,2,2,2,2,1,1,3,4,2,3,1977,2,2
1991,1,80147,1,3,3,2,1,1,3,4,1,3,1980,2,2
1991,2,80147,2,2,2,2,1,1,3,4,2,3,1969,2,2
1991,1,80148,7,2,2,2,4,2,3,2,2,3,1981,2,2
1991,2,80148,1,2,2,2,1,1,3,4,2,3,1990,2,2
1991,1,80149,7,5,5,2,4,1,3,1,2,3,1985,2,2
1991,1,80150,1,1,1,1,1,2,3,4,2,3,1988,2,2
1991,1,80151,1,3,3,1,1,1,3,4,2,3,1985,2,2
1991,1,80152,1,2,2,1,1,1,3,4,2,3,1983,2,1
1991,1,80153,1,2,2,2,2,2,3,4,2,3,1982,2,2
1991,1,80154,1,7,7,1,1,1,3,4,1,3,1986,2,2
1991,1,80155,1,2,2,2,1,1,3,4,1,3,1991,2,2
1991,1,80156,1,2,2,1,1,1,3,4,1,3,1988,2,2
1991,1,80157,1,4,4,1,2,2,3,4,1,3,1979,2,2
1991,1,80158,1,2,2,2,1,1,3,4,2,3,1981,2,2
1991,1,80159,3,2,2,1,1,1,3,4,1,3,1972,1,2
1991,1,80160,2,2,2,2,1,1,3,4,2,3,1986,2,2
1991,2,80160,2,2,2,2,2,2,3,4,2,3,1982,2,2
1991,1,80161,1,5,5,2,1,1,3,4,2,3,1979,2,2
1991,2,80161,1,2,2,2,1,1,3,4,2,3,1980,2,2
1991,1,80162,1,2,3,2,2,2,3,4,2,3,1977,1,2
1991,1,80163,8,6,6,2,1,1,3,4,2,3,1989,2,2
1991,1,80164,1,1,1,1,1,1,3,4,1,3,1979,2,2
1991,1,80165,1,5,4,2,1,1,3,4,2,3,1983,2,2
1991,2,80165,2,2,2,2,1,1,3,4,2,3,1981,2,2
1991,1,80166,1,2,2,2,1,1,3,4,1,3,1988,2,2
1991,2,80166,2,2,2,2,1,1,3,4,2,3,1983,2,2
1991,1,80167,1,5,5,2,1,1,3,4,2,3,1987,2,2
1991,2,80167,1,2,2,2,1,1,3,4,2,3,1987,2,2
1991,1,80168,2,2,2,2,2,2,3,4,2,3,1964,2,2
1991,2,80168,2,5,5,2,1,1,3,4,1,3,1989,2,2
1991,1,80169,1,2,2,2,2,2,3,4,2,3,1988,1,2
1991,2,80169,3,2,2,2,1,1,3,4,2,3,1988,2,2
1991,1,80170,1,5,5,2,1,1,3,4,2,3,1983,2,2
1991,2,80170,7,2,2,2,4,1,3,1,1,3,1989,2,2
1991,1,80171,4,2,2,2,1,1,3,4,2,3,1977,2,2
1991,1,80172,1,3,3,2,1,1,3,4,2,3,1978,1,2
1991,1,80173,2,7,7,1,2,2,3,4,1,3,1970,2,2
1991,1,80174,1,2,3,2,1,1,3,4,2,3,1984,2,2
1991,2,80174,1,2,2,2,1,1,3,4,1,3,1980,2,2
1991,1,80175,1,2,2,2,1,1,3,4,2,3,1981,2,2
1991,2,80175,1,2,2,2,1,1,3,4,2,3,1990,2,2
1991,1,80176,1,3,3,2,1,1,3,4,2,3,1988,2,2
1991,2,80176,3,2,2,2,1,1,3,4,2,3,1977,2,2
1991,1,80177,2,1,1,1,1,1,3,4,1,3,1976,2,2
1991,1,80178,1,2,2,2,1,1,3,4,2,3,1985,2,2
1991,1,80179,1,1,1,1,1,1,3,4,1,3,1989,2,1
1991,1,80180,1,2,2,2,1,1,3,4,2,3,1981,1,2
1991,2,80180,1,2,2,2,1,1,3,4,2,3,1974,2,2
1991,1,80181,4,2,2,1,1,1,3,4,2,3,1988,1,2
1991,1,80182,1,2,2,2,1,1,3,4,2,3,1978,1,2
1991,2,80182,4,2,2,1,1,1,3,4,2,3,1986,2,2
1991,1,80183,1,2,2,2,1,1,3,4,2,3,1980,2,2
1991,2,80183,2,2,2,2,1,1,3,4,2,3,1976,2,2
1991,1,80184,1,2,2,2,2,2,3,4,1,3,1977,2,2
1991,2,80184,7,2,2,2,4,1,3,1,2,3,1985,2,2
1991,1,80185,3,2,2,1,1,1,3,4,2,3,1984,2,2
1991,2,80185,1,2,2,2,1,1,3,4,2,3,1984,2,2
1991,1,80186,4,4,4,1,1,1,3,4,2,3,1966,2,1
1991,2,80186,6,2,2,2,1,1,3,4,2,3,1985,2,2
1991,1,80187,7,2,2,2,4,1,3,1,1,3,1985,1,2
1991,1,80188,1,2,2,2,3,3,3,4,2,3,9999,2,2
1991,1,80189,4,2,2,2,1,1,3,4,2,3,1984,1,2
1991,1,80190,1,3,5,2,1,1,3,4,1,3,1978,2,2
1991,2,80190,3,2,2,2,1,1,3,4,2,3,1986,2,2
1991,1,80191,7,1,1,2,4,2,3,2,1,3,1987,1,2
1991,1,80192,3,1,1,1,1,1,3,4,2,3,1985,2,1
1991,1,80193,2,1,1,1,2,2,3,4,2,3,1991,2,1
1991,1,80194,2,2,2,1,1,1,3,4,1,3,1974,2,2
1991,1,80195,2,2,2,1,1,1,3,4,1,3,1991,2,2
1991,1,80196,1,2,2,1,2,2,3,4,1,3,1987,2,2
1991,1,80197,3,1,1,1,2,2,3,4,2,3,1984,2,2
1991,1,80198,7,6,6,2,4,2,3,2,2,3,1980,2,2
1991,1,80199,3,2,2,2,1,1,3,4,2,3,1973,2,2
1991,2,80199,2,2,2,2,1,1,3,4,2,3,1984,2,2
1991,1,80200,6,3,3,2,1,1,3,4,2,3,1977,1,2
1991,1,80201,1,1,1,1,2,2,3,4,1,3,1978,2,2
1991,1,80202,3,2,2,1,1,1,3,4,1,3,1979,2,1
1991,1,80203,1,1,1,1,1,1,3,4,1,3,1982,2,1
1991,1,80204,1,1,1,1,1,1,3,4,2,3,1981,2,1
1991,1,80205,1,1,1,1,2,2,3,4,1,3,1984,2,2
1991,1,80206,2,5,5,2,1,1,3,4,1,3,1972,2,2
1991,1,80207,3,1,1,1,1,1,3,4,2,3,1969,2,1
1991,1,80208,7,6,6,2,4,1,3,1,2,3,1984,2,2
1991,1,80209,6,6,6,2,1,1,3,4,2,3,1987,2,2
1991,2,80209,1,2,5,2,1,1,3,4,2,3,1989,1,2
1991,1,80210,2,1,1,1,1,1,3,4,2,3,1986,1,2
1991,1,80211,3,1,1,1,1,1,3,4,1,3,1971,2,2
1991,1,80212,1,2,2,2,1,1,3,4,2,3,1991,2,2
1991,1,80213,1,2,2,2,1,1,3,4,2,3,1987,2,2
1991,1,80214,2,6,5,2,1,1,3,4,2,3,1981,2,2
1991,1,80215,1,2,2,2,1,1,3,4,2,3,1985,1,2
1991,1,80216,4,2,2,2,1,1,3,4,2,3,1991,2,2
1991,1,80217,1,1,1,1,1,1,3,4,1,3,1981,2,2
1991,1,80218,7,2,2,2,4,2,3,2,1,3,1979,2,2
1991,1,80219,1,1,1,1,1,1,3,4,1,3,1981,2,2
1991,1,80220,2,2,2,1,1,1,3,4,2,3,1984,2,1
1991,2,80220,1,5,5,2,1,1,3,4,2,3,1983,2,2
1991,1,80221,2,1,1,1,1,2,3,4,1,3,1976,2,2
1991,1,80222,7,2,2,2,4,2,3,2,1,3,1980,2,2
1991,2,80222,1,2,2,2,1,1,3,4,2,3,1965,2,2
1991,1,80223,1,2,2,2,1,1,3,4,1,3,1983,2,2
1991,1,80224,1,2,5,2,1,1,3,4,2,3,1988,2,2
1991,2,80224,6,2,2,2,1,1,3,4,2,3,1970,1,2
1991,1,80225,2,2,2,2,1,1,3,4,2,3,1989,2,2
1991,1,80226,1,2,2,2,1,1,3,4,2,3,1985,2,2
1991,1,80227,2,2,2,2,1,1,3,4,2,3,1964,1,2
1991,1,80228,3,2,2,2,1,1,3,4,2,3,1986,2,2
1991,2,80228,4,2,2,2,1,1,3,4,2,3,1989,2,2
1991,1,80229,1,6,2,1,1,1,3,4,1,3,1990,2,2
1991,1,80230,2,3,3,1,1,1,3,4,2,3,1985,2,2
1991,1,80231,7,2,2,2,4,2,3,2,1,3,1984,2,2
1991,1,80232,3,7,7,1,2,2,3,4,1,3,1972,2,2
1991,1,80234,1,1,1,1,1,1,3,4,2,3,1987,2,2
1991,1,80235,1,2,2,1,1,1,3,4,1,3,1990,2,2
1991,1,80236,3,2,2,1,1,1,3,4,2,3,1989,2,2
1991,1,80237,1,3,3,2,1,1,3,4,2,3,1990,2,2
1991,2,80237,7,2,2,2,4,1,3,1,2,3,1982,2,2
1991,1,80238,7,2,2,2,4,2,3,2,1,3,1982,2,2
1991,1,80239,6,1,1,1,1,1,3,4,1,3,1975,2,2
1991,1,80240,1,1,1,1,1,1,3,4,1,3,1978,2,2
1991,1,80241,7,6,2,2,4,2,3,2,1,3,1991,2,2
1991,1,80242,7,1,1,2,4,1,3,1,2,3,1973,1,2
1991,1,80243,1,2,2,2,1,1,3,4,1,3,1981,2,2
1991,2,80243,2,2,2,2,1,1,3,4,2,3,1977,2,2
1991,1,80244,1,2,2,1,2,2,3,4,1,3,1980,2,2
1991,1,80245,1,1,1,1,1,1,3,4,1,3,1986,2,2
1991,1,80246,7,2,2,2,4,2,3,2,1,3,1980,2,2
1991,1,80247,1,5,5,2,2,2,3,4,2,3,1989,2,2
1991,2,80247,2,2,2,2,1,1,3,4,2,3,1988,2,2
1991,3,80247,2,5,5,2,1,1,3,4,2,3,1985,2,2
1991,1,80248,2,2,2,1,1,1,3,4,2,3,1983,2,2
1991,2,80248,1,2,2,2,1,1,3,4,2,3,1988,2,2
1991,1,80249,2,3,3,2,1,1,3,4,2,3,1986,2,2
1991,2,80249,1,2,2,2,1,1,3,4,2,3,1988,2,2
1991,1,80250,1,1,1,1,2,2,3,4,2,3,1979,2,2
1991,1,80251,1,2,2,2,1,1,3,4,2,3,1990,2,2
1991,2,80251,6,2,2,2,1,1,3,4,2,3,1991,2,2
1991,1,80252,3,2,2,2,1,1,3,4,2,3,1983,2,2
1991,2,80252,1,3,3,2,1,1,3,4,2,3,1989,2,2
1991,1,80253,1,2,2,2,2,2,3,4,2,3,1990,2,2
1991,1,80254,7,6,3,2,4,1,3,1,2,3,1987,1,2
1991,1,80255,2,2,2,1,1,1,3,4,1,3,1948,1,2
1991,1,80256,1,2,2,2,1,1,3,4,2,3,1985,1,2
1991,2,80256,4,3,2,2,1,1,3,4,2,3,1991,2,2
1991,3,80256,1,2,2,2,1,1,3,4,2,3,1986,2,2
1991,1,80257,1,1,1,1,1,1,3,4,2,3,1990,1,2
1991,1,80258,1,2,2,2,2,2,3,4,2,3,1978,1,2
1991,2,80258,2,2,2,2,1,1,3,4,2,3,1980,2,2
1991,3,80258,1,2,2,2,1,1,3,4,2,3,1991,2,2
1991,1,80259,1,3,3,2,1,1,3,4,2,3,1978,1,2
1991,2,80259,6,2,2,1,1,1,3,4,2,3,1977,2,2
1991,1,80260,1,5,5,2,1,1,3,4,2,3,1978,2,2
1991,2,80260,4,2,2,2,1,1,3,4,2,3,1987,2,2
1991,1,80261,1,3,3,2,1,1,3,4,2,3,1978,2,2
1991,2,80261,2,6,6,2,1,1,3,4,2,3,1983,2,2
1991,1,80262,1,2,2,2,1,1,3,4,2,3,1989,2,2
1991,2,80262,3,3,3,1,1,1,3,4,2,3,1977,2,2
1991,3,80262,1,2,2,2,1,1,3,4,2,3,1989,2,2
1991,1,80263,2,5,5,2,1,1,3,4,2,3,1989,2,2
1991,2,80263,1,2,2,2,1,1,3,4,2,3,1989,2,2
1991,1,80264,4,2,2,2,1,1,3,4,2,3,1989,2,2
1991,1,80265,2,2,2,1,1,1,3,4,2,3,1969,2,2
1991,1,80266,7,6,6,2,4,1,3,1,2,3,1972,2,2
1991,1,80267,7,1,1,2,4,1,3,1,2,3,1989,2,2
1991,1,80268,2,1,1,1,1,1,3,4,2,3,1973,2,2
1991,1,80269,2,2,2,1,2,2,3,4,2,3,1985,1,2
1991,1,80270,1,2,2,1,1,1,3,4,2,3,1987,2,2
1991,1,80271,1,6,2,1,1,1,3,4,2,3,1988,1,2
1991,1,80272,1,1,1,1,1,1,3,4,2,3,1990,2,2
1991,1,80273,1,2,2,2,1,1,3,4,2,3,1963,1,2
1991,1,80274,1,2,2,1,1,1,3,4,1,3,1988,2,2
1991,1,80275,9,3,3,2,3,3,3,4,2,3,9999,2,2
1991,1,80276,1,4,4,1,1,1,3,4,2,3,1980,2,2
1991,2,80276,2,4,4,2,1,1,3,4,2,3,1990,2,2
1991,1,80277,2,1,1,1,1,1,3,4,1,3,1980,2,2
1991,1,80278,4,2,6,1,2,2,3,4,1,3,1983,2,1
1991,1,80279,1,2,2,2,2,2,3,4,1,3,1981,2,1
1991,1,80280,2,2,2,1,1,1,3,4,1,3,1989,2,2
1991,1,80281,1,6,2,1,1,1,3,4,2,3,1987,2,2
1991,1,80282,4,2,2,1,1,1,3,4,2,3,1991,2,1
1991,2,80282,6,2,2,2,1,1,3,4,2,3,1987,2,2
1991,1,80283,2,3,3,2,1,1,3,4,2,3,1985,2,2
1991,2,80283,7,2,2,2,4,2,3,2,2,3,1978,2,2
1991,1,80284,1,6,4,1,1,1,3,4,1,3,1979,2,1
1991,1,80285,1,1,1,1,1,1,3,4,1,3,1986,2,1
1991,1,80286,6,2,2,1,1,1,3,4,1,3,1989,2,2
1991,1,80287,7,5,5,2,4,1,3,1,1,3,1988,2,2
1991,1,80288,1,2,2,2,1,1,3,4,1,3,1974,2,2
1991,2,80288,2,2,2,1,1,1,3,4,2,3,1981,2,2
1991,1,80289,1,2,2,1,1,1,3,4,2,3,1979,2,1
1991,1,80290,2,2,2,1,1,1,3,4,1,3,1984,2,1
1991,1,80291,1,1,1,1,1,1,3,4,1,3,1989,2,2
1991,1,80292,2,2,2,1,1,1,3,4,1,3,1972,2,2
1991,1,80293,1,1,1,1,1,1,3,4,1,3,1979,2,2
1991,1,80294,1,2,2,2,1,1,3,4,2,3,1984,1,2
1991,2,80294,1,2,2,2,1,1,3,4,2,3,1988,2,2
1991,3,80294,7,2,2,2,4,1,3,1,2,3,1970,2,2
1991,1,80295,1,1,1,1,1,1,3,4,1,3,1987,2,2
1991,1,80296,7,2,2,2,4,1,3,1,1,3,1980,2,2
1991,2,80296,1,4,4,2,1,1,3,4,2,3,1990,2,2
1991,1,80297,1,2,2,1,1,1,3,4,2,3,1987,2,2
1991,2,80297,8,2,2,2,1,1,3,4,2,3,1978,2,2
1991,1,80298,3,2,2,2,1,1,3,4,1,3,1971,2,2
1991,1,80299,3,2,2,1,1,1,3,4,1,3,1973,2,2
1991,1,80300,1,2,2,2,1,1,3,4,2,3,1977,2,2
1991,1,80301,1,2,2,2,1,1,3,4,2,3,1990,2,2
1991,1,80302,1,2,2,2,2,2,3,4,2,3,1984,2,2
1991,2,80302,7,4,4,2,4,2,3,2,2,3,1979,2,2
1991,1,80303,2,5,5,1,1,1,3,4,2,3,1978,1,2
1991,1,80304,3,2,2,1,1,1,3,4,1,3,1983,2,2
1991,1,80305,1,2,2,1,2,2,3,4,2,3,1987,2,2
1991,1,80306,1,2,2,2,1,1,3,4,2,3,1984,2,2
1991,2,80306,7,2,2,2,4,1,3,1,2,3,1982,2,2
1991,1,80307,1,2,2,2,2,2,3,4,2,3,1981,2,1
1991,2,80307,1,2,2,2,1,1,3,4,2,3,1989,2,2
1991,1,80308,1,2,2,2,1,1,3,4,2,3,1980,2,2
1991,1,80309,1,2,2,1,1,1,3,4,2,3,1978,2,2
1991,1,80310,2,2,2,2,1,1,3,4,1,3,1987,2,2
1991,1,80311,2,2,2,1,1,1,3,4,2,3,1964,2,2
1991,2,80311,2,3,3,2,1,1,3,4,2,3,1984,2,2
1991,1,80312,2,2,2,1,1,1,3,4,1,3,1990,2,2
1991,1,80313,1,1,1,1,1,1,3,4,1,3,1979,2,2
1991,1,80314,1,3,3,2,1,1,3,4,2,3,1967,2,2
1991,2,80314,1,2,2,2,1,1,3,4,2,3,1978,2,2
1991,1,80315,1,2,2,2,1,1,3,4,2,3,1991,1,2
1991,1,80316,7,2,2,2,4,1,3,1,2,3,1984,2,2
1991,1,80317,1,3,3,1,1,1,3,4,1,3,1989,2,2
1991,1,80318,1,1,1,1,1,1,3,4,2,3,1980,2,2
1991,1,80319,1,2,2,1,1,1,3,4,1,3,1988,2,2
1991,1,80320,2,3,3,1,1,1,3,4,2,3,1984,2,2
1991,2,80320,1,2,2,2,1,1,3,4,2,3,1985,2,2
1991,1,80321,2,6,6,1,1,1,3,4,1,3,1988,1,2
1991,1,80322,3,2,2,2,1,1,3,4,2,3,1984,2,2
1991,1,80323,3,2,2,1,2,2,3,4,1,3,1973,2,2
1991,1,80324,6,1,1,1,1,1,3,4,1,3,1991,1,2
1991,1,80325,6,2,2,1,1,1,3,4,1,3,1984,2,2
1991,2,80325,2,2,2,2,1,1,3,4,2,3,1981,2,2
1991,1,80326,3,1,1,1,1,1,3,4,2,3,1980,2,2
1991,1,80327,6,6,6,1,1,1,3,4,1,3,1973,2,2
1991,1,80328,1,2,2,2,1,1,3,4,2,3,1979,2,2
1991,2,80328,1,2,2,2,1,1,3,4,2,3,1965,2,2
1991,1,80329,1,6,6,1,1,1,3,4,2,3,1990,2,1
1991,1,80330,1,1,1,1,1,1,3,4,2,3,1987,2,1
1991,1,80331,1,2,2,2,1,1,3,4,2,3,1988,2,2
1991,1,80332,7,2,2,2,4,2,3,2,1,3,1986,2,2
1991,2,80332,1,5,5,2,1,1,3,4,1,3,1983,2,2
1991,1,80333,1,2,2,2,1,1,3,4,2,3,1978,2,1
1991,1,80334,2,1,1,1,2,2,3,4,2,3,1983,2,2
1991,1,80335,7,6,3,2,4,2,3,2,1,3,1986,2,2
1991,1,80336,3,1,1,1,1,1,3,4,2,3,1989,2,2
1991,1,80337,3,2,2,1,1,1,3,4,1,3,1982,2,2
1991,1,80338,3,7,7,1,1,1,3,4,1,3,1978,2,2
1991,1,80339,1,2,2,1,1,1,3,4,2,3,1987,2,1
1991,1,80340,2,1,1,1,2,2,3,4,1,3,1990,2,2
1991,1,80341,1,2,2,2,1,1,3,4,2,3,1988,2,2
1991,2,80341,2,2,2,1,1,1,3,4,2,3,1991,2,2
1991,1,80342,2,1,1,1,1,1,3,4,2,3,1990,2,2
1991,1,80343,1,2,2,1,2,2,3,4,1,3,1970,2,2
1991,1,80344,2,2,2,1,1,1,3,4,2,3,1982,2,1
1991,1,80345,1,2,2,1,1,1,3,4,1,3,1979,2,2
1991,1,80346,2,6,6,1,1,1,3,4,2,3,1972,2,2
1991,1,80347,2,2,2,1,1,1,3,4,2,3,1973,2,1
1991,1,80348,1,5,5,1,1,1,3,4,1,3,1991,2,1
1991,1,80349,2,2,2,2,2,2,3,4,2,3,1983,2,2
1991,1,80350,7,2,2,2,4,1,3,1,1,3,1985,2,2
1991,1,80351,1,2,2,2,1,1,3,4,2,3,1978,2,2
1991,2,80351,1,2,2,2,1,1,3,4,1,3,1987,2,2
1991,3,80351,2,2,2,2,1,1,3,4,2,3,1965,2,2
1991,1,80352,1,2,2,2,1,1,3,4,2,3,1977,2,2
1991,1,80353,1,2,2,2,1,1,3,4,2,3,1979,2,2
1991,1,80354,1,2,2,2,1,1,3,4,1,3,1985,1,2
1991,2,80354,2,4,4,2,1,1,3,4,2,3,1988,2,2
1991,1,80355,1,6,6,2,1,1,3,4,2,3,1984,2,2
1991,1,80356,6,1,1,1,1,1,3,4,2,3,1988,2,1
1991,1,80357,3,2,2,1,1,1,3,4,2,3,1987,2,2
1991,2,80357,3,4,4,1,1,1,3,4,2,3,1991,2,2
1991,1,80358,3,2,3,1,1,1,3,4,2,3,1990,2,2
1991,1,80359,1,4,4,1,1,1,3,4,2,3,1989,2,2
1991,1,80360,1,2,2,2,2,2,3,4,2,3,1980,2,2
1991,1,80361,7,1,1,2,4,2,3,2,2,3,1985,2,2
1991,1,80362,1,2,2,2,2,2,3,4,2,3,1980,1,2
1991,2,80362,1,2,2,2,1,1,3,4,2,3,1987,2,2
1991,1,80363,1,5,5,1,1,1,3,4,1,3,1982,2,1
1991,1,80364,9,4,4,2,1,1,3,4,2,3,1987,2,2
1991,2,80364,2,2,2,1,1,1,3,4,2,3,1985,2,2
1991,3,80364,2,2,2,2,1,1,3,4,2,3,1983,2,2
1991,1,80365,1,3,6,1,2,2,3,4,1,3,1975,2,2
1991,2,80365,2,2,2,1,2,2,3,4,2,3,1983,2,2
1991,1,80366,7,2,2,2,4,2,3,2,1,3,1980,2,2
1991,1,80367,1,2,2,2,1,1,3,4,2,3,1988,2,2
1991,1,80368,1,2,2,2,1,1,3,4,2,3,1991,2,2
1991,1,80369,7,2,2,2,4,1,3,1,2,3,1982,2,2
1991,1,80371,7,4,4,2,4,1,3,1,1,3,1976,1,2
1991,1,80372,7,7,7,2,4,1,3,1,1,3,1990,2,2
1991,1,80373,2,3,3,1,1,1,3,4,1,3,1978,2,2
1991,1,80374,1,7,7,1,1,1,3,4,1,3,1991,2,2
1991,1,80375,1,6,5,2,1,1,3,4,1,3,1989,2,2
1991,2,80375,2,2,2,2,1,1,3,4,2,3,1989,2,2
1991,1,80376,1,5,5,2,1,1,3,4,2,3,1980,2,2
1991,2,80376,2,2,2,2,1,1,3,4,1,3,1967,2,2
1991,1,80377,2,2,2,1,1,1,3,4,1,3,1955,2,2
1991,1,80378,1,3,5,2,2,2,3,4,1,3,1984,2,2
1991,1,80379,3,6,6,1,1,1,3,4,1,3,1988,2,2
1991,1,80380,2,1,1,2,1,1,3,4,2,3,1975,2,2
1991,1,80381,1,1,1,1,1,1,3,4,2,3,1986,2,2
1991,1,80382,1,3,2,1,1,1,3,4,1,3,1973,2,2
1991,1,80383,2,2,2,2,1,1,3,4,1,3,1970,2,2
1991,1,80384,1,2,2,1,1,1,3,4,2,3,1990,2,2
1991,1,80385,6,3,3,2,1,1,3,4,2,3,1974,1,2
1991,1,80386,3,2,2,2,1,1,3,4,2,3,1984,2,2
1991,2,80386,7,2,2,2,4,1,3,1,2,3,1970,2,2
1991,1,80387,6,2,2,1,1,1,3,4,2,3,1988,1,2
1991,2,80387,1,4,4,2,1,1,3,4,2,3,1984,2,2
1991,3,80387,9,4,4,2,1,1,3,4,2,3,9999,2,2
1991,1,80388,8,2,2,2,1,1,3,4,2,3,1986,2,2
1991,1,80389,1,2,2,2,1,1,3,4,2,3,1985,2,2
1991,1,80390,1,3,3,2,1,1,3,4,2,3,1981,1,2
1991,2,80390,4,2,2,1,1,1,3,4,2,3,1989,2,2
1991,1,80391,1,7,7,1,1,1,3,4,1,3,1987,2,2
1991,1,80392,7,3,5,2,4,1,3,1,1,3,1976,2,2
1991,2,80392,2,6,6,2,1,1,3,4,1,3,1986,2,2
1991,1,80393,1,2,2,1,1,1,3,4,2,3,1981,1,2
1991,2,80393,4,2,2,2,1,1,3,4,2,3,1989,2,2
1991,1,80394,2,2,2,1,1,1,3,4,2,3,1964,2,1
1991,1,80395,7,2,2,2,4,2,3,2,2,3,1967,2,2
1991,1,80396,1,5,5,2,1,1,3,4,1,3,1988,2,2
1991,1,80397,1,5,2,2,1,1,3,4,2,3,1974,2,2
1991,1,80398,1,7,7,1,2,2,3,4,1,3,1976,2,2
1991,1,80399,1,5,5,2,1,1,3,4,2,3,1977,1,2
1991,2,80399,7,2,2,2,4,2,3,2,2,3,1986,2,2
1991,1,80400,1,5,5,2,1,1,3,4,2,3,1981,2,2
1991,2,80400,3,2,2,2,1,1,3,4,1,3,1991,2,2
1991,1,80401,1,5,5,2,1,1,3,4,1,3,1968,2,2
1991,1,80402,1,3,2,2,1,1,3,4,2,3,1975,2,2
1991,1,80403,2,2,3,1,1,1,3,4,1,3,1974,2,2
1991,1,80404,2,2,2,1,1,1,3,4,2,3,1991,2,1
1991,1,80405,3,2,2,2,1,1,3,4,1,3,1975,2,2
1991,2,80405,1,3,3,2,1,1,3,4,2,3,1989,2,2
1991,1,80406,1,2,2,1,2,2,3,4,1,3,1977,2,1
1991,1,80407,2,2,2,1,1,1,3,4,1,3,1986,1,2
1991,2,80407,1,4,4,2,1,1,3,4,2,3,1987,2,2
1991,1,80408,1,2,2,2,1,1,3,4,2,3,1991,2,2
1991,1,80409,1,2,2,2,1,1,3,4,2,3,1979,2,2
1991,1,80410,2,2,2,1,1,1,3,4,2,3,1987,2,2
1991,2,80410,1,2,2,2,1,1,3,4,2,3,1979,2,2
1991,3,80410,1,2,2,2,1,1,3,4,2,3,1985,2,2
1991,1,80411,2,2,2,2,1,1,3,4,2,3,1984,2,2
1991,2,80411,2,4,4,2,1,1,3,4,2,3,1979,2,2
1991,1,80412,3,2,2,2,1,1,3,4,2,3,1990,2,2
1991,2,80412,1,4,4,2,1,1,3,4,2,3,1986,2,2
1991,1,80413,1,3,3,2,1,1,3,4,2,3,1984,2,2
1991,2,80413,2,2,2,2,1,1,3,4,2,3,1981,2,2
1991,1,80414,7,3,3,2,4,1,3,1,2,3,1990,2,2
1991,2,80414,1,2,2,2,1,1,3,4,2,3,1991,2,2
1991,1,80415,2,1,1,2,1,1,3,4,2,3,1988,2,2
1991,1,80416,3,2,2,2,2,2,3,4,1,3,1974,2,1
1991,1,80417,2,2,3,1,1,1,3,4,2,3,1977,2,1
1991,1,80418,1,3,3,2,1,1,3,4,2,3,1988,2,2
1991,2,80418,1,2,2,2,1,1,3,4,2,3,1981,2,2
1991,1,80419,3,2,2,1,1,1,3,4,2,3,1970,2,2
1991,1,80420,1,2,2,2,1,1,3,4,2,3,1979,2,2
1991,2,80420,2,2,2,2,1,1,3,4,2,3,1986,2,2
1991,1,80421,3,2,2,2,1,1,3,4,2,3,1979,2,1
1991,1,80422,1,1,1,2,1,1,3,4,2,3,1966,2,2
1991,1,80423,1,3,5,2,1,1,3,4,2,3,1990,2,2
1991,2,80423,8,2,2,2,1,1,3,4,2,3,1987,2,2
1991,1,80424,2,2,2,2,1,1,3,4,1,3,1984,2,2
1991,2,80424,1,2,2,2,1,1,3,4,2,3,1986,2,2
1991,1,80425,3,1,1,1,1,1,3,4,1,3,1974,2,2
1991,1,80426,1,2,2,2,1,1,3,4,2,3,1983,2,2
1991,2,80426,6,2,2,2,1,1,3,4,2,3,1987,2,2
1991,1,80427,2,2,2,2,1,1,3,4,1,3,1991,2,2
1991,2,80427,1,3,3,2,1,1,3,4,2,3,1985,2,2
1991,1,80428,1,2,2,1,1,1,3,4,2,3,1974,2,1
1991,1,80429,1,2,2,2,1,1,3,4,2,3,1978,1,2
1991,2,80429,1,2,2,2,1,1,3,4,2,3,1987,2,2
1991,3,80429,1,2,2,2,1,1,3,4,2,3,1978,2,2
1991,1,80430,1,2,2,1,1,1,3,4,1,3,1986,2,2
1991,1,80431,2,2,2,2,1,1,3,4,2,3,1973,2,2
1991,2,80431,4,2,2,2,1,1,3,4,2,3,1989,2,2
1991,1,80432,2,2,4,1,1,1,3,4,1,3,1991,2,2
1991,1,80433,3,2,2,2,1,1,3,4,2,3,1986,2,2
1991,1,80434,2,2,2,2,1,1,3,4,2,3,1972,2,2
1991,2,80434,4,2,2,2,1,1,3,4,2,3,1988,2,2
1991,1,80435,1,2,2,2,1,1,3,4,2,3,1990,2,2
1991,2,80435,1,2,2,2,1,1,3,4,2,3,1985,2,2
1991,1,80436,3,4,4,1,1,1,3,4,1,3,1981,2,2
1991,1,80437,1,1,1,1,2,2,3,4,2,3,1977,2,2
1991,1,80438,1,2,2,2,2,2,3,4,2,3,1975,2,2
1991,1,80439,1,2,2,2,1,1,3,4,2,3,1976,2,2
1991,2,80439,2,2,2,2,1,1,3,4,2,3,1976,2,2
1991,1,80440,1,2,3,2,1,1,3,4,1,3,1981,2,2
1991,2,80440,3,5,5,2,1,1,3,4,2,3,1990,2,2
1991,3,80440,1,2,2,2,1,1,3,4,2,3,1988,2,2
1991,4,80440,3,2,2,2,1,1,3,4,2,3,1983,2,2
1991,1,80441,3,1,1,1,2,2,3,4,2,3,1989,2,1
1991,1,80442,9,7,7,2,3,3,3,4,2,3,9999,2,2
1991,1,80443,4,2,2,2,1,1,3,4,2,3,1979,2,2
1991,2,80443,6,2,2,2,1,1,3,4,2,3,1991,2,2
1991,1,80444,1,2,2,2,1,1,3,4,2,3,1986,2,2
1991,2,80444,1,2,2,2,1,1,3,4,2,3,1986,2,2
1991,3,80444,5,2,2,2,1,1,3,4,2,3,1989,2,2
1991,1,80445,1,2,2,1,1,1,3,4,2,3,1988,2,1
1991,1,80446,1,3,3,2,2,2,3,4,2,3,1973,1,2
1991,2,80446,2,2,2,2,1,1,3,4,2,3,1990,2,2
1991,1,80447,1,2,2,2,1,1,3,4,2,3,1987,2,1
1991,1,80448,1,2,2,2,1,1,3,4,1,3,1986,2,2
1991,2,80448,6,2,2,2,1,1,3,4,2,3,1989,2,2
1991,1,80449,2,2,2,2,1,1,3,4,2,3,1990,2,2
1991,2,80449,6,6,6,2,1,1,3,4,2,3,1985,2,2
1991,3,80449,2,4,4,2,1,1,3,4,2,3,1976,2,2
1991,4,80449,1,4,4,2,1,1,3,4,2,3,1986,2,2
1991,1,80450,1,2,2,1,1,1,3,4,1,3,1985,2,2
1991,1,80451,6,3,3,1,1,1,3,4,2,3,1982,2,2
1991,2,80451,2,2,2,2,1,1,3,4,2,3,1973,2,2
1991,1,80452,1,2,2,2,1,1,3,4,2,3,1974,2,2
1991,2,80452,1,2,2,2,1,1,3,4,2,3,1986,2,2
1991,1,80453,1,5,5,2,1,1,3,4,1,3,1990,2,1
1991,2,80453,2,2,2,2,1,1,3,4,2,3,1982,2,2
1991,1,80454,4,6,6,2,1,1,3,4,2,3,1977,1,2
1991,1,80455,1,1,1,1,2,2,3,4,1,3,1984,1,2
1991,1,80456,3,2,2,2,1,1,3,4,2,3,1984,2,2
1991,2,80456,4,2,2,2,1,1,3,4,2,3,1988,2,2
1991,1,80457,1,2,2,2,2,2,3,4,2,3,1976,2,2
1991,1,80458,1,2,2,1,1,1,3,4,2,3,1986,2,1
1991,1,80459,1,5,5,2,1,1,3,4,2,3,1987,2,2
1991,2,80459,2,2,2,2,1,1,3,4,2,3,1971,2,2
1991,1,80460,1,2,2,2,2,2,3,4,1,3,1975,2,2
1991,2,80460,1,3,3,1,1,1,3,4,2,3,1990,2,2
1991,1,80461,3,2,2,2,2,2,3,4,1,3,1990,2,2
1991,2,80461,1,3,3,1,1,1,3,4,2,3,1980,2,2
1991,1,80462,1,2,2,2,2,2,3,4,2,3,1972,2,2
1991,2,80462,6,2,2,2,1,1,3,4,2,3,1980,2,2
1991,1,80463,2,4,4,2,1,1,3,4,2,3,1985,2,2
1991,2,80463,1,2,2,2,1,1,3,4,2,3,1986,2,2
1991,1,80464,2,2,2,1,1,1,3,4,2,3,1989,1,2
1991,1,80465,1,2,2,2,1,1,3,4,2,3,1984,1,2
1991,2,80465,1,2,2,2,1,1,3,4,2,3,1981,2,2
1991,1,80466,1,6,2,1,1,1,3,4,2,3,1987,2,2
1991,1,80467,3,2,2,2,1,1,3,4,2,3,1982,2,2
1991,1,80468,1,5,5,2,2,2,3,4,2,3,1990,2,2
1991,2,80468,2,2,2,2,1,1,3,4,2,3,1988,2,2
1991,1,80469,1,2,2,2,2,2,3,4,2,3,1974,2,2
1991,1,80470,1,2,3,2,1,1,3,4,2,3,1988,2,1
1991,1,80471,3,2,2,2,1,1,3,4,1,3,1990,1,2
1991,2,80471,4,2,2,2,1,1,3,4,2,3,1986,2,2
1991,1,80472,4,2,2,2,1,1,3,4,2,3,1991,2,2
1991,2,80472,1,5,5,2,1,1,3,4,2,3,1982,2,2
1991,1,80473,1,2,2,2,1,1,3,4,2,3,1991,2,1
1991,2,80473,1,3,3,2,1,2,3,4,2,3,1987,2,2
1991,1,80474,1,2,2,1,1,1,3,4,1,3,1986,2,1
1991,1,80475,1,2,2,2,2,2,3,4,2,3,1981,1,2
1991,1,80476,2,2,2,2,1,1,3,4,2,3,1986,2,2
1991,2,80476,1,5,5,2,1,1,3,4,2,3,1990,2,2
1991,3,80476,1,2,2,2,1,1,3,4,2,3,1990,2,2
1991,1,80477,1,7,7,1,1,1,3,4,2,3,1985,2,2
1991,1,80478,1,2,2,2,1,1,3,4,2,3,1978,2,2
1991,1,80479,9,2,2,2,3,3,3,4,2,3,9999,2,2
1991,2,80479,2,5,5,1,1,1,3,4,2,3,1983,2,2
1991,1,80480,3,2,2,1,1,1,3,4,2,3,1989,2,2
1991,1,80482,1,2,2,2,1,1,3,4,2,3,1988,2,2
1991,2,80482,2,4,4,2,1,1,3,4,2,3,1973,2,2
1991,1,80483,6,5,5,1,1,1,3,4,1,3,1984,2,2
1991,1,80484,2,2,2,1,2,2,3,4,1,3,1986,2,2
1991,1,80485,6,1,1,1,1,1,3,4,1,3,1978,2,2
1991,1,80486,2,1,1,2,1,1,3,4,2,3,1977,2,2
1991,1,90001,1,2,2,1,1,1,3,4,2,3,1985,2,2
1991,1,90002,8,6,6,2,1,1,3,4,2,3,1989,2,2
1991,1,90003,1,2,2,2,1,1,3,4,1,3,1977,2,2
1991,1,90004,1,2,2,2,1,1,3,4,1,3,1989,2,2
1991,1,90005,2,2,2,2,1,1,3,4,2,3,1984,2,2
1991,1,90006,1,2,2,2,2,2,3,4,2,3,1986,2,2
1991,1,90007,1,2,5,2,1,1,3,4,2,3,1987,2,2
1991,1,90008,1,2,2,2,1,1,3,4,2,3,1989,2,2
1991,1,90009,1,2,2,2,1,1,3,4,2,3,1981,2,2
1991,1,90010,1,2,2,2,1,1,3,4,2,3,1984,2,2
1991,2,90010,2,2,2,2,1,1,3,4,2,3,1985,2,2
1991,3,90010,1,2,2,2,1,1,3,4,2,3,1985,2,2
1991,1,90011,1,2,2,2,1,1,3,4,2,3,1980,2,2
1991,1,90012,1,2,2,2,1,1,3,4,2,3,1980,2,2
1991,2,90012,2,2,2,2,1,1,3,4,2,3,1985,2,2
1991,1,90013,2,2,7,2,1,1,3,4,1,3,1988,2,2
1991,2,90013,1,5,5,2,1,1,3,4,2,3,1988,2,2
1991,1,90014,1,2,2,2,1,1,3,4,2,3,1982,2,2
1991,1,90015,1,3,3,2,1,1,3,4,2,3,1979,2,2
1991,2,90015,5,2,5,1,1,1,3,4,2,3,1989,2,2
1991,1,90016,1,3,3,2,1,1,3,4,1,3,1988,2,2
1991,2,90016,6,2,2,2,1,1,3,4,2,3,1985,2,2
1991,1,90017,1,2,2,2,1,1,3,4,2,3,1988,2,2
1991,1,90020,1,2,5,1,1,1,3,4,1,3,1988,2,2
1991,2,90020,1,2,2,2,1,1,3,4,2,3,1985,2,2
1991,1,90021,2,2,2,2,1,1,3,4,2,3,1987,2,2
1991,2,90021,1,2,2,2,1,1,3,4,2,3,1989,2,2
1991,3,90021,1,2,2,2,1,1,3,4,2,3,1985,2,2
1991,1,90022,1,2,2,2,1,1,3,4,2,3,1980,2,2
1991,2,90022,1,2,2,2,1,1,3,4,2,3,1988,2,2
1991,1,90023,1,2,2,2,1,1,3,4,2,3,1982,2,2
1991,2,90023,2,2,2,2,1,1,3,4,2,3,1987,2,2
1991,1,90024,1,2,2,2,1,1,3,4,1,3,1980,2,2
1991,1,90025,1,2,3,2,1,1,3,4,2,3,1990,2,2
1991,2,90025,2,2,2,2,1,1,3,4,2,3,1981,2,2
1991,1,90026,2,2,3,2,1,1,3,4,2,3,1988,2,2
1991,1,90028,1,2,2,2,2,2,3,4,2,3,1983,2,2
1991,2,90028,3,6,6,2,2,2,3,4,2,3,1985,2,2
1991,1,90029,2,3,3,2,1,1,3,4,1,3,1986,2,2
1991,1,90030,7,2,2,2,4,1,3,1,1,3,1989,2,2
1991,2,90030,1,7,7,2,1,1,3,4,2,3,1983,2,2
1991,1,90031,3,3,3,2,1,1,3,4,2,3,1987,2,2
1991,2,90031,1,2,2,2,1,1,3,4,2,3,1986,2,2
1991,1,90032,2,2,2,2,1,1,3,4,2,3,1987,2,2
1991,1,90033,1,2,2,2,1,1,3,4,2,3,1985,2,2
1991,1,90034,1,2,2,2,1,1,3,4,2,3,1968,2,2
1991,1,90035,2,2,2,2,2,2,3,4,1,3,1982,2,1
1991,1,90036,1,4,4,2,1,1,3,4,2,3,1991,2,2
1991,1,90037,1,5,5,2,2,2,3,4,2,3,1983,2,2
1991,2,90037,5,2,2,2,1,1,3,4,1,3,1977,2,2
1991,1,90038,1,2,2,2,1,1,3,4,1,3,1984,2,2
1991,1,90039,4,7,7,1,1,1,3,4,2,3,1988,2,2
1991,2,90039,2,7,7,2,1,1,3,4,2,3,1977,2,2
1991,3,90039,1,7,7,2,1,1,3,4,2,3,1978,2,2
1991,1,90040,1,3,2,1,2,2,3,4,1,3,1981,2,2
1991,2,90040,6,2,2,2,1,1,3,4,2,3,1986,2,2
1991,1,90041,1,5,5,2,2,2,3,4,2,3,1978,2,2
1991,1,90042,6,3,4,2,1,1,3,4,2,3,1964,2,2
1991,1,90043,1,2,2,1,1,1,3,4,1,3,1989,2,2
1991,1,90044,1,2,2,2,1,1,3,4,2,3,1985,2,2
1991,2,90044,4,4,4,2,1,1,3,4,2,3,1986,2,2
1991,1,90045,7,2,2,2,4,2,3,2,2,3,9999,2,2
1991,1,90046,1,5,5,2,1,1,3,4,2,3,1986,2,2
1991,2,90046,1,2,2,2,1,1,3,4,2,3,1987,2,2
1991,1,90047,1,2,2,2,1,1,3,4,1,3,1985,2,2
1991,1,90048,2,2,2,2,1,1,3,4,2,3,1991,2,2
1991,2,90048,3,4,4,2,1,1,3,4,2,3,1974,2,2
1991,1,90049,3,2,2,1,1,1,3,4,2,3,1989,2,2
1991,1,90050,1,2,2,2,2,2,3,4,2,3,1986,2,2
1991,1,90051,2,2,2,2,1,1,3,4,1,3,1988,2,2
1991,1,90052,1,2,2,1,1,1,3,4,2,3,1989,2,2
1991,1,90053,1,2,2,2,1,1,3,4,2,3,1986,2,1
1991,1,90054,7,2,2,2,4,1,3,1,1,3,1989,2,2
1991,2,90054,3,5,5,2,1,1,3,4,2,3,1986,2,2
1991,1,90055,6,4,4,2,1,1,3,4,2,3,1982,2,2
1991,1,90056,6,2,2,2,1,1,3,4,2,3,1987,2,2
1991,2,90056,7,4,4,2,4,2,3,2,2,3,1979,2,2
1991,3,90056,1,4,4,2,1,1,3,4,2,3,1981,2,2
1991,1,90057,7,2,2,2,4,2,3,2,1,3,1983,2,2
1991,2,90057,1,5,5,2,1,1,3,4,2,3,1986,2,2
1991,1,90058,1,2,2,2,1,1,3,4,2,3,1978,2,2
1991,1,90060,1,2,2,2,1,1,3,4,2,3,1989,2,2
1991,1,90061,1,2,2,2,1,1,3,4,2,3,1987,2,2
1991,1,90062,7,2,2,2,4,2,3,2,2,3,1979,2,2
1991,1,90063,4,2,2,1,2,2,3,4,1,3,1986,2,2
1991,2,90063,2,2,2,2,1,1,3,4,2,3,1991,2,2
1991,3,90063,1,3,5,2,1,1,3,4,2,3,1988,2,2
1991,1,90064,1,2,2,2,1,1,3,4,2,3,1988,2,2
1991,1,90065,1,2,2,2,1,1,3,4,2,3,1990,2,2
1991,1,90066,1,2,2,2,2,2,3,4,1,3,1981,2,2
1991,2,90066,1,2,2,2,1,1,3,4,2,3,1983,2,2
1991,1,90067,1,2,2,1,2,2,3,4,2,3,1988,2,2
1991,1,90069,7,2,2,2,4,1,3,1,2,3,1989,2,2
1991,1,90071,2,2,2,2,1,1,3,4,2,3,1982,2,2
1991,1,90072,2,2,2,1,1,1,3,4,2,3,1988,2,2
1991,1,90073,1,5,5,2,1,1,3,4,2,3,1983,2,2
1991,2,90073,4,2,5,2,1,1,3,4,2,3,1989,2,2
1991,1,90074,1,2,2,1,1,1,3,4,1,3,1983,2,2
1991,2,90074,3,2,2,2,1,1,3,4,2,3,1984,2,2
1991,3,90074,1,2,2,2,1,1,3,4,2,3,1990,2,2
1991,1,90075,1,2,2,2,1,1,3,4,2,3,1985,2,2
1991,2,90075,7,2,2,2,4,2,3,2,2,3,1982,2,2
1991,1,90076,1,2,2,2,1,1,3,4,2,3,1980,2,2
1991,2,90076,1,2,2,2,1,1,3,4,2,3,1991,2,2
1991,1,90077,1,3,3,2,1,1,3,4,2,3,1984,2,2
1991,2,90077,1,2,2,2,1,1,3,4,2,3,1985,2,2
1991,1,90078,7,2,2,2,4,1,3,1,1,3,1987,2,2
1991,1,90079,1,2,2,2,1,1,3,4,2,3,1990,2,2
1991,2,90079,1,2,5,2,1,1,3,4,2,3,1990,2,2
1991,1,90080,1,2,5,2,1,1,3,4,1,3,1974,2,2
1991,1,90081,6,2,2,2,1,1,3,4,1,3,1989,2,2
1991,2,90081,6,2,2,1,1,1,3,4,2,3,1986,2,2
1991,1,90082,1,5,5,2,1,1,3,4,2,3,1988,2,2
1991,1,90083,9,2,2,2,2,2,3,4,2,3,1988,2,2
1991,2,90083,1,2,2,2,2,2,3,4,2,3,1979,2,2
1991,1,90084,3,2,2,2,1,1,3,4,2,3,1987,2,2
1991,2,90084,2,2,2,2,1,1,3,4,2,3,1989,2,2
1991,1,90085,4,2,2,2,1,1,3,4,2,3,1990,2,2
1991,1,90086,7,2,2,2,4,1,3,1,2,3,1980,2,2
1991,1,90087,1,2,2,2,1,1,3,4,2,3,1989,2,2
1991,1,90088,1,2,2,2,1,1,3,4,2,3,1987,2,1
1991,2,90088,7,4,4,2,4,1,3,1,2,3,1975,2,2
1991,1,90089,9,2,2,2,3,3,3,4,1,3,9999,2,2
1991,1,90090,1,2,2,2,2,1,3,4,1,3,1976,2,2
1991,2,90090,1,2,2,2,1,1,3,4,2,3,1990,2,2
1991,3,90090,1,4,4,2,1,1,3,4,2,3,1985,2,2
1991,1,90091,1,2,2,2,1,1,3,4,2,3,1979,2,2
1991,1,90092,1,3,3,2,2,2,3,4,1,3,1987,2,2
1991,1,90093,3,1,1,1,1,1,3,4,2,3,1975,2,2
1991,1,90094,9,1,1,1,2,2,3,4,2,3,1990,2,2
1991,1,90095,1,2,2,2,1,1,3,4,2,3,1985,2,1
1991,1,90096,1,2,2,2,1,1,3,4,2,3,1989,2,2
1991,1,90097,1,2,2,2,3,3,3,4,1,3,1990,2,2
1991,1,90098,1,2,2,2,2,2,3,4,2,3,1990,2,2
1991,1,90099,1,2,2,2,1,1,3,4,2,3,1979,2,2
1991,2,90099,2,3,3,1,1,1,3,4,2,3,1986,2,2
1991,1,90100,1,2,2,2,1,1,3,4,2,3,1984,2,2
1991,2,90100,1,4,4,2,1,1,3,4,2,3,1978,2,2
1991,1,90101,9,7,7,2,3,3,3,4,2,3,9999,2,2
1991,2,90101,7,2,2,2,4,1,3,1,2,3,1986,2,2
1991,1,90102,4,2,2,2,1,1,3,4,2,3,1985,2,2
1991,2,90102,1,2,2,2,1,1,3,4,2,3,1984,2,2
1991,1,90103,1,2,2,1,1,1,3,4,1,3,1987,2,2
1991,1,90104,6,4,4,2,1,1,3,4,2,3,1987,2,2
1991,1,90105,1,2,2,2,1,1,3,4,2,3,1983,2,2
1991,1,90107,7,2,2,2,4,2,3,2,2,3,1978,2,2
1991,1,90108,1,2,2,1,1,1,3,4,2,3,1985,2,2
1991,1,90109,6,2,2,2,1,1,3,4,2,3,1984,2,2
1991,2,90109,2,2,2,2,1,1,3,4,2,3,1986,2,2
1991,1,90110,1,2,2,2,2,2,3,4,2,3,1977,2,2
1991,2,90110,3,2,2,2,1,1,3,4,2,3,1986,2,2
1991,1,90111,1,2,2,2,1,1,3,4,2,3,1984,2,2
1991,2,90111,1,2,2,2,1,1,3,4,2,3,1984,2,2
1991,1,90112,1,2,2,2,1,1,3,4,1,3,1989,2,2
1991,2,90112,3,2,2,2,1,1,3,4,2,3,1987,2,2
1991,1,90113,1,2,2,2,1,1,3,4,2,3,1989,2,2
1991,1,90115,7,1,1,2,4,1,3,1,1,3,1972,2,2
1991,2,90115,1,6,6,2,1,1,3,4,2,3,1969,2,2
1991,1,90116,6,7,7,2,3,3,3,4,2,3,9999,2,2
1991,2,90116,1,6,6,2,1,1,3,4,2,3,1981,2,2
1991,1,90117,1,2,2,1,1,1,3,4,2,3,1985,2,1
1991,1,90118,3,1,1,1,1,1,3,4,2,3,1989,2,2
1991,1,90120,1,2,2,1,1,1,3,4,2,3,1988,2,1
1991,1,90121,2,2,2,1,2,2,3,4,1,3,1979,2,2
1991,1,90122,1,2,2,2,1,1,3,4,2,3,1988,2,2
1991,2,90122,2,2,2,2,1,1,3,4,2,3,1978,2,2
1991,1,90123,1,3,3,1,2,2,3,4,2,3,1986,2,2
1991,1,90124,3,2,2,2,1,1,3,4,2,3,1991,1,2
1991,1,90125,1,5,5,2,1,1,3,4,1,3,1970,2,2
1991,2,90125,4,2,2,2,1,1,3,4,2,3,1981,2,2
1991,1,90126,1,2,2,1,1,1,3,4,1,3,1987,2,1
1991,1,90127,1,2,2,2,1,1,3,4,2,3,1975,2,2
1991,2,90127,1,2,2,2,1,1,3,4,2,3,1990,2,2
1991,1,90129,4,2,2,2,1,1,3,4,2,3,1988,2,2
1991,2,90129,1,2,2,2,1,1,3,4,2,3,1979,2,2
1991,1,90130,1,2,2,2,1,1,3,4,2,3,1989,2,1
1991,1,90131,1,2,2,2,1,1,3,4,1,3,1987,2,2
1991,2,90131,1,2,2,2,1,1,3,4,2,3,1984,2,2
1991,1,90132,7,2,2,2,4,2,3,2,2,3,1991,2,2
1991,1,90133,1,6,6,2,1,1,3,4,2,3,1979,2,2
1991,1,90134,1,2,2,2,1,1,3,4,2,3,1983,2,1
1991,1,90135,1,2,2,2,1,1,3,4,2,3,1991,2,2
1991,2,90135,1,4,4,2,1,1,3,4,2,3,1987,2,2
1991,1,90136,1,2,2,2,1,1,3,4,2,3,1986,2,2
1991,1,90137,1,2,2,2,1,1,3,4,1,3,1974,2,2
1991,1,90138,1,4,4,2,1,1,3,4,2,3,1981,2,2
1991,2,90138,7,2,2,2,4,1,3,1,1,3,1989,2,2
1991,1,90139,1,2,2,2,1,1,3,4,1,3,1987,2,2
1991,1,90140,7,1,1,2,4,1,3,1,2,3,1985,2,2
1991,1,90141,6,4,2,2,1,1,3,4,1,3,1988,2,2
1991,1,90142,1,2,2,2,1,1,3,4,2,3,1979,2,2
1991,2,90142,3,2,2,2,1,1,3,4,2,3,1991,2,2
1991,1,90143,6,6,6,2,1,2,3,4,2,3,1980,2,2
1991,1,90144,7,2,2,2,4,1,3,1,1,3,1991,2,2
1991,2,90144,1,2,2,2,1,1,3,4,2,3,1988,2,2
1991,1,90145,1,2,2,2,1,1,3,4,1,3,1987,2,2
1991,1,90146,1,3,3,2,1,1,3,4,1,3,1978,2,2
1991,2,90146,1,2,2,2,1,1,3,4,2,3,1987,2,2
1991,1,90147,1,2,2,2,1,1,3,4,2,3,1988,2,2
1991,2,90147,4,2,2,2,1,1,3,4,2,3,1979,2,2
1991,1,90148,1,2,2,2,1,1,3,4,2,3,1984,2,2
1991,1,90149,1,2,2,2,1,1,3,4,2,3,1989,2,2
1991,1,90150,1,2,2,2,1,1,3,4,2,3,1989,2,2
1991,2,90150,4,2,2,2,1,1,3,4,2,3,1987,2,2
1991,1,90151,6,3,3,2,1,1,3,4,2,3,1979,2,2
1991,2,90151,1,2,2,2,1,1,3,4,2,3,1982,2,2
1991,1,90152,1,2,2,2,1,1,3,4,2,3,1987,2,1
1991,1,90153,1,5,5,2,1,1,3,4,2,3,1986,2,2
1991,2,90153,2,2,2,2,1,1,3,4,1,3,1985,2,2
1991,1,90154,1,2,2,2,1,1,3,4,2,3,1979,2,2
1991,2,90154,2,2,5,2,1,1,3,4,2,3,1980,2,2
1991,1,90155,4,2,2,2,1,1,3,4,2,3,1978,2,2
1991,1,90156,2,2,2,1,1,1,3,4,2,3,1989,2,2
1991,1,90157,1,2,2,2,1,1,3,4,2,3,1984,2,2
1991,1,90158,4,2,2,2,1,1,3,4,2,3,1976,2,2
1991,1,90159,1,2,6,1,2,2,3,4,1,3,1991,2,2
1991,1,90160,1,3,3,2,1,1,3,4,2,3,1986,2,2
1991,2,90160,1,2,2,2,1,1,3,4,1,3,1971,2,2
1991,1,90161,1,2,2,2,1,1,3,4,1,3,1982,2,2
1991,2,90161,6,4,4,2,1,1,3,4,2,3,1975,2,2
1991,1,90162,1,2,2,2,1,1,3,4,2,3,1987,2,2
1991,2,90162,1,2,2,2,1,1,3,4,2,3,1987,2,2
1991,1,90163,2,2,2,2,1,1,3,4,2,3,1988,2,2
1991,2,90163,1,2,2,2,1,1,3,4,2,3,1987,2,2
1991,1,90164,1,2,2,2,1,1,3,4,2,3,1987,2,2
1991,1,90165,1,3,5,2,1,1,3,4,2,3,1987,2,2
1991,2,90165,1,2,2,2,1,1,3,4,2,3,1990,2,2
1991,1,90166,1,3,3,2,1,1,3,4,1,3,1989,2,2
1991,2,90166,1,2,2,2,1,1,3,4,2,3,1988,2,2
1991,1,90167,1,4,6,1,1,1,3,4,1,3,1990,2,2
1991,1,90168,1,2,2,2,1,1,3,4,2,3,1982,2,2
1991,2,90168,6,4,4,2,1,1,3,4,2,3,1990,2,2
1991,1,90169,1,2,2,1,2,2,3,4,2,3,1980,2,2
1991,1,90170,1,2,5,2,1,1,3,4,1,3,1989,2,2
1991,2,90170,2,2,2,2,1,1,3,4,2,3,1987,2,2
1991,1,90171,1,2,2,2,1,1,3,4,2,3,1988,2,2
1991,1,90172,7,2,2,2,4,1,3,1,1,3,1981,2,2
1991,2,90172,2,2,2,2,1,1,3,4,2,3,1987,2,2
1991,1,90173,1,5,5,2,1,1,3,4,1,3,1991,2,2
1991,1,90174,2,2,2,2,1,1,3,4,2,3,1986,2,2
1991,1,90175,1,2,2,2,1,1,3,4,2,3,1983,2,2
1991,2,90175,1,4,4,2,1,1,3,4,2,3,1989,2,2
1991,1,90176,1,5,5,2,1,1,3,4,2,3,1985,2,2
1991,2,90176,1,2,2,2,1,1,3,4,2,3,1991,2,2
1991,1,90177,1,2,2,2,1,1,3,4,2,3,1987,2,2
1991,1,90179,1,2,2,2,1,1,3,4,2,3,1985,2,2
1991,2,90179,1,2,2,2,1,1,3,4,2,3,1986,2,2
1991,1,90180,1,2,2,2,1,1,3,4,2,3,1982,2,2
1991,1,90182,4,2,2,2,1,1,3,4,2,3,1988,2,2
1991,2,90182,7,2,2,2,4,1,3,1,2,3,1981,2,2
1991,1,90183,9,7,7,2,3,3,3,4,2,3,9999,2,2
1991,1,90184,4,2,2,2,1,1,3,4,2,3,1990,2,2
1991,1,90185,2,2,6,2,1,1,3,4,2,3,1980,2,2
1991,1,90186,1,2,2,2,1,1,3,4,2,3,1978,2,2
1991,2,90186,6,2,2,2,1,1,3,4,2,3,1986,2,2
1991,3,90186,1,2,2,2,1,1,3,4,2,3,1985,2,2
1991,1,90187,1,2,2,2,3,3,3,4,2,3,9999,2,2
1991,1,90188,1,2,2,2,1,1,3,4,2,3,1984,2,2
1991,2,90188,1,2,2,2,1,1,3,4,2,3,1982,2,2
1991,1,90189,1,2,2,2,1,1,3,4,1,3,1987,2,2
1991,1,90190,7,2,2,2,4,2,3,2,1,3,1987,2,2
1991,2,90190,1,2,2,2,1,1,3,4,2,3,1977,2,2
1991,1,90191,7,1,1,2,4,2,3,2,1,3,9999,2,2
1991,2,90191,1,4,4,2,1,1,3,4,2,3,1986,2,2
1991,1,90192,1,7,6,1,1,1,3,4,1,3,1980,2,2
1991,1,90193,4,2,2,2,1,1,3,4,2,3,1986,2,2
1991,1,90194,1,5,5,2,2,2,3,4,2,3,1977,2,2
1991,2,90194,6,2,2,2,1,1,3,4,2,3,1988,2,2
1991,1,90195,7,2,2,2,4,1,3,1,1,3,1990,2,2
1991,1,90196,1,3,3,2,1,1,3,4,2,3,1980,2,2
1991,2,90196,6,2,2,2,1,1,3,4,2,3,1988,2,2
1991,1,90197,6,2,2,2,1,1,3,4,2,3,1988,2,2
1991,1,90198,6,2,2,2,1,1,3,4,2,3,1980,2,2
1991,1,90199,1,2,2,2,1,1,3,4,2,3,1984,2,2
1991,2,90199,1,4,6,2,1,1,3,4,2,3,1990,2,2
1991,1,90200,1,2,2,2,1,1,3,4,2,3,1990,2,2
1991,2,90200,1,2,2,2,1,1,3,4,2,3,1981,2,2
1991,1,90201,1,2,2,2,1,1,3,4,2,3,1988,2,2
1991,1,90202,3,1,1,1,1,1,3,4,1,3,1987,2,2
1991,1,90203,1,2,5,1,1,1,3,4,1,3,1991,2,2
1991,1,90204,4,2,2,2,1,1,3,4,1,3,1985,2,2
1991,2,90204,1,5,5,2,1,1,3,4,2,3,1983,2,2
1991,1,90205,1,2,2,2,1,1,3,4,2,3,1985,2,2
1991,1,90206,4,2,2,2,1,1,3,4,2,3,1991,2,2
1991,2,90206,1,6,6,2,1,1,3,4,2,3,1980,2,2
1991,1,90207,1,2,2,2,1,1,3,4,2,3,1986,2,2
1991,2,90207,1,4,3,2,1,1,3,4,2,3,1986,2,2
1991,3,90207,1,2,2,2,1,1,3,4,2,3,1984,2,2
1991,1,90208,1,2,3,2,1,1,3,4,1,3,1990,2,2
1991,1,90209,1,2,2,2,1,1,3,4,2,3,1989,2,2
1991,1,90210,1,2,2,2,1,1,3,4,2,3,1980,2,2
1991,1,90211,1,2,2,2,1,1,3,4,2,3,1980,2,2
1991,2,90211,1,6,6,2,1,1,3,4,2,3,1988,2,2
1991,1,90212,1,2,2,2,1,1,3,4,2,3,1989,2,2
1991,2,90212,1,2,2,2,1,1,3,4,2,3,1984,2,2
1991,1,90213,1,3,3,2,1,1,3,4,1,3,1986,2,2
1991,1,90214,1,5,5,2,1,1,3,4,2,3,1988,2,2
1991,1,90215,5,2,2,2,1,1,3,4,2,3,1986,2,2
1991,2,90215,2,2,2,2,1,1,3,4,2,3,1991,2,2
1991,1,90216,1,2,2,2,1,1,3,4,2,3,1983,2,2
1991,2,90216,4,2,2,2,1,1,3,4,2,3,1988,2,2
1991,1,90217,1,2,5,2,1,1,3,4,2,3,1986,2,2
1991,1,90218,1,2,2,2,1,1,3,4,2,3,1984,2,2
1991,1,90219,1,2,2,2,1,1,3,4,2,3,1985,2,2
1991,2,90219,1,2,2,2,1,1,3,4,2,3,1981,2,2
1991,1,90220,1,3,3,2,1,1,3,4,2,3,1985,2,2
1991,2,90220,4,2,2,2,1,1,3,4,2,3,1988,2,2
1991,1,90221,1,2,2,2,1,1,3,4,2,3,1989,2,2
1991,1,90222,1,2,2,2,1,1,3,4,2,3,1989,2,2
1991,1,90223,6,2,2,2,1,1,3,4,2,3,1986,2,2
1991,2,90223,1,2,2,2,1,1,3,4,2,3,1989,2,2
1991,1,90224,1,2,2,2,1,1,3,4,2,3,1989,2,2
1991,2,90224,1,2,2,2,1,1,3,4,2,3,1986,2,2
1991,1,90225,2,2,2,2,1,1,3,4,2,3,1989,2,2
1991,2,90225,1,2,2,2,1,1,3,4,2,3,1985,2,2
1991,1,90226,1,6,2,1,1,1,3,4,2,3,1985,2,2
1991,1,90228,1,2,2,2,1,1,3,4,2,3,1985,2,2
1991,1,90229,1,6,6,2,3,3,3,4,2,3,9999,2,2
1991,1,90230,1,3,3,2,2,2,3,4,1,3,1985,2,2
1991,1,90231,1,2,2,1,1,1,3,4,2,3,1981,2,2
1991,1,90232,1,2,2,2,1,1,3,4,1,3,1983,2,2
1991,1,90233,1,2,2,2,1,1,3,4,1,3,1987,2,2
1991,1,90234,8,6,6,2,1,1,3,4,2,1,1990,2,2
1991,1,90235,1,3,3,2,1,1,3,4,1,3,1984,2,2
1991,1,90236,1,2,2,2,1,1,3,4,1,3,1989,2,2
1991,2,90236,1,2,2,2,1,1,3,4,2,3,1984,2,2
1991,3,90236,1,4,4,2,1,1,3,4,2,3,1985,2,2
1991,4,90236,4,2,2,2,1,1,3,4,2,3,1988,2,2
1991,5,90236,4,2,2,2,1,1,3,4,2,3,1986,2,2
1991,1,90237,1,5,5,2,1,1,3,4,2,3,1984,2,2
1991,2,90237,2,2,2,1,1,1,3,4,2,3,1989,2,2
1991,1,90238,1,2,2,2,1,1,3,4,1,3,1979,2,2
1991,1,90239,1,2,2,2,1,1,3,4,1,3,1990,2,2
1991,2,90239,1,4,2,2,1,1,3,4,2,3,1985,2,2
1991,3,90239,1,4,2,2,1,1,3,4,2,3,1988,2,2
1991,1,90240,7,2,2,2,4,1,3,1,2,3,1987,2,2
1991,1,90242,1,2,2,2,1,1,3,4,2,3,1989,2,2
1991,2,90242,1,2,2,2,1,1,3,4,2,3,1990,2,2
1991,1,90243,7,2,2,2,4,1,3,1,1,3,1985,2,2
1991,1,90244,1,2,3,1,1,1,3,4,1,3,1987,2,2
1991,2,90244,1,6,6,2,1,1,3,4,2,3,1991,2,2
1991,1,90245,1,6,2,2,2,2,3,4,2,3,1984,2,2
1991,1,90246,1,5,5,2,1,1,3,4,2,3,1975,2,2
1991,2,90246,8,2,2,2,1,1,3,4,2,1,1991,2,2
1991,1,90247,2,2,2,2,1,1,3,4,2,3,1991,2,2
1991,2,90247,1,2,2,2,1,1,3,4,2,3,1979,2,2
1991,1,90248,1,2,2,2,1,1,3,4,2,3,1979,2,2
1991,2,90248,1,2,2,2,1,1,3,4,2,3,1988,2,2
1991,1,90249,7,1,1,2,4,1,3,1,1,3,1990,2,2
1991,1,90250,1,2,2,2,1,1,3,4,2,3,1987,2,2
1991,1,90251,1,5,5,2,3,3,3,4,1,3,1992,2,2
1991,1,90252,1,2,2,2,1,1,3,4,1,3,1989,2,2
1991,1,90253,1,6,5,2,1,1,3,4,2,3,1988,2,2
1991,1,90254,2,2,2,2,1,1,3,4,2,3,1983,2,2
1991,2,90254,3,2,2,2,1,1,3,4,2,3,1986,2,2
1991,1,90255,2,2,2,2,1,1,3,4,1,3,1981,2,2
1991,2,90255,1,4,4,2,1,1,3,4,2,3,1981,2,2
1991,1,90256,1,3,3,2,1,1,3,4,1,3,1978,2,2
1991,1,90257,1,2,5,2,1,1,3,4,2,3,1990,2,2
1991,1,90258,1,2,2,2,1,1,3,4,2,3,1987,2,2
1991,1,90259,1,2,2,2,1,1,3,4,2,3,1981,2,2
1991,1,90260,1,5,3,2,2,2,3,4,2,3,1987,2,2
1991,2,90260,1,4,4,2,1,1,3,4,2,3,1987,2,2
1991,1,90261,1,2,2,2,1,1,3,4,2,3,1978,2,2
1991,1,90262,7,2,2,2,4,2,3,2,1,3,1983,2,2
1991,2,90262,2,5,5,2,1,1,3,4,2,3,1989,2,2
1991,1,90263,2,6,2,2,1,1,3,4,1,3,1986,2,2
1991,1,90264,1,2,2,1,1,1,3,4,1,3,1988,2,2
1991,1,90265,1,2,2,2,1,1,3,4,2,3,1984,2,2
1991,2,90265,1,2,2,2,1,1,3,4,2,3,1990,2,2
1991,1,90266,1,2,2,2,1,1,3,4,1,3,1985,2,2
1991,2,90266,1,2,2,2,1,1,3,4,2,3,1989,2,2
1991,1,90267,1,2,2,2,1,1,3,4,1,3,1988,2,2
1991,2,90267,6,4,4,2,1,1,3,4,2,3,1987,2,2
1991,1,90268,1,2,2,2,1,1,3,4,1,3,1982,2,2
1991,1,90269,1,5,5,2,1,1,3,4,1,3,1986,2,1
1991,1,90270,1,2,2,1,1,1,3,4,2,3,1987,2,1
1991,1,90271,1,2,3,1,1,1,3,4,1,3,1987,1,2
1991,1,90272,1,2,2,2,1,1,3,4,2,3,1989,2,2
1991,2,90272,4,2,2,1,1,1,3,4,2,3,1985,2,2
1991,1,90273,6,2,2,1,2,2,3,4,2,3,1986,2,1
1991,1,90274,2,3,3,2,1,1,3,4,2,3,1984,2,2
1991,2,90274,1,2,2,2,1,1,3,4,2,3,1986,2,2
1991,1,90275,1,2,5,2,1,1,3,4,2,3,1989,2,1
1991,1,90276,1,6,3,1,1,1,3,4,1,3,1972,2,2
1991,1,90277,7,1,1,2,4,1,3,1,1,3,1982,2,2
1991,2,90277,3,2,2,2,1,1,3,4,2,3,1990,2,2
1991,1,90278,1,2,2,2,1,1,3,4,1,3,1990,2,2
1991,2,90278,4,4,2,2,2,2,3,4,2,3,1985,2,2
1991,1,90279,4,2,2,2,1,1,3,4,2,3,1978,2,2
1991,1,90280,7,2,2,2,4,1,3,1,1,3,1984,2,2
1991,1,90282,2,3,3,2,1,1,3,4,1,3,1974,2,2
1991,1,90283,1,2,2,1,1,1,3,4,2,3,1985,2,1
1991,1,90284,1,2,2,1,1,1,3,4,1,3,1990,2,2
1991,1,90285,1,6,6,2,1,1,3,4,2,3,1988,2,2
1991,1,90286,1,2,3,2,1,1,3,4,2,3,1980,2,2
1991,1,90287,2,2,2,2,1,1,3,4,2,3,1988,2,2
1991,1,90288,1,2,3,2,1,1,3,4,2,3,1991,2,1
1991,1,90289,1,2,5,2,1,1,3,4,2,3,1989,2,2
1991,2,90289,1,5,5,2,1,1,3,4,2,3,1987,2,2
1991,1,90290,1,2,2,2,1,1,3,4,2,3,1989,2,2
1991,1,90291,4,2,2,2,1,1,3,4,2,3,1989,2,1
1991,2,90291,1,2,5,2,1,1,3,4,2,3,1987,2,2
1991,1,90292,1,2,2,2,2,2,3,4,2,3,1978,2,1
1991,1,90293,1,1,1,1,1,1,3,4,1,3,1990,2,2
1991,1,90294,1,2,2,2,1,1,3,4,1,3,1982,2,2
1991,1,90295,1,2,2,2,3,3,3,4,2,3,1985,2,2
1991,1,90296,1,2,2,2,2,2,3,4,2,3,1984,2,2
1991,1,100001,6,4,6,1,1,1,3,4,2,3,1982,2,2
1991,1,100002,1,3,5,2,1,1,3,4,2,3,1989,2,2
1991,2,100002,4,5,5,2,1,1,3,4,2,3,1988,2,2
1991,1,100003,6,2,2,1,1,1,3,4,1,3,1987,2,2
1991,1,100004,3,5,6,1,1,1,3,4,2,3,1978,2,2
1991,2,100004,1,2,3,2,1,1,3,4,2,3,1990,2,2
1991,1,100005,1,3,3,2,1,1,3,4,2,3,1987,2,2
1991,2,100005,1,2,2,2,1,1,3,4,2,3,1978,2,2
1991,1,100006,1,3,3,1,1,1,3,4,2,3,1986,2,2
1991,2,100006,1,2,2,2,1,1,3,4,2,3,1986,2,2
1991,1,100007,1,2,2,2,2,2,3,4,2,3,1988,2,2
1991,1,100008,1,2,2,1,1,1,3,4,2,3,1989,2,2
1991,1,100009,1,2,2,1,1,1,3,4,1,3,1988,2,2
1991,1,100010,1,5,5,2,1,1,3,4,2,3,1986,2,2
1991,2,100010,2,2,2,2,1,1,3,4,2,3,1986,2,2
1991,1,100011,4,1,1,2,1,1,3,4,2,3,1987,2,2
1991,1,100012,2,2,2,2,1,1,3,4,2,3,1988,2,2
1991,1,100013,1,2,2,2,2,2,3,4,2,3,1987,2,1
1991,1,100014,2,2,2,2,1,1,3,4,2,3,1982,2,2
1991,2,100014,3,2,2,2,1,1,3,4,2,3,1989,2,2
1991,1,100015,6,2,6,2,1,1,3,4,2,3,1988,2,2
1991,2,100015,1,5,6,2,2,2,3,4,2,3,1976,2,2
1991,1,100016,7,2,2,2,4,1,3,1,2,3,1978,2,2
1991,1,100017,2,6,6,1,1,1,3,4,2,3,1966,2,2
1991,1,100018,2,2,2,2,2,2,3,4,1,3,1990,2,2
1991,1,100019,2,2,2,1,1,1,3,4,2,3,1985,1,2
1991,2,100019,1,4,2,2,1,1,3,4,2,3,1986,2,2
1991,3,100019,4,2,2,2,1,1,3,4,2,3,1986,2,2
1991,1,100020,7,6,6,2,4,1,3,1,2,3,1982,2,2
1991,1,100021,3,1,1,1,2,2,3,4,2,3,1989,2,1
1991,1,100022,1,4,5,2,1,1,3,4,2,3,1984,2,2
1991,2,100022,1,2,2,2,1,1,3,4,2,3,1989,2,2
1991,3,100022,1,5,5,2,1,3,3,4,2,3,1973,2,2
1991,1,100023,1,2,2,2,1,1,3,4,1,3,1984,2,2
1991,2,100023,4,3,3,1,1,1,3,4,2,3,1989,2,2
1991,1,100024,1,5,5,2,1,1,3,4,2,3,1988,2,2
1991,1,100026,6,4,4,2,1,1,3,4,2,3,1966,2,2
1991,2,100026,6,2,2,2,1,1,3,4,2,3,1990,2,2
1991,1,100027,1,2,2,2,1,1,3,4,2,3,1985,2,2
1991,1,100028,2,5,5,2,1,1,3,4,2,3,1985,2,2
1991,2,100028,1,6,6,2,1,1,3,4,2,3,1985,2,2
1991,1,100029,4,2,2,2,1,1,3,4,2,3,1974,2,2
1991,1,100030,1,2,6,2,2,2,3,4,1,3,1980,2,2
1991,1,100031,1,5,5,2,2,2,3,4,1,3,1979,2,2
1991,2,100031,2,2,2,2,1,1,3,4,2,3,1979,2,2
1991,1,100032,1,2,2,2,1,1,3,4,2,3,1986,2,2
1991,1,100033,2,2,3,2,1,1,3,4,1,3,1985,2,2
1991,1,100034,1,5,5,2,1,1,3,4,2,3,1990,2,2
1991,2,100034,1,2,2,2,1,1,3,4,2,3,1979,2,2
1991,1,100035,1,2,2,2,1,1,3,4,2,3,1986,2,2
1991,1,100036,1,2,2,2,2,2,3,4,1,3,1989,2,2
1991,2,100036,1,2,2,2,3,3,3,4,2,3,1988,2,2
1991,1,100037,3,3,2,2,1,1,3,4,2,3,1985,2,2
1991,2,100037,6,2,2,2,1,1,3,4,2,3,1989,2,2
1991,3,100037,1,5,5,2,1,1,3,4,2,3,1980,2,2
1991,1,100038,6,2,2,2,1,1,3,4,2,3,1983,2,1
1991,1,100039,9,4,5,2,1,1,3,4,2,3,1978,2,2
1991,2,100039,7,2,2,2,4,1,3,1,2,3,1987,2,2
1991,1,100040,1,3,3,2,1,1,3,4,1,3,1970,2,2
1991,1,100041,1,5,6,1,1,1,3,4,2,3,1984,2,1
1991,1,100042,2,3,6,1,1,1,3,4,2,3,1990,2,2
1991,1,100043,1,2,2,2,2,2,3,4,2,3,1976,2,2
1991,1,100044,2,1,1,1,1,1,3,4,2,3,1987,2,2
1991,1,100045,9,2,2,2,1,1,3,4,2,3,1978,2,2
1991,2,100045,1,3,3,2,1,1,3,4,2,3,1981,2,2
1991,1,100046,1,6,6,1,1,1,3,4,2,3,1981,2,2
1991,1,100047,1,2,2,2,1,1,3,4,2,3,1991,2,2
1991,2,100047,6,3,4,2,1,1,3,4,2,3,1990,2,2
1991,3,100047,1,2,2,2,3,3,3,4,2,3,1990,2,2
1991,4,100047,6,2,2,2,1,1,3,4,2,3,1991,2,2
1991,1,100048,2,4,5,2,2,2,3,4,2,3,1989,2,2
1991,2,100048,1,2,3,1,1,1,3,4,2,3,1981,2,2
1991,1,100049,1,2,2,2,2,2,3,4,1,3,1978,2,2
1991,2,100049,1,2,2,2,1,1,3,4,2,3,1985,2,2
1991,1,100050,2,1,1,1,1,1,3,4,2,3,1989,2,2
1991,1,100051,1,4,4,2,2,2,3,4,2,3,1989,2,2
1991,2,100051,7,2,2,2,4,1,3,1,2,3,1991,2,2
1991,1,100052,1,2,5,2,1,1,3,4,2,3,1978,2,2
1991,2,100052,1,2,3,2,1,1,3,4,2,3,1986,2,2
1991,1,100053,1,4,4,2,1,1,3,4,2,3,1988,2,2
1991,2,100053,6,2,2,2,1,1,3,4,2,3,1986,2,2
1991,1,100054,6,4,4,2,1,1,3,4,2,3,1986,2,2
1991,2,100054,1,2,2,2,2,2,3,4,2,3,1984,1,2
1991,1,100055,1,3,3,2,1,1,3,4,2,3,1987,2,2
1991,2,100055,4,2,2,2,1,1,3,4,1,3,1976,2,2
1991,1,100057,9,2,2,2,1,1,3,4,2,3,1983,2,2
1991,1,100058,7,2,2,2,4,1,3,1,2,3,1981,2,2
1991,2,100058,2,5,2,2,1,1,3,4,2,3,1975,2,2
1991,1,100059,1,6,4,2,1,1,3,4,2,3,1979,1,2
1991,2,100059,1,3,3,2,1,1,3,4,2,3,1981,2,2
1991,3,100059,2,2,6,1,1,1,3,4,2,3,1984,2,2
1991,4,100059,6,2,2,2,1,1,3,4,2,3,1988,2,2
1991,1,100060,1,2,3,2,1,1,3,4,1,3,1974,2,2
1991,2,100060,4,5,5,2,1,1,3,4,2,3,1988,2,2
1991,3,100060,4,5,5,2,1,1,3,4,2,3,1985,2,2
1991,1,100061,3,2,2,1,1,1,3,4,2,3,1987,2,2
1991,1,100062,1,3,3,2,1,1,3,4,2,3,1989,2,2
1991,1,100063,2,6,6,1,1,1,3,4,2,3,1986,2,2
1991,1,100064,4,1,1,1,1,1,3,4,1,3,1991,2,2
1991,1,100065,1,4,4,2,1,1,3,4,2,3,1991,2,2
1991,2,100065,1,2,2,2,1,1,3,4,2,3,1989,2,2
1991,1,100067,6,4,4,2,1,1,3,4,2,3,1991,2,2
1991,2,100067,1,2,2,2,1,1,3,4,2,3,1984,2,2
1991,1,100068,7,2,2,2,4,1,3,1,1,3,1990,2,2
1991,1,100069,2,2,2,2,1,1,3,4,2,3,1972,2,2
1991,1,100073,7,2,2,2,4,1,3,1,2,3,1978,2,2
1991,2,100073,9,6,6,2,3,3,3,4,2,3,9999,2,2
1991,1,100074,1,4,6,1,1,1,3,4,2,3,1988,2,2
1991,1,100075,1,6,6,2,1,1,3,4,2,3,1974,2,2
1991,1,100076,2,2,2,2,2,2,3,4,2,3,1988,2,2
1991,2,100076,4,4,4,2,1,1,3,4,2,3,1988,2,2
1991,1,100077,3,2,2,1,1,1,3,4,2,3,1979,2,2
1991,2,100077,1,2,2,2,1,1,3,4,2,3,1990,2,2
1991,1,100078,1,5,5,2,2,2,3,4,2,3,1990,2,2
1991,2,100078,6,2,2,2,1,1,3,4,2,3,1979,2,2
1991,1,100079,1,3,3,2,1,1,3,4,2,3,1992,2,2
1991,2,100079,6,2,2,2,1,1,3,4,2,3,1991,2,2
1991,1,100080,1,2,2,2,1,1,3,4,2,3,1986,2,2
1991,1,100081,1,2,5,2,1,1,3,4,2,3,1985,2,2
1991,2,100081,2,6,6,2,3,3,3,4,2,3,1986,2,2
1991,1,100083,1,3,6,1,1,1,3,4,1,3,1991,2,2
1991,1,100084,6,2,2,2,1,1,3,4,2,3,1989,2,2
1991,2,100084,1,3,3,2,1,1,3,4,2,3,1984,2,2
1991,1,100085,1,3,3,2,3,3,3,4,2,3,1987,2,2
1991,2,100085,1,2,2,2,1,1,3,4,2,3,1988,2,2
1991,1,100086,1,2,3,2,2,2,3,4,2,3,1988,2,2
1991,1,100088,1,2,2,2,1,1,3,4,2,3,1988,2,2
1991,1,100089,3,2,2,2,1,1,3,4,2,3,1976,2,2
1991,2,100089,2,3,3,2,1,1,3,4,2,3,1974,2,2
1991,1,100090,9,2,2,2,1,1,3,4,2,3,9999,2,2
1991,1,100091,1,2,5,2,1,1,3,4,2,3,1979,2,2
1991,1,100092,1,7,7,2,3,3,3,4,2,3,1983,2,2
1991,1,100093,1,2,2,2,1,1,3,4,2,3,1986,2,2
1991,2,100093,2,4,4,2,1,1,3,4,2,3,1989,2,2
1991,1,100094,1,5,6,1,1,1,3,4,1,3,1991,2,2
1991,1,100095,1,4,4,2,1,1,3,4,2,3,1976,2,2
1991,2,100095,1,2,2,2,1,1,3,4,2,3,1977,2,2
1991,1,100096,1,2,2,2,1,1,3,4,2,3,1984,2,2
1991,2,100096,4,2,2,2,1,1,3,4,2,3,1982,2,2
1991,1,100097,1,3,2,2,1,1,3,4,2,3,1989,2,2
1991,2,100097,4,2,2,2,1,1,3,4,2,3,1989,2,2
1991,3,100097,1,2,2,2,1,1,3,4,2,3,1990,2,2
1991,1,100099,1,4,6,2,1,1,3,4,2,3,1991,2,2
1991,2,100099,6,2,6,2,1,1,3,4,1,3,1988,2,1
1991,3,100099,2,4,7,2,1,1,3,4,2,3,1981,2,2
1991,4,100099,1,2,2,2,1,1,3,4,2,3,1983,2,2
1991,5,100099,1,4,2,2,1,1,3,4,2,3,1988,2,2
1991,6,100099,1,4,4,2,1,1,3,4,2,3,1989,2,2
1991,1,110001,1,2,2,2,1,1,3,4,2,3,1979,2,2
1991,1,110002,1,2,2,2,1,1,3,4,2,3,1975,2,2
1991,2,110002,1,5,5,2,1,1,3,4,2,3,1991,2,2
1991,1,110003,8,5,5,2,1,1,3,4,2,2,1984,2,2
1991,1,110004,1,2,2,2,3,3,3,4,2,3,9999,2,2
1991,1,110005,1,2,2,2,1,1,3,4,2,3,1982,2,2
1991,1,110006,9,2,2,2,3,3,3,4,2,3,9999,2,2
1991,1,110007,1,2,2,2,2,2,3,4,2,3,1989,2,2
1991,2,110007,1,5,5,2,1,1,3,4,2,3,1988,2,2
1991,1,110008,1,2,2,2,1,1,3,4,2,3,1987,2,2
1991,2,110008,3,5,5,2,3,3,3,4,2,3,1990,2,2
1991,1,110009,1,2,2,2,1,1,3,4,1,3,1986,2,2
1991,1,110010,1,3,3,2,1,1,3,4,1,3,1978,2,2
1991,1,110011,4,2,2,2,1,1,3,4,1,3,1976,2,2
1991,2,110011,8,4,4,2,1,1,3,4,2,3,1986,2,2
1991,1,110012,2,2,2,1,1,1,3,4,1,3,1988,2,2
1991,1,110014,1,2,2,2,1,1,3,4,2,3,1983,1,2
1991,2,110014,6,4,4,2,1,1,3,4,2,3,1989,2,2
1991,1,110015,3,2,2,2,2,2,3,4,1,3,1986,2,2
1991,1,110016,1,5,5,2,3,3,3,4,2,3,1987,2,2
1991,2,110016,1,2,2,2,1,1,3,4,2,3,1984,2,2
1991,3,110016,1,5,5,2,1,1,3,4,2,3,1989,2,2
1991,1,110017,8,6,6,2,1,1,3,4,2,3,1966,2,2
1991,1,110018,1,5,5,2,1,1,3,4,2,3,1988,2,2
1991,1,110019,8,3,6,2,1,1,3,4,2,3,1976,2,2
1991,1,110020,7,2,2,2,4,1,3,1,2,3,1988,2,2
1991,2,110020,2,2,2,2,1,1,3,4,2,3,1984,2,2
1991,1,110021,1,2,2,2,1,1,3,4,1,3,1991,1,2
1991,1,110022,1,2,2,2,1,1,3,4,2,3,1986,1,2
1991,2,110022,4,4,4,2,1,1,3,4,2,3,1990,2,2
1991,3,110022,1,4,4,2,1,1,3,4,2,3,1983,2,2
1991,1,110023,8,6,6,2,1,1,3,4,2,3,1984,2,2
1991,1,110024,1,2,2,2,1,1,3,4,2,3,1983,2,2
1991,2,110024,3,4,4,2,3,3,3,4,2,3,1987,2,2
1991,1,110025,2,2,2,2,1,1,3,4,1,3,1989,2,2
1991,1,110026,1,6,2,1,3,3,3,4,2,3,1979,2,2
1991,1,110027,1,6,6,2,1,1,3,4,2,3,1990,2,2
1991,1,110028,1,2,2,2,1,1,3,4,2,3,1989,2,2
1991,1,110029,3,2,2,1,3,3,3,4,1,3,1988,2,2
1991,2,110029,1,3,3,2,1,1,3,4,2,3,1989,2,2
1991,3,110029,1,2,2,2,1,1,3,4,2,3,1991,2,2
1991,4,110029,1,2,2,2,1,1,3,4,2,3,1989,2,2
1991,1,110030,1,3,3,2,1,1,3,4,1,3,1989,2,2
1991,2,110030,1,2,2,2,1,1,3,4,2,3,1990,2,2
1991,1,110031,1,2,2,2,2,2,3,4,2,3,1988,2,2
1991,1,110032,2,2,2,2,1,1,3,4,1,3,1979,2,2
1991,2,110032,1,2,2,2,1,1,3,4,2,3,1988,2,2
1991,1,110033,1,3,3,2,1,1,3,4,2,3,1979,2,2
1991,2,110033,7,2,2,2,4,2,3,2,1,3,1980,2,2
1991,1,110034,1,2,2,2,3,3,3,4,2,3,1983,1,2
1991,1,110035,1,2,2,2,1,1,3,4,2,3,1980,2,2
1991,1,110036,1,2,2,2,3,3,3,4,1,3,9999,2,2
1991,1,110037,1,6,3,1,1,1,3,4,1,3,1989,2,2
1991,1,110038,7,6,2,2,4,2,3,2,1,3,1988,2,2
1991,1,110039,1,2,2,2,1,1,3,4,2,3,1989,2,2
1991,1,110040,7,2,2,2,4,2,3,2,1,3,1991,2,2
1991,2,110040,1,5,5,2,1,1,3,4,2,3,1990,2,2
1991,1,110041,6,2,2,2,1,1,3,4,2,3,1975,2,2
1991,2,110041,1,5,5,2,1,1,3,4,2,3,1985,2,2
1991,1,110042,1,2,2,2,1,1,3,4,1,3,1990,2,2
1991,2,110042,1,3,3,2,1,1,3,4,2,3,1988,2,2
1991,1,110043,1,3,3,2,1,1,3,4,1,3,1986,2,2
1991,1,110044,7,2,2,2,4,3,3,3,2,3,1984,2,2
1991,1,110045,1,2,2,2,1,1,3,4,2,3,1987,2,2
1991,2,110045,1,3,3,2,1,1,3,4,2,3,1983,2,2
1991,1,110046,5,2,2,2,3,3,3,4,1,3,9999,2,2
1991,1,110047,9,2,2,2,3,3,3,4,2,3,9999,1,2
1991,1,110048,1,6,6,2,1,1,3,4,2,3,1985,2,2
1991,1,110049,1,2,2,2,2,2,3,4,2,3,1988,2,2
1991,1,110050,7,2,2,2,4,1,3,1,2,3,1987,2,2
1991,2,110050,1,5,5,2,1,1,3,4,2,3,1989,2,1
1991,1,110051,1,2,2,2,1,1,3,4,1,3,1981,2,2
1991,1,110052,1,3,3,2,1,1,3,4,1,3,1990,2,2
1991,2,110052,1,2,2,2,1,1,3,4,2,3,1985,2,2
1991,3,110052,1,2,2,2,1,1,3,4,2,3,1989,2,2
1991,1,110053,3,6,4,2,1,1,3,4,1,3,1987,2,2
1991,1,110054,1,2,2,2,1,1,3,4,2,3,1981,2,2
1991,2,110054,1,3,3,1,1,1,3,4,2,3,1991,1,2
1991,3,110054,1,2,2,2,1,1,3,4,2,3,1986,2,2
1991,1,110055,1,3,3,2,1,1,3,4,1,3,1987,2,2
1991,1,110056,1,6,3,1,1,1,3,4,2,3,1991,2,2
1991,1,110057,1,2,2,2,1,1,3,4,2,3,1985,2,2
1991,2,110057,1,5,5,2,1,1,3,4,2,3,1989,2,2
1991,3,110057,1,2,2,2,3,3,3,4,2,3,1982,2,2
1991,1,110058,1,2,2,1,1,1,3,4,1,3,1991,2,2
1991,1,110059,3,2,2,2,1,1,3,4,2,3,1986,2,2
1991,2,110059,1,2,2,2,1,1,3,4,2,3,1986,2,2
1991,1,110060,8,6,6,2,1,1,3,4,2,3,1978,2,2
1991,1,110061,2,2,2,2,1,1,3,4,1,3,1982,2,2
1991,1,120001,2,2,2,2,1,1,3,4,1,3,1986,2,2
1991,2,120001,1,2,2,2,1,1,3,4,2,3,1985,2,2
1991,1,120002,7,2,2,2,4,2,3,2,1,3,1987,2,2
1991,2,120002,5,4,4,2,2,2,3,4,2,3,1989,2,2
1991,1,120003,1,3,3,2,1,1,3,4,2,3,1987,2,2
1991,1,120004,1,2,2,2,1,1,3,4,2,3,1986,2,2
1991,2,120004,1,2,2,2,1,1,3,4,2,3,1984,2,2
1991,1,120005,1,2,2,2,3,3,3,4,2,3,1979,2,2
1991,1,120006,1,2,2,2,1,1,3,4,2,3,1990,2,2
1991,1,120007,1,1,1,1,1,1,3,4,1,3,1985,2,2
1991,1,120008,1,2,2,2,1,1,3,4,2,3,1982,2,2
1991,1,120009,1,2,2,2,1,1,3,4,2,3,1985,2,2
1991,2,120009,1,5,5,2,1,1,3,4,2,3,1985,2,2
1991,1,120010,1,2,2,2,1,1,3,4,2,3,1982,2,2
1991,1,120011,9,7,7,2,3,3,3,4,2,3,9999,2,2
1991,1,120012,1,5,5,2,1,1,3,4,2,3,1978,2,2
1991,2,120012,6,5,2,2,1,1,3,4,2,3,1988,2,2
1991,1,120013,2,2,2,1,1,1,3,4,2,3,1989,2,2
1991,1,120014,1,2,2,2,1,1,3,4,2,3,1984,2,2
1991,2,120014,1,4,4,2,1,1,3,4,2,3,1989,2,2
1991,1,120015,1,6,6,2,1,1,3,4,2,3,1988,2,2
1991,1,120016,7,3,3,2,4,1,3,1,2,3,1986,2,2
1991,1,120017,1,2,2,2,1,1,3,4,2,3,1988,2,2
1991,1,120018,1,2,2,2,2,2,3,4,2,3,1970,2,2
1991,1,120019,1,1,1,1,2,2,3,4,2,3,1977,2,2
1991,1,120020,6,2,2,2,1,1,3,4,2,3,1984,2,2
1991,2,120020,1,5,5,2,1,1,3,4,2,3,1982,2,2
1991,1,120021,1,2,2,2,1,1,3,4,2,3,1975,2,2
1991,2,120021,1,2,2,2,1,1,3,4,2,3,1977,2,2
1991,1,120022,1,5,5,1,1,1,3,4,2,3,1982,2,2
1991,1,120023,1,3,3,2,1,1,3,4,1,3,1986,2,2
1991,1,120024,1,2,2,2,1,1,3,4,1,3,1987,2,2
1991,1,120025,2,5,5,1,1,1,3,4,2,3,1988,2,2
1991,2,120025,6,2,2,1,1,1,3,4,2,3,1983,2,2
1991,1,120026,1,2,2,2,1,1,3,4,2,3,1969,2,2
1991,2,120026,1,5,4,2,1,1,3,4,2,3,1987,2,2
1991,1,120027,9,7,7,2,3,3,3,4,2,3,9999,2,2
1991,2,120027,1,2,5,2,1,1,3,4,2,3,1978,2,2
1991,1,120028,9,2,2,2,1,1,3,4,2,3,1977,2,2
1991,2,120028,2,2,2,2,1,1,3,4,2,3,1982,2,2
1991,1,120029,1,2,2,2,1,1,3,4,2,3,1986,2,2
1991,1,120030,1,2,2,2,1,1,3,4,1,3,1984,2,2
1991,1,120031,1,2,2,2,1,1,3,4,2,3,1984,2,1
1991,2,120031,4,4,2,2,3,3,3,4,2,3,1984,2,2
1991,3,120031,1,4,4,2,3,3,3,4,2,3,1977,2,2
1991,1,120032,4,2,2,2,1,1,3,4,2,3,1979,2,2
1991,1,120033,1,3,3,2,2,2,3,4,1,3,1982,2,2
1991,1,120034,1,5,5,1,1,1,3,4,1,3,1980,2,2
1991,1,120035,2,2,2,2,1,1,3,4,2,3,1988,2,2
1991,1,120036,1,3,3,2,1,1,3,4,1,3,1988,2,2
1991,2,120036,1,2,2,2,1,1,3,4,2,3,1987,2,2
1991,1,120037,1,2,2,2,1,1,3,4,2,3,1978,2,2
1991,1,120038,1,2,2,2,1,1,3,4,2,3,1989,2,2
1991,1,120039,6,2,2,1,1,1,3,4,2,3,1984,2,2
1991,1,120040,1,3,3,2,3,3,3,4,2,3,1979,2,2
1991,1,120041,1,2,2,2,1,1,3,4,1,3,1990,2,2
1991,1,120042,4,2,2,2,1,1,3,4,2,3,1984,2,2
1991,1,120043,1,2,2,2,1,1,3,4,2,3,1985,2,2
1991,2,120043,6,2,2,2,2,2,3,4,2,3,1990,2,2
1991,3,120043,1,5,5,2,1,1,3,4,2,3,1981,2,2
1991,1,120044,1,1,1,1,2,2,3,4,2,3,1989,2,2
1991,1,120045,7,2,2,2,4,1,3,1,2,3,9999,2,2
1991,1,120046,1,2,2,2,1,1,3,4,2,3,1983,2,2
1991,2,120046,1,2,2,2,1,1,3,4,2,3,1988,2,2
1991,1,120047,2,2,2,2,1,1,3,4,2,3,1979,2,2
1991,1,120048,1,3,3,2,1,1,3,4,2,3,1991,2,2
1991,1,120049,6,2,2,2,1,1,3,4,1,3,1973,2,2
1991,2,120049,5,3,3,2,1,1,3,4,2,3,1982,2,2
1991,1,120051,1,3,3,2,1,1,3,4,2,3,1986,2,2
1991,1,120052,1,2,2,2,1,1,3,4,2,3,1989,2,2
1991,1,120053,2,2,2,2,1,1,3,4,2,3,1984,2,2
1991,2,120053,1,2,5,2,1,1,3,4,2,3,1982,2,2
1991,1,120054,1,2,2,2,3,3,3,4,1,3,1988,2,2
1991,1,120055,1,2,2,1,1,1,3,4,2,3,1967,2,2
1991,1,120056,2,3,3,1,1,1,3,4,1,3,1986,2,2
1991,2,120056,1,2,2,2,1,1,3,4,2,3,1990,2,2
1991,1,120057,1,2,2,1,1,1,3,4,2,3,1987,2,2
1991,1,120058,6,2,2,2,1,1,3,4,1,3,1986,2,2
1991,2,120058,1,4,5,2,1,1,3,4,2,3,1983,2,2
1991,3,120058,1,2,2,2,1,1,3,4,2,3,1985,2,2
1991,1,120059,1,3,3,2,1,1,3,4,2,3,1988,2,2
1991,1,120060,1,5,4,1,1,1,3,4,2,3,1988,2,2
1991,1,120061,1,2,5,2,1,1,3,4,2,3,1983,2,2
1991,2,120061,2,2,2,2,1,1,3,4,2,3,1991,2,2
1991,1,120062,9,2,2,2,3,3,3,4,2,3,1985,2,2
1991,1,120063,6,2,2,2,1,1,3,4,2,3,1984,2,2
1991,2,120063,1,2,2,2,1,1,3,4,2,3,1986,2,2
1991,1,120064,1,2,2,1,1,1,3,4,2,3,1978,2,2
1991,2,120064,1,2,2,2,1,1,3,4,2,3,1987,2,2
1991,1,120065,6,2,2,1,1,1,3,4,2,3,1978,2,2
1991,1,120066,1,2,2,2,1,1,3,4,1,3,1989,2,2
1991,1,120068,1,5,5,2,1,1,3,4,2,3,1991,2,2
1991,1,120069,1,2,2,2,1,1,3,4,2,3,1987,2,2
1991,2,120069,1,6,6,2,1,1,3,4,2,3,1984,2,2
1991,1,120070,1,5,5,2,2,2,3,4,2,3,1978,2,2
1991,2,120070,1,2,2,2,1,1,3,4,2,3,1989,2,2
1991,1,120071,1,1,1,1,1,1,3,4,2,3,1981,2,2
1991,1,120072,1,2,2,1,1,1,3,4,1,3,1981,2,2
1991,1,120073,1,5,5,1,1,1,3,4,1,3,1989,2,2
1991,1,120074,1,2,2,2,1,1,3,4,2,3,1989,2,2
1991,1,120075,1,2,5,2,1,1,3,4,2,3,1987,2,2
1991,2,120075,1,2,2,2,1,1,3,4,2,3,1986,2,2
1991,1,120076,7,2,2,2,4,1,3,1,1,3,1980,2,2
1991,2,120076,6,5,5,2,1,1,3,4,2,3,1989,2,2
1991,1,120077,1,2,2,2,1,1,3,4,2,3,1985,2,2
1991,2,120077,1,4,4,2,1,1,3,4,2,3,1988,2,2
1991,1,120078,1,2,2,2,1,1,3,4,2,3,1989,2,2
1991,1,120079,2,2,2,2,1,1,3,4,2,3,1991,2,2
1991,1,120080,2,2,5,2,1,1,3,4,2,3,1988,2,2
1991,2,120080,1,5,5,2,3,3,3,4,2,3,1984,2,2
1991,1,120081,1,2,2,2,1,1,3,4,2,3,1989,2,2
1991,1,120082,1,2,2,2,1,1,3,4,2,3,1978,2,2
1991,2,120082,6,4,4,2,2,2,3,4,2,3,1987,2,2
1991,3,120082,1,4,4,2,1,1,3,4,2,3,1988,2,2
1991,1,120083,1,2,2,2,1,1,3,4,2,3,1982,2,2
1991,1,120084,1,2,2,2,1,1,3,4,2,3,1983,2,2
1991,1,120085,6,2,2,1,1,1,3,4,2,3,1986,2,2
1991,2,120085,6,4,4,2,1,1,3,4,2,3,1990,2,2
1991,1,120086,9,2,2,2,3,3,3,4,2,3,9999,2,2
1991,1,120087,2,2,2,1,2,2,3,4,1,3,1983,2,2
1991,1,120088,1,3,3,2,1,1,3,4,1,3,1984,2,2
1991,1,120089,5,2,2,1,1,1,3,4,1,3,1987,2,2
1991,1,120090,2,2,2,2,1,1,3,4,1,3,1988,2,2
1991,1,120091,2,5,5,2,1,1,3,4,2,3,1985,2,2
1991,2,120091,2,2,2,2,1,1,3,4,2,3,1990,2,2
1991,1,120092,1,2,3,1,1,1,3,4,1,3,1986,2,2
1991,2,120092,1,3,3,2,1,1,3,4,2,3,1990,2,2
1991,1,120093,1,2,2,2,2,2,3,4,2,3,1988,2,2
1991,1,120094,1,6,6,2,1,1,3,4,2,3,1979,2,2
1991,2,120094,6,3,3,2,1,1,3,4,2,3,1981,2,2
1991,1,120095,1,2,2,2,1,1,3,4,2,3,1990,2,2
1991,1,120096,1,3,3,2,1,1,3,4,2,3,1984,2,2
1991,1,120097,1,2,2,2,1,1,3,4,2,3,1979,2,2
1991,2,120097,2,2,2,2,1,1,3,4,2,3,1986,2,2
1991,1,120098,1,5,5,2,1,1,3,4,2,3,1980,2,2
1991,2,120098,1,2,2,2,2,2,3,4,2,3,1984,2,2
1991,1,120099,1,2,3,2,1,1,3,4,2,3,1983,2,2
1991,2,120099,7,2,5,2,4,1,3,1,2,3,1980,2,2
1991,1,120100,1,2,2,2,1,1,3,4,2,3,1974,2,2
1991,2,120100,6,2,2,2,1,1,3,4,2,3,1989,2,2
1991,1,120101,1,2,2,2,1,1,3,4,2,3,1985,2,2
1991,1,120103,1,2,2,2,1,1,3,4,2,3,1982,2,2
1991,2,120103,7,4,4,2,4,1,3,1,2,3,1985,2,2
1991,3,120103,1,2,2,2,1,1,3,4,2,3,1987,2,2
1991,1,120104,1,2,5,2,1,1,3,4,2,3,1986,2,2
1991,1,120105,1,2,2,2,1,1,3,4,2,3,1991,2,2
1991,2,120105,2,2,2,2,1,1,3,4,2,3,1985,2,2
1991,1,120106,4,2,2,2,1,1,3,4,2,3,1979,2,2
1991,1,120107,1,4,4,2,2,2,3,4,1,3,1983,2,2
1991,1,120108,1,5,5,2,1,1,3,4,2,3,1984,2,2
1991,2,120108,1,2,2,2,1,1,3,4,2,3,1981,2,2
1991,1,120109,1,2,3,2,1,1,3,4,2,3,1985,2,2
1991,2,120109,1,2,2,2,1,1,3,4,2,3,1990,2,2
1991,1,120110,1,2,2,2,1,1,3,4,2,3,1976,2,2
1991,2,120110,2,4,4,2,1,1,3,4,2,3,1980,2,2
1991,3,120110,2,2,2,2,1,1,3,4,2,3,1979,2,2
1991,1,120111,1,2,2,2,1,1,3,4,2,3,1981,2,2
1991,1,120112,1,2,2,2,1,1,3,4,2,3,1978,2,2
1991,2,120112,1,2,2,2,1,1,3,4,2,3,1978,2,2
1991,1,120113,1,2,2,2,1,1,3,4,2,3,1973,2,2
1991,1,120114,1,2,2,2,1,1,3,4,2,3,1987,2,2
1991,1,120115,1,2,2,2,1,1,3,4,2,3,1988,2,2
1991,2,120115,6,2,2,1,1,1,3,4,2,3,1970,2,2
1991,1,120116,2,2,2,2,1,1,3,4,2,3,1990,2,2
1991,1,120117,1,2,3,1,1,1,3,4,2,3,1987,2,2
1991,1,120118,2,2,2,2,1,1,3,4,2,3,1987,2,2
1991,2,120118,6,2,2,2,1,1,3,4,2,3,1985,2,2
1991,1,120119,1,5,5,2,1,1,3,4,2,3,1986,2,2
1991,2,120119,6,2,3,2,1,1,3,4,2,3,1978,2,2
1991,1,120120,1,2,2,2,1,1,3,4,2,3,1979,2,2
1991,1,120121,2,5,5,1,1,1,3,4,2,3,1981,2,2
1991,2,120121,6,2,2,2,1,1,3,4,2,3,1989,2,2
1991,1,120122,1,3,3,2,1,1,3,4,2,3,1984,2,2
1991,2,120122,7,2,2,2,4,1,3,1,1,3,1980,2,2
1991,1,120124,2,2,3,2,1,1,3,4,2,3,1987,2,2
1991,2,120124,1,2,3,2,2,2,3,4,2,3,1982,2,2
1991,1,120125,2,2,2,2,1,1,3,4,2,3,1985,2,2
1991,1,120126,7,2,2,2,4,1,3,1,1,3,1989,2,2
1991,2,120126,1,3,3,2,1,1,3,4,2,3,1988,2,2
1991,1,120127,1,3,3,2,1,1,3,4,1,3,1987,2,2
1991,1,120128,2,2,2,2,1,1,3,4,2,3,1981,2,2
1991,2,120128,1,2,2,2,2,2,3,4,2,3,1982,2,2
1991,1,120129,1,5,5,2,1,1,3,4,2,3,1982,2,2
1991,2,120129,1,2,2,2,1,1,3,4,2,3,1987,2,2
1991,1,120130,1,2,2,2,1,1,3,4,2,3,1989,2,2
1991,2,120130,6,3,3,2,1,1,3,4,2,3,1989,2,2
1991,1,120131,1,3,3,2,1,1,3,4,2,3,1982,2,2
1991,2,120131,1,2,2,2,1,1,3,4,2,3,1976,2,2
1991,1,120132,1,5,5,2,1,1,3,4,1,3,1987,2,2
1991,1,120133,1,2,2,2,1,1,3,4,2,3,1988,2,2
1991,1,120134,1,1,1,1,1,1,3,4,1,3,1986,2,2
1991,1,120135,6,2,2,2,1,1,3,4,2,3,1987,2,2
1991,1,120136,1,2,3,1,1,1,3,4,2,3,1991,2,2
1991,2,120136,1,2,3,2,1,1,3,4,2,3,1978,2,2
1991,3,120136,1,2,3,2,3,3,3,4,2,3,1991,2,2
1991,1,120137,6,5,5,2,1,1,3,4,2,3,1990,2,2
1991,2,120137,1,4,4,2,1,1,3,4,2,3,1981,2,2
1991,3,120137,6,2,2,2,1,1,3,4,1,3,1979,2,2
1991,1,120138,7,2,2,2,4,1,3,1,2,3,1982,2,2
1991,2,120138,6,3,3,2,1,1,3,4,2,3,1979,2,2
1991,1,120139,1,2,3,2,1,1,3,4,1,3,1990,2,2
1991,1,120140,1,2,2,2,1,1,3,4,2,3,1989,2,2
1991,1,120141,1,5,5,2,1,1,3,4,2,3,1989,2,2
1991,1,120142,1,2,2,2,1,1,3,4,2,3,1989,2,2
1991,2,120142,1,2,2,2,1,1,3,4,2,3,1966,2,2
1991,1,120144,6,3,3,2,1,1,3,4,2,3,1985,2,2
1991,1,120145,1,5,5,2,1,1,3,4,2,3,1990,2,2
1991,1,120146,7,2,2,2,4,1,3,1,1,3,1990,2,2
1991,1,120147,1,2,2,2,1,1,3,4,1,3,1987,2,2
1991,2,120147,7,2,5,2,4,1,3,1,2,3,1979,2,2
1991,1,120148,1,2,2,2,1,1,3,4,2,3,1979,2,2
1991,1,120149,1,5,5,2,1,1,3,4,2,3,1987,2,2
1991,2,120149,6,2,2,2,1,1,3,4,2,3,1988,2,2
1991,1,120150,7,2,2,2,4,2,3,2,1,3,1987,2,2
1991,1,120151,2,2,2,1,1,1,3,4,2,3,1989,2,2
1991,2,120151,1,2,2,2,1,1,3,4,2,3,1979,2,2
1991,3,120151,1,5,5,2,1,1,3,4,2,3,1989,2,2
1991,4,120151,1,2,2,2,1,1,3,4,2,3,1991,2,2
1991,1,120152,1,2,2,2,1,1,3,4,2,3,1989,2,2
1991,1,120154,1,2,2,2,1,1,3,4,2,3,1984,2,2
1991,2,120154,2,4,4,1,1,1,3,4,2,3,1991,2,2
1991,1,120155,1,3,3,2,1,1,3,4,2,3,1979,2,2
1991,2,120155,1,2,2,2,1,1,3,4,2,3,1980,2,2
1991,1,120156,1,5,5,2,1,1,3,4,2,3,1988,2,2
1991,1,120157,1,2,2,2,1,1,3,4,2,3,1985,2,2
1991,1,120158,1,2,2,2,1,1,3,4,2,3,1985,2,2
1991,1,120159,1,3,3,2,1,1,3,4,2,3,1979,2,2
1991,1,120160,1,2,2,2,1,1,3,4,2,3,1973,2,2
1991,2,120160,6,2,2,2,1,1,3,4,2,3,1985,2,2
1991,1,120161,2,2,2,1,1,1,3,4,2,3,1985,2,2
1991,1,120162,1,2,5,2,1,1,3,4,2,3,1986,2,2
1991,1,120163,2,5,5,1,1,1,3,4,2,3,1988,2,2
1991,1,120164,2,2,2,1,1,1,3,4,1,3,1985,2,2
1991,1,120165,1,3,3,2,1,1,3,4,2,3,1984,2,2
1991,2,120165,1,2,2,2,1,1,3,4,2,3,1987,2,2
1991,1,120166,1,2,2,2,1,1,3,4,2,3,1986,2,2
1991,2,120166,2,5,5,2,2,2,3,4,2,3,1984,2,2
1991,1,120167,6,7,7,2,1,1,3,4,2,3,1979,2,2
1991,1,120169,1,2,2,2,1,1,3,4,1,3,1973,2,2
1991,2,120169,1,2,2,2,3,3,3,4,1,3,1991,2,2
1991,3,120169,1,2,2,2,3,3,3,4,1,3,1991,2,2
1991,1,120170,1,1,1,1,1,1,3,4,2,3,1986,2,2
1991,1,120171,6,2,2,2,1,1,3,4,2,3,1970,2,2
1991,1,120172,1,2,2,2,1,1,3,4,2,3,1983,2,2
1991,2,120172,1,3,3,2,1,1,3,4,2,3,1986,2,2
1991,1,120173,1,2,2,2,1,1,3,4,2,3,1980,2,2
1991,2,120173,1,2,5,2,1,1,3,4,2,3,1989,2,2
1991,1,120174,1,2,2,2,1,1,3,4,2,3,1988,2,2
1991,1,120175,2,2,2,2,1,1,3,4,2,3,1988,2,2
1991,1,120176,2,2,2,2,2,2,3,4,1,3,1980,2,2
1991,1,120177,7,2,3,2,4,1,3,1,2,3,1978,2,2
1991,2,120177,9,7,7,2,3,3,3,4,2,3,9999,2,2
1991,1,120179,6,1,1,1,1,1,3,4,1,3,1973,2,2
1991,1,120180,7,4,4,2,4,1,3,1,2,3,1989,2,2
1991,1,120181,1,4,4,2,2,2,3,4,2,3,1978,2,2
1991,1,120182,1,2,2,2,2,2,3,4,2,3,1983,2,2
1991,1,120183,7,1,1,2,4,1,3,1,1,3,1984,2,2
1991,1,120184,1,2,2,2,1,1,3,4,1,3,1972,2,2
1991,1,120185,1,3,3,2,1,1,3,4,2,3,1990,2,2
1991,2,120185,2,2,2,2,1,1,3,4,2,3,1988,2,2
1991,1,120186,1,5,5,2,1,1,3,4,2,3,1987,2,2
1991,2,120186,1,2,2,2,1,1,3,4,2,3,1986,2,2
1991,1,120187,1,5,5,2,1,1,3,4,2,3,1984,2,2
1991,2,120187,1,2,2,1,1,1,3,4,2,3,1978,2,2
1991,1,120188,9,7,7,2,3,3,3,4,2,3,1979,2,2
1991,1,120189,1,3,3,2,1,1,3,4,2,3,1989,2,2
1991,2,120189,6,2,2,2,1,1,3,4,2,3,1979,2,2
1991,1,120190,1,2,2,2,1,1,3,4,2,3,1981,2,2
1991,2,120190,2,2,2,2,1,1,3,4,2,3,1989,2,2
1991,1,120191,1,1,1,2,1,1,3,4,2,3,1985,2,2
1991,1,120193,1,2,2,2,1,1,3,4,2,3,1984,2,2
1991,1,120194,1,2,2,1,3,3,3,4,2,3,1979,2,2
1991,1,120195,1,2,2,2,1,1,3,4,2,3,1984,2,2
1991,1,120196,7,2,2,2,4,1,3,1,2,3,1976,2,2
1991,2,120196,4,2,2,2,1,1,3,4,2,3,1984,2,2
1991,1,120197,9,2,2,2,1,1,3,4,2,3,1979,2,2
1991,1,120198,1,3,3,2,1,1,3,4,2,3,1986,2,2
1991,2,120198,1,2,2,2,1,1,3,4,2,3,1984,2,2
1991,3,120198,1,2,2,2,1,1,3,4,2,3,1983,2,2
1991,1,120199,2,2,2,2,1,1,3,4,2,3,1989,2,2
1991,2,120199,1,5,5,2,3,3,3,4,2,3,1988,2,2
1991,1,120200,1,5,5,2,1,1,3,4,1,3,1983,2,2
1991,2,120200,1,2,2,2,1,1,3,4,2,3,1991,2,2
1991,1,120201,4,3,3,2,1,1,3,4,2,3,1982,2,2
1991,2,120201,1,5,5,2,1,1,3,4,2,3,1990,2,2
1991,1,120202,1,5,5,2,2,2,3,4,2,3,1990,2,2
1991,2,120202,1,2,2,2,1,1,3,4,1,3,1974,2,2
1991,1,120205,6,2,2,2,1,1,3,4,2,3,1981,2,2
1991,1,120206,1,2,2,2,1,1,3,4,2,3,1977,2,2
1991,2,120206,1,3,3,2,1,1,3,4,2,3,1986,2,2
1991,1,120207,1,2,2,2,2,2,3,4,2,3,1984,2,2
1991,1,120209,1,2,3,2,1,1,3,4,2,3,1983,2,2
1991,1,120210,1,2,2,2,1,1,3,4,2,3,1988,2,2
1991,2,120210,2,5,5,2,1,1,3,4,2,3,1985,2,2
1991,1,120211,1,2,2,2,1,1,3,4,2,3,1985,2,2
1991,2,120211,4,2,2,2,1,1,3,4,2,3,1985,2,2
1991,1,120213,7,2,2,2,4,1,3,1,2,3,1984,2,2
1991,1,120214,4,2,3,2,1,1,3,4,2,3,1981,2,2
1991,2,120214,1,2,2,2,1,1,3,4,2,3,1975,2,2
1991,1,120215,1,2,2,2,1,1,3,4,2,3,1984,2,2
1991,1,120216,1,2,2,1,1,1,3,4,1,3,1974,2,2
1991,1,120217,2,1,1,1,1,1,3,4,2,3,1986,2,2
1991,1,120218,1,2,2,2,1,1,3,4,2,3,1984,2,2
1991,2,120218,2,4,4,2,1,1,3,4,2,3,1981,2,2
1991,3,120218,1,4,4,1,1,1,3,4,2,3,1991,2,2
1991,1,120219,2,1,1,1,2,2,3,4,2,3,1982,2,2
1991,1,120220,1,1,1,1,1,1,3,4,1,3,1984,2,2
1991,1,120221,1,3,3,1,1,1,3,4,2,3,1983,2,2
1991,1,120222,1,2,2,2,1,1,3,4,2,3,1979,2,2
1991,2,120222,1,3,3,2,1,1,3,4,2,3,1989,2,2
1991,1,120223,1,5,4,2,1,1,3,4,2,3,1985,2,2
1991,2,120223,1,2,3,2,1,1,3,4,2,3,1978,2,2
1991,1,120224,2,2,2,2,1,1,3,4,2,3,1989,2,2
1991,1,120225,6,2,2,2,1,1,3,4,2,3,1973,2,2
1991,1,120226,2,3,3,1,1,1,3,4,2,3,1983,2,2
1991,2,120226,1,2,2,2,1,1,3,4,2,3,1973,2,2
1991,3,120226,1,2,2,2,1,1,3,4,2,3,1983,2,2
1991,1,120227,1,6,6,2,1,1,3,4,2,3,1989,2,2
1991,1,120228,9,2,2,2,1,1,3,4,2,3,1989,2,2
1991,1,120229,1,2,2,2,1,1,3,4,2,3,1986,2,2
1991,1,120230,2,2,2,1,1,1,3,4,1,3,1985,2,2
1991,1,120231,1,2,2,2,1,1,3,4,2,3,1968,2,2
1991,2,120231,8,5,5,2,1,1,3,4,2,2,1987,2,2
1991,1,120232,1,5,5,2,2,2,3,4,1,3,1976,2,2
1991,1,120233,1,2,2,2,1,1,3,4,2,3,1979,2,2
1991,1,120234,2,2,2,2,1,1,3,4,2,3,1973,2,2
1991,2,120234,1,3,3,2,1,1,3,4,2,3,1980,2,2
1991,1,120236,7,2,2,2,4,1,3,1,1,3,1977,2,2
1991,2,120236,1,3,3,2,1,1,3,4,2,3,1987,2,2
1991,1,120237,1,2,2,2,2,2,3,4,2,3,1979,2,2
1991,1,120238,1,5,5,2,1,1,3,4,2,3,1988,2,2
1991,2,120238,1,2,2,2,1,1,3,4,2,3,1985,2,2
1991,1,120239,7,2,2,2,4,1,3,1,2,3,1978,2,2
1991,1,120240,6,2,3,2,1,1,3,4,2,3,1982,2,2
1991,1,120241,1,2,3,2,1,1,3,4,2,3,1987,2,2
1991,1,120242,7,2,2,2,4,1,3,1,2,3,1987,2,2
1991,1,120243,4,2,2,2,1,1,3,4,2,3,1984,2,2
1991,2,120243,6,4,4,2,1,1,3,4,2,3,1986,2,2
1991,3,120243,2,2,2,2,1,1,3,4,2,3,1989,2,2
1991,1,120244,2,2,2,2,1,1,3,4,2,3,1988,2,2
1991,1,120245,2,2,2,1,1,1,3,4,1,3,1987,2,2
1991,2,120245,2,4,4,2,1,1,3,4,2,3,1987,2,2
1991,1,120246,1,3,3,2,1,1,3,4,2,3,1987,2,2
1991,1,120247,1,2,3,2,1,1,3,4,2,3,1979,2,2
1991,1,120248,1,2,2,2,1,1,3,4,2,3,1988,2,2
1991,1,120249,6,2,2,2,1,1,3,4,2,3,1980,2,2
1991,2,120249,7,4,4,2,4,1,3,1,2,3,1980,2,2
1991,3,120249,1,4,4,2,3,3,3,4,2,3,1990,2,2
1991,4,120249,4,5,4,2,1,1,3,4,2,3,1988,2,2
1991,5,120249,4,5,5,2,3,3,3,4,2,3,1986,2,2
1991,6,120249,1,2,2,2,1,1,3,4,2,3,1982,2,2
1991,1,120250,7,2,2,2,4,1,3,1,2,3,1980,2,2
1991,2,120250,9,4,4,2,1,1,3,4,2,3,1973,2,2
1991,1,120252,2,5,5,2,3,3,3,4,1,3,1985,2,2
1991,1,120253,2,2,2,2,1,1,3,4,2,3,1983,2,2
1991,2,120253,1,5,5,2,1,1,3,4,2,3,1979,2,2
1991,1,120254,2,3,3,1,1,1,3,4,1,3,1985,2,2
1991,1,120255,4,2,3,2,3,3,3,4,2,3,1982,2,2
1991,2,120255,1,2,2,2,3,3,3,4,2,3,1984,2,2
1991,1,120256,1,2,2,2,1,1,3,4,1,3,1975,2,2
1991,1,120257,1,2,2,2,1,1,3,4,1,3,1986,2,2
1991,2,120257,1,2,2,2,1,1,3,4,2,3,1987,2,2
1991,1,120258,1,2,2,2,1,1,3,4,2,3,1982,2,2
1991,1,120259,1,2,2,2,2,2,3,4,2,3,1990,2,2
1991,2,120259,1,2,2,2,1,1,3,4,2,3,1991,2,2
1991,1,120260,9,2,2,2,3,3,3,4,2,3,9999,2,2
1991,1,120261,2,2,2,2,1,1,3,4,2,3,1979,2,1
1991,2,120261,1,2,2,2,1,1,3,4,2,3,1979,2,1
1991,1,120262,7,3,3,2,4,2,3,2,2,3,1990,2,2
1991,1,120263,1,2,2,2,1,1,3,4,2,3,1981,2,2
1991,2,120263,9,7,7,2,3,3,3,4,2,3,9999,2,2
1991,3,120263,1,6,6,2,1,1,3,4,2,3,1986,2,2
1991,1,120264,2,1,1,1,2,2,3,4,2,3,1984,2,2
1991,1,120265,1,1,1,1,1,1,3,4,2,3,1978,2,2
1991,1,120266,1,1,1,1,1,1,3,4,1,3,1990,2,2
1991,1,120267,1,2,2,2,1,1,3,4,1,3,1989,2,2
1991,2,120267,1,2,2,2,1,1,3,4,2,3,1990,2,2
1991,1,120268,2,1,1,1,1,1,3,4,2,3,1989,2,2
1991,1,120269,1,2,2,2,1,1,3,4,1,3,1984,2,2
1991,1,120271,1,5,5,2,1,1,3,4,2,3,1985,2,2
1991,2,120271,1,2,2,2,1,1,3,4,1,3,1988,2,2
1991,1,120272,4,2,2,1,1,1,3,4,2,3,1981,2,2
1991,2,120272,2,5,5,2,3,3,3,4,2,3,1987,2,2
1991,1,120273,2,2,2,2,1,1,3,4,2,3,1987,2,2
1991,1,120274,6,2,2,2,1,1,3,4,2,3,1969,2,2
1991,2,120274,1,2,5,2,1,1,3,4,2,3,1983,2,2
1991,3,120274,1,2,2,2,1,1,3,4,2,3,1984,2,2
1991,1,120275,4,1,1,1,1,1,3,4,1,3,1989,2,2
1991,1,120276,6,4,4,2,1,1,3,4,2,3,1988,2,2
1991,2,120276,7,2,2,2,4,1,3,1,1,3,1986,2,2
1991,1,120277,1,2,2,2,3,3,3,4,2,3,1977,2,2
1991,2,120277,1,3,3,2,1,1,3,4,2,3,1989,2,2
1991,3,120277,1,2,2,1,1,1,3,4,2,3,1987,2,2
1991,1,120278,1,2,2,2,1,1,3,4,2,3,1987,2,2
1991,1,120279,1,5,5,2,1,1,3,4,2,3,1985,2,2
1991,2,120279,2,2,2,2,1,1,3,4,2,3,1990,2,2
1991,1,120280,1,2,2,1,1,1,3,4,1,3,1979,2,2
1991,1,120281,1,2,2,2,2,2,3,4,1,3,1978,2,2
1991,2,120281,1,2,5,2,1,1,3,4,2,3,1975,2,2
1991,1,120283,7,2,2,2,4,2,3,2,1,3,1982,2,2
1991,1,120284,2,2,2,2,2,2,3,4,2,3,1982,2,2
1991,2,120284,1,5,5,2,1,1,3,4,2,3,1979,2,2
1991,1,120285,1,2,2,2,2,2,3,4,2,3,1981,2,2
1991,1,120286,1,2,2,1,1,1,3,4,1,3,1984,2,2
1991,1,120287,1,2,2,2,2,2,3,4,1,3,1975,2,2
1991,1,120288,1,2,6,2,1,1,3,4,1,3,1982,2,2
1991,1,120289,2,2,2,2,2,2,3,4,2,3,1985,2,2
1991,1,120290,7,3,3,2,4,2,3,2,1,3,1989,2,2
1991,1,120291,1,2,2,2,1,1,3,4,2,3,1990,2,2
1991,1,120292,1,3,3,2,1,1,3,4,2,3,1979,2,2
1991,1,120293,1,5,2,2,1,1,3,4,2,3,1983,2,2
1991,2,120293,1,2,2,1,1,1,3,4,1,3,1988,2,2
1991,1,120294,9,7,7,2,3,3,3,4,2,3,9999,2,2
1991,1,120295,2,2,2,2,1,1,3,4,2,3,1987,2,2
1991,2,120295,2,2,2,2,1,1,3,4,1,3,1978,2,2
1991,1,120296,6,5,5,2,1,1,3,4,2,3,1986,2,2
1991,2,120296,1,2,2,2,1,1,3,4,2,3,1984,2,2
1991,1,120297,2,2,2,1,1,1,3,4,2,3,1991,2,2
1991,1,120298,1,5,5,2,1,1,3,4,2,3,1990,2,2
1991,2,120298,1,2,2,2,1,1,3,4,2,3,1989,2,2
1991,1,120299,7,1,1,2,4,1,3,1,1,3,1986,2,2
1991,1,120300,7,2,2,2,4,1,3,1,2,3,1979,2,2
1991,2,120300,7,3,3,2,4,1,3,1,2,3,1972,2,2
1991,1,120301,1,1,1,1,2,2,3,4,2,3,1980,2,2
1991,2,120301,1,6,6,2,1,1,3,4,2,3,1983,2,2
1991,1,120302,1,3,3,2,1,1,3,4,2,3,1984,2,2
1991,2,120302,2,2,2,2,1,1,3,4,2,3,1990,2,2
1991,1,120304,2,2,2,2,1,1,3,4,2,3,1978,2,2
1991,1,120305,1,5,5,2,1,1,3,4,1,3,1973,2,2
1991,1,120306,1,2,2,2,1,1,3,4,2,3,1986,2,2
1991,1,120307,1,2,2,2,1,1,3,4,2,3,1984,2,2
1991,2,120307,1,2,2,2,1,1,3,4,2,3,1988,2,2
1991,1,120308,1,1,1,1,1,1,3,4,1,3,1985,2,2
1991,1,120309,1,2,2,2,3,3,3,4,2,3,1986,2,2
1991,1,120311,1,5,5,2,1,1,3,4,2,3,1985,2,2
1991,2,120311,1,2,2,2,1,1,3,4,2,3,1989,2,2
1991,1,120312,1,2,2,2,2,2,3,4,1,3,1988,2,2
1991,1,120313,1,3,3,2,1,1,3,4,2,3,1984,2,2
1991,2,120313,4,2,2,2,1,1,3,4,2,3,1984,2,2
1991,1,120314,1,2,2,2,1,1,3,4,2,3,1988,2,2
1991,1,120315,7,2,2,2,4,1,3,1,1,3,1991,2,2
1991,1,120316,7,2,2,2,4,1,3,1,2,3,1982,2,2
1991,2,120316,1,3,4,2,1,1,3,4,2,3,1980,2,2
1991,1,120317,7,2,2,2,4,1,3,1,2,3,1988,2,2
1991,2,120317,1,2,3,2,1,1,3,4,2,3,1980,2,2
1991,3,120317,1,2,2,2,1,1,3,4,2,3,1989,2,2
1991,1,120318,1,2,2,1,1,1,3,4,2,3,1988,2,2
1991,1,120319,7,1,1,2,4,1,3,1,2,3,1990,2,2
1991,2,120319,1,2,2,2,1,1,3,4,2,3,1987,2,2
1991,1,120320,1,2,2,2,1,1,3,4,2,3,1984,2,2
1991,1,120321,6,4,4,2,1,1,3,4,2,3,1984,2,2
1991,2,120321,1,2,2,2,1,1,3,4,2,3,1989,2,2
1991,1,120322,1,2,2,2,1,1,3,4,1,3,1983,2,2
1991,2,120322,1,2,2,2,1,1,3,4,2,3,1989,2,2
1991,1,120323,1,2,2,2,1,1,3,4,2,3,1985,2,2
1991,2,120323,6,5,4,2,1,1,3,4,2,3,1983,2,2
1991,1,120324,1,2,2,2,1,1,3,4,2,3,1991,2,2
1991,1,120325,1,5,5,2,1,1,3,4,2,3,1981,2,2
1991,2,120325,1,2,2,2,1,1,3,4,2,3,1982,2,2
1991,1,120326,1,3,3,1,1,1,3,4,1,3,1985,2,2
1991,1,120327,1,2,3,2,1,1,3,4,2,3,9999,2,2
1991,2,120327,1,2,2,2,1,1,3,4,2,3,1972,2,2
1991,1,120329,1,2,2,2,1,1,3,4,1,3,1982,2,2
1991,1,120330,1,2,2,2,1,1,3,4,2,3,1990,2,2
1991,2,120330,1,2,2,2,3,3,3,4,2,3,1990,2,2
1991,3,120330,1,2,2,2,1,1,3,4,2,3,1990,2,2
1991,1,120332,1,2,2,2,1,1,3,4,2,3,1990,2,2
1991,1,120333,1,2,2,2,1,1,3,4,2,3,1985,2,2
1991,1,120334,1,2,2,2,2,2,3,4,1,3,1985,2,2
1991,1,120335,2,2,2,2,1,1,3,4,1,3,1986,2,2
1991,2,120335,6,2,2,2,1,1,3,4,2,3,1987,2,2
1991,1,120336,1,2,2,2,1,1,3,4,2,3,1983,2,2
1991,1,120337,1,2,2,2,1,1,3,4,2,3,1978,2,2
1991,1,120338,1,5,5,2,3,3,3,4,1,3,1988,2,2
1991,2,120338,1,2,2,2,1,1,3,4,2,3,1990,2,2
1991,1,120339,1,2,2,2,1,1,3,4,2,3,1979,2,2
1991,2,120339,1,5,5,2,1,1,3,4,2,3,1973,2,2
1991,1,120340,7,2,2,2,4,3,3,3,2,3,1986,2,2
1991,2,120340,1,3,3,2,1,1,3,4,2,3,1983,2,2
1991,3,120340,1,5,5,2,1,1,3,4,2,3,1990,2,2
1991,1,120341,1,2,2,2,1,1,3,4,2,3,1971,2,2
1991,2,120341,1,4,4,2,1,1,3,4,2,3,1978,2,2
1991,3,120341,2,2,2,2,1,1,3,4,2,3,1986,2,2
1991,1,120342,1,2,2,2,1,1,3,4,2,3,1978,2,2
1991,2,120342,1,2,2,2,1,1,3,4,2,3,1989,2,2
1991,1,120343,1,2,2,2,1,1,3,4,2,3,1976,2,2
1991,1,120344,1,2,2,2,1,1,3,4,2,3,1981,2,2
1991,2,120344,1,2,2,2,1,1,3,4,2,3,1991,2,2
1991,3,120344,2,4,4,2,1,1,3,4,2,3,1988,2,2
1991,4,120344,1,4,4,2,1,1,3,4,2,3,1991,2,2
1991,5,120344,1,2,2,2,1,1,3,4,2,3,1989,2,2
1991,6,120344,1,2,5,2,1,1,3,4,2,3,1990,2,2
1991,1,120345,1,2,2,2,1,1,3,4,2,3,1984,2,2
1991,1,120346,1,2,2,2,1,1,3,4,2,3,1985,2,2
1991,1,120347,1,2,2,2,2,2,3,4,2,3,1979,2,2
1991,2,120347,1,4,4,2,1,1,3,4,2,3,1985,2,2
1991,1,120348,1,3,3,2,1,1,3,4,2,3,1981,2,2
1991,2,120348,1,2,2,2,1,1,3,4,1,3,1979,2,2
1991,1,120349,1,2,2,1,1,1,3,4,2,3,1986,2,2
1991,1,120350,1,5,5,2,1,1,3,4,1,3,1989,2,2
1991,1,120351,1,2,2,2,3,3,3,4,2,3,1975,2,2
1991,1,120352,1,2,2,2,1,1,3,4,2,3,1980,2,2
1991,1,120353,1,5,5,2,1,1,3,4,2,3,1987,2,2
1991,2,120353,2,2,2,2,1,1,3,4,2,3,1985,2,2
1991,1,120354,1,2,2,2,1,1,3,4,2,3,1989,2,2
1991,1,120355,1,1,1,1,1,1,3,4,2,3,1987,2,2
1991,1,120356,2,3,4,1,1,1,3,4,1,3,1965,2,2
1991,2,120356,1,2,2,2,1,1,3,4,2,3,1980,2,2
1991,1,120357,1,1,1,1,1,1,3,4,2,3,1985,2,2
1991,1,120358,1,2,2,1,1,1,3,4,1,3,1983,2,2
1991,2,120358,1,2,2,2,1,1,3,4,2,3,1989,2,2
1991,1,120359,2,1,1,1,1,1,3,4,2,3,1987,2,2
1991,1,120360,1,2,2,2,1,1,3,4,1,3,1971,2,2
1991,1,120361,6,1,1,1,1,1,3,4,2,3,1989,2,2
1991,1,120362,7,2,2,2,4,1,3,1,2,3,1983,2,2
1991,2,120362,1,2,2,2,1,1,3,4,2,3,1985,2,2
1991,1,120363,1,5,5,2,1,1,3,4,1,3,1979,2,2
1991,1,120364,1,2,2,2,2,2,3,4,1,3,1982,2,2
1991,1,120365,2,5,5,2,1,1,3,4,2,3,1986,2,2
1991,2,120365,2,2,2,2,1,1,3,4,2,3,1990,2,2
1991,1,120366,1,1,1,2,1,1,3,4,2,3,1980,2,2
1991,1,120367,1,2,2,2,1,1,3,4,2,3,1987,2,2
1991,1,120368,7,5,5,2,4,1,3,1,2,3,1986,2,2
1991,1,120369,1,3,3,2,1,1,3,4,2,3,1980,2,2
1991,2,120369,1,2,2,2,1,1,3,4,2,3,1978,2,2
1991,1,120370,2,2,2,2,1,1,3,4,2,3,1985,2,2
1991,1,120371,1,2,2,2,1,1,3,4,2,3,1988,2,2
1991,1,120372,2,2,2,2,1,1,3,4,2,3,1990,2,2
1991,2,120372,7,2,2,2,4,1,3,1,2,3,1983,2,2
1991,1,120373,1,5,5,2,1,1,3,4,1,3,1967,2,2
1991,1,120374,9,2,2,2,1,1,3,4,2,3,1987,2,2
1991,2,120374,1,2,2,2,1,1,3,4,2,3,1991,2,2
1991,1,120375,1,2,3,2,1,1,3,4,1,3,1984,2,2
1991,2,120375,1,2,2,2,1,1,3,4,2,3,1977,2,2
1991,1,120376,6,1,1,1,1,1,3,4,1,3,1974,2,2
1991,1,120377,1,2,2,2,1,1,3,4,2,3,1982,2,2
1991,1,120378,1,2,2,2,1,1,3,4,2,3,1985,2,2
1991,2,120378,1,2,2,2,1,1,3,4,2,3,1990,2,2
1991,1,120379,7,2,2,2,4,2,3,2,1,3,1982,2,2
1991,1,120380,1,3,3,2,2,2,3,4,2,3,1978,2,2
1991,2,120380,1,2,2,2,1,1,3,4,2,3,1983,2,2
1991,1,120381,1,2,2,2,1,1,3,4,2,3,1977,2,2
1991,1,120382,1,2,2,2,1,1,3,4,2,3,1974,2,2
1991,1,120383,1,2,2,2,2,2,3,4,2,3,1981,2,2
1991,2,120383,1,2,2,2,1,1,3,4,2,3,1988,2,2
1991,1,120384,1,2,2,2,1,1,3,4,2,3,1989,2,2
1991,2,120384,1,3,3,2,1,1,3,4,2,3,1987,2,2
1991,1,120385,1,2,2,2,1,1,3,4,2,3,1982,2,2
1991,1,120386,1,2,2,2,2,2,3,4,2,3,1976,2,2
1991,2,120386,6,2,2,2,1,1,3,4,2,3,1989,2,2
1991,1,120387,1,2,2,2,1,1,3,4,2,3,1984,2,2
1991,2,120387,6,2,2,2,1,1,3,4,2,3,1985,2,2
1991,1,120388,1,2,3,2,1,1,3,4,2,3,1985,2,2
1991,2,120388,2,2,5,2,1,1,3,4,2,3,1989,2,2
1991,1,120389,9,7,7,2,3,3,3,4,2,3,9999,2,2
1991,1,120390,1,1,1,1,1,1,3,4,2,3,1989,2,2
1991,1,120391,7,2,2,2,4,1,3,1,2,3,1979,2,2
1991,1,120392,1,2,2,2,1,1,3,4,2,3,1977,2,2
1991,2,120392,7,2,2,2,4,3,3,3,2,3,1976,2,2
1991,1,120393,1,7,7,2,1,1,3,4,2,3,1989,2,2
1991,1,120394,1,2,2,2,1,1,3,4,2,3,1987,2,2
1991,2,120394,6,2,2,2,1,1,3,4,2,3,1989,2,2
1991,1,120395,1,2,2,2,1,1,3,4,2,3,1989,2,2
1991,2,120395,1,3,3,2,1,1,3,4,2,3,1976,2,2
1991,1,120396,1,2,2,2,1,1,3,4,2,3,1986,2,2
1991,2,120396,2,2,2,2,1,1,3,4,2,3,1982,2,2
1991,1,120397,6,4,4,2,1,1,3,4,2,3,1988,2,2
1991,2,120397,2,2,2,2,1,1,3,4,2,3,1985,2,2
1991,1,120398,1,5,5,2,2,2,3,4,1,3,1988,2,2
1991,1,120399,6,4,4,2,1,1,3,4,2,3,1980,2,2
1991,2,120399,1,2,2,2,3,3,3,4,2,3,1984,2,2
1991,1,120400,9,7,7,2,3,3,3,4,2,3,9999,2,2
1991,2,120400,1,2,2,2,1,1,3,4,2,3,1983,2,2
1991,1,120401,1,5,5,2,1,1,3,4,2,3,1979,2,2
1991,2,120401,2,2,2,2,1,1,3,4,2,3,1974,2,2
1991,1,120402,1,5,5,2,1,1,3,4,2,3,1985,2,2
1991,1,120403,6,2,2,2,1,1,3,4,2,3,1989,2,2
1991,2,120403,1,2,3,2,1,1,3,4,2,3,1984,2,2
1991,1,120404,1,2,2,2,1,1,3,4,2,3,1982,2,2
1991,2,120404,1,2,2,2,1,1,3,4,2,3,1988,2,2
1991,1,120405,1,2,2,2,1,1,3,4,2,3,1990,2,2
1991,1,120407,1,2,2,2,1,1,3,4,2,3,1983,2,1
1991,1,120408,2,5,5,2,1,1,3,4,2,3,1986,2,2
1991,2,120408,6,2,2,2,1,1,3,4,2,3,1985,2,2
1991,1,120409,1,2,2,2,3,3,3,4,2,3,1989,2,2
1991,1,120410,1,2,2,2,1,1,3,4,2,3,1981,2,2
1991,1,120411,1,5,5,2,1,1,3,4,1,3,1983,2,2
1991,2,120411,1,2,2,2,1,1,3,4,2,3,1977,2,2
1991,1,120412,1,2,2,2,1,1,3,4,2,3,1989,2,2
1991,2,120412,1,4,4,2,3,3,3,4,2,3,1984,2,2
1991,1,120413,1,2,2,2,1,1,3,4,2,3,1991,2,2
1991,2,120413,5,4,4,2,1,1,3,4,2,3,1986,2,2
1991,1,120414,1,2,2,2,1,1,3,4,2,3,1981,2,2
1991,2,120414,7,2,2,2,4,1,3,1,2,3,9999,2,2
1991,1,120415,1,1,1,1,1,1,3,4,2,3,1981,2,2
1991,1,120416,1,5,5,2,3,3,3,4,2,3,1988,2,2
1991,2,120416,1,2,2,2,1,1,3,4,2,3,1990,2,2
1991,1,120417,7,2,2,2,4,2,3,2,2,3,1981,2,2
1991,2,120417,2,3,3,2,2,2,3,4,2,3,1985,2,2
1991,1,120418,1,2,2,2,1,1,3,4,2,3,1978,2,2
1991,2,120418,2,2,2,2,1,1,3,4,2,3,1981,2,2
1991,1,120419,1,2,2,2,1,1,3,4,1,3,1989,2,2
1991,2,120419,1,2,2,2,1,1,3,4,2,3,1990,2,2
1991,1,120420,1,2,5,2,1,1,3,4,2,3,1979,2,2
1991,2,120420,1,2,2,2,1,1,3,4,1,3,1987,2,2
1991,1,120423,1,5,5,2,1,1,3,4,2,3,1987,2,2
1991,2,120423,1,2,2,2,1,1,3,4,2,3,1978,2,2
1991,3,120423,1,2,2,2,1,1,3,4,2,3,1988,2,2
1991,1,120424,1,3,3,2,1,1,3,4,1,3,1988,2,2
1991,2,120424,1,2,2,2,1,1,3,4,2,3,1980,2,2
1991,1,120425,1,2,3,2,1,1,3,4,2,3,1987,2,2
1991,2,120425,2,2,2,2,1,1,3,4,2,3,1990,2,2
1991,1,120426,1,2,2,2,1,1,3,4,2,3,1984,2,2
1991,1,120427,1,5,5,2,2,2,3,4,2,3,1983,2,2
1991,2,120427,7,2,2,2,4,1,3,1,2,3,1984,2,2
1991,1,120428,1,2,2,2,1,1,3,4,2,3,1988,2,2
1991,1,120429,2,2,2,2,1,1,3,4,2,3,1987,2,2
1991,1,120430,1,3,3,2,1,1,3,4,2,3,1981,2,2
1991,2,120430,1,2,2,2,1,1,3,4,2,3,1985,2,2
1991,1,120433,1,5,5,2,1,1,3,4,1,3,1986,2,2
1991,1,120434,1,2,2,2,1,1,3,4,2,3,1989,2,2
1991,1,120435,6,1,1,1,1,1,3,4,2,3,1983,2,2
1991,1,120436,1,2,2,1,1,1,3,4,1,3,1985,2,2
1991,1,120437,1,2,2,1,2,2,3,4,1,3,1978,2,2
1991,1,120438,1,2,3,2,1,1,3,4,2,3,1986,2,2
1991,2,120438,9,2,2,2,1,1,3,4,2,3,1981,2,2
1991,3,120438,1,2,2,2,3,3,3,4,1,3,1980,2,2
1991,1,120439,1,2,2,2,1,1,3,4,2,3,1981,2,2
1991,1,120440,1,5,4,2,1,1,3,4,2,3,1989,2,2
1991,2,120440,1,2,2,2,1,1,3,4,2,3,1981,2,2
1991,3,120440,1,2,5,2,1,1,3,4,1,3,1984,2,2
1991,1,120441,1,2,2,2,1,1,3,4,2,3,1986,2,2
1991,1,120442,1,4,4,2,2,2,3,4,1,3,1984,2,2
1991,1,120443,4,1,1,1,1,1,3,4,2,3,1988,2,2
1991,1,120446,1,2,2,2,1,1,3,4,2,3,1989,2,2
1991,1,120447,1,2,2,2,2,2,3,4,2,3,1982,2,2
1991,1,120448,1,1,1,1,2,2,3,4,1,3,1984,2,2
1991,1,120449,7,1,1,2,4,2,3,2,2,3,1983,2,2
1991,1,120450,1,5,5,2,1,1,3,4,2,3,1989,2,2
1991,2,120450,1,2,2,2,1,1,3,4,2,3,1981,2,2
1991,1,120451,7,2,2,2,4,1,3,1,2,3,1984,2,2
1991,1,120452,1,2,2,2,1,1,3,4,2,3,1974,2,2
1991,1,120453,1,1,1,1,3,3,3,4,2,3,1991,2,2
1991,1,120454,1,2,2,2,1,1,3,4,2,3,1978,2,2
1991,2,120454,1,2,2,1,1,1,3,4,2,3,1991,2,2
1991,1,120455,4,2,2,2,1,1,3,4,2,3,1990,2,2
1991,1,120456,6,2,3,2,1,1,3,4,2,3,1988,2,2
1991,2,120456,1,5,4,2,1,1,3,4,2,3,1986,2,2
1991,3,120456,1,2,2,2,1,1,3,4,2,3,1986,2,2
1991,1,120457,1,2,2,2,1,1,3,4,2,3,1974,2,2
1991,1,120458,2,2,2,2,1,1,3,4,1,3,1990,2,2
1991,2,120458,2,4,4,2,1,1,3,4,2,3,1986,2,2
1991,1,120459,2,2,2,2,2,2,3,4,2,3,1973,2,2
1991,1,120460,2,1,1,1,1,1,3,4,1,3,1988,2,2
1991,1,120461,1,2,2,2,1,1,3,4,2,3,1982,2,2
1991,1,120462,1,2,2,2,1,1,3,4,2,3,1984,2,2
1991,1,120463,1,2,2,2,1,1,3,4,2,3,1976,2,2
1991,2,120463,1,4,4,2,1,1,3,4,2,3,1983,2,2
1991,3,120463,1,2,2,2,1,1,3,4,2,3,1978,2,2
1991,4,120463,1,2,2,2,1,1,3,4,2,3,1974,2,2
1991,1,120464,7,2,2,2,4,2,3,2,2,3,1987,2,2
1991,2,120464,2,5,5,2,1,1,3,4,2,3,1988,2,2
1991,1,120465,2,7,7,2,3,3,3,4,2,3,9999,2,2
1991,1,120466,1,2,4,2,1,1,3,4,2,3,1986,2,2
1991,2,120466,2,2,2,2,1,1,3,4,2,3,1985,2,2
1991,1,120467,1,3,3,2,1,1,3,4,2,3,1969,2,2
1991,1,120468,1,2,2,2,1,1,3,4,2,3,1990,2,2
1991,1,120469,1,6,6,2,3,3,3,4,2,3,1984,2,2
1991,2,120469,6,3,3,2,1,1,3,4,2,3,1991,2,2
1991,1,120470,2,2,2,2,1,1,3,4,2,3,1990,2,2
1991,1,120471,6,2,2,2,1,1,3,4,2,3,1989,2,2
1991,1,120472,1,2,2,2,1,1,3,4,2,3,1986,2,2
1991,1,120473,1,2,2,2,1,1,3,4,2,3,1990,2,2
1991,2,120473,1,2,2,1,1,1,3,4,2,3,1974,2,2
1991,1,120474,1,2,2,2,1,1,3,4,2,3,1990,2,2
1991,1,120475,7,2,2,2,4,2,3,2,2,3,1985,2,2
1991,1,120476,1,2,2,2,1,1,3,4,2,3,1982,2,2
1991,2,120476,2,3,3,1,1,1,3,4,2,3,1987,2,2
1991,1,120477,4,2,2,2,1,1,3,4,2,3,1987,2,2
1991,1,120478,2,2,2,1,1,1,3,4,2,3,1984,2,2
1991,1,120479,1,4,4,2,1,1,3,4,2,3,1988,2,2
1991,2,120479,2,2,2,2,1,1,3,4,2,3,1986,2,2
1991,1,120480,2,2,2,2,1,1,3,4,2,3,1989,2,2
1991,1,120481,1,2,2,2,1,1,3,4,2,3,1987,2,2
1991,2,120481,1,2,2,2,1,1,3,4,2,3,1985,2,2
1991,3,120481,1,2,2,2,1,1,3,4,2,3,1990,2,2
1991,4,120481,1,2,2,2,1,1,3,4,2,3,1988,2,2
1991,1,120482,1,1,1,1,1,1,3,4,2,3,1989,2,2
1991,1,120483,1,2,2,1,1,1,3,4,2,3,1986,2,2
1991,1,120484,7,2,3,2,4,2,3,2,2,3,1989,2,2
1991,2,120484,2,2,2,2,1,1,3,4,2,3,1986,2,2
1991,1,120485,1,3,3,2,1,1,3,4,1,3,1985,2,2
1991,1,120486,9,7,7,2,3,3,3,4,2,3,9999,2,2
1991,1,120487,1,2,2,2,2,2,3,4,2,3,1973,2,2
1991,1,120488,1,2,2,2,1,1,3,4,2,3,1989,2,2
1991,1,120489,1,2,2,2,1,1,3,4,2,3,1978,2,2
1991,2,120489,2,3,3,2,1,1,3,4,2,3,1984,2,2
1991,3,120489,2,2,2,2,2,2,3,4,2,3,1976,2,2
1991,1,120490,9,2,2,2,3,3,3,4,2,3,9999,2,2
1991,1,120491,1,2,2,2,2,2,3,4,2,3,1982,2,2
1991,1,120492,1,2,2,1,1,1,3,4,1,3,1989,2,2
1991,1,120493,4,1,1,1,1,1,3,4,2,3,1983,2,2
1991,1,120494,1,2,2,2,1,1,3,4,2,3,1987,2,2
1991,1,120495,1,2,2,2,1,1,3,4,2,3,1989,2,2
1991,1,120496,1,2,2,2,2,2,3,4,2,3,1979,2,2
1991,1,120497,1,2,2,1,1,1,3,4,1,3,1991,2,2
1991,1,120498,3,2,2,2,1,1,3,4,1,3,1985,2,2
1991,1,120499,2,5,5,2,1,1,3,4,2,3,1985,2,2
1991,2,120499,6,5,5,2,1,1,3,4,2,3,1982,2,2
1991,1,120500,1,3,3,2,1,1,3,4,2,3,1985,2,2
1991,2,120500,2,2,2,2,1,1,3,4,2,3,1978,2,2
1991,1,120501,1,5,5,2,1,1,3,4,2,3,1989,2,2
1991,2,120501,1,2,2,2,1,1,3,4,2,3,1991,2,2
1991,3,120501,6,2,2,2,1,1,3,4,2,3,1979,2,2
1991,1,120502,1,2,2,2,1,1,3,4,2,3,1983,2,2
1991,1,120503,1,2,2,2,1,1,3,4,2,3,1989,2,2
1991,2,120503,7,2,2,2,4,1,3,1,2,3,1987,2,2
1991,1,120504,2,2,2,2,1,1,3,4,1,3,1986,2,2
1991,1,120505,1,2,2,2,2,2,3,4,2,3,1977,2,2
1991,1,120507,9,7,7,2,3,3,3,4,2,3,9999,2,2
1991,1,120508,1,2,2,2,1,1,3,4,2,3,1989,2,2
1991,2,120508,1,2,2,2,1,1,3,4,2,3,1980,2,2
1991,1,120509,6,2,2,2,1,1,3,4,2,3,1981,2,2
1991,2,120509,1,4,4,2,1,1,3,4,2,3,1984,2,2
1991,1,120510,1,2,2,2,1,1,3,4,2,3,1978,2,2
1991,1,120511,1,5,5,2,1,1,3,4,1,3,1979,2,2
1991,1,120512,1,3,3,2,1,1,3,4,2,3,1988,2,2
1991,2,120512,2,2,2,2,1,1,3,4,2,3,1987,2,2
1991,1,120514,4,2,2,2,1,1,3,4,2,3,1991,2,2
1991,1,120515,1,3,3,2,2,2,3,4,2,3,1989,2,2
1991,2,120515,1,2,2,2,1,1,3,4,2,3,1980,2,2
1991,1,120516,2,2,2,2,1,1,3,4,2,3,1986,2,2
1991,1,120517,1,2,3,2,1,1,3,4,2,3,1975,2,2
1991,2,120517,7,2,2,2,4,1,3,1,2,3,1987,2,2
1991,1,120518,1,2,4,2,1,1,3,4,2,3,1988,2,2
1991,2,120518,2,2,2,2,1,1,3,4,2,3,1986,2,2
1991,1,120519,1,3,4,2,1,1,3,4,2,3,1988,2,2
1991,2,120519,1,2,2,2,1,1,3,4,1,3,1991,2,2
1991,1,120520,2,3,3,2,1,1,3,4,1,3,1979,2,2
1991,1,120521,9,2,2,2,1,1,3,4,2,3,1989,2,2
1991,2,120521,7,2,2,2,4,1,3,1,2,3,1947,2,2
1991,1,120522,1,3,3,2,2,2,3,4,2,3,1980,2,2
1991,2,120522,1,2,2,1,3,3,3,4,2,3,1987,2,2
1991,1,120523,1,2,2,2,1,1,3,4,2,3,1988,2,2
1991,2,120523,1,2,2,2,1,1,3,4,2,3,1988,2,2
1991,1,120524,1,3,3,2,1,1,3,4,2,3,1990,2,2
1991,2,120524,1,2,2,2,1,1,3,4,2,3,1986,2,2
1991,1,120525,1,2,2,2,1,1,3,4,2,3,1982,2,2
1991,1,120526,7,2,2,2,4,1,3,1,1,3,1987,2,2
1991,1,120527,2,1,1,1,1,1,3,4,1,3,1988,2,2
1991,1,120528,1,5,5,2,1,1,3,4,2,3,1984,2,2
1991,2,120528,2,2,2,2,1,1,3,4,2,3,1985,2,2
1991,1,120529,1,2,2,2,1,1,3,4,2,3,1979,2,2
1991,1,120530,6,2,2,2,1,1,3,4,2,3,1986,2,2
1991,1,120531,1,2,2,2,1,1,3,4,2,3,1972,2,2
1991,2,120531,1,2,2,2,1,1,3,4,2,3,1978,2,2
1991,1,120532,1,2,2,2,3,3,3,4,2,3,1980,2,2
1991,1,120533,1,3,3,2,1,1,3,4,2,3,1980,2,2
1991,2,120533,2,2,2,2,1,1,3,4,2,3,1972,2,2
1991,1,120534,1,5,5,2,1,1,3,4,2,3,1986,2,2
1991,2,120534,2,2,2,2,1,1,3,4,1,3,1990,2,2
1991,1,120535,1,2,2,2,1,1,3,4,2,3,1982,2,2
1991,1,120536,6,2,5,2,1,1,3,4,2,3,1982,2,2
1991,1,120537,2,2,2,2,1,1,3,4,2,3,1971,2,2
1991,2,120537,1,3,3,2,1,1,3,4,2,3,1985,2,2
1991,1,120538,1,2,5,2,1,1,3,4,2,3,1985,2,2
1991,2,120538,1,2,2,2,1,1,3,4,2,3,1979,2,2
1991,3,120538,2,2,2,2,1,1,3,4,2,3,1981,2,2
1991,1,120539,9,5,5,2,1,1,3,4,2,3,1989,2,2
1991,2,120539,6,2,2,2,1,1,3,4,2,3,1990,2,2
1991,1,120540,1,2,2,1,1,1,3,4,1,3,1981,2,2
1991,1,120541,1,2,2,2,1,1,3,4,2,3,1979,2,2
1991,2,120541,1,5,5,1,1,1,3,4,2,3,1981,2,2
1991,1,120542,2,2,2,2,1,1,3,4,2,3,1986,2,2
1991,1,120543,5,2,2,2,1,1,3,4,2,3,1976,2,2
1991,2,120543,1,3,3,2,1,1,3,4,2,3,1991,2,2
1991,1,120544,7,2,2,2,4,1,3,1,2,3,1982,2,2
1991,2,120544,1,4,4,2,1,1,3,4,2,3,1988,2,2
1991,1,120545,2,2,2,2,2,2,3,4,2,3,1975,2,2
1991,2,120545,9,7,7,2,3,3,3,4,2,3,9999,2,2
1991,3,120545,9,7,7,2,3,3,3,4,2,3,9999,2,2
1991,1,120546,1,1,1,1,1,1,3,4,2,3,1980,2,2
1991,1,120547,6,2,2,1,2,2,3,4,2,3,1987,2,2
1991,1,120548,1,5,5,2,1,1,3,4,2,3,1979,2,2
1991,2,120548,6,2,2,2,1,1,3,4,2,3,1983,2,2
1991,1,120549,7,2,5,2,4,1,3,1,2,3,1988,2,2
1991,1,120550,1,5,5,2,2,2,3,4,1,3,1976,2,2
1991,1,120551,1,3,3,2,1,1,3,4,2,3,1982,2,2
1991,2,120551,1,2,2,2,1,1,3,4,2,3,1979,2,2
1991,1,120552,1,3,3,2,1,1,3,4,2,3,1985,2,2
1991,2,120552,1,2,2,2,1,1,3,4,2,3,1986,2,2
1991,1,120553,7,2,2,2,4,1,3,1,2,3,1978,2,2
1991,1,120554,1,2,2,2,1,1,3,4,2,3,1985,2,2
1991,2,120554,1,3,3,2,1,1,3,4,2,3,1987,2,2
1991,1,120555,1,2,2,2,2,2,3,4,1,3,1991,2,2
1991,2,120555,1,3,3,2,1,1,3,4,2,3,1976,2,2
1991,1,120556,2,5,5,2,1,1,3,4,2,3,1982,2,2
1991,1,120557,1,2,2,2,1,1,3,4,2,3,1987,2,2
1991,1,120558,1,2,2,2,1,1,3,4,2,3,1979,2,2
1991,2,120558,1,3,3,2,1,1,3,4,2,3,1989,2,2
1991,1,120559,1,2,2,2,1,1,3,4,2,3,1987,2,2
1991,2,120559,1,5,5,2,1,1,3,4,2,3,1991,2,2
1991,1,120560,6,3,3,2,1,1,3,4,2,3,1990,2,2
1991,1,120561,1,2,2,2,1,1,3,4,2,3,1980,2,2
1991,2,120561,8,4,4,2,1,1,3,4,2,3,1971,2,2
1991,1,120562,1,2,2,2,1,1,3,4,2,3,1986,2,2
1991,1,120563,1,4,4,2,3,3,3,4,2,3,1976,2,2
1991,1,120565,1,2,2,2,1,1,3,4,2,3,1985,2,2
1991,1,120566,9,3,4,2,1,1,3,4,2,3,1971,2,2
1991,2,120566,1,2,2,2,1,1,3,4,2,3,1987,2,2
1991,1,120567,1,2,2,2,1,1,3,4,2,3,1977,2,2
1991,1,120568,5,2,2,2,1,1,3,4,2,3,1989,2,2
1991,1,120569,6,4,4,2,3,3,3,4,2,3,1991,2,2
1991,2,120569,1,2,2,2,1,1,3,4,2,3,1985,2,2
1991,1,120570,9,2,2,1,1,1,3,4,2,3,1982,2,2
1991,2,120570,1,3,3,2,1,1,3,4,2,3,1979,2,2
1991,1,120571,1,2,2,1,3,3,3,4,1,3,1980,2,2
1991,1,120572,1,3,4,2,1,1,3,4,2,3,1978,2,2
1991,2,120572,9,2,5,1,3,3,3,4,2,3,1978,2,2
1991,1,120573,2,6,6,2,1,1,3,4,1,3,1979,2,2
1991,1,120574,1,2,2,1,1,1,3,4,2,3,1981,2,2
1991,1,120575,1,1,1,1,1,1,3,4,1,3,1986,2,2
1991,1,120576,1,5,5,2,1,1,3,4,2,3,1978,2,2
1991,1,120577,9,2,2,2,3,3,3,4,2,3,9999,2,2
1991,1,120578,1,2,2,1,2,2,3,4,1,3,1981,2,2
1991,1,120579,2,2,2,2,1,1,3,4,2,3,1978,2,2
1991,2,120579,1,2,2,2,1,1,3,4,2,3,1978,2,2
1991,1,120580,1,2,2,1,1,1,3,4,1,3,1989,2,2
1991,1,120581,2,2,2,1,1,1,3,4,1,3,1975,2,2
1991,1,120582,1,5,5,1,1,1,3,4,2,3,1988,2,2
1991,1,120583,1,5,5,2,1,1,3,4,2,3,1989,2,2
1991,2,120583,6,2,2,2,1,1,3,4,2,3,1987,2,2
1991,1,120584,1,2,5,2,1,1,3,4,2,3,1983,2,2
1991,1,120585,1,2,2,2,1,1,3,4,2,3,1986,2,2
1991,2,120585,1,2,2,2,1,1,3,4,2,3,1984,2,2
1991,1,120586,1,2,2,2,1,1,3,4,2,3,1987,2,2
1991,2,120586,1,2,2,2,1,1,3,4,2,3,1981,2,2
1991,1,120587,2,1,1,1,1,1,3,4,1,3,1978,2,2
1991,1,120588,1,2,2,2,1,1,3,4,2,3,1974,2,2
1991,1,120589,1,2,2,2,1,1,3,4,2,3,1987,2,2
1991,2,120589,1,2,2,2,1,1,3,4,2,3,1981,2,2
1991,1,120590,9,2,2,2,1,1,3,4,2,3,1982,2,2
1991,1,120591,7,2,2,2,4,1,3,1,2,3,1981,2,2
1991,2,120591,4,5,5,2,2,2,3,4,2,3,1980,2,2
1991,1,120592,1,2,2,2,1,1,3,4,2,3,1981,2,2
1991,2,120592,7,3,3,2,4,3,3,3,2,3,1981,2,2
1991,1,120593,1,2,2,2,2,2,3,4,2,3,1982,2,2
1991,1,120594,1,3,3,2,3,3,3,4,2,3,1986,2,2
1991,2,120594,1,2,2,2,2,2,3,4,1,3,1982,2,2
1991,1,120595,4,2,2,2,1,1,3,4,2,3,1989,2,2
1991,1,120596,1,2,2,2,1,1,3,4,2,3,1991,2,2
1991,1,120597,1,2,2,2,1,1,3,4,2,3,1982,2,2
1991,2,120597,1,2,2,2,1,1,3,4,2,3,1982,2,2
1991,3,120597,1,2,2,2,1,1,3,4,2,3,1987,2,2
1991,1,120598,1,2,2,2,1,1,3,4,2,3,1985,2,2
1991,1,120599,2,2,3,2,1,1,3,4,2,3,1985,2,2
1991,1,120600,2,4,4,2,1,1,3,4,2,3,1984,2,2
1991,1,120601,2,2,2,2,1,1,3,4,2,3,1991,2,2
1991,2,120601,1,5,5,2,1,1,3,4,2,3,1985,2,2
1991,1,120602,2,2,2,2,1,1,3,4,2,3,1987,2,2
1991,1,120603,2,2,2,2,1,1,3,4,2,3,1986,2,2
1991,1,120604,1,2,2,2,1,1,3,4,2,3,1978,2,2
1991,1,120605,2,2,2,2,1,1,3,4,2,3,1987,2,2
1991,1,120606,1,2,2,2,1,1,3,4,2,3,1987,2,2
1991,1,120607,1,2,2,1,1,1,3,4,1,3,1991,2,2
1991,1,120608,1,1,1,1,1,1,3,4,1,3,1990,2,2
1991,1,120609,1,2,2,2,2,2,3,4,2,3,1975,2,2
1991,1,120610,1,2,2,2,1,1,3,4,2,3,1984,2,2
1991,1,120611,1,2,2,2,1,1,3,4,2,3,1985,2,2
1991,1,120612,1,2,2,2,1,1,3,4,2,3,1987,2,1
1991,1,120613,9,1,1,1,3,3,3,4,2,3,1991,2,2
1991,1,120614,1,2,2,2,1,1,3,4,2,3,1978,2,2
1991,1,120615,1,2,3,2,1,1,3,4,1,3,1991,2,2
1991,2,120615,6,2,2,2,1,1,3,4,2,3,1991,2,2
1991,1,120616,2,2,2,2,1,1,3,4,1,3,1983,2,2
1991,2,120616,1,3,4,2,1,1,3,4,2,3,1981,2,2
1991,3,120616,1,2,2,2,1,1,3,4,2,3,1983,2,2
1991,1,120617,2,2,2,2,1,1,3,4,1,3,1985,2,2
1991,1,120618,9,2,2,2,1,1,3,4,2,3,9999,2,2
1991,1,120619,1,2,2,2,1,1,3,4,2,3,1977,2,2
1991,2,120619,1,3,3,2,1,1,3,4,2,3,1991,2,2
1991,1,120620,1,2,2,1,2,2,3,4,1,3,1985,2,2
1991,1,120621,1,2,2,2,1,1,3,4,1,3,1978,2,2
1991,1,120623,9,7,7,2,3,3,3,4,2,3,9999,2,2
1991,1,120624,1,7,7,1,1,1,3,4,2,3,1990,2,2
1991,1,120625,1,2,2,2,1,1,3,4,2,3,1980,2,2
1991,1,120626,2,2,2,2,1,1,3,4,1,3,1982,2,2
1991,1,120627,1,2,2,2,2,2,3,4,2,3,1985,2,2
1991,2,120627,6,2,2,2,1,1,3,4,2,3,1981,2,2
1991,1,120628,6,3,3,2,1,1,3,4,2,3,1988,2,2
1991,1,120629,1,2,2,2,1,1,3,4,1,3,1981,2,2
1991,1,120630,9,7,7,2,3,3,3,4,2,3,9999,2,2
1991,1,120631,1,5,5,2,1,1,3,4,2,3,1986,2,2
1991,2,120631,1,2,2,2,1,1,3,4,2,3,1988,2,2
1991,1,120632,1,5,5,2,3,3,3,4,2,3,1971,2,2
1991,1,120633,1,5,5,2,1,1,3,4,2,3,1985,2,2
1991,2,120633,1,2,2,2,1,1,3,4,2,3,1987,2,2
1991,1,120634,1,3,3,2,1,1,3,4,2,3,1978,2,2
1991,2,120634,1,2,2,2,2,2,3,4,2,3,1980,2,2
1991,1,120635,1,3,3,2,1,1,3,4,2,3,1989,2,2
1991,2,120635,1,2,2,2,1,1,3,4,2,3,1986,2,2
1991,1,120636,2,5,5,2,2,2,3,4,1,3,1974,2,2
1991,1,120637,9,2,3,2,1,1,3,4,1,3,1991,2,2
1991,2,120637,1,2,2,2,1,1,3,4,2,3,1988,2,2
1991,1,120638,1,2,5,2,1,1,3,4,2,3,1990,2,2
1991,2,120638,6,2,2,2,3,3,3,4,2,3,1987,2,2
1991,1,120639,5,2,2,2,2,2,3,4,2,3,1990,2,2
1991,2,120639,6,3,3,2,1,1,3,4,2,3,1986,2,2
1991,1,120640,1,2,2,2,1,1,3,4,1,3,1988,2,2
1991,2,120640,1,2,2,2,2,2,3,4,2,3,1979,2,2
1991,1,120641,2,2,2,2,1,1,3,4,2,3,1982,2,2
1991,2,120641,1,2,2,2,1,1,3,4,2,3,1986,2,2
1991,1,120642,1,3,3,2,1,1,3,4,1,3,1990,2,2
1991,1,120644,1,2,2,2,1,1,3,4,1,3,1985,2,2
1991,2,120644,1,5,5,2,1,1,3,4,2,3,1986,2,2
1991,1,120645,7,2,2,2,4,1,3,1,1,3,1982,2,2
1991,1,120646,6,2,2,2,1,1,3,4,1,3,1989,2,2
1991,2,120646,6,4,4,2,1,1,3,4,2,3,1988,2,2
1991,1,120647,1,2,3,2,1,1,3,4,1,3,1978,2,2
1991,1,120648,1,1,1,1,1,1,3,4,2,3,1991,2,2
1991,1,120649,1,2,5,1,1,1,3,4,1,3,1978,2,2
1991,1,120650,2,5,5,2,1,1,3,4,1,3,1976,2,2
1991,2,120650,1,2,2,2,1,1,3,4,2,3,1985,2,2
1991,1,120651,1,2,2,2,1,1,3,4,2,3,1980,2,2
1991,1,120652,7,3,3,2,4,1,3,1,1,3,1984,2,2
1991,1,120653,1,5,5,2,1,1,3,4,2,3,1985,2,2
1991,1,120654,7,4,4,2,4,1,3,1,2,3,1988,2,2
1991,2,120654,1,2,2,2,1,1,3,4,2,3,1983,2,2
1991,1,120655,1,2,3,2,1,1,3,4,2,3,1979,2,2
1991,1,120656,1,2,2,2,1,1,3,4,2,3,1986,2,2
1991,1,120657,1,2,2,2,1,1,3,4,1,3,1988,2,2
1991,1,120658,2,5,5,1,1,1,3,4,1,3,1989,2,2
1991,1,120659,9,7,7,2,3,3,3,4,2,3,9999,2,2
1991,1,120660,1,2,2,2,1,1,3,4,2,3,1990,2,2
1991,1,120661,1,2,2,2,1,1,3,4,2,3,1985,2,2
1991,1,120662,1,2,2,2,1,1,3,4,1,3,1985,2,2
1991,2,120662,2,2,2,2,1,1,3,4,1,3,1990,2,2
1991,1,120663,6,5,5,2,1,1,3,4,1,3,1984,2,2
1991,2,120663,6,3,3,2,1,1,3,4,2,3,1991,2,2
1991,1,120664,2,2,2,2,1,1,3,4,2,3,1989,2,2
1991,1,120665,3,2,2,2,2,2,3,4,2,3,1981,2,2
1991,1,120666,1,2,2,2,1,1,3,4,2,3,1985,2,2
1991,1,120667,2,2,2,2,1,1,3,4,1,3,1991,2,2
1991,2,120667,2,2,2,2,1,1,3,4,2,3,1988,2,2
1991,1,120668,1,2,2,2,1,1,3,4,2,3,1982,2,2
1991,2,120668,1,2,5,2,1,1,3,4,2,3,1979,2,2
1991,3,120668,1,2,5,2,1,1,3,4,2,3,1989,2,2
1991,1,120669,1,1,1,1,2,2,3,4,2,3,1968,2,2
1991,1,120670,1,6,6,1,1,1,3,4,1,3,1987,2,2
1991,1,120671,1,3,3,2,1,1,3,4,2,3,1980,2,2
1991,2,120671,2,3,3,2,1,1,3,4,2,3,1986,2,2
1991,1,120672,2,2,2,2,2,2,3,4,2,3,1988,2,2
1991,2,120672,1,3,3,2,1,1,3,4,2,3,1984,2,2
1991,1,120673,1,2,5,2,1,1,3,4,1,3,1979,2,2
1991,1,120674,1,2,2,2,1,1,3,4,2,3,1987,2,2
1991,1,120675,5,2,2,2,1,1,3,4,2,3,1985,2,2
1991,1,120676,1,2,3,2,1,1,3,4,2,3,1987,2,2
1991,2,120676,1,2,2,2,1,1,3,4,2,3,1981,2,2
1991,1,120677,9,7,7,2,3,3,3,4,2,3,9999,2,2
1991,1,120678,1,2,3,2,1,1,3,4,2,3,1987,2,2
1991,2,120678,1,2,2,2,1,1,3,4,2,3,1987,2,2
1991,1,120679,1,5,5,2,1,1,3,4,1,3,1986,2,2
1991,1,120680,1,2,5,2,1,1,3,4,2,3,1986,2,2
1991,2,120680,1,2,2,2,1,1,3,4,1,3,1988,2,2
1991,3,120680,1,5,5,2,1,1,3,4,2,3,1984,2,2
1991,1,120681,1,3,3,2,2,2,3,4,2,3,1983,2,2
1991,1,120682,1,3,3,2,1,1,3,4,1,3,1986,2,2
1991,2,120682,6,5,5,2,1,1,3,4,2,3,1969,2,2
1991,1,120683,1,1,1,1,1,1,3,4,2,3,1985,2,2
1991,1,120684,1,2,2,2,2,2,3,4,2,3,1979,2,2
1991,1,120685,1,2,2,1,1,1,3,4,2,3,1987,2,1
1991,1,120686,1,3,3,2,1,1,3,4,1,3,1980,2,2
1991,1,120687,1,2,2,2,1,1,3,4,2,3,1988,2,2
1991,2,120687,6,4,4,2,1,1,3,4,2,3,1990,2,2
1991,1,120688,2,2,2,2,1,1,3,4,2,3,1986,2,2
1991,1,120689,1,2,2,2,1,1,3,4,2,3,1979,2,2
1991,2,120689,1,3,3,2,1,1,3,4,2,3,1984,2,2
1991,1,120690,1,5,5,2,1,1,3,4,2,3,1989,2,2
1991,2,120690,2,2,2,2,2,2,3,4,2,3,1988,2,2
1991,1,120691,1,2,2,2,1,1,3,4,2,3,1990,2,2
1991,2,120691,2,2,3,1,1,1,3,4,2,3,1980,2,2
1991,1,120692,1,3,3,2,1,1,3,4,2,3,1982,2,2
1991,1,120693,5,2,2,2,2,2,3,4,1,3,1976,2,2
1991,2,120693,2,2,2,2,1,1,3,4,2,3,1989,2,2
1991,1,120694,1,2,2,2,1,1,3,4,2,3,1984,2,2
1991,2,120694,1,2,2,2,1,1,3,4,2,3,1977,2,2
1991,1,120695,2,2,2,1,1,1,3,4,1,3,1990,2,2
1991,2,120695,1,2,2,2,2,2,3,4,2,3,1981,2,2
1991,1,120696,1,2,5,2,1,1,3,4,1,3,1980,2,2
1991,1,120697,6,2,2,2,2,2,3,4,2,3,1979,2,2
1991,2,120697,1,2,2,2,1,1,3,4,2,3,1985,2,2
1991,1,120698,7,2,2,2,4,2,3,2,2,3,1987,2,2
1991,2,120698,1,2,2,2,1,1,3,4,1,3,1984,2,2
1991,1,120699,1,2,2,2,2,2,3,4,2,3,1985,2,2
1991,2,120699,1,2,2,2,1,1,3,4,2,3,1990,2,2
1991,1,120700,1,2,3,2,1,1,3,4,2,3,1988,2,2
1991,2,120700,1,2,2,2,1,1,3,4,2,3,1991,2,2
1991,1,120701,1,2,2,2,1,1,3,4,2,3,1987,2,2
1991,1,120702,1,2,2,2,2,2,3,4,1,3,1990,2,2
1991,1,120703,2,2,2,2,1,1,3,4,2,3,1990,2,2
1991,2,120703,1,3,3,2,1,1,3,4,2,3,1985,2,2
1991,1,120704,1,2,2,2,1,1,3,4,2,3,1987,2,2
1991,1,120705,1,2,2,2,1,1,3,4,2,3,1982,2,2
1991,1,120706,6,2,2,1,1,1,3,4,1,3,1990,2,2
1991,1,120707,1,2,2,2,1,1,3,4,2,3,1990,2,2
1991,1,120708,7,2,2,2,4,1,3,1,1,3,1988,2,2
1991,1,120709,1,2,2,2,1,1,3,4,2,3,1991,2,2
1991,1,120710,9,4,4,2,1,1,3,4,2,3,1985,2,2
1991,2,120710,7,2,2,2,4,2,3,2,1,3,1982,2,2
1991,1,120711,1,2,2,2,1,1,3,4,2,3,1980,2,2
1991,1,120712,7,3,3,2,4,1,3,1,2,3,1989,2,2
1991,2,120712,2,5,5,2,1,1,3,4,2,3,1989,2,2
1991,1,120713,9,2,2,2,3,3,3,4,2,3,9999,2,2
1991,1,120714,1,5,5,2,1,1,3,4,2,3,1981,2,2
1991,2,120714,1,2,2,2,1,1,3,4,2,3,1986,2,2
1991,1,120715,1,2,3,2,1,1,3,4,2,3,1987,2,2
1991,2,120715,1,2,2,2,1,1,3,4,2,3,1985,2,2
1991,1,120716,2,1,1,1,2,2,3,4,2,3,1985,2,2
1991,1,120717,1,2,2,2,1,1,3,4,2,3,1990,2,2
1991,2,120717,2,2,2,2,1,1,3,4,2,3,1987,2,2
1991,1,120718,1,2,2,2,1,1,3,4,2,3,1982,2,2
1991,2,120718,6,4,4,2,1,1,3,4,2,3,1989,2,2
1991,1,120719,1,3,3,2,1,1,3,4,2,3,1990,2,2
1991,2,120719,6,2,2,2,1,1,3,4,2,3,1981,2,2
1991,3,120719,2,2,2,2,1,1,3,4,2,3,1987,2,2
1991,1,120720,1,2,2,1,1,1,3,4,2,3,1981,2,2
1991,1,120721,1,5,5,2,1,1,3,4,2,3,1985,2,2
1991,2,120721,4,2,2,2,1,1,3,4,2,3,1984,2,2
1991,1,120722,1,3,3,2,1,1,3,4,2,3,1987,2,2
1991,2,120722,6,2,2,2,1,1,3,4,2,3,1989,2,2
1991,3,120722,2,2,2,2,1,1,3,4,2,3,1987,2,2
1991,1,120723,1,2,5,2,1,1,3,4,2,3,1990,2,2
1991,2,120723,6,2,3,2,1,1,3,4,2,3,1984,2,2
1991,1,120724,2,2,2,2,1,1,3,4,2,3,1973,2,2
1991,2,120724,1,2,3,2,1,1,3,4,2,3,1986,2,2
1991,3,120724,2,2,5,2,1,1,3,4,2,3,1989,2,2
1991,1,120725,1,3,3,2,1,1,3,4,2,3,1987,2,2
1991,2,120725,1,2,2,2,1,1,3,4,2,3,1978,2,2
1991,1,120726,1,5,5,2,1,1,3,4,2,3,1984,2,2
1991,2,120726,6,2,2,2,1,1,3,4,2,3,1983,2,2
1991,1,120727,6,2,2,1,1,1,3,4,2,3,1986,2,2
1991,2,120727,1,2,2,2,1,1,3,4,2,3,1989,2,2
1991,1,120728,2,2,2,2,1,1,3,4,2,3,1972,2,2
1991,2,120728,7,2,2,2,4,1,3,1,2,3,1986,2,2
1991,1,120729,1,1,1,1,1,1,3,4,1,3,1980,2,2
1991,1,120730,1,3,3,1,2,2,3,4,2,3,1986,2,2
1991,1,120731,1,3,3,2,1,1,3,4,2,3,1987,2,2
1991,2,120731,1,2,2,2,1,1,3,4,1,3,1984,2,2
1991,1,120732,7,2,2,2,4,2,3,2,2,3,1986,2,2
1991,2,120732,2,2,2,2,1,1,3,4,2,3,1980,2,2
1991,1,120733,1,5,5,2,1,1,3,4,2,3,1981,2,2
1991,2,120733,4,2,2,2,1,1,3,4,2,3,1982,2,2
1991,1,120734,1,5,5,2,1,1,3,4,2,3,1988,2,2
1991,2,120734,1,2,2,2,1,1,3,4,2,3,1973,2,2
1991,1,120735,2,2,2,2,1,1,3,4,2,3,1988,2,2
1991,2,120735,2,2,2,2,1,1,3,4,2,3,1989,2,2
1991,1,120736,1,3,3,1,1,1,3,4,1,3,1990,2,2
1991,1,120737,1,2,2,2,2,2,3,4,2,3,1984,2,2
1991,1,120738,2,3,3,2,2,2,3,4,2,3,1984,2,2
1991,1,120739,7,2,2,2,4,1,3,1,2,3,1984,2,2
1991,1,120740,2,2,2,2,1,1,3,4,2,3,1985,2,2
1991,1,120741,7,2,2,2,4,1,3,1,2,3,1989,2,2
1991,1,120742,1,2,2,2,1,1,3,4,2,3,1981,2,2
1991,1,120743,1,5,5,2,1,1,3,4,2,3,1980,2,2
1991,2,120743,6,2,2,2,1,1,3,4,2,3,1975,2,2
1991,1,120744,1,2,2,2,1,1,3,4,1,3,1977,2,2
1991,1,120745,8,2,2,2,2,2,3,4,2,3,1981,2,2
1991,1,120746,1,2,2,2,1,1,3,4,2,3,1988,2,2
1991,1,120747,1,2,2,2,1,1,3,4,2,3,1988,2,2
1991,1,120748,1,2,2,2,1,1,3,4,2,3,1990,2,2
1991,2,120748,1,4,4,2,2,2,3,4,2,3,1988,2,1
1991,3,120748,1,2,2,2,1,1,3,4,2,3,1985,2,1
1991,1,120749,2,2,2,2,1,1,3,4,1,3,1982,2,2
1991,1,120750,1,2,2,2,1,1,3,4,2,3,1986,2,2
1991,2,120750,1,2,2,2,1,1,3,4,2,3,1987,2,2
1991,1,120751,1,3,3,2,1,1,3,4,2,3,1977,2,2
1991,1,120752,2,2,2,1,1,1,3,4,2,3,1977,2,2
1991,2,120752,5,3,3,1,1,1,3,4,2,3,1988,2,2
1991,1,120754,1,2,2,2,1,1,3,4,2,3,1976,2,2
1991,2,120754,1,2,2,2,1,1,3,4,2,3,1966,2,2
1991,1,120755,1,5,5,2,1,1,3,4,2,3,1987,2,2
1991,2,120755,2,2,2,2,1,1,3,4,2,3,1975,2,2
1991,1,120756,1,2,3,2,1,1,3,4,2,3,1983,2,2
1991,1,120757,6,2,2,2,1,1,3,4,2,3,1990,2,2
1991,1,120758,1,4,4,2,1,1,3,4,2,3,1988,2,2
1991,2,120758,7,2,2,2,4,2,3,2,2,3,1989,2,2
1991,1,120759,1,3,3,2,1,1,3,4,1,3,1980,2,2
1991,1,120760,1,2,2,2,2,2,3,4,2,3,1985,2,2
1991,1,120761,1,2,2,2,1,1,3,4,2,3,1979,2,2
1991,2,120761,2,2,2,1,1,1,3,4,2,3,1986,2,2
1991,3,120761,1,2,2,2,1,1,3,4,2,3,1987,2,2
1991,4,120761,2,2,2,2,1,1,3,4,2,3,1989,2,2
1991,1,120762,1,3,3,2,1,1,3,4,1,3,1984,2,2
1991,2,120762,6,2,2,2,1,1,3,4,2,3,1984,2,2
1991,1,120763,6,1,1,1,1,1,3,4,2,3,1981,2,2
1991,1,120764,1,2,2,2,1,1,3,4,2,3,1986,2,2
1991,2,120764,1,5,5,2,1,1,3,4,2,3,1978,2,2
1991,1,120765,1,3,4,2,1,1,3,4,2,3,1986,2,2
1991,2,120765,7,2,2,2,4,1,3,1,1,3,1991,2,2
1991,1,120766,1,1,1,1,2,2,3,4,2,3,1977,2,2
1991,1,120767,1,2,2,2,1,1,3,4,2,3,1987,2,2
1991,1,120768,1,4,4,2,1,1,3,4,2,3,1981,2,2
1991,2,120768,6,2,2,2,1,1,3,4,2,3,1989,2,2
1991,1,120769,1,2,2,2,1,1,3,4,2,3,1978,2,2
1991,1,120770,1,2,2,2,1,1,3,4,1,3,1981,2,2
1991,2,120770,6,4,4,2,1,1,3,4,2,3,1991,2,2
1991,1,120771,1,5,5,2,2,2,3,4,2,3,1989,2,2
1991,2,120771,5,2,2,2,1,1,3,4,2,3,1987,2,2
1991,1,120772,2,1,1,1,1,1,3,4,2,3,1985,2,2
1991,1,120773,1,5,5,2,1,1,3,4,2,3,1986,2,2
1991,2,120773,1,2,2,2,1,1,3,4,2,3,1969,2,2
1991,1,120774,1,2,2,1,1,1,3,4,1,3,1985,2,2
1991,1,120775,2,2,6,1,1,1,3,4,2,3,1987,2,2
1991,1,120776,2,2,5,2,1,1,3,4,2,3,1979,2,2
1991,2,120776,1,2,2,2,1,1,3,4,2,3,1979,2,2
1991,1,120777,1,2,3,2,1,1,3,4,2,3,1979,2,2
1991,1,120778,1,3,3,1,1,1,3,4,2,3,1986,2,2
1991,2,120778,1,2,2,2,2,2,3,4,2,3,1990,2,2
1991,1,120779,1,5,5,2,1,1,3,4,1,3,1978,2,2
1991,2,120779,2,2,2,2,1,1,3,4,2,3,1985,2,2
1991,1,120780,7,2,2,2,4,1,3,1,1,3,1981,2,2
1991,2,120780,1,5,5,2,1,1,3,4,2,3,1984,2,2
1991,3,120780,1,5,5,2,1,1,3,4,2,3,1986,2,2
1991,1,120781,6,2,2,2,1,1,3,4,1,3,1979,2,2
1991,2,120781,1,2,2,2,3,3,3,4,2,3,1991,2,2
1991,1,120782,1,5,5,2,2,2,3,4,2,3,1980,2,2
1991,2,120782,1,2,2,2,1,1,3,4,1,3,1987,2,2
1991,1,120783,1,2,2,2,1,1,3,4,2,3,1982,2,2
1991,1,120784,1,1,1,1,1,1,3,4,1,3,1979,2,2
1991,1,120785,7,2,2,2,4,1,3,1,1,3,1988,2,2
1991,1,120786,1,2,2,2,1,1,3,4,2,3,1987,2,2
1991,1,120787,6,5,4,2,1,1,3,4,2,3,1990,2,2
1991,2,120787,6,4,4,2,1,1,3,4,2,3,1987,2,2
1991,3,120787,1,5,4,2,1,1,3,4,2,3,1990,2,2
1991,4,120787,6,5,4,2,1,1,3,4,2,3,1987,2,2
1991,1,120788,1,2,2,2,1,1,3,4,2,3,1988,2,2
1991,1,120789,1,2,2,2,1,1,3,4,2,3,1978,2,2
1991,2,120789,1,2,2,2,1,1,3,4,2,3,1987,2,2
1991,3,120789,1,2,2,2,1,1,3,4,2,3,1988,2,2
1991,1,120790,2,2,2,2,1,1,3,4,2,3,1980,2,2
1991,2,120790,1,4,4,2,1,1,3,4,2,3,1988,2,2
1991,3,120790,1,4,4,2,1,1,3,4,2,3,1974,2,2
1991,4,120790,1,4,4,2,1,1,3,4,2,3,1989,2,2
1991,5,120790,2,1,1,2,1,1,3,4,2,3,1986,2,2
1991,1,120791,6,2,2,2,1,1,3,4,2,3,1990,2,2
1991,1,120792,1,2,2,2,1,1,3,4,1,3,1984,2,2
1991,2,120792,1,3,3,2,1,1,3,4,1,3,1979,2,2
1991,3,120792,1,4,4,2,1,1,3,4,2,3,1979,2,2
1991,4,120792,1,4,4,2,1,1,3,4,2,3,1979,2,2
1991,1,120794,2,2,2,2,1,1,3,4,2,3,1986,2,2
1991,2,120794,1,2,2,2,1,1,3,4,2,3,1983,2,2
1991,1,120795,1,2,5,2,1,1,3,4,2,3,1978,2,2
1991,2,120795,1,2,5,2,1,1,3,4,2,3,1981,2,2
1991,1,120796,1,2,2,2,2,2,3,4,2,3,1990,2,2
1991,2,120796,1,2,2,2,3,3,3,4,2,3,1985,2,2
1991,1,120797,1,1,1,1,1,1,3,4,1,3,1967,2,2
1991,1,120798,2,2,2,2,1,1,3,4,2,3,1991,2,2
1991,1,120799,1,2,2,2,1,1,3,4,2,3,1968,2,2
1991,2,120799,8,2,2,2,1,1,3,4,2,3,1990,2,2
1991,1,120800,6,2,2,2,2,2,3,4,2,3,1984,2,2
1991,2,120800,1,2,2,1,1,1,3,4,2,3,1991,2,2
1991,1,120801,1,3,3,2,1,1,3,4,2,3,1986,2,2
1991,2,120801,1,2,2,2,1,1,3,4,2,3,1982,2,2
1991,1,120802,1,5,4,2,1,1,3,4,1,3,1989,2,2
1991,2,120802,6,2,2,2,1,1,3,4,2,3,1989,2,2
1991,1,120803,1,2,2,2,1,1,3,4,2,3,1982,2,2
1991,2,120803,6,4,4,2,1,1,3,4,2,3,1988,2,2
1991,1,120804,1,5,5,2,1,1,3,4,2,3,1974,2,2
1991,2,120804,1,2,3,2,1,1,3,4,2,3,1984,2,2
1991,3,120804,1,2,2,2,1,1,3,4,2,3,1989,2,2
1991,1,120805,2,5,5,2,1,1,3,4,2,3,1984,2,2
1991,2,120805,1,2,2,2,1,1,3,4,2,3,1989,2,2
1991,1,120806,1,5,5,2,1,1,3,4,2,3,1984,2,2
1991,2,120806,6,2,2,2,1,1,3,4,2,3,1988,2,2
1991,1,120807,2,2,2,2,1,1,3,4,2,3,1986,2,2
1991,1,120808,1,2,2,2,3,3,3,4,2,3,1983,2,2
1991,2,120808,6,2,2,2,1,1,3,4,2,3,1983,2,2
1991,3,120808,1,2,2,2,1,1,3,4,2,3,1987,2,2
1991,1,120809,1,2,2,2,1,1,3,4,1,3,1988,2,2
1991,2,120809,1,2,2,2,1,1,3,4,2,3,1982,2,2
1991,3,120809,1,2,2,2,1,1,3,4,2,3,1990,2,2
1991,1,120810,1,3,3,2,1,1,3,4,2,3,1984,2,2
1991,2,120810,6,2,2,2,1,1,3,4,2,3,1988,2,2
1991,1,120811,4,2,2,2,1,1,3,4,2,3,1982,2,2
1991,1,120812,9,7,7,2,3,3,3,4,2,3,9999,2,2
1991,1,120813,1,6,6,1,1,1,3,4,1,3,1984,2,2
1991,1,120815,2,3,3,2,2,2,3,4,2,3,1970,2,2
1991,2,120815,7,2,2,2,4,1,3,1,2,3,1973,2,2
1991,1,120816,1,5,5,2,1,1,3,4,2,3,1980,2,2
1991,2,120816,6,2,2,2,1,1,3,4,2,3,1978,2,2
1991,3,120816,1,5,2,2,1,1,3,4,2,3,1987,2,2
1991,1,120817,7,2,2,2,4,2,3,2,1,3,1979,2,2
1991,1,120819,1,2,2,2,1,1,3,4,2,3,1974,2,2
1991,1,120820,2,1,1,1,1,1,3,4,2,3,1986,2,2
1991,1,120821,7,2,2,2,4,2,3,2,2,3,1979,2,2
1991,1,120822,2,2,2,1,2,2,3,4,2,3,1989,2,2
1991,1,120823,1,2,2,2,1,1,3,4,2,3,1980,2,2
1991,2,120823,1,2,2,2,1,1,3,4,2,3,1991,2,2
1991,1,120824,2,2,2,2,1,1,3,4,2,3,1988,2,2
1991,1,120825,1,2,3,2,1,1,3,4,2,3,1985,2,2
1991,2,120825,1,2,2,2,1,1,3,4,2,3,1987,2,2
1991,1,120826,1,4,4,2,1,1,3,4,1,3,1990,2,2
1991,1,120827,1,1,1,1,2,2,3,4,1,3,1978,2,2
1991,1,120828,1,2,2,2,1,1,3,4,2,3,1989,2,2
1991,2,120828,1,2,2,2,1,1,3,4,2,3,1989,2,2
1991,1,120829,1,2,2,1,2,2,3,4,1,3,1981,2,2
1991,1,120830,2,2,2,2,1,1,3,4,2,3,1989,2,1
1991,2,120830,1,4,4,2,1,1,3,4,2,3,1986,2,2
1991,1,120831,1,2,2,2,1,1,3,4,2,3,1981,2,2
1991,1,120832,1,2,2,2,1,1,3,4,2,3,1981,2,2
1991,1,120833,1,2,2,2,1,1,3,4,2,3,1978,2,2
1991,2,120833,1,2,2,2,1,1,3,4,2,3,1989,2,2
1991,1,120834,1,4,4,2,1,1,3,4,2,3,1973,2,2
1991,2,120834,7,2,2,2,4,1,3,1,1,3,1978,2,2
1991,1,120835,1,2,2,2,1,1,3,4,2,3,1989,2,2
1991,2,120835,1,3,3,2,1,1,3,4,2,3,1990,2,2
1991,1,120836,1,2,2,2,1,1,3,4,2,3,1986,2,2
1991,1,120837,1,2,2,2,1,1,3,4,2,3,1977,2,2
1991,1,120838,1,2,2,2,1,1,3,4,2,3,1977,2,2
1991,2,120838,1,2,2,2,1,1,3,4,2,3,1990,2,2
1991,1,120839,1,3,3,2,1,1,3,4,2,3,1984,2,2
1991,2,120839,1,2,2,2,1,1,3,4,2,3,1982,2,2
1991,3,120839,5,5,5,2,1,1,3,4,2,3,1990,2,2
1991,1,120840,1,2,2,2,1,1,3,4,2,3,1989,2,2
1991,1,120841,6,6,6,2,1,1,3,4,2,3,1988,2,2
1991,1,120842,1,3,3,2,1,1,3,4,1,3,1988,2,2
1991,2,120842,1,3,3,2,1,1,3,4,2,3,1987,2,2
1991,1,120843,6,2,2,2,1,1,3,4,2,3,1988,2,2
1991,2,120843,6,2,5,2,1,1,3,4,2,3,1980,2,2
1991,3,120843,6,2,2,2,1,1,3,4,2,3,1978,2,2
1991,1,120844,2,2,2,2,1,1,3,4,2,3,1986,2,2
1991,2,120844,1,3,3,2,1,1,3,4,2,3,1989,2,2
1991,3,120844,1,2,3,2,1,1,3,4,2,3,1988,2,2
1991,1,120845,1,2,2,2,1,1,3,4,2,3,1975,2,2
1991,2,120845,1,3,3,2,1,1,3,4,2,3,1979,2,2
1991,1,120846,2,2,2,2,1,1,3,4,2,3,1988,2,2
1991,1,120847,1,2,3,2,1,1,3,4,2,3,1986,2,2
1991,2,120847,2,2,2,2,1,1,3,4,2,3,1989,2,2
1991,1,120848,7,5,5,2,4,2,3,2,2,3,1989,2,2
1991,2,120848,1,4,4,2,1,1,3,4,2,3,1989,2,2
1991,3,120848,6,4,4,2,2,2,3,4,2,3,1986,2,2
1991,1,120849,1,3,3,2,1,1,3,4,2,3,1991,2,2
1991,1,120850,9,2,2,2,1,1,3,4,2,3,1985,2,2
1991,2,120850,7,2,2,2,4,1,3,1,2,3,1982,2,2
1991,1,120851,1,5,5,2,1,1,3,4,2,3,1990,2,2
1991,1,120852,1,2,2,2,1,1,3,4,1,3,1990,2,2
1991,1,120853,7,2,2,2,4,2,3,2,2,3,1982,2,2
1991,1,120854,1,1,1,1,1,1,3,4,2,3,1979,2,1
1991,1,120855,2,2,2,2,2,2,3,4,2,3,1980,2,2
1991,1,120856,1,2,2,1,1,1,3,4,2,3,1988,2,2
1991,1,120857,1,3,3,2,2,2,3,4,1,3,1984,2,2
1991,1,120858,2,3,3,2,1,1,3,4,2,3,1977,2,2
1991,2,120858,1,2,2,2,1,1,3,4,2,3,1983,2,2
1991,1,120859,2,2,2,2,1,1,3,4,1,3,1988,2,2
1991,1,120860,4,3,3,2,1,1,3,4,2,3,1991,2,2
1991,1,120861,1,1,1,1,1,1,3,4,1,3,1989,2,2
1991,1,120862,2,1,1,1,1,1,3,4,2,3,1989,2,2
1991,1,120863,2,4,4,2,1,1,3,4,2,3,1990,2,2
1991,2,120863,7,2,2,2,4,1,3,1,2,3,1975,2,2
1991,3,120863,1,2,2,2,1,1,3,4,2,3,1977,2,2
1991,1,120864,2,2,2,2,2,2,3,4,2,3,1981,2,2
1991,2,120864,1,2,2,2,2,2,3,4,2,3,1981,2,2
1991,1,120865,1,2,2,2,1,1,3,4,1,3,1988,2,2
1991,2,120865,1,2,2,2,1,1,3,4,2,3,1990,2,2
1991,1,120866,4,2,2,2,1,1,3,4,2,3,1979,2,2
1991,1,120867,2,2,2,1,1,1,3,4,1,3,1990,2,2
1991,1,120868,1,2,2,1,1,1,3,4,2,3,1988,2,2
1991,2,120868,2,4,4,2,1,1,3,4,2,3,1990,2,2
1991,1,120869,2,7,7,2,2,2,3,4,2,3,1990,2,2
1991,2,120869,1,2,2,2,1,1,3,4,2,3,1985,2,2
1991,1,120870,1,2,2,2,1,1,3,4,2,3,1987,2,2
1991,1,120871,1,2,2,2,1,1,3,4,1,3,1977,2,2
1991,1,120872,1,2,2,2,1,1,3,4,2,3,1982,2,2
1991,1,120873,1,3,3,2,1,1,3,4,2,3,1976,2,2
1991,2,120873,7,7,7,2,4,1,3,1,1,3,1986,2,2
1991,1,120874,1,2,2,2,1,1,3,4,2,3,1982,2,2
1991,2,120874,1,2,2,2,1,1,3,4,2,3,1984,2,2
1991,1,120875,1,2,2,2,1,1,3,4,2,3,1988,2,2
1991,1,120876,1,2,2,2,1,1,3,4,1,3,1978,2,2
1991,1,120877,4,2,2,2,1,1,3,4,2,3,1988,2,2
1991,2,120877,4,2,2,2,1,1,3,4,2,3,1987,2,2
1991,1,120878,1,2,2,2,1,1,3,4,2,3,1989,2,2
1991,2,120878,1,5,5,2,1,1,3,4,2,3,1986,2,2
1991,1,120879,1,2,2,2,1,1,3,4,2,3,1991,2,2
1991,2,120879,4,5,5,2,2,2,3,4,1,3,1972,2,2
1991,1,120880,9,7,7,2,3,3,3,4,2,3,9999,2,2
1991,1,120881,9,7,7,2,3,3,3,4,2,3,9999,2,2
1991,1,120882,9,2,2,2,1,1,3,4,2,3,1978,2,2
1991,2,120882,1,6,6,2,1,1,3,4,2,3,1986,2,2
1991,3,120882,1,6,6,2,1,1,3,4,2,3,1988,2,2
1991,1,120883,1,1,1,2,1,1,3,4,2,3,1982,2,2
1991,1,120884,7,6,6,2,4,2,3,2,2,3,1989,2,2
1991,1,120885,1,2,2,2,1,1,3,4,2,3,1989,2,2
1991,1,120886,1,1,1,1,2,1,3,4,1,3,1977,2,2
1991,1,120887,1,2,2,2,1,1,3,4,2,3,1980,2,2
1991,1,120888,1,5,5,2,1,1,3,4,2,3,1989,2,2
1991,2,120888,4,2,2,2,1,1,3,4,2,3,1982,2,2
1991,1,120889,2,2,2,2,1,1,3,4,1,3,1986,2,2
1991,1,120890,1,2,2,2,1,1,3,4,2,3,1984,2,2
1991,1,120891,1,3,4,2,1,1,3,4,2,3,1987,2,2
1991,2,120891,2,2,5,2,1,1,3,4,2,3,1985,2,2
1991,1,120892,1,2,2,2,1,1,3,4,1,3,1981,2,2
1991,2,120892,1,4,4,2,1,1,3,4,2,3,1978,2,2
1991,3,120892,6,2,2,1,1,1,3,4,2,3,1984,2,2
1991,4,120892,1,3,3,2,1,1,3,4,2,3,1990,2,2
1991,5,120892,1,2,2,2,1,1,3,4,2,3,1987,2,2
1991,1,120893,1,2,2,2,1,1,3,4,2,3,1985,2,2
1991,1,120894,1,2,2,2,1,1,3,4,2,3,1981,2,2
1991,2,120894,1,2,2,2,1,1,3,4,2,3,1986,2,2
1991,1,120895,2,2,2,2,2,2,3,4,1,3,1989,2,2
1991,2,120895,4,4,4,2,3,3,3,4,2,3,1968,2,2
1991,1,120896,1,3,3,2,1,1,3,4,2,3,1990,2,2
1991,2,120896,2,2,2,2,1,1,3,4,1,3,1984,2,2
1991,1,120897,1,2,2,2,1,1,3,4,1,3,1986,2,2
1991,2,120897,2,2,2,2,1,1,3,4,2,3,1973,2,2
1991,1,120898,1,1,1,1,1,1,3,4,1,3,1989,2,2
1991,1,120899,1,2,2,1,1,1,3,4,1,3,1984,2,2
1991,1,120900,2,5,5,2,1,1,3,4,1,3,1979,2,2
1991,1,120901,2,2,2,2,1,1,3,4,2,3,1979,2,2
1991,2,120901,9,4,4,2,2,2,3,4,2,3,1989,2,2
1991,1,120902,1,3,3,2,1,1,3,4,2,3,1979,2,2
1991,2,120902,2,2,2,2,1,1,3,4,2,3,1988,2,2
1991,1,120903,1,2,2,2,1,1,3,4,2,3,1977,2,2
1991,1,120904,1,6,6,1,1,1,3,4,2,3,1990,2,2
1991,1,120905,1,2,2,2,1,1,3,4,2,3,1991,2,2
1991,2,120905,2,2,2,1,1,1,3,4,2,3,1987,2,2
1991,1,120906,6,2,2,2,1,1,3,4,2,3,1986,2,2
1991,1,120907,3,2,2,2,1,1,3,4,2,3,1990,2,2
1991,2,120907,1,2,3,2,1,1,3,4,2,3,1979,2,2
1991,1,120908,6,4,3,2,1,1,3,4,2,3,1980,2,2
1991,2,120908,7,2,2,2,4,1,3,1,2,3,1970,2,2
1991,1,120909,7,2,2,2,4,2,3,2,2,3,1981,2,2
1991,2,120909,8,4,4,2,1,1,3,4,2,1,1985,2,2
1991,1,120910,1,5,5,1,1,1,3,4,2,3,1990,2,2
1991,1,120911,1,1,1,1,2,2,3,4,2,3,1981,2,2
1991,1,120912,1,4,4,2,1,1,3,4,2,3,1986,2,2
1991,2,120912,1,2,2,2,1,1,3,4,2,3,1988,2,2
1991,1,120913,1,2,2,2,1,1,3,4,2,3,1987,2,2
1991,1,120914,1,5,5,2,1,1,3,4,2,3,1990,2,2
1991,2,120914,2,2,2,2,1,1,3,4,2,3,1987,2,2
1991,1,120915,7,2,2,2,4,1,3,1,2,3,1986,2,2
1991,1,120916,1,2,2,2,1,1,3,4,1,3,1987,2,2
1991,1,120917,2,2,2,2,1,1,3,4,2,3,1973,2,2
1991,1,120918,1,2,2,2,1,1,3,4,2,3,1977,2,2
1991,1,120919,1,2,2,2,1,1,3,4,2,3,1990,2,2
1991,1,120920,5,2,2,2,1,1,3,4,2,3,1986,2,2
1991,1,120921,1,2,2,2,1,1,3,4,2,3,1984,2,2
1991,1,120922,1,2,2,2,1,1,3,4,1,3,1982,2,2
1991,1,120923,1,2,2,2,1,1,3,4,2,3,1986,2,2
1991,1,120924,1,2,2,2,1,1,3,4,2,3,1982,2,2
1991,1,120925,2,1,1,1,1,1,3,4,2,3,1988,2,2
1991,1,120926,6,4,4,2,1,1,3,4,2,3,1982,2,2
1991,1,120927,3,2,2,2,1,1,3,4,1,3,1986,2,2
1991,1,120928,9,2,2,2,3,3,3,4,2,3,9999,2,2
1991,2,120928,9,2,2,2,3,3,3,4,2,3,9999,2,2
1991,3,120928,1,2,2,2,1,1,3,4,2,3,1987,2,2
1991,1,120929,9,2,2,2,1,1,3,4,2,3,1985,2,2
1991,2,120929,9,2,5,2,1,1,3,4,2,3,1986,2,2
1991,1,120930,9,2,2,2,3,3,3,4,2,3,9999,2,2
1991,1,120931,1,2,2,2,1,1,3,4,2,3,1979,2,2
1991,2,120931,1,2,2,2,1,1,3,4,2,3,1977,2,2
1991,1,120932,2,2,2,2,1,1,3,4,2,3,1988,2,2
1991,2,120932,1,2,2,2,1,1,3,4,2,3,1985,2,2
1991,1,120933,1,2,2,1,1,1,3,4,2,3,1985,2,2
1991,1,120934,2,2,2,2,1,1,3,4,2,3,1977,2,2
1991,1,120935,1,2,2,1,1,1,3,4,2,3,1981,2,2
1991,1,120936,1,2,2,2,1,1,3,4,2,3,1984,2,2
1991,1,120937,2,3,3,2,1,1,3,4,2,3,1987,2,2
1991,2,120937,9,2,2,2,1,1,3,4,2,3,1987,2,2
1991,1,120938,1,2,3,2,1,1,3,4,1,3,1990,2,2
1991,1,120939,2,2,2,1,1,1,3,4,2,3,1982,2,2
1991,1,120940,1,3,3,2,1,1,3,4,2,3,1987,2,2
1991,2,120940,6,2,2,2,1,1,3,4,2,3,1991,2,2
1991,1,120941,2,2,2,2,1,1,3,4,1,3,1977,2,2
1991,2,120941,1,2,3,2,1,1,3,4,2,3,1984,2,2
1991,1,120942,1,2,2,2,2,2,3,4,2,3,1978,2,2
1991,2,120942,2,5,5,1,1,1,3,4,2,3,1988,2,2
1991,1,120943,1,3,3,2,1,1,3,4,2,3,1981,2,2
1991,2,120943,6,2,2,2,1,1,3,4,2,3,1978,2,2
1991,1,120944,4,2,2,2,2,2,3,4,1,3,1991,2,2
1991,2,120944,6,4,4,2,1,1,3,4,2,3,1982,2,2
1991,1,120945,1,2,2,2,1,1,3,4,2,3,1979,2,2
1991,2,120945,1,4,4,2,1,1,3,4,2,3,1988,2,2
1991,3,120945,1,2,2,2,1,1,3,4,2,3,1991,2,2
1991,1,120946,2,1,1,2,2,2,3,4,2,3,1985,2,2
1991,1,120947,1,2,2,2,1,1,3,4,2,3,1990,2,2
1991,1,120948,1,5,5,2,2,2,3,4,2,3,1982,2,2
1991,1,120949,2,2,2,2,1,1,3,4,2,3,1990,2,2
1991,1,120950,2,2,2,2,1,1,3,4,2,3,1985,2,2
1991,1,120951,6,5,5,2,1,1,3,4,2,3,1973,2,2
1991,2,120951,1,2,2,2,1,1,3,4,2,3,1991,2,2
1991,1,120952,2,2,2,2,1,1,3,4,2,3,1982,2,2
1991,2,120952,9,2,2,2,3,3,3,4,2,3,1975,2,2
1991,1,120953,1,2,2,2,1,1,3,4,2,3,1989,2,2
1991,1,120954,1,2,2,2,3,3,3,4,1,3,1968,2,2
1991,1,120955,1,3,3,1,2,2,3,4,1,3,1985,2,2
1991,1,120956,2,2,2,2,1,1,3,4,2,3,1981,2,2
1991,1,120957,2,2,2,2,1,1,3,4,2,3,1987,2,2
1991,1,120958,1,2,2,2,1,1,3,4,2,3,1982,2,2
1991,1,120959,1,2,2,1,1,1,3,4,1,3,1974,2,2
1991,1,120960,1,2,2,2,1,1,3,4,2,3,1991,2,2
1991,1,120961,1,3,3,1,3,3,3,4,1,3,1986,2,2
1991,1,120962,1,2,2,2,1,1,3,4,1,3,1986,2,2
1991,1,120963,1,2,2,2,1,1,3,4,2,3,1988,2,2
1991,2,120963,9,4,4,2,1,1,3,4,2,3,1988,2,2
1991,1,120964,1,6,6,1,1,1,3,4,2,3,1971,2,2
1991,1,120965,1,2,2,2,1,1,3,4,2,3,1977,2,2
1991,1,120966,1,2,2,2,1,1,3,4,2,3,1983,2,2
1991,1,120967,1,2,2,2,1,1,3,4,2,3,1989,2,2
1991,2,120967,1,2,2,2,1,1,3,4,2,3,1987,2,2
1991,3,120967,1,5,5,2,1,1,3,4,2,3,1987,2,2
1991,1,120968,1,2,5,2,1,1,3,4,2,3,1989,2,2
1991,1,120969,1,2,3,1,1,1,3,4,1,3,1982,2,2
1991,1,120970,4,3,3,2,1,1,3,4,2,3,1977,2,2
1991,2,120970,7,2,2,2,4,1,3,1,2,3,1986,2,2
1991,1,120971,1,2,5,2,1,1,3,4,1,3,1986,2,2
1991,2,120971,2,5,5,2,1,1,3,4,2,3,1982,2,2
1991,3,120971,5,2,2,2,1,1,3,4,2,3,1990,2,2
1991,1,120972,1,2,2,2,1,1,3,4,2,3,1986,2,2
1991,2,120972,1,4,4,2,1,1,3,4,2,3,1991,2,2
1991,1,120973,1,1,1,1,3,3,3,4,1,3,1990,2,2
1991,1,120974,2,6,6,2,1,1,3,4,1,3,1985,2,2
1991,1,120975,2,2,5,2,1,1,3,4,1,3,1973,2,2
1991,1,120976,2,2,2,2,1,1,3,4,2,3,1985,2,2
1991,2,120976,1,2,2,2,1,1,3,4,2,3,1987,2,2
1991,1,120977,1,2,2,1,1,1,3,4,1,3,1985,2,2
1991,2,120977,1,5,2,2,1,1,3,4,2,3,1985,2,2
1991,1,120978,1,2,2,2,1,1,3,4,1,3,1981,2,2
1991,2,120978,8,4,4,2,1,1,3,4,2,3,1979,2,2
1991,1,120979,1,2,2,2,1,1,3,4,1,3,1981,2,2
1991,1,120980,4,4,4,2,1,1,3,4,2,3,1977,2,2
1991,2,120980,1,2,2,2,1,1,3,4,2,3,1988,2,2
1991,3,120980,1,2,3,2,1,1,3,4,2,3,1990,2,2
1991,1,120981,1,2,2,2,1,1,3,4,1,3,1985,2,2
1991,2,120981,1,2,2,2,1,1,3,4,2,3,1981,2,2
1991,1,120982,1,2,2,2,2,2,3,4,1,3,1977,2,2
1991,2,120982,6,3,3,2,1,1,3,4,2,3,1989,2,2
1991,1,120983,1,3,3,2,1,1,3,4,2,3,1988,2,2
1991,2,120983,3,2,2,2,1,1,3,4,2,3,1988,2,2
1991,1,120984,7,2,2,2,4,1,3,1,2,3,1979,2,2
1991,2,120984,1,5,5,2,1,1,3,4,2,3,1988,2,2
1991,1,120985,9,2,2,2,3,3,3,4,2,3,9999,2,2
1991,1,120986,1,2,2,2,1,1,3,4,2,3,1986,2,2
1991,1,120987,1,2,3,2,1,1,3,4,2,3,1990,2,2
1991,2,120987,9,4,4,2,1,1,3,4,2,3,1978,2,2
1991,1,120988,1,1,1,1,1,1,3,4,2,3,1987,2,2
1991,1,120989,4,2,2,2,1,1,3,4,1,3,1986,2,2
1991,2,120989,1,2,2,2,1,1,3,4,2,3,1990,2,2
1991,1,120990,6,1,1,1,1,1,3,4,2,3,1976,2,2
1991,1,120991,1,2,2,2,1,1,3,4,2,3,1991,2,2
1991,2,120991,1,3,3,2,1,1,3,4,2,3,1990,2,2
1991,1,120992,1,3,3,2,1,1,3,4,2,3,1976,2,2
1991,2,120992,1,2,2,2,1,1,3,4,2,3,1977,2,2
1991,1,120993,1,2,2,2,1,1,3,4,2,3,1979,2,2
1991,1,120994,2,2,2,2,1,1,3,4,2,3,1988,2,2
1991,2,120994,1,2,2,2,1,1,3,4,2,3,1987,2,2
1991,1,120995,1,6,6,2,1,1,3,4,2,3,1984,2,2
1991,1,120996,4,2,2,2,1,1,3,4,2,3,1980,2,2
1991,1,120997,1,2,2,1,1,1,3,4,2,3,1979,2,2
1991,2,120997,1,2,2,2,2,2,3,4,2,3,1982,2,2
1991,1,120998,1,3,3,2,1,1,3,4,2,3,1990,2,2
1991,2,120998,1,2,2,2,1,1,3,4,2,3,1985,2,2
1991,3,120998,1,5,5,2,1,1,3,4,2,3,1984,2,2
1991,1,120999,2,2,3,2,1,1,3,4,2,3,1978,2,2
1991,1,121000,1,1,1,1,2,2,3,4,2,3,1982,2,2
1991,1,121001,1,5,5,2,1,1,3,4,2,3,1979,2,2
1991,2,121001,2,2,2,2,1,1,3,4,2,3,1983,2,2
1991,1,121002,1,2,2,2,1,1,3,4,1,3,1989,2,2
1991,2,121002,2,2,2,2,1,1,3,4,2,3,1969,2,2
1991,1,121003,6,4,4,2,1,1,3,4,2,3,1976,2,2
1991,2,121003,1,2,2,2,1,1,3,4,2,3,1983,2,2
1991,1,121004,1,3,3,2,1,1,3,4,2,3,1985,2,2
1991,2,121004,1,2,2,2,1,1,3,4,2,3,1978,2,2
1991,1,121006,9,2,2,2,3,3,3,4,2,3,9999,2,2
1991,1,121008,2,2,2,2,2,2,3,4,2,3,1981,2,2
1991,1,121009,1,2,5,2,1,1,3,4,2,3,1986,2,2
1991,1,121010,1,2,2,2,1,1,3,4,2,3,1981,2,2
1991,1,121011,1,5,5,2,1,1,3,4,2,3,1987,2,2
1991,2,121011,9,2,2,2,1,1,3,4,2,3,1983,2,2
1991,1,121012,1,2,3,2,1,1,3,4,2,3,1986,2,2
1991,2,121012,1,2,2,2,1,1,3,4,2,3,1989,2,2
1991,1,121013,2,2,2,2,1,1,3,4,2,3,1985,2,2
1991,1,121014,1,2,3,2,1,1,3,4,2,3,1986,2,2
1991,2,121014,9,2,2,2,1,1,3,4,2,3,1978,2,2
1991,1,121015,1,2,2,2,1,1,3,4,2,3,1984,2,2
1991,1,121016,1,3,3,2,1,1,3,4,2,3,1982,2,2
1991,2,121016,1,2,2,2,1,1,3,4,2,3,1976,2,2
1991,1,121017,1,2,2,2,1,1,3,4,2,3,1990,2,2
1991,1,121018,1,6,6,1,1,1,3,4,1,3,1984,2,2
1991,2,121018,1,6,6,2,1,1,3,4,2,3,1989,2,2
1991,1,121019,1,5,5,2,1,1,3,4,1,3,1982,2,2
1991,1,121020,1,2,2,1,1,1,3,4,1,3,1984,2,2
1991,1,121021,2,2,2,2,1,1,3,4,2,3,1986,2,2
1991,2,121021,2,2,2,2,1,1,3,4,2,3,1988,2,2
1991,1,121022,2,2,2,1,1,1,3,4,2,3,1987,2,2
1991,2,121022,1,2,2,1,1,1,3,4,2,3,1987,2,2
1991,1,121023,7,2,2,2,4,2,3,2,2,3,1976,2,2
1991,2,121023,1,2,2,2,1,1,3,4,2,3,1965,2,2
1991,1,121024,9,7,7,2,3,3,3,4,2,3,9999,2,2
1991,1,121025,3,2,2,2,1,1,3,4,2,3,1979,2,2
1991,1,121026,1,3,3,2,1,1,3,4,2,3,1982,2,2
1991,2,121026,2,2,2,2,1,1,3,4,2,3,1991,2,2
1991,1,121027,1,2,2,1,1,1,3,4,2,3,1991,2,2
1991,1,121028,2,2,2,1,1,1,3,4,2,3,1991,2,2
1991,2,121028,1,5,5,2,1,1,3,4,2,3,1991,2,2
1991,1,121029,1,2,2,2,2,2,3,4,2,3,1990,2,2
1991,2,121029,2,2,2,2,1,1,3,4,2,3,1985,2,2
1991,1,121030,2,5,5,2,1,1,3,4,2,3,1990,2,2
1991,1,121031,2,2,2,2,1,1,3,4,2,3,1991,2,2
1991,1,121032,6,5,5,2,1,1,3,4,2,3,1987,2,2
1991,2,121032,4,2,2,2,2,2,3,4,2,3,1984,2,2
1991,1,121033,1,1,1,2,1,1,3,4,2,3,1981,1,2
1991,2,121033,1,6,6,2,1,1,3,4,2,3,1988,2,2
1991,1,121034,3,2,2,2,1,1,3,4,2,3,1987,2,2
1991,2,121034,2,5,5,1,1,1,3,4,2,3,1982,2,2
1991,3,121034,1,2,2,2,1,1,3,4,2,3,1984,2,2
1991,1,121035,1,2,3,2,1,1,3,4,2,3,1985,2,2
1991,2,121035,1,2,2,2,1,1,3,4,2,3,1983,2,2
1991,1,121036,1,2,2,2,1,1,3,4,2,3,1988,2,2
1991,2,121036,6,2,2,2,1,1,3,4,2,3,1979,2,2
1991,1,121037,2,1,1,1,1,1,3,4,1,3,1987,2,2
1991,1,121038,1,2,2,2,1,1,3,4,2,3,1991,2,2
1991,2,121038,1,4,4,2,1,1,3,4,2,3,1984,2,2
1991,1,121039,2,2,2,2,1,1,3,4,2,3,1986,2,2
1991,2,121039,1,5,5,2,1,1,3,4,2,3,1981,2,2
1991,1,121040,7,2,2,2,4,1,3,1,2,3,1986,2,2
1991,1,121041,6,5,5,2,1,1,3,4,2,3,1989,2,2
1991,2,121041,9,4,4,1,1,1,3,4,2,3,9999,2,2
1991,1,121042,1,6,6,2,1,1,3,4,2,3,1986,2,2
1991,1,121043,6,2,2,1,2,2,3,4,2,3,1986,2,2
1991,1,121044,4,1,1,1,1,1,3,4,2,3,1988,2,2
1991,1,121045,1,2,3,2,1,1,3,4,2,3,1989,2,2
1991,2,121045,1,2,5,2,1,1,3,4,2,3,1988,2,2
1991,1,121046,2,2,2,2,1,1,3,4,2,3,1977,2,2
1991,2,121046,6,2,5,2,1,1,3,4,2,3,1988,2,2
1991,1,121047,3,2,2,1,1,1,3,4,2,3,1989,2,2
1991,1,121048,8,4,4,2,1,1,3,4,2,3,1975,2,2
1991,2,121048,1,2,2,2,1,1,3,4,2,3,1988,2,2
1991,1,121049,6,6,6,2,1,1,3,4,2,3,1989,2,2
1991,1,121050,1,2,2,2,1,1,3,4,2,3,1991,2,2
1991,2,121050,1,2,2,2,1,1,3,4,2,3,1984,2,2
1991,1,121051,1,3,3,2,1,1,3,4,2,3,1980,2,2
1991,2,121051,4,2,2,2,1,1,3,4,2,3,1984,2,2
1991,1,121052,1,2,2,2,2,2,3,4,2,3,1983,2,2
1991,2,121052,1,4,4,2,1,1,3,4,2,3,1980,2,2
1991,1,121053,1,2,2,2,1,1,3,4,2,3,1978,2,2
1991,1,121054,3,2,2,2,1,1,3,4,2,3,1984,2,2
1991,2,121054,3,2,2,2,1,1,3,4,2,3,1974,2,2
1991,1,121055,1,2,2,2,1,1,3,4,2,3,1986,2,2
1991,1,121056,1,2,2,1,1,1,3,4,2,3,1991,2,2
1991,1,121057,7,2,2,2,4,1,3,1,2,3,1980,2,2
1991,1,121058,9,1,1,1,3,3,3,4,2,3,1960,2,2
1991,1,121059,1,1,1,1,1,1,3,4,2,3,1990,2,2
1991,2,121059,1,2,2,2,1,1,3,4,2,3,1978,2,2
1991,1,121060,2,7,7,1,2,2,3,4,2,3,1982,2,2
1991,1,121061,1,2,5,2,2,2,3,4,2,3,1978,2,2
1991,2,121061,1,5,5,2,1,1,3,4,2,3,1979,2,2
1991,3,121061,1,2,2,2,1,1,3,4,2,3,1980,2,2
1991,1,121062,1,2,2,2,1,1,3,4,1,3,1983,2,2
1991,2,121062,3,4,4,2,1,1,3,4,2,3,1991,2,2
1991,1,121063,1,2,2,1,1,1,3,4,1,3,1986,2,2
1991,1,121064,2,6,6,1,1,1,3,4,2,3,1981,2,2
1991,1,121065,1,5,5,1,1,1,3,4,1,3,1984,2,2
1991,1,121066,2,2,2,2,1,1,3,4,2,3,1985,2,2
1991,1,121067,1,2,2,2,1,1,3,4,2,3,1985,2,2
1991,1,121068,1,2,2,2,1,1,3,4,2,3,1985,2,2
1991,1,121069,6,2,2,2,3,3,3,4,2,3,1973,2,2
1991,2,121069,1,2,5,2,1,1,3,4,2,3,1989,2,2
1991,3,121069,3,5,4,2,1,1,3,4,2,3,1988,2,2
1991,4,121069,1,2,2,2,1,1,3,4,2,3,1969,2,2
1991,1,121070,1,2,3,2,1,1,3,4,2,3,1979,2,2
1991,1,121071,1,2,2,2,1,1,3,4,2,3,1985,2,2
1991,2,121071,6,6,6,2,1,1,3,4,2,3,1989,2,2
1991,1,121072,7,2,2,2,4,1,3,1,1,3,1973,2,2
1991,2,121072,4,2,2,2,1,1,3,4,2,3,1974,2,2
1991,1,121073,1,2,2,2,1,1,3,4,2,3,1980,2,2
1991,1,121074,1,2,2,2,2,2,3,4,2,3,1981,2,2
1991,2,121074,1,2,2,2,1,1,3,4,2,3,1990,2,2
1991,1,121075,1,2,2,2,1,1,3,4,2,3,1986,2,2
1991,2,121075,2,2,2,2,2,2,3,4,2,3,1985,2,2
1991,1,121076,5,2,2,2,1,1,3,4,2,3,1991,2,2
1991,1,121077,9,2,3,2,3,3,3,4,2,3,1991,2,2
1991,2,121077,7,2,5,2,4,2,3,2,2,3,1990,2,2
1991,1,121078,7,2,2,2,4,1,3,1,2,3,1950,2,2
1991,2,121078,7,4,4,2,4,1,3,1,2,3,1976,2,2
1991,1,121079,1,2,2,2,1,1,3,4,2,3,1991,2,2
1991,1,121080,1,2,2,2,1,1,3,4,2,3,1983,2,2
1991,2,121080,2,5,5,2,1,1,3,4,2,3,1986,2,2
1991,1,121081,9,2,2,2,2,2,3,4,2,3,1988,2,2
1991,1,121082,1,2,2,2,1,1,3,4,2,3,1985,2,2
1991,1,121083,1,2,3,2,1,1,3,4,1,3,1987,2,2
1991,2,121083,1,2,2,2,1,1,3,4,1,3,1985,2,2
1991,1,121084,1,2,2,1,2,2,3,4,2,3,1979,2,2
1991,2,121084,2,2,2,2,1,1,3,4,2,3,1986,2,2
1991,1,121085,2,4,2,2,1,1,3,4,1,3,1987,2,2
1991,2,121085,2,4,3,2,1,1,3,4,2,3,1978,2,2
1991,1,121086,1,2,2,2,1,1,3,4,2,3,1986,2,2
1991,2,121086,1,2,2,2,1,1,3,4,2,3,1987,2,2
1991,1,121087,5,2,2,2,1,1,3,4,2,3,1977,2,2
1991,2,121087,6,3,3,2,1,1,3,4,2,3,1984,2,2
1991,1,121088,1,2,2,2,1,1,3,4,2,3,1982,2,2
1991,1,121089,1,2,2,2,1,1,3,4,2,3,1968,2,2
1991,1,121090,9,2,2,2,1,1,3,4,2,3,1977,2,2
1991,1,121091,1,2,2,2,1,1,3,4,2,3,1985,2,2
1991,1,121092,2,2,2,1,3,3,3,4,2,3,1979,2,2
1991,1,121093,1,2,2,2,1,1,3,4,2,3,1987,2,2
1991,2,121093,1,2,2,2,1,1,3,4,2,3,1987,2,2
1991,1,121094,1,2,3,2,2,2,3,4,2,3,1979,2,2
1991,1,121095,7,2,2,2,4,1,3,1,2,3,1980,2,2
1991,2,121095,1,2,2,2,1,1,3,4,2,3,1989,2,2
1991,1,121096,4,3,3,2,1,1,3,4,2,3,1962,2,2
1991,2,121096,2,2,2,2,1,1,3,4,2,3,1988,2,2
1991,1,121097,1,1,1,1,1,1,3,4,1,3,1980,2,2
1991,1,121098,7,2,2,2,4,1,3,1,2,3,1982,2,2
1991,1,121099,4,2,2,2,1,1,3,4,2,3,1989,2,2
1991,1,121100,1,2,2,2,1,1,3,4,2,3,1985,2,2
1991,2,121100,9,4,4,2,1,1,3,4,2,3,1981,2,2
1991,1,121101,9,2,2,2,1,1,3,4,2,3,1985,2,2
1991,2,121101,6,2,2,2,1,1,3,4,2,3,1988,2,2
1991,1,121102,1,2,3,2,1,1,3,4,2,3,1980,2,2
1991,2,121102,1,2,2,2,1,1,3,4,2,3,1986,2,2
1991,1,121103,1,5,5,2,1,1,3,4,2,3,1982,2,2
1991,2,121103,2,2,2,2,1,1,3,4,2,3,1991,2,2
1991,1,121104,1,2,2,2,1,1,3,4,2,3,1987,2,2
1991,2,121104,2,2,3,2,1,1,3,4,2,3,1986,2,2
1991,1,121105,1,2,2,2,1,1,3,4,2,3,1990,2,2
1991,2,121105,1,2,2,2,1,1,3,4,2,3,1989,2,2
1991,1,121106,1,5,5,2,1,1,3,4,1,3,1977,2,2
1991,1,121107,1,5,5,2,1,1,3,4,2,3,1988,2,2
1991,2,121107,1,2,2,2,2,2,3,4,1,3,1974,2,2
1991,1,121108,1,2,2,2,1,1,3,4,2,3,1989,2,2
1991,1,121109,6,2,2,2,2,2,3,4,2,3,1990,2,2
1991,2,121109,1,5,5,2,1,1,3,4,2,3,1974,2,2
1991,1,121110,4,1,1,1,2,2,3,4,1,3,1966,2,2
1991,1,121111,1,5,5,2,1,1,3,4,2,3,1986,2,2
1991,2,121111,4,2,2,2,1,1,3,4,1,3,1986,2,2
1991,1,121112,2,3,3,2,1,1,3,4,1,3,1986,2,2
1991,1,121113,1,2,2,2,2,2,3,4,2,3,1988,2,2
1991,2,121113,1,3,3,1,1,1,3,4,2,3,1988,2,2
1991,1,121114,6,6,6,2,1,1,3,4,2,3,1990,2,2
1991,1,121115,1,2,2,2,1,1,3,4,2,3,1988,2,2
1991,1,121116,4,1,1,2,1,1,3,4,2,3,1987,2,2
1991,1,121117,5,1,1,1,2,2,3,4,1,3,1984,2,2
1991,1,121118,1,2,2,2,1,1,3,4,2,3,1991,2,2
1991,2,121118,1,5,5,2,1,1,3,4,2,3,1981,2,2
1991,1,121119,1,2,2,2,1,1,3,4,2,3,1991,2,2
1991,1,121120,1,2,2,2,1,1,3,4,1,3,1982,2,2
1991,1,121121,1,2,2,2,1,1,3,4,2,3,1983,2,2
1991,1,121122,5,2,2,2,1,1,3,4,2,3,1981,2,2
1991,1,121123,2,2,2,1,1,1,3,4,1,3,1982,2,2
1991,1,121124,1,6,6,2,1,1,3,4,2,3,1987,2,2
1991,1,121125,1,5,5,2,1,1,3,4,2,3,1984,2,2
1991,2,121125,2,2,2,2,1,1,3,4,2,3,1984,2,2
1991,1,121126,6,3,3,2,1,1,3,4,2,3,1985,2,2
1991,2,121126,1,2,2,2,1,1,3,4,2,3,1988,2,2
1991,1,121127,3,3,3,1,1,1,3,4,2,3,1989,2,2
1991,1,121128,1,5,5,2,1,1,3,4,2,3,1990,2,2
1991,2,121128,7,2,2,2,4,1,3,1,2,3,1982,2,2
1991,1,121129,1,2,2,2,1,1,3,4,2,3,1981,2,2
1991,2,121129,1,2,2,2,1,1,3,4,2,3,1972,2,2
1991,1,121130,1,3,3,2,1,1,3,4,1,3,1983,2,2
1991,2,121130,1,2,2,2,1,1,3,4,2,3,1991,2,2
1991,1,121131,1,2,2,2,1,1,3,4,2,3,1985,2,2
1991,1,121132,2,2,2,1,1,1,3,4,2,3,1991,2,2
1991,1,121133,1,5,5,2,1,1,3,4,2,3,9999,2,2
1991,2,121133,1,2,2,2,1,1,3,4,2,3,1986,2,2
1991,1,121134,7,2,2,2,4,1,3,1,2,3,1980,2,2
1991,1,121135,1,2,2,2,1,1,3,4,2,3,1977,2,2
1991,1,121136,1,2,2,2,1,1,3,4,2,3,1983,2,2
1991,2,121136,1,2,2,2,1,1,3,4,2,3,1982,2,2
1991,1,121137,1,2,2,2,1,1,3,4,2,3,1982,2,2
1991,1,121138,1,2,2,2,1,1,3,4,1,3,1984,2,2
1991,2,121138,5,2,2,2,1,1,3,4,2,3,1979,2,2
1991,1,121139,2,2,2,2,1,1,3,4,2,3,1975,2,2
1991,2,121139,1,5,5,2,1,1,3,4,2,3,1984,2,2
1991,1,121140,2,2,2,2,1,1,3,4,2,3,1991,2,2
1991,2,121140,6,4,4,2,1,1,3,4,2,3,1990,2,2
1991,1,121141,1,2,2,2,1,1,3,4,2,3,1985,2,2
1991,2,121141,1,5,5,2,1,1,3,4,2,3,1986,2,2
1991,1,121142,4,2,2,1,1,1,3,4,1,3,1990,2,2
1991,1,121143,1,2,2,2,2,2,3,4,2,3,1979,2,2
1991,2,121143,1,3,3,2,1,1,3,4,2,3,1972,2,2
1991,1,121144,1,7,7,2,3,3,3,4,2,3,9999,2,2
1991,1,121145,1,2,2,2,1,1,3,4,2,3,1981,2,2
1991,2,121145,1,2,2,2,1,1,3,4,2,3,1986,2,2
1991,1,121146,1,2,2,2,1,1,3,4,1,3,1980,2,2
1991,1,121147,4,2,2,2,1,1,3,4,2,3,1987,2,2
1991,1,121148,4,5,5,2,1,1,3,4,2,3,1986,2,2
1991,1,121149,1,2,2,2,1,1,3,4,2,3,1979,2,2
1991,2,121149,1,3,3,1,2,2,3,4,2,3,9999,2,2
1991,1,121150,1,2,2,2,1,1,3,4,2,3,1973,2,2
1991,2,121150,2,3,2,2,1,1,3,4,2,3,1991,2,2
1991,1,121151,2,7,7,2,1,1,3,4,2,3,1979,2,2
1991,1,121152,7,1,1,2,4,1,3,1,1,3,1986,2,2
1991,2,121152,1,2,2,2,1,1,3,4,2,3,1985,2,2
1991,1,121153,3,1,1,1,1,1,3,4,2,3,1969,2,2
1991,1,121154,1,2,3,2,1,1,3,4,2,3,1989,2,2
1991,2,121154,1,2,2,2,1,1,3,4,2,3,1989,2,2
1991,1,121155,1,2,2,2,1,1,3,4,2,3,1984,2,2
1991,1,121156,9,2,5,2,1,1,3,4,2,3,1991,2,2
1991,1,121157,1,2,2,2,2,2,3,4,1,3,1984,2,2
1991,2,121157,2,2,2,2,1,1,3,4,2,3,1986,2,2
1991,1,121158,1,2,2,2,2,2,3,4,2,3,1987,2,2
1991,1,121159,7,1,1,2,4,1,3,1,1,3,1986,2,2
1991,2,121159,1,2,2,2,1,1,3,4,2,3,1975,2,2
1991,1,121160,1,3,3,2,1,1,3,4,2,3,1973,2,2
1991,1,121161,1,2,2,2,1,1,3,4,2,3,1985,2,2
1991,2,121161,2,5,5,1,1,1,3,4,2,3,1991,2,2
1991,1,121162,1,2,2,2,1,1,3,4,2,3,1980,2,2
1991,2,121162,9,3,3,2,1,1,3,4,2,3,1988,2,2
1991,1,121163,6,6,6,2,1,1,3,4,2,3,1987,2,2
1991,1,121164,4,2,2,2,2,2,3,4,2,3,1974,2,2
1991,1,121165,7,2,2,2,4,1,3,1,2,3,1983,2,2
1991,2,121165,4,5,5,2,1,1,3,4,2,3,1980,2,2
1991,1,121166,7,3,3,2,4,1,3,1,1,3,1981,2,2
1991,1,121167,1,3,3,2,1,1,3,4,1,3,1985,2,2
1991,1,121168,9,7,7,2,3,3,3,4,2,3,9999,2,2
1991,1,121169,1,2,2,1,1,1,3,4,2,3,1990,2,2
1991,1,121170,1,6,6,2,1,1,3,4,2,3,1991,2,2
1991,1,121171,6,4,4,2,1,1,3,4,2,3,1980,2,2
1991,2,121171,6,2,2,2,1,1,3,4,2,3,1985,2,2
1991,1,121172,1,2,2,2,1,1,3,4,2,3,1988,2,2
1991,2,121172,6,2,2,2,1,1,3,4,2,3,1987,2,2
1991,1,121173,1,2,2,2,3,3,3,4,2,3,1984,2,2
1991,2,121173,2,2,2,2,1,1,3,4,2,3,1985,2,2
1991,1,121174,1,2,2,2,1,1,3,4,1,3,1968,2,2
1991,1,121175,1,2,2,2,1,1,3,4,2,3,1981,2,2
1991,2,121175,1,2,2,2,2,2,3,4,2,3,1976,2,2
1991,1,121176,1,2,2,2,2,2,3,4,2,3,1974,2,2
1991,2,121176,7,2,2,2,4,1,3,1,1,3,1983,2,2
1991,1,121177,1,3,3,2,1,1,3,4,1,3,1991,2,2
1991,2,121177,4,3,3,2,2,2,3,4,2,3,1979,2,2
1991,1,121178,1,2,2,2,1,1,3,4,2,3,1986,2,2
1991,1,121179,1,2,5,2,1,1,3,4,2,3,1988,2,2
1991,2,121179,2,2,2,2,1,1,3,4,1,3,1990,2,2
1991,1,121180,5,1,1,2,1,1,3,4,2,3,1990,2,2
1991,1,121181,1,2,2,2,1,1,3,4,1,3,1986,2,2
1991,2,121181,6,5,5,2,1,1,3,4,2,3,1989,2,2
1991,1,121182,1,5,5,2,2,2,3,4,1,3,1989,2,2
1991,1,121183,1,2,2,2,1,1,3,4,2,3,1984,2,2
1991,1,121184,1,2,2,2,2,2,3,4,2,3,1987,2,2
1991,2,121184,1,5,5,2,1,1,3,4,2,3,1989,2,2
1991,1,121185,1,2,2,2,1,1,3,4,1,3,1987,2,2
1991,1,121186,1,3,4,2,1,1,3,4,2,3,1987,2,2
1991,2,121186,1,2,2,2,1,1,3,4,1,3,1988,2,2
1991,1,121187,1,3,3,2,1,1,3,4,2,3,1989,2,2
1991,2,121187,4,2,2,2,1,1,3,4,2,3,1989,2,2
1991,3,121187,1,2,2,2,1,1,3,4,2,3,1978,2,2
1991,1,121188,7,2,2,2,4,1,3,1,2,3,1982,2,2
1991,1,121189,2,3,3,2,1,1,3,4,2,3,1991,2,2
1991,1,121190,1,7,7,1,1,1,3,4,2,3,1969,2,2
1991,1,121191,2,2,2,2,1,1,3,4,2,3,1978,2,2
1991,1,121192,2,3,3,2,1,1,3,4,2,3,1984,2,2
1991,2,121192,2,2,2,2,1,1,3,4,2,3,1989,2,2
1991,3,121192,1,5,5,2,1,1,3,4,2,3,1972,2,2
1991,1,121193,1,2,2,2,1,1,3,4,2,3,1985,2,2
1991,2,121193,1,2,2,2,2,2,3,4,2,3,1985,2,2
1991,1,121194,1,2,2,2,1,1,3,4,2,3,1985,2,2
1991,2,121194,6,2,2,2,1,1,3,4,2,3,1981,2,2
1991,1,121195,1,2,3,2,1,1,3,4,2,3,1991,2,2
1991,1,121196,1,2,2,2,1,1,3,4,2,3,1981,2,2
1991,2,121196,6,4,4,2,3,3,3,4,2,3,1988,2,2
1991,1,121197,1,2,2,2,1,1,3,4,2,3,1991,2,2
1991,2,121197,1,2,2,2,1,1,3,4,2,3,1977,2,2
1991,1,121198,1,5,5,2,3,3,3,4,2,3,1989,2,2
1991,2,121198,1,2,2,2,2,2,3,4,2,3,1986,2,2
1991,1,121199,2,7,7,2,3,3,3,4,2,3,9999,2,2
1991,1,121200,1,2,2,2,1,1,3,4,1,3,1981,2,2
1991,1,121201,4,2,2,2,1,1,3,4,2,3,1977,2,2
1991,1,121202,1,2,2,2,2,2,3,4,2,3,1984,2,2
1991,2,121202,4,2,2,2,2,2,3,4,2,3,1985,2,2
1991,1,121203,9,7,7,2,3,3,3,4,2,3,9999,2,2
1991,1,121204,1,2,2,2,2,2,3,4,2,3,1991,2,2
1991,2,121204,1,5,5,2,1,1,3,4,2,3,1991,2,2
1991,1,121205,4,2,2,2,1,1,3,4,1,3,1984,2,2
1991,1,121206,1,2,2,2,1,1,3,4,1,3,1987,2,2
1991,2,121206,1,2,2,2,1,1,3,4,2,3,1979,2,2
1991,3,121206,9,2,2,2,1,1,3,4,2,3,1989,2,2
1991,1,121207,1,2,2,2,1,1,3,4,1,3,1988,2,2
1991,1,121208,1,2,2,2,1,1,3,4,1,3,1987,2,2
1991,2,121208,2,4,4,2,1,1,3,4,2,3,1986,2,2
1991,1,121209,1,2,2,2,1,1,3,4,2,3,1986,2,2
1991,1,121210,1,2,5,2,1,1,3,4,1,3,1989,2,2
1991,1,121211,9,2,3,1,1,1,3,4,2,3,1978,2,2
1991,2,121211,1,5,4,2,1,1,3,4,2,3,1985,2,2
1991,1,121212,1,2,2,2,2,2,3,4,2,3,1984,2,2
1991,2,121212,2,2,2,2,1,1,3,4,1,3,1987,2,2
1991,1,121213,1,2,2,2,1,1,3,4,2,3,1985,2,2
1991,2,121213,1,2,3,2,1,1,3,4,2,3,1980,2,2
1991,3,121213,1,2,2,2,1,1,3,4,2,3,1975,2,2
1991,1,121214,1,2,2,2,3,3,3,4,2,3,1987,2,2
1991,1,121216,1,3,3,2,1,1,3,4,2,3,1988,2,2
1991,2,121216,1,2,2,2,1,1,3,4,2,3,1990,2,2
1991,3,121216,2,2,2,2,1,1,3,4,2,3,1986,2,2
1991,4,121216,1,2,2,2,1,1,3,4,2,3,1985,2,2
1991,1,121217,1,3,3,2,1,1,3,4,2,3,1986,2,2
1991,2,121217,2,4,4,2,3,3,3,4,2,3,1983,2,2
1991,1,121218,1,2,2,2,2,2,3,4,2,3,1985,2,2
1991,1,121219,1,2,2,2,1,1,3,4,1,3,1979,2,2
1991,1,121220,1,2,2,2,1,1,3,4,1,3,1989,2,2
1991,1,121222,4,2,2,1,1,1,3,4,1,3,1991,2,2
1991,2,121222,1,2,2,2,1,1,3,4,2,3,1985,2,2
1991,1,121223,1,2,2,2,1,1,3,4,2,3,1988,2,2
1991,1,121224,9,2,2,2,1,1,3,4,1,3,1980,2,2
1991,2,121224,6,2,5,2,1,1,3,4,2,3,1982,2,2
1991,1,121225,2,2,2,2,1,1,3,4,2,3,1986,2,2
1991,2,121225,1,4,4,2,1,1,3,4,2,3,1988,2,2
1991,1,121226,9,2,3,2,1,1,3,4,2,3,1981,2,2
1991,2,121226,1,2,2,2,1,1,3,4,2,3,1982,2,2
1991,1,121227,2,5,5,2,3,3,3,4,2,3,1954,2,2
1991,1,121228,1,4,4,1,1,1,3,4,2,3,1976,2,2
1991,2,121228,6,2,2,1,1,1,3,4,2,3,1987,2,2
1991,1,121229,1,5,5,2,1,1,3,4,1,3,1985,2,2
1991,1,121231,1,2,2,2,1,1,3,4,2,3,1984,2,2
1991,1,121232,1,5,5,1,1,1,3,4,2,3,1989,2,2
1991,1,121233,4,2,2,2,1,1,3,4,2,3,1986,2,2
1991,2,121233,1,2,2,2,1,1,3,4,2,3,1991,2,2
1991,1,121234,1,5,5,2,2,2,3,4,1,3,1991,2,2
1991,1,121235,1,1,1,1,1,1,3,4,1,3,1987,2,2
1991,1,121236,1,2,2,1,1,1,3,4,2,3,1985,2,2
1991,1,121237,1,2,2,2,1,1,3,4,2,3,1979,2,2
1991,1,121239,1,2,2,2,1,1,3,4,2,3,1984,2,2
1991,1,121240,9,6,6,2,3,3,3,4,2,3,9999,2,2
1991,1,121241,2,2,5,2,1,1,3,4,2,3,1987,2,2
1991,2,121241,1,2,3,2,1,1,3,4,2,3,1981,2,2
1991,3,121241,2,2,2,2,1,1,3,4,2,3,1989,2,2
1991,4,121241,1,5,5,2,1,1,3,4,2,3,1989,2,2
1991,1,121242,1,2,2,2,1,1,3,4,2,3,1984,2,2
1991,2,121242,1,2,2,2,2,2,3,4,2,3,1990,2,2
1991,1,121243,1,1,1,2,1,1,3,4,2,3,1979,2,2
1991,1,121245,1,5,5,2,1,1,3,4,2,3,1985,2,2
1991,2,121245,1,2,2,2,1,1,3,4,2,3,1978,2,2
1991,1,121246,1,3,3,2,1,1,3,4,2,3,1988,2,2
1991,1,121247,1,2,2,2,1,1,3,4,2,3,1982,2,2
1991,1,121248,2,2,2,1,1,1,3,4,1,3,1986,2,2
1991,1,121249,1,5,5,2,1,1,3,4,2,3,1986,2,2
1991,2,121249,1,2,2,2,1,1,3,4,2,3,1987,2,2
1991,1,121250,1,2,3,2,1,1,3,4,2,3,1988,2,2
1991,2,121250,9,2,2,2,1,1,3,4,2,3,1985,2,2
1991,1,121251,1,5,5,2,2,2,3,4,2,3,1985,2,2
1991,1,121252,9,2,2,2,3,3,3,4,2,3,9999,2,2
1991,1,121253,1,2,2,2,2,2,3,4,2,3,1980,2,2
1991,1,121254,1,2,2,2,1,1,3,4,2,3,1978,2,2
1991,1,121255,7,2,2,2,4,1,3,1,1,3,1982,2,2
1991,2,121255,1,2,3,2,1,1,3,4,2,3,1983,2,2
1991,1,121256,1,1,1,2,1,1,3,4,2,3,1982,2,2
1991,1,121257,1,2,2,2,1,1,3,4,2,3,1983,2,2
1991,1,121258,1,3,3,2,2,2,3,4,2,3,1989,2,2
1991,2,121258,1,2,2,2,1,1,3,4,2,3,1978,2,2
1991,3,121258,6,2,2,2,1,1,3,4,2,3,1973,2,2
1991,1,121259,1,2,2,2,1,1,3,4,2,3,1979,2,2
1991,2,121259,2,5,5,2,1,1,3,4,2,3,1988,2,2
1991,1,121260,7,5,5,2,4,2,3,2,1,3,1978,2,2
1991,2,121260,3,2,2,2,1,1,3,4,2,3,1986,2,2
1991,1,121261,1,2,2,2,1,1,3,4,2,3,1991,2,2
1991,2,121261,6,2,5,2,1,1,3,4,2,3,1983,2,2
1991,1,121262,1,2,2,2,1,1,3,4,2,3,1982,2,2
1991,1,121263,1,2,2,2,1,1,3,4,2,3,1991,2,2
1991,2,121263,6,4,4,2,1,1,3,4,2,3,1983,2,2
1991,1,121264,1,2,2,2,3,3,3,4,2,3,1977,2,2
1991,1,121265,1,3,4,2,1,1,3,4,2,3,1985,2,2
1991,2,121265,1,2,2,2,1,1,3,4,2,3,1987,2,2
1991,3,121265,6,5,4,2,1,1,3,4,2,3,1984,2,2
1991,1,121266,7,2,2,2,4,1,3,1,2,3,1973,2,2
1991,2,121266,7,1,1,2,4,1,3,1,2,3,1990,2,2
1991,1,121267,9,7,7,2,3,3,3,4,2,3,9999,2,2
1991,1,121268,7,6,6,2,4,1,3,1,2,3,1982,2,2
1991,1,121269,1,2,3,2,1,1,3,4,2,3,1976,2,2
1991,1,121270,7,2,2,2,4,1,3,1,2,3,1974,2,2
1991,1,121271,1,2,2,2,1,1,3,4,2,3,1989,2,2
1991,1,121272,2,3,3,1,1,1,3,4,2,3,1988,2,2
1991,1,121273,1,2,2,2,1,1,3,4,2,3,1991,2,2
1991,2,121273,1,4,4,2,1,1,3,4,2,3,1988,2,2
1991,3,121273,1,2,2,2,1,1,3,4,2,3,1986,2,2
1991,1,121274,1,2,2,2,1,1,3,4,2,3,1991,2,2
1991,1,121275,2,2,2,2,1,1,3,4,2,3,1989,2,2
1991,1,121276,1,2,2,2,2,2,3,4,2,3,1976,2,2
1991,2,121276,9,6,6,2,3,3,3,4,2,3,9999,2,2
1991,1,121277,9,2,2,2,1,1,3,4,2,3,1991,2,2
1991,2,121277,1,2,2,2,1,1,3,4,2,3,1987,2,2
1991,1,121278,6,7,7,1,1,1,3,4,2,3,1987,2,2
1991,1,121279,1,5,5,2,1,1,3,4,2,3,1979,2,2
1991,2,121279,3,2,2,2,1,1,3,4,2,3,1986,2,2
1991,1,121280,9,2,2,2,3,3,3,4,2,3,9999,2,2
1991,1,121281,1,2,2,2,1,1,3,4,2,3,1985,2,2
1991,2,121281,1,2,2,2,1,1,3,4,2,3,1986,2,2
1991,1,121282,1,5,5,2,1,1,3,4,1,3,1968,2,2
1991,2,121282,1,4,4,2,1,1,3,4,2,3,1985,2,2
1991,1,121283,1,2,2,2,1,1,3,4,2,3,1981,2,2
1991,1,121285,1,2,2,2,1,1,3,4,2,3,1986,2,2
1991,1,121286,1,3,3,2,1,1,3,4,2,3,1983,2,2
1991,2,121286,2,2,2,2,1,1,3,4,2,3,1987,2,2
1991,1,121287,1,3,3,2,1,1,3,4,1,3,1990,2,2
1991,1,121288,1,2,2,2,1,1,3,4,2,3,1989,2,2
1991,1,121289,1,2,2,2,2,2,3,4,2,3,1986,2,2
1991,1,121290,1,2,2,2,3,3,3,4,2,3,1980,2,2
1991,1,121291,3,2,5,2,3,3,3,4,1,3,1991,2,2
1991,1,121292,1,2,2,2,1,1,3,4,2,3,1985,2,2
1991,2,121292,1,3,3,2,1,1,3,4,2,3,1989,2,2
1991,1,121293,2,1,1,2,1,1,3,4,2,3,1987,2,2
1991,1,121294,2,2,2,1,1,1,3,4,2,3,1986,2,2
1991,1,121295,5,3,3,2,1,1,3,4,2,3,1989,2,2
1991,1,121296,5,2,2,2,1,1,3,4,1,3,1971,2,2
1991,2,121296,1,4,4,2,1,1,3,4,2,3,1986,2,2
1991,3,121296,1,2,2,2,1,1,3,4,2,3,1981,2,2
1991,1,121297,6,4,4,2,1,1,3,4,2,3,1979,2,2
1991,2,121297,7,2,2,2,4,1,3,1,1,3,1985,2,2
1991,1,121298,1,2,2,2,1,1,3,4,2,3,1985,2,2
1991,2,121298,1,2,2,2,1,1,3,4,2,3,1985,2,2
1991,1,121299,1,2,2,2,1,1,3,4,1,3,1988,2,2
1991,1,121300,1,3,3,2,1,1,3,4,2,3,1991,2,2
1991,2,121300,1,2,2,2,1,1,3,4,2,3,1986,2,2
1991,1,121301,4,2,2,2,1,1,3,4,2,3,1989,2,2
1991,1,121302,9,7,7,2,3,3,3,4,2,3,9999,2,2
1991,1,121303,1,2,2,2,1,1,3,4,2,3,1977,2,2
1991,1,121304,4,4,4,1,1,1,3,4,1,3,1988,2,2
1991,1,121305,9,2,3,2,1,1,3,4,2,3,1985,2,2
1991,2,121305,1,5,5,2,1,1,3,4,2,3,1978,2,2
1991,3,121305,1,2,5,2,1,1,3,4,2,3,1981,2,2
1991,4,121305,7,2,2,2,4,1,3,1,1,3,1987,2,2
1991,1,121306,7,2,2,2,4,1,3,1,2,3,1982,2,2
1991,2,121306,1,5,5,2,1,1,3,4,2,3,1979,2,2
1991,3,121306,1,2,2,2,3,3,3,4,2,3,1987,2,2
1991,1,121308,1,2,2,2,1,1,3,4,2,3,1990,2,2
1991,1,121309,6,2,2,2,1,1,3,4,2,3,1972,2,2
1991,2,121309,1,5,5,2,1,1,3,4,2,3,1986,2,2
1991,1,121310,6,3,3,2,1,1,3,4,2,3,1985,2,2
1991,1,121311,1,3,3,2,2,1,3,4,1,3,1983,2,2
1991,2,121311,1,2,2,2,1,1,3,4,2,3,1982,2,2
1991,1,121312,4,3,3,1,1,1,3,4,2,3,1983,2,2
1991,1,121313,1,2,2,2,1,1,3,4,1,3,1990,2,2
1991,1,121314,1,2,2,2,1,1,3,4,2,3,1987,2,2
1991,2,121314,1,5,5,2,1,1,3,4,2,3,1988,2,2
1991,1,121315,1,2,2,2,1,1,3,4,2,3,1980,2,2
1991,1,121316,1,2,2,2,1,1,3,4,1,3,1987,2,2
1991,1,121317,1,2,2,2,2,2,3,4,2,3,1988,2,2
1991,1,121318,1,2,2,2,1,1,3,4,2,3,1990,2,2
1991,2,121318,1,3,3,2,1,1,3,4,2,3,1983,2,2
1991,1,121319,1,2,3,2,1,1,3,4,2,3,1979,2,2
1991,2,121319,1,2,2,2,1,1,3,4,2,3,1983,2,2
1991,1,121320,3,3,3,2,1,1,3,4,2,3,1987,2,2
1991,2,121320,7,2,2,2,4,1,3,1,2,3,1986,2,2
1991,1,121321,6,4,4,2,1,1,3,4,2,3,1978,2,2
1991,2,121321,1,4,4,2,1,1,3,4,2,3,1980,2,2
1991,1,121322,6,4,4,2,1,1,3,4,1,3,1990,2,2
1991,2,121322,6,4,4,2,1,1,3,4,2,3,1980,2,2
1991,1,121323,1,4,4,2,1,1,3,4,2,3,1990,2,2
1991,1,121324,1,2,3,2,2,2,3,4,2,3,1984,2,2
1991,2,121324,1,2,2,2,1,1,3,4,2,3,1990,2,2
1991,1,121325,1,2,2,2,1,1,3,4,1,3,1983,2,2
1991,2,121325,1,2,2,2,1,1,3,4,2,3,1990,2,2
1991,1,121326,1,2,2,2,2,2,3,4,2,3,1981,2,2
1991,2,121326,4,2,2,2,1,1,3,4,2,3,1972,2,2
1991,1,121327,1,2,2,2,2,2,3,4,1,3,1989,2,2
1991,1,121328,4,2,2,2,1,1,3,4,2,3,1989,2,2
1991,2,121328,1,2,2,2,1,1,3,4,2,3,1987,2,2
1991,1,121329,1,2,2,2,1,1,3,4,2,3,1977,2,2
1991,1,121330,1,3,3,1,1,1,3,4,2,3,1981,2,2
1991,2,121330,1,2,2,2,1,1,3,4,2,3,1985,2,2
1991,1,121331,1,2,2,2,3,3,3,4,1,3,1981,2,2
1991,2,121331,1,7,7,2,1,1,3,4,2,3,1985,2,2
1991,1,121332,7,2,2,2,4,1,3,1,1,3,1985,2,2
1991,2,121332,1,4,4,2,1,1,3,4,2,3,1986,2,2
1991,1,121333,1,2,2,2,2,2,3,4,2,3,1979,2,2
1991,1,121334,2,2,2,2,2,2,3,4,2,3,1983,2,2
1991,2,121334,1,2,2,2,1,1,3,4,2,3,1978,2,2
1991,1,121335,1,2,2,2,1,1,3,4,1,3,1989,2,2
1991,1,121336,1,2,2,1,1,1,3,4,2,3,1980,2,2
1991,2,121336,1,2,2,2,1,1,3,4,2,3,1989,2,2
1991,1,121337,4,2,3,2,1,1,3,4,2,3,1990,2,2
1991,1,121338,1,2,2,2,1,1,3,4,2,3,1979,2,2
1991,2,121338,1,3,3,2,1,1,3,4,2,3,1983,2,2
1991,1,121339,2,2,2,2,2,2,3,4,2,3,1990,2,2
1991,2,121339,6,5,5,2,1,1,3,4,2,3,1989,2,2
1991,1,121340,2,2,5,2,1,1,3,4,2,3,1986,2,2
1991,2,121340,1,5,5,2,2,2,3,4,2,3,1980,2,2
1991,1,121341,1,2,2,2,1,1,3,4,1,3,1988,2,2
1991,2,121341,6,2,2,2,1,1,3,4,2,3,1972,2,2
1991,1,121342,1,2,2,2,1,1,3,4,2,3,1983,2,2
1991,2,121342,1,2,2,2,3,3,3,4,2,3,1979,2,2
1991,1,121343,9,7,7,2,3,3,3,4,2,3,9999,2,2
1991,1,121344,1,2,2,2,1,1,3,4,2,3,1989,2,2
1991,1,121345,2,2,2,2,2,2,3,4,2,3,1984,2,2
1991,2,121345,1,2,2,2,1,1,3,4,2,3,1978,2,2
1991,1,121346,1,2,5,2,1,1,3,4,2,3,1987,2,2
1991,2,121346,1,4,4,2,2,2,3,4,2,3,1990,2,2
1991,1,121347,1,2,3,2,1,1,3,4,2,3,1984,2,2
1991,2,121347,6,5,4,2,1,1,3,4,2,3,1972,2,2
1991,1,121348,7,2,2,2,4,1,3,1,2,3,1985,2,2
1991,2,121348,1,3,3,2,1,1,3,4,2,3,1984,2,2
1991,1,121349,1,2,2,2,2,2,3,4,2,3,1978,2,2
1991,1,121351,2,2,2,2,1,1,3,4,2,3,1989,2,2
1991,2,121351,1,2,2,2,1,1,3,4,2,3,1985,2,2
1991,1,121352,2,2,2,2,1,1,3,4,1,3,1983,2,2
1991,1,121353,1,3,4,2,1,1,3,4,1,3,1985,2,2
1991,2,121353,1,2,2,2,1,1,3,4,2,3,1989,2,2
1991,3,121353,1,2,2,2,1,1,3,4,2,3,1989,2,2
1991,1,121354,5,2,2,2,1,1,3,4,2,3,1990,2,2
1991,1,121355,1,3,3,2,1,1,3,4,2,3,1990,2,2
1991,2,121355,2,2,2,2,1,1,3,4,2,3,1989,2,2
1991,1,121356,1,2,2,2,1,1,3,4,2,3,1989,2,2
1991,1,121357,1,2,2,2,2,2,3,4,2,3,1982,2,2
1991,1,121358,1,2,2,2,1,1,3,4,2,3,1980,2,2
1991,1,121359,7,2,2,2,4,1,3,1,2,3,1986,2,2
1991,2,121359,1,2,2,2,1,1,3,4,2,3,1987,2,2
1991,3,121359,1,2,2,2,1,1,3,4,2,3,1991,2,2
1991,1,121360,1,3,3,2,1,1,3,4,1,3,1991,2,2
1991,2,121360,1,5,5,2,1,1,3,4,2,3,1991,2,2
1991,1,121361,1,2,2,2,1,1,3,4,1,3,1988,2,2
1991,1,121362,1,2,2,2,3,3,3,4,2,3,1989,2,2
1991,2,121362,5,2,2,2,1,1,3,4,2,3,1990,2,2
1991,1,121363,1,2,2,2,1,1,3,4,1,3,1987,2,2
1991,2,121363,1,2,2,2,1,1,3,4,2,3,1982,2,2
1991,1,121364,1,2,2,2,1,1,3,4,2,3,1990,2,2
1991,1,121365,1,2,2,1,1,1,3,4,2,3,1982,2,2
1991,1,121366,1,4,4,2,1,1,3,4,2,3,1987,2,2
1991,2,121366,6,2,2,2,1,1,3,4,2,3,1988,2,2
1991,1,121367,1,1,1,1,1,1,3,4,2,3,1973,2,2
1991,1,121368,1,2,2,2,1,1,3,4,2,3,1984,2,2
1991,1,121369,1,2,2,2,1,1,3,4,2,3,1980,2,2
1991,1,121370,1,2,2,1,1,1,3,4,2,3,1989,2,2
1991,2,121370,1,5,5,2,1,1,3,4,2,3,1983,2,2
1991,3,121370,1,2,2,2,1,1,3,4,2,3,1991,2,2
1991,1,121371,1,6,6,1,1,1,3,4,1,3,1991,2,2
1991,1,121372,1,2,2,2,1,1,3,4,2,3,1983,2,2
1991,2,121372,1,5,5,2,1,1,3,4,2,3,1989,2,2
1991,1,121373,1,2,2,2,1,1,3,4,1,3,1978,2,2
1991,1,121375,1,2,2,2,1,1,3,4,2,3,1983,2,2
1991,1,121376,2,3,3,2,1,1,3,4,2,3,1977,2,2
1991,1,121377,4,2,2,1,1,1,3,4,1,3,1984,2,2
1991,1,121378,1,2,2,2,1,1,3,4,2,3,1982,2,2
1991,1,121379,1,2,2,2,1,1,3,4,2,3,1980,2,2
1991,1,121380,7,2,2,2,4,1,3,1,2,3,1988,2,1
1991,1,121381,2,1,1,1,2,2,3,4,2,3,1987,2,2
1991,1,121382,6,1,1,1,1,1,3,4,2,3,1988,2,2
1991,1,121383,1,2,2,2,1,1,3,4,2,3,1990,2,2
1991,1,121384,1,2,2,2,2,2,3,4,2,3,1985,2,2
1991,2,121384,6,2,5,2,1,1,3,4,2,3,1985,2,2
1991,1,121385,7,5,5,2,4,2,3,2,2,3,1986,2,2
1991,1,121386,1,1,1,1,1,1,3,4,2,3,1991,2,2
1991,1,121387,1,5,5,2,1,1,3,4,2,3,1986,2,2
1991,2,121387,1,2,2,2,1,1,3,4,2,3,1976,2,2
1991,1,121388,5,2,2,2,1,1,3,4,2,3,1987,2,2
1991,1,121389,7,2,2,2,4,1,3,1,1,3,1983,2,2
1991,1,121390,1,2,2,2,1,1,3,4,2,3,1980,2,2
1991,1,121391,5,2,2,2,1,1,3,4,2,3,1988,2,2
1991,1,121392,2,2,2,2,1,1,3,4,1,3,1989,2,2
1991,1,121393,1,2,2,2,1,1,3,4,2,3,1985,2,2
1991,1,121394,7,1,1,2,4,1,3,1,1,3,1987,2,2
1991,1,121395,1,2,2,2,1,1,3,4,2,3,1989,2,2
1991,2,121395,6,2,2,2,1,1,3,4,2,3,1987,2,2
1991,1,121396,2,1,1,2,2,2,3,4,2,3,1969,2,2
1991,1,121397,1,2,2,2,1,1,3,4,2,3,1979,2,2
1991,1,121398,1,3,3,2,1,1,3,4,2,3,1990,2,2
1991,2,121398,1,2,2,2,1,1,3,4,2,3,1990,2,2
1991,1,121399,9,7,7,2,3,3,3,4,2,3,9999,2,2
1991,1,121400,3,1,1,1,1,1,3,4,1,3,1987,2,2
1991,1,121401,6,5,4,2,1,1,3,4,2,3,1985,2,2
1991,2,121401,2,2,2,2,1,1,3,4,2,3,1986,2,2
1991,1,121403,1,2,2,1,1,1,3,4,1,3,1991,2,2
1991,1,121405,6,2,3,1,1,1,3,4,2,3,1986,2,2
1991,1,121406,1,2,2,2,1,1,3,4,2,3,1981,2,2
1991,1,121407,1,5,5,2,1,1,3,4,2,3,1987,2,2
1991,2,121407,1,2,2,2,1,1,3,4,2,3,1973,2,2
1991,3,121407,1,5,5,2,1,1,3,4,2,3,1981,2,2
1991,4,121407,1,2,2,2,1,1,3,4,2,3,1983,2,2
1991,5,121407,1,2,2,2,3,3,3,4,2,3,1988,2,2
1991,1,121408,1,1,1,1,1,1,3,4,1,3,1991,2,2
1991,1,121409,1,2,2,2,3,3,3,4,1,3,1988,2,2
1991,1,121410,1,2,2,2,1,1,3,4,2,3,1984,2,2
1991,1,121411,1,2,2,2,1,1,3,4,2,3,1978,2,2
1991,1,121412,1,2,2,2,1,1,3,4,2,3,1989,2,2
1991,2,121412,1,4,4,2,1,1,3,4,2,3,1986,2,2
1991,3,121412,1,2,2,2,1,1,3,4,2,3,1985,2,2
1991,1,121413,1,2,2,2,1,1,3,4,2,3,1983,2,2
1991,1,121414,1,2,2,2,1,1,3,4,2,3,1987,2,2
1991,1,121415,1,3,3,2,1,1,3,4,2,3,1987,2,2
1991,2,121415,1,2,2,2,1,1,3,4,2,3,1986,2,2
1991,1,121416,1,2,2,2,1,1,3,4,1,3,1977,2,2
1991,2,121416,2,2,5,2,1,1,3,4,1,3,1984,2,2
1991,1,121418,1,6,6,2,1,1,3,4,2,3,1987,2,2
1991,2,121418,6,2,2,2,1,1,3,4,2,3,1988,2,2
1991,1,121419,2,2,2,2,2,2,3,4,1,3,1985,2,2
1991,1,121420,1,2,2,2,1,1,3,4,2,3,1987,2,2
1991,1,121421,3,2,2,1,1,1,3,4,2,3,1987,2,2
1991,2,121421,5,5,4,2,1,1,3,4,2,3,1980,2,2
1991,1,121422,1,2,2,2,1,1,3,4,2,3,1985,2,2
1991,1,121423,1,2,2,2,1,1,3,4,1,3,1978,2,2
1991,2,121423,1,3,3,2,1,1,3,4,2,3,1979,2,2
1991,1,121424,7,2,2,2,4,3,3,3,2,3,1979,2,2
1991,2,121424,6,2,2,2,1,1,3,4,2,3,1990,2,2
1991,1,121425,5,5,5,2,1,1,3,4,2,3,1952,2,2
1991,1,121426,1,5,5,1,1,1,3,4,2,3,1980,2,2
1991,1,121427,1,2,3,2,1,1,3,4,2,3,1987,2,2
1991,1,121428,1,2,2,2,1,1,3,4,2,3,1984,2,2
1991,2,121428,6,5,5,2,1,1,3,4,2,3,1987,2,2
1991,1,121429,1,2,2,2,1,1,3,4,1,3,1984,2,2
1991,2,121429,1,2,2,2,1,1,3,4,2,3,1990,2,2
1991,1,121430,1,2,2,2,1,1,3,4,2,3,1990,2,2
1991,1,121431,2,1,1,1,1,1,3,4,2,3,1989,2,2
1991,1,121432,1,1,1,1,1,1,3,4,2,3,1978,2,2
1991,1,121433,7,2,2,2,4,1,3,1,2,3,1982,2,2
1991,2,121433,1,5,5,2,1,1,3,4,2,3,1985,2,2
1991,1,121434,1,2,2,2,1,1,3,4,2,3,1991,2,2
1991,2,121434,1,5,5,2,1,1,3,4,2,3,1989,2,2
1991,1,121435,7,2,2,2,4,1,3,1,2,3,1990,2,2
1991,1,121436,1,2,2,2,1,1,3,4,2,3,1985,2,2
1991,1,121437,2,2,2,1,2,2,3,4,2,3,1987,2,2
1991,1,121438,1,5,5,2,1,1,3,4,1,3,1979,2,2
1991,1,121439,1,2,2,2,1,1,3,4,1,3,1991,2,2
1991,1,121440,1,2,2,2,1,1,3,4,2,3,1991,2,2
1991,1,121441,1,2,2,2,1,1,3,4,2,3,1985,2,2
1991,2,121441,1,3,3,2,1,1,3,4,2,3,1985,2,2
1991,1,121442,1,2,2,2,1,1,3,4,2,3,1980,2,2
1991,1,121443,1,5,5,2,1,1,3,4,2,3,1987,2,2
1991,1,121444,1,5,5,2,1,1,3,4,2,3,1990,2,2
1991,2,121444,7,2,2,2,4,1,3,1,1,3,1985,2,2
1991,1,121445,3,1,1,1,1,1,3,4,1,3,1977,2,2
1991,1,121446,7,2,2,2,4,2,3,2,2,3,1981,2,2
1991,2,121446,9,2,2,2,1,1,3,4,2,3,1986,2,2
1991,3,121446,9,2,2,2,1,1,3,4,2,3,1984,2,2
1991,1,121447,3,6,6,1,1,1,3,4,1,3,1991,2,2
1991,1,121448,1,3,3,2,1,1,3,4,2,3,1989,2,2
1991,2,121448,1,2,2,2,1,1,3,4,2,3,1986,2,2
1991,3,121448,1,2,2,2,1,1,3,4,2,3,1989,2,2
1991,1,121449,1,2,2,1,1,1,3,4,1,3,1977,2,2
1991,1,121450,2,3,3,2,1,1,3,4,2,3,1979,2,2
1991,1,121451,1,2,2,2,1,1,3,4,2,3,1981,2,2
1991,2,121451,1,6,6,2,1,1,3,4,2,3,1979,2,2
1991,1,121452,1,5,5,2,1,1,3,4,2,3,1983,2,2
1991,2,121452,1,2,2,2,1,1,3,4,2,3,1989,2,2
1991,1,121453,1,5,5,2,1,1,3,4,2,3,1990,2,2
1991,2,121453,2,2,2,2,1,1,3,4,2,3,1991,2,2
1991,1,121454,2,2,2,2,1,1,3,4,1,3,1983,2,2
1991,2,121454,1,2,2,2,1,1,3,4,2,3,1991,2,2
1991,1,121455,4,2,2,2,1,1,3,4,2,3,1989,2,2
1991,2,121455,1,2,2,2,1,1,3,4,2,3,1978,2,2
1991,3,121455,2,4,4,2,3,3,3,4,2,3,9999,2,2
1991,1,121456,1,2,2,2,1,1,3,4,2,3,1978,2,2
1991,2,121456,1,2,2,2,1,1,3,4,2,3,1976,2,2
1991,1,121457,1,2,3,2,1,1,3,4,2,3,1985,2,2
1991,1,121458,1,7,7,2,1,1,3,4,2,3,1988,2,2
1991,1,121459,1,2,2,2,1,1,3,4,2,3,1977,2,2
1991,1,121460,2,4,4,2,2,2,3,4,2,3,1975,2,2
1991,2,121460,7,2,2,2,4,1,3,1,2,3,9999,2,2
1991,1,121461,1,2,2,2,1,1,3,4,1,3,1972,2,2
1991,2,121461,1,2,2,2,1,1,3,4,2,3,1983,2,2
1991,1,121462,1,2,2,2,1,1,3,4,2,3,1987,2,2
1991,1,121463,1,2,2,2,1,1,3,4,2,3,1987,2,2
1991,1,121464,1,3,3,2,1,1,3,4,2,3,1990,2,2
1991,2,121464,1,2,2,2,2,2,3,4,1,3,1990,2,2
1991,1,121465,1,2,2,2,1,1,3,4,1,3,1987,2,2
1991,2,121465,2,2,2,2,1,1,3,4,2,3,1991,2,2
1991,3,121465,1,2,2,2,1,1,3,4,2,3,1989,2,2
1991,1,121466,1,2,5,1,1,1,3,4,2,3,1990,2,2
1991,1,121467,1,5,5,2,1,1,3,4,2,3,1986,2,2
1991,2,121467,1,2,2,2,1,1,3,4,2,3,1980,2,2
1991,1,121468,1,5,5,2,1,1,3,4,2,3,1987,2,2
1991,2,121468,2,2,2,2,1,1,3,4,1,3,1978,2,2
1991,1,121469,7,2,2,2,4,1,3,1,2,3,1989,2,2
1991,2,121469,2,2,2,2,1,1,3,4,2,3,1988,2,2
1991,1,121470,1,2,2,2,2,2,3,4,2,3,1988,2,2
1991,1,121471,1,2,2,2,1,1,3,4,2,3,1990,2,2
1991,1,121472,1,1,1,1,1,1,3,4,2,3,1987,2,2
1991,1,121473,2,2,2,2,1,1,3,4,2,3,1980,2,2
1991,1,121474,1,5,5,2,1,1,3,4,2,3,1988,2,2
1991,2,121474,6,2,2,1,1,1,3,4,2,3,1988,2,2
1991,1,121475,1,2,2,2,1,1,3,4,2,3,1984,2,2
1991,2,121475,9,2,2,2,1,1,3,4,2,3,1990,2,2
1991,1,121476,1,2,2,2,1,1,3,4,2,3,1988,2,2
1991,2,121476,7,2,2,2,4,1,3,1,2,3,1975,2,2
1991,1,121477,1,2,2,2,1,1,3,4,2,3,1982,2,2
1991,1,121478,6,4,4,2,1,1,3,4,2,3,1990,2,2
1991,2,121478,6,2,2,2,1,1,3,4,2,3,1988,2,2
1991,1,121479,7,2,2,2,4,1,3,1,2,3,1979,2,2
1991,2,121479,6,4,4,2,1,1,3,4,2,3,1988,2,2
1991,1,121480,4,1,1,1,2,2,3,4,2,3,1983,2,2
1991,1,121481,2,2,2,2,1,1,3,4,2,3,1987,2,2
1991,2,121481,1,2,2,2,1,1,3,4,2,3,1991,2,2
1991,1,121482,7,5,5,2,4,1,3,1,2,3,1979,2,2
1991,2,121482,1,2,2,2,1,1,3,4,2,3,1981,2,2
1991,1,121483,1,2,2,2,1,1,3,4,2,3,1982,2,2
1991,2,121483,1,6,6,2,1,1,3,4,2,3,1991,2,2
1991,1,121484,2,2,2,1,1,1,3,4,2,3,1983,2,2
1991,1,121485,2,2,2,1,1,1,3,4,2,3,1988,2,2
1991,1,121486,1,2,2,1,2,2,3,4,1,3,1980,2,2
1991,1,121487,1,2,2,2,1,1,3,4,2,3,1979,2,2
1991,2,121487,1,2,5,2,1,1,3,4,2,3,1985,2,2
1991,1,121488,5,3,3,2,1,1,3,4,2,3,1984,2,2
1991,2,121488,2,2,2,2,1,1,3,4,2,3,1983,2,2
1991,1,121489,9,1,1,1,1,1,3,4,1,3,1970,2,2
1991,1,121490,9,2,2,2,1,1,3,4,2,3,1990,2,2
1991,1,121491,2,2,2,2,1,1,3,4,2,3,1990,2,2
1991,1,121492,4,2,2,2,1,1,3,4,2,3,1988,2,2
1991,1,121493,1,2,2,2,2,2,3,4,1,3,1986,2,2
1991,1,121494,2,2,2,1,1,1,3,4,2,3,1985,2,2
1991,1,121495,1,2,2,2,1,1,3,4,2,3,1991,2,2
1991,1,121496,1,2,2,2,1,1,3,4,2,3,1986,2,2
1991,1,121497,1,2,2,2,1,1,3,4,1,3,1971,2,2
1991,2,121497,1,2,2,2,1,1,3,4,2,3,1977,2,2
1991,3,121497,1,2,3,2,1,1,3,4,2,3,1988,2,2
1991,1,121498,1,3,3,2,1,1,3,4,2,3,1989,2,2
1991,2,121498,2,2,2,2,1,1,3,4,2,3,9999,2,2
1991,1,121499,2,2,2,2,1,1,3,4,2,3,1989,2,2
1991,1,121500,1,2,2,2,1,1,3,4,2,3,1979,2,2
1991,1,121501,1,5,5,2,2,2,3,4,2,3,1978,2,2
1991,2,121501,6,2,2,2,1,1,3,4,2,3,1966,2,2
1991,3,121501,1,5,5,2,1,1,3,4,2,3,1986,2,2
1991,1,121502,6,7,7,2,3,3,3,4,2,3,9999,2,2
1991,1,121503,1,1,1,1,1,1,3,4,2,3,1977,2,2
1991,1,121504,1,2,5,2,1,1,3,4,2,3,1991,2,2
1991,2,121504,6,2,2,2,1,1,3,4,2,3,1983,2,2
1991,1,121505,9,2,3,2,1,1,3,4,2,3,1978,2,2
1991,2,121505,1,2,2,2,1,1,3,4,2,3,1985,2,2
1991,1,121506,1,2,3,2,1,1,3,4,2,3,1980,2,2
1991,2,121506,2,2,2,2,1,1,3,4,2,3,1989,2,2
1991,1,121507,1,1,1,1,1,1,3,4,2,3,1986,2,2
1991,1,121508,1,2,2,2,1,1,3,4,2,3,1977,2,2
1991,1,121509,1,2,2,1,1,1,3,4,2,3,1979,2,2
1991,1,121510,1,5,5,2,1,1,3,4,2,3,1987,2,2
1991,2,121510,4,2,2,2,1,1,3,4,2,3,1988,2,2
1991,1,121511,2,2,2,2,1,1,3,4,2,3,1985,2,2
1991,1,121512,1,2,2,2,2,2,3,4,2,3,1987,2,2
1991,1,121513,1,3,3,2,1,1,3,4,2,3,1983,2,2
1991,2,121513,1,2,2,2,1,1,3,4,2,3,1991,2,2
1991,3,121513,1,2,2,2,1,1,3,4,2,3,1986,2,2
1991,1,121514,1,4,4,2,1,1,3,4,2,3,1972,2,2
1991,1,121515,4,2,2,2,1,1,3,4,2,3,1975,2,2
1991,1,121516,1,2,5,2,1,1,3,4,2,3,1983,2,2
1991,2,121516,1,2,5,2,1,1,3,4,2,3,1975,2,2
1991,1,121517,6,2,2,2,1,1,3,4,2,3,1984,2,2
1991,2,121517,5,5,5,2,1,1,3,4,2,3,1987,2,2
1991,1,121518,1,2,2,2,1,1,3,4,1,3,1987,2,2
1991,2,121518,2,3,3,2,1,1,3,4,2,3,1984,2,2
1991,1,121519,1,2,2,2,1,1,3,4,2,3,1989,2,2
1991,2,121519,1,4,4,2,1,1,3,4,2,3,1977,2,2
1991,1,121520,6,2,2,2,1,1,3,4,1,3,1983,2,2
1991,2,121520,1,4,4,2,1,1,3,4,2,3,1984,2,2
1991,1,121521,1,2,2,2,1,1,3,4,2,3,1988,2,2
1991,1,121522,9,4,4,2,1,1,3,4,2,3,1976,2,2
1991,2,121522,7,2,2,2,4,1,3,1,2,3,1979,2,2
1991,1,121523,9,4,4,2,1,1,3,4,2,3,1987,2,2
1991,2,121523,9,2,2,2,1,1,3,4,2,3,1988,2,2
1991,1,121524,1,2,2,2,1,1,3,4,2,3,1987,2,2
1991,1,121525,1,2,2,1,1,1,3,4,1,3,1987,2,2
1991,1,121526,2,2,2,2,1,1,3,4,2,3,1988,2,2
1991,1,121527,2,3,3,2,1,1,3,4,2,3,1991,2,2
1991,1,121528,2,2,2,1,1,1,3,4,2,3,1984,2,2
1991,2,121528,1,2,2,2,1,1,3,4,2,3,1978,2,2
1991,1,121529,1,2,2,2,1,1,3,4,2,3,1989,2,2
1991,1,121530,6,2,2,2,1,1,3,4,2,3,1979,2,2
1991,2,121530,1,2,3,2,1,1,3,4,2,3,1980,2,2
1991,1,121531,1,5,5,2,1,1,3,4,2,3,1981,2,2
1991,2,121531,3,2,2,2,1,1,3,4,2,3,1973,2,2
1991,1,121532,9,2,2,2,3,3,3,4,2,3,9999,2,2
1991,1,121533,1,2,2,2,2,2,3,4,1,3,1978,2,2
1991,1,121534,1,5,5,2,1,1,3,4,2,3,1981,2,2
1991,2,121534,2,2,2,2,1,1,3,4,2,3,1991,2,2
1991,1,121535,1,2,2,2,1,1,3,4,2,3,1985,2,2
1991,2,121535,6,2,2,2,1,1,3,4,2,3,1990,2,2
1991,3,121535,1,5,5,2,1,1,3,4,2,3,1986,2,2
1991,1,121536,8,5,5,2,1,1,3,4,2,3,1990,2,2
1991,2,121536,4,2,2,2,1,1,3,4,1,3,1991,2,2
1991,1,121537,1,5,5,2,2,2,3,4,2,3,1989,2,2
1991,2,121537,9,2,2,2,2,2,3,4,2,3,1988,2,2
1991,1,121538,1,7,7,1,1,1,3,4,1,3,1970,2,2
1991,1,121539,1,2,2,2,1,1,3,4,1,3,1983,2,2
1991,2,121539,6,4,4,2,1,1,3,4,2,3,1984,2,2
1991,1,121540,1,2,2,2,2,2,3,4,2,3,1986,2,2
1991,2,121540,1,2,2,2,1,1,3,4,2,3,1980,2,2
1991,1,121541,9,7,7,2,3,3,3,4,2,3,9999,2,2
1991,1,121542,1,2,2,2,1,1,3,4,2,3,1984,2,2
1991,1,121543,1,2,2,2,2,2,3,4,2,3,1983,2,2
1991,1,121544,1,2,2,2,1,1,3,4,2,3,1979,2,2
1991,2,121544,1,2,3,2,1,1,3,4,2,3,1978,2,2
1991,1,121545,1,2,5,2,1,1,3,4,2,3,1988,2,2
1991,2,121545,6,2,2,2,1,1,3,4,2,3,1988,2,2
1991,1,121546,1,2,2,2,1,1,3,4,1,3,1976,2,2
1991,2,121546,1,2,2,2,1,1,3,4,2,3,1989,2,2
1991,1,121547,1,2,2,2,1,1,3,4,2,3,1987,2,2
1991,1,121548,1,2,2,1,1,1,3,4,1,3,1980,2,2
1991,1,121549,1,2,2,2,1,1,3,4,2,3,1984,2,2
1991,1,121550,1,2,2,2,1,1,3,4,2,3,1980,2,2
1991,2,121550,9,2,2,2,3,3,3,4,2,3,1990,2,2
1991,1,121551,1,5,5,2,1,1,3,4,1,3,1982,2,2
1991,1,121552,2,2,6,1,1,1,3,4,1,3,1976,2,2
1991,1,121553,1,5,5,2,2,2,3,4,1,3,1991,2,2
1991,2,121553,1,2,2,2,1,1,3,4,2,3,1985,2,2
1991,1,121554,1,2,2,2,1,1,3,4,2,3,1991,2,2
1991,2,121554,2,2,2,1,1,1,3,4,1,3,1988,2,2
1991,1,121555,2,1,1,1,1,1,3,4,2,3,1984,2,2
1991,1,121556,2,5,5,2,1,1,3,4,2,3,1988,2,2
1991,1,121557,1,3,3,2,1,1,3,4,2,3,1990,2,2
1991,2,121557,7,2,2,2,4,1,3,1,2,3,1988,2,2
1991,1,121558,4,2,2,2,1,1,3,4,2,3,1978,2,2
1991,1,121559,7,1,1,2,4,2,3,2,2,3,1958,2,2
1991,1,121560,2,2,2,1,1,1,3,4,2,3,1984,2,2
1991,2,121560,1,2,2,2,1,1,3,4,2,3,1981,2,2
1991,1,121561,1,3,3,1,1,1,3,4,1,3,1988,2,2
1991,1,121562,1,2,2,2,1,1,3,4,2,3,1985,2,2
1991,2,121562,1,5,5,2,1,1,3,4,2,3,1990,2,2
1991,3,121562,1,4,4,2,1,1,3,4,2,3,1976,2,2
1991,1,121563,1,2,2,2,1,1,3,4,2,3,1985,2,2
1991,1,121564,2,1,1,1,1,1,3,4,2,3,1990,2,2
1991,1,121565,1,2,2,2,1,1,3,4,1,3,1984,2,2
1991,1,121566,7,2,2,2,4,2,3,2,1,3,1986,2,2
1991,1,121567,1,2,2,2,1,1,3,4,2,3,1990,2,2
1991,1,121568,1,3,3,2,2,2,3,4,2,3,1981,2,2
1991,2,121568,1,2,2,2,3,3,3,4,2,3,1981,2,2
1991,3,121568,1,2,2,2,1,1,3,4,2,3,1981,2,2
1991,1,121569,1,2,5,2,1,1,3,4,2,3,1978,2,2
1991,1,121570,1,2,2,2,1,1,3,4,2,3,1987,2,2
1991,1,121571,2,1,1,1,1,1,3,4,1,3,1987,2,2
1991,1,121572,1,2,2,2,1,1,3,4,2,3,1981,2,2
1991,1,121573,1,2,2,2,2,2,3,4,2,3,1986,2,2
1991,1,121574,1,2,2,2,1,1,3,4,2,3,1978,2,2
1991,2,121574,1,4,4,2,1,1,3,4,2,3,1981,2,2
1991,3,121574,1,4,4,2,1,1,3,4,2,3,1987,2,2
1991,4,121574,1,6,6,2,1,1,3,4,2,3,1990,2,2
1991,1,121575,1,2,2,2,1,1,3,4,2,3,1990,2,2
1991,1,121576,1,2,2,2,3,3,3,4,1,3,1971,2,2
1991,2,121576,1,2,2,2,3,3,3,4,2,3,1986,2,2
1991,1,121577,1,5,5,2,1,1,3,4,2,3,1986,2,2
1991,2,121577,6,2,2,2,1,1,3,4,2,3,1979,2,2
1991,1,121578,1,3,3,2,1,1,3,4,2,3,1990,2,2
1991,2,121578,1,2,2,2,1,1,3,4,2,3,1982,2,2
1991,1,121579,1,3,3,2,1,1,3,4,2,3,1990,2,2
1991,2,121579,6,2,2,2,1,1,3,4,2,3,1984,2,2
1991,3,121579,1,2,2,2,1,1,3,4,2,3,1991,2,2
1991,1,121580,2,2,2,2,1,1,3,4,2,3,1987,2,2
1991,1,121581,1,2,5,2,1,1,3,4,2,3,1991,2,2
1991,1,121582,1,2,2,2,1,1,3,4,2,3,1978,2,2
1991,2,121582,9,4,4,1,1,1,3,4,2,3,1986,2,2
1991,1,121583,1,3,3,2,1,1,3,4,2,3,1986,2,2
1991,2,121583,1,2,2,2,3,3,3,4,2,3,1990,2,2
1991,1,121584,1,2,2,2,1,1,3,4,2,3,1990,2,2
1991,1,121585,1,1,1,1,1,1,3,4,2,3,1982,2,2
1991,1,121586,1,3,3,1,1,1,3,4,1,3,1977,2,2
1991,1,121587,1,3,3,2,1,1,3,4,2,3,1990,2,2
1991,2,121587,5,2,2,1,1,1,3,4,1,3,1989,2,2
1991,1,121588,1,2,2,2,1,1,3,4,1,3,1986,2,2
1991,2,121588,6,2,2,2,1,1,3,4,2,3,1990,2,2
1991,3,121588,2,5,5,2,1,1,3,4,2,3,1986,2,2
1991,4,121588,4,4,4,2,1,1,3,4,2,3,1991,2,2
1991,1,121589,1,5,5,1,1,1,3,4,1,3,1974,2,2
1991,1,121590,6,2,2,2,1,1,3,4,2,3,1985,2,2
1991,1,121591,1,2,2,2,1,1,3,4,1,3,1981,2,2
1991,2,121591,6,5,5,2,1,1,3,4,2,3,1983,2,2
1991,3,121591,2,2,2,2,1,1,3,4,2,3,1978,2,2
1991,1,121592,7,2,2,2,4,1,3,1,1,3,1985,2,2
1991,2,121592,1,3,3,2,1,1,3,4,2,3,1990,2,2
1991,1,121593,7,2,2,2,4,1,3,1,1,3,1979,2,2
1991,2,121593,1,4,4,2,1,1,3,4,2,3,1984,2,2
1991,3,121593,1,6,6,2,1,1,3,4,2,3,1985,2,2
1991,1,121594,7,2,2,2,4,1,3,1,1,3,1988,2,2
1991,1,121595,1,2,2,1,1,1,3,4,1,3,1991,2,2
1991,1,121596,1,2,2,2,1,1,3,4,2,3,1979,2,2
1991,1,121597,1,2,2,2,1,1,3,4,2,3,1986,2,2
1991,2,121597,1,2,2,2,1,1,3,4,2,3,1980,2,2
1991,3,121597,1,5,4,2,1,1,3,4,2,3,1984,2,2
1991,4,121597,1,5,4,2,3,3,3,4,2,3,1981,2,2
1991,1,121598,1,3,3,2,1,1,3,4,1,3,1991,2,2
1991,1,121599,1,2,2,2,1,1,3,4,2,3,1979,2,2
1991,1,121600,1,2,2,2,1,1,3,4,2,3,1980,2,2
1991,1,121601,2,2,2,2,1,1,3,4,2,3,1982,2,2
1991,2,121601,1,3,3,2,2,2,3,4,2,3,1977,2,2
1991,1,121602,8,2,2,2,1,1,3,4,2,3,1987,2,2
1991,2,121602,1,4,4,2,1,1,3,4,2,3,1981,2,2
1991,3,121602,8,4,4,2,1,1,3,4,2,3,1980,2,2
1991,1,121603,1,4,4,2,1,1,3,4,2,3,1984,2,2
1991,1,121604,1,2,2,2,1,1,3,4,2,3,1988,2,2
1991,1,121605,7,2,3,2,4,1,3,1,2,3,1991,2,2
1991,2,121605,2,2,2,2,1,1,3,4,2,3,1965,2,2
1991,1,121606,7,1,1,2,4,1,3,1,2,3,1984,2,2
1991,1,121607,1,5,5,2,1,1,3,4,2,3,1983,2,2
1991,2,121607,1,2,2,2,1,2,3,4,1,3,1991,2,2
1991,1,121608,1,2,2,2,1,1,3,4,2,3,1988,2,2
1991,1,121609,1,2,2,2,1,1,3,4,2,3,1987,2,2
1991,1,121610,1,5,5,2,1,1,3,4,2,3,1984,2,2
1991,2,121610,1,2,2,2,1,1,3,4,2,3,1991,2,2
1991,1,121611,1,2,2,2,1,1,3,4,1,3,1981,2,2
1991,2,121611,1,2,2,2,1,1,3,4,2,3,1985,2,2
1991,1,121612,1,2,2,2,3,3,3,4,1,3,1991,2,2
1991,1,121613,1,5,5,2,1,1,3,4,2,3,1987,2,2
1991,2,121613,9,2,2,2,3,3,3,4,1,3,1986,2,2
1991,1,121614,6,2,2,2,1,1,3,4,2,3,1984,2,2
1991,2,121614,6,2,2,2,2,2,3,4,2,3,1971,2,2
1991,1,121615,9,2,2,2,3,3,3,4,2,3,9999,2,2
1991,1,121616,1,2,2,2,1,1,3,4,2,3,1987,2,2
1991,1,121617,2,2,2,2,1,1,3,4,2,3,1986,2,2
1991,1,121618,1,2,2,2,1,1,3,4,1,3,1988,2,2
1991,1,121619,1,2,2,2,1,1,3,4,2,3,1981,2,2
1991,2,121619,4,2,2,2,1,1,3,4,2,3,1991,2,2
1991,1,121620,1,7,7,1,2,2,3,4,2,3,1989,2,2
1991,1,121621,1,2,2,2,1,1,3,4,2,3,1985,2,2
1991,1,121622,1,1,1,1,1,1,3,4,1,3,1984,2,2
1991,1,121623,1,2,2,2,1,1,3,4,1,3,1969,2,2
1991,2,121623,1,2,2,2,1,1,3,4,2,3,1984,2,2
1991,1,121624,1,2,2,2,1,1,3,4,2,3,1985,2,2
1991,1,121625,1,3,3,2,1,1,3,4,2,3,1990,2,2
1991,2,121625,1,2,2,2,1,1,3,4,2,3,1986,2,2
1991,1,121626,1,6,6,2,1,1,3,4,2,3,1986,2,2
1991,1,121628,2,2,2,2,1,1,3,4,2,3,1989,2,2
1991,1,121629,4,2,2,2,1,1,3,4,2,3,1989,2,2
1991,1,121631,2,2,2,2,1,1,3,4,2,3,1988,2,2
1991,2,121631,1,5,5,2,1,1,3,4,2,3,1985,2,2
1991,1,121632,7,1,1,2,4,1,3,1,1,3,1984,2,2
1991,1,121633,1,3,3,2,1,1,3,4,2,3,1988,2,2
1991,2,121633,1,2,2,2,1,1,3,4,2,3,1985,2,2
1991,1,121634,1,5,5,2,1,1,3,4,2,3,1986,2,2
1991,2,121634,2,2,2,2,1,1,3,4,2,3,1982,2,2
1991,1,121635,1,2,2,2,1,1,3,4,1,3,1989,2,2
1991,2,121635,5,4,4,1,1,1,3,4,2,3,1986,2,2
1991,1,121636,2,5,5,2,1,1,3,4,2,3,1989,2,2
1991,2,121636,6,2,2,2,1,1,3,4,2,3,1988,2,2
1991,1,121637,6,2,2,2,1,1,3,4,2,3,1982,2,2
1991,1,121638,1,2,2,2,1,1,3,4,2,3,1988,2,2
1991,1,121639,1,2,2,2,1,1,3,4,2,3,1988,2,2
1991,2,121639,2,2,2,2,1,1,3,4,2,3,1988,2,2
1991,1,121640,1,2,2,2,1,1,3,4,2,3,1990,2,2
1991,2,121640,1,2,2,2,1,1,3,4,2,3,1986,2,2
1991,1,121641,9,1,1,2,3,3,3,4,2,3,9999,2,2
1991,1,121642,2,2,2,2,1,1,3,4,1,3,1990,2,2
1991,2,121642,7,4,4,2,4,1,3,1,2,3,1987,2,2
1991,1,121643,1,2,2,2,1,1,3,4,2,3,1987,2,2
1991,1,121644,2,2,2,2,1,1,3,4,2,3,1981,2,2
1991,1,121645,2,2,2,2,1,1,3,4,2,3,1979,2,2
1991,1,121646,1,3,3,2,1,1,3,4,2,3,1988,2,2
1991,2,121646,1,2,2,2,1,1,3,4,2,3,1991,2,2
1991,1,121647,7,2,2,2,4,1,3,1,1,3,1991,2,2
1991,2,121647,1,2,2,2,1,1,3,4,2,3,1991,2,2
1991,1,121648,1,2,2,2,1,1,3,4,2,3,1989,2,2
1991,2,121648,1,2,2,2,1,1,3,4,1,3,1977,2,2
1991,1,121649,1,2,2,2,1,1,3,4,2,3,1977,2,2
1991,1,121650,1,2,2,1,1,1,3,4,1,3,1987,2,2
1991,1,121652,1,2,2,2,1,1,3,4,1,3,1987,2,2
1991,1,121653,2,5,5,2,1,1,3,4,2,3,1990,2,2
1991,2,121653,1,3,3,2,1,1,3,4,2,3,1984,2,2
1991,1,121654,6,2,2,2,3,3,3,4,2,3,1984,2,2
1991,1,121655,2,1,1,1,1,1,3,4,1,3,1980,2,2
1991,1,121656,1,2,2,2,1,1,3,4,2,3,1985,2,2
1991,1,121657,1,1,1,1,1,1,3,4,1,3,1986,2,2
1991,1,121658,1,2,2,2,1,1,3,4,2,3,1988,2,2
1991,1,121659,1,3,3,2,1,1,3,4,2,3,1991,2,2
1991,2,121659,1,2,2,2,1,1,3,4,2,3,1983,2,2
1991,1,121660,2,2,2,2,1,1,3,4,2,3,1991,2,2
1991,2,121660,1,5,5,2,3,3,3,4,2,3,1976,2,2
1991,1,121661,1,5,5,2,1,1,3,4,2,3,1985,2,2
1991,2,121661,2,2,2,2,1,1,3,4,2,3,1989,2,2
1991,1,121662,1,2,2,2,1,1,3,4,2,3,1985,2,2
1991,2,121662,1,5,5,2,1,1,3,4,1,3,1970,2,2
1991,1,121663,1,3,3,2,1,1,3,4,1,3,1980,2,2
1991,2,121663,1,2,2,2,1,1,3,4,2,3,1985,2,2
1991,1,121664,2,2,2,2,1,1,3,4,1,3,1984,2,2
1991,1,121665,1,2,3,2,1,1,3,4,2,3,1983,2,2
1991,1,121666,1,2,2,2,1,1,3,4,2,3,1983,2,2
1991,1,121667,2,2,2,1,1,1,3,4,2,3,1988,2,2
1991,2,121667,1,2,2,2,1,1,3,4,2,3,1981,2,2
1991,1,121668,1,2,2,2,1,1,3,4,2,3,1989,2,2
1991,1,121669,1,2,2,2,1,1,3,4,2,3,1986,2,2
1991,1,121670,1,2,2,2,1,1,3,4,2,3,1981,2,2
1991,1,121671,7,2,2,2,4,1,3,1,2,3,1986,2,2
1991,2,121671,1,2,2,2,1,1,3,4,2,3,1978,2,2
1991,1,121672,1,2,2,2,1,1,3,4,1,3,1978,2,2
1991,2,121672,6,4,4,2,1,1,3,4,2,3,1982,2,2
1991,1,121673,1,5,5,2,1,1,3,4,2,3,1986,2,2
1991,2,121673,6,2,2,1,1,1,3,4,2,3,1987,2,2
1991,1,121674,1,5,5,2,1,1,3,4,2,3,1983,2,2
1991,2,121674,6,2,2,2,1,1,3,4,2,3,1979,2,2
1991,1,121675,1,2,2,2,1,1,3,4,2,3,1990,2,2
1991,2,121675,7,2,2,2,4,1,3,1,2,3,1982,2,2
1991,1,121676,4,2,2,2,1,1,3,4,2,3,1985,2,2
1991,2,121676,6,4,4,2,1,1,3,4,2,3,1975,2,2
1991,1,121677,1,6,6,2,1,1,3,4,2,3,1989,2,2
1991,1,121678,1,3,3,2,1,1,3,4,2,3,1986,2,2
1991,2,121678,1,2,2,1,1,1,3,4,2,3,1981,2,2
1991,1,121679,1,3,3,2,1,1,3,4,2,3,1977,2,2
1991,2,121679,1,2,2,2,1,1,3,4,2,3,1988,2,2
1991,3,121679,1,2,2,2,1,1,3,4,2,3,1985,2,2
1991,1,121680,1,2,2,2,1,1,3,4,2,3,1986,2,2
1991,1,121682,7,2,2,2,4,1,3,1,1,3,1990,2,2
1991,1,121683,1,2,2,2,1,1,3,4,1,3,1987,2,2
1991,1,121684,1,1,1,1,1,1,3,4,2,3,1988,2,2
1991,1,121685,9,2,2,2,1,1,3,4,2,3,1983,2,2
1991,1,121687,1,5,5,2,1,1,3,4,1,3,1991,2,2
1991,1,121689,1,2,2,2,3,3,3,4,2,3,1980,2,2
1991,1,121690,4,2,2,1,3,3,3,4,2,3,1985,2,2
1991,2,121690,9,2,2,2,1,1,3,4,2,3,1980,2,2
1991,1,121691,2,1,1,1,1,1,3,4,2,3,1990,2,1
1991,1,121692,1,1,1,1,1,1,3,4,1,3,1986,2,2
1991,1,121693,2,1,1,1,1,1,3,4,1,3,1985,2,2
1991,1,121694,1,5,5,2,1,1,3,4,1,3,1978,2,2
1991,1,121695,7,4,4,2,4,2,3,2,2,3,1978,2,2
1991,2,121695,1,2,2,2,1,1,3,4,2,3,1988,2,2
1991,1,121696,1,1,1,1,1,1,3,4,2,3,1977,2,1
1991,1,121697,1,2,2,2,1,1,3,4,2,3,1985,2,2
1991,2,121697,6,5,5,2,1,1,3,4,2,3,1984,2,2
1991,1,121698,1,5,5,2,1,1,3,4,2,3,1980,2,2
1991,1,121699,6,4,4,2,1,1,3,4,2,3,1976,2,2
1991,2,121699,2,2,2,2,1,1,3,4,2,3,1972,2,2
1991,1,121700,1,2,2,2,1,1,3,4,2,3,1987,2,2
1991,1,121701,5,4,4,2,1,1,3,4,2,3,1978,2,2
1991,2,121701,6,2,2,2,1,1,3,4,2,3,1980,2,2
1991,1,121702,1,2,2,2,1,1,3,4,2,3,1979,2,2
1991,2,121702,1,2,2,2,1,1,3,4,2,3,1982,2,2
1991,3,121702,3,6,6,2,1,1,3,4,2,3,1990,2,2
1991,4,121702,3,2,2,2,1,1,3,4,2,3,1989,2,2
1991,5,121702,1,2,2,2,1,1,3,4,2,3,1990,2,2
1991,1,121703,1,4,4,2,1,1,3,4,2,3,1982,2,2
1991,2,121703,1,2,2,2,1,1,3,4,2,3,1988,2,2
1991,1,121704,9,2,5,2,1,1,3,4,2,3,1989,2,2
1991,2,121704,9,2,2,2,1,1,3,4,2,3,1980,2,2
1991,1,121705,1,2,2,1,2,2,3,4,1,3,1979,2,2
1991,1,121706,1,2,2,2,1,1,3,4,2,3,1982,2,2
1991,2,121706,1,2,2,2,1,1,3,4,2,3,1986,2,2
1991,1,121707,1,2,2,1,1,1,3,4,2,3,9999,2,2
1991,1,121708,1,1,1,1,1,1,3,4,1,3,1985,2,2
1991,1,121710,1,4,4,2,1,1,3,4,2,3,1985,2,2
1991,2,121710,7,2,2,2,4,1,3,1,2,3,9999,2,2
1991,1,121711,1,3,3,2,1,1,3,4,2,3,1988,2,2
1991,2,121711,1,2,2,2,1,1,3,4,1,3,1987,2,2
1991,1,121712,1,5,5,2,1,1,3,4,2,3,1985,2,2
1991,2,121712,1,2,2,2,1,1,3,4,2,3,1973,2,2
1991,1,121713,1,2,2,2,1,1,3,4,2,3,1970,2,2
1991,2,121713,1,2,5,2,1,1,3,4,2,3,1989,2,2
1991,1,121714,2,2,2,2,1,1,3,4,2,3,1984,2,2
1991,2,121714,6,2,2,2,1,1,3,4,2,3,1989,2,2
1991,1,121715,1,5,5,2,1,1,3,4,2,3,1990,2,2
1991,2,121715,1,2,2,2,1,1,3,4,2,3,1986,2,2
1991,3,121715,1,2,2,2,2,2,3,4,2,3,1991,2,2
1991,1,121716,1,2,2,2,1,1,3,4,2,3,1986,2,2
1991,1,121717,9,2,2,2,1,1,3,4,2,3,1988,2,2
1991,1,121718,1,2,2,2,2,2,3,4,1,3,1990,2,2
1991,1,121719,1,1,1,1,1,1,3,4,1,3,1992,2,2
1991,1,121720,1,2,2,1,1,1,3,4,1,3,1991,2,2
1991,1,121721,2,2,2,2,1,1,3,4,2,3,1970,2,2
1991,2,121721,7,2,2,2,4,1,3,1,2,3,1988,2,2
1991,1,121722,1,3,3,2,2,2,3,4,1,3,1982,2,2
1991,1,121723,1,3,3,2,1,1,3,4,2,3,1990,2,2
1991,2,121723,1,2,2,1,1,1,3,4,2,3,1989,2,2
1991,1,121724,1,5,5,2,1,1,3,4,2,3,1987,2,2
1991,2,121724,1,2,5,2,1,1,3,4,2,3,1989,2,2
1991,1,121725,6,2,2,2,1,1,3,4,2,3,1989,2,2
1991,1,121726,2,2,2,2,1,1,3,4,2,3,1991,2,2
1991,2,121726,2,2,2,2,1,1,3,4,2,3,1989,2,2
1991,1,121727,1,2,2,2,1,1,3,4,2,3,1984,2,2
1991,2,121727,7,2,2,2,4,1,3,1,2,3,1981,2,2
1991,1,121728,1,2,5,2,1,1,3,4,2,3,1978,2,2
1991,2,121728,7,4,2,2,4,1,3,1,2,3,1987,2,2
1991,1,121729,9,2,2,2,3,3,3,4,2,3,9999,2,2
1991,1,121730,1,2,2,2,1,1,3,4,1,3,1980,2,2
1991,1,121731,1,1,1,1,1,1,3,4,2,3,1986,2,2
1991,1,121732,1,1,1,1,1,1,3,4,1,3,1992,2,2
1991,1,121733,1,2,2,1,1,1,3,4,2,3,1991,2,2
1991,2,121733,6,2,2,2,1,1,3,4,2,3,1990,2,2
1991,1,121734,1,2,2,2,1,1,3,4,2,3,1989,2,2
1991,1,121735,4,4,2,2,3,3,3,4,2,3,1985,2,2
1991,2,121735,6,2,2,2,1,1,3,4,1,3,1977,2,2
1991,3,121735,1,4,4,2,1,1,3,4,2,3,1986,2,2
1991,4,121735,2,4,4,2,3,3,3,4,2,3,1988,2,2
1991,1,121737,2,2,4,2,2,2,3,4,1,3,1984,2,2
1991,1,121738,1,2,2,2,1,1,3,4,2,3,1987,2,2
1991,2,121738,1,2,2,2,1,1,3,4,2,3,1979,2,2
1991,1,121739,7,2,5,2,4,2,3,2,2,3,1975,2,2
1991,2,121739,1,2,5,2,2,2,3,4,2,3,1975,2,2
1991,1,121740,1,3,3,2,1,1,3,4,2,3,1987,2,2
1991,2,121740,3,2,2,2,1,1,3,4,2,3,1985,2,2
1991,1,121741,1,5,5,2,1,1,3,4,2,3,1991,2,2
1991,2,121741,1,2,2,2,1,1,3,4,2,3,1991,2,2
1991,1,121742,6,2,5,2,1,1,3,4,2,3,1986,2,2
1991,2,121742,8,2,2,2,1,1,3,4,2,1,1980,2,2
1991,1,121743,1,2,5,2,1,1,3,4,2,3,1990,2,2
1991,2,121743,9,2,2,2,1,1,3,4,2,3,1988,2,2
1991,1,121744,1,2,2,2,1,1,3,4,2,3,1977,2,2
1991,1,121745,1,2,2,2,1,1,3,4,2,3,1972,2,2
1991,1,121746,1,2,2,1,1,1,3,4,1,3,1988,2,2
1991,1,121747,1,2,2,2,1,1,3,4,2,3,1991,2,2
1991,1,121748,1,3,3,2,1,1,3,4,2,3,1991,2,2
1991,2,121748,7,2,2,2,4,1,3,1,2,3,1982,2,2
1991,3,121748,1,2,2,2,1,2,3,4,2,3,1989,2,2
1991,1,121749,9,3,3,2,1,1,3,4,2,3,1983,2,2
1991,2,121749,1,2,2,2,1,1,3,4,2,3,1988,2,2
1991,1,121750,2,2,2,2,1,1,3,4,2,3,1984,2,2
1991,2,121750,1,2,2,2,1,1,3,4,2,3,1987,2,2
1991,3,121750,2,2,2,2,1,1,3,4,2,3,1986,2,2
1991,1,121751,9,7,7,2,3,3,3,4,2,3,9999,2,2
1991,1,121752,1,3,3,2,1,1,3,4,2,3,1985,2,2
1991,2,121752,9,2,2,2,3,3,3,4,2,3,9999,2,2
1991,1,121753,1,2,2,2,1,1,3,4,2,3,1984,2,2
1991,1,121754,6,2,2,2,1,1,3,4,1,3,1987,2,2
1991,2,121754,6,2,2,2,1,1,3,4,1,3,1991,2,2
1991,1,121755,7,1,1,2,4,1,3,1,2,3,1986,2,2
1991,1,121756,1,2,2,2,1,1,3,4,2,3,1987,2,2
1991,1,121757,3,2,2,2,1,1,3,4,2,3,1990,2,2
1991,2,121757,7,2,2,2,4,1,3,1,2,3,1987,2,2
1991,1,121758,1,3,3,2,1,1,3,4,2,3,1980,2,2
1991,2,121758,1,2,2,2,1,1,3,4,2,3,1989,2,2
1991,1,121759,1,2,2,2,2,2,3,4,2,3,1970,2,2
1991,1,121760,2,2,2,2,1,1,3,4,2,3,1983,2,2
1991,1,121761,1,2,5,2,1,1,3,4,2,3,1981,2,2
1991,2,121761,2,2,2,2,1,1,3,4,2,3,1987,2,2
1991,1,121762,3,5,5,1,1,1,3,4,2,3,1989,2,2
1991,2,121762,7,2,2,2,4,1,3,1,2,3,1989,2,2
1991,1,121763,1,2,2,2,1,1,3,4,2,3,1989,2,2
1991,1,121764,6,2,2,2,1,1,3,4,2,3,1984,2,2
1991,2,121764,1,3,3,2,1,1,3,4,2,3,1979,2,2
1991,1,121765,2,2,2,2,1,1,3,4,2,3,1989,2,2
1991,2,121765,1,2,2,2,1,1,3,4,2,3,1989,2,2
1991,1,121766,1,2,2,2,1,1,3,4,2,3,1991,2,2
1991,1,121767,2,1,1,1,2,2,3,4,2,3,1991,2,2
1991,1,121769,1,3,4,2,1,1,3,4,2,3,1978,2,2
1991,2,121769,1,2,2,2,1,1,3,4,2,3,1985,2,2
1991,3,121769,1,2,5,2,1,1,3,4,2,3,1976,2,2
1991,4,121769,9,2,2,2,1,1,3,4,2,3,1987,2,2
1991,1,121770,1,4,4,2,1,3,3,4,2,3,1986,2,2
1991,2,121770,2,2,2,2,1,1,3,4,2,3,1988,2,2
1991,3,121770,1,2,2,2,1,1,3,4,2,3,1990,2,2
1991,1,121771,1,5,2,2,1,1,3,4,2,3,1990,2,2
1991,1,121772,1,5,5,2,3,3,3,4,2,3,1991,2,2
1991,2,121772,1,2,2,2,3,3,3,4,2,3,1986,2,2
1991,1,121773,2,2,2,2,1,1,3,4,2,3,1984,2,2
1991,1,121774,1,2,2,2,1,1,3,4,2,3,1985,2,2
1991,1,121776,1,2,2,2,1,1,3,4,2,3,1985,2,2
1991,1,121777,1,2,2,2,1,1,3,4,2,3,1979,2,2
1991,1,121778,1,2,2,2,1,1,3,4,2,3,1990,2,2
1991,2,121778,2,2,2,2,1,1,3,4,2,3,1987,2,2
1991,1,121779,1,2,2,2,1,1,3,4,2,3,1985,2,2
1991,2,121779,1,5,5,2,1,1,3,4,2,3,1986,2,2
1991,3,121779,9,5,2,2,1,1,3,4,2,3,1974,2,2
1991,4,121779,9,2,2,2,1,1,3,4,2,3,1989,2,2
1991,1,121780,7,3,3,2,4,1,3,1,2,3,1982,2,2
1991,1,121781,6,2,2,2,1,1,3,4,2,3,1984,2,2
1991,1,121782,3,4,4,2,1,1,3,4,2,3,1988,2,2
1991,2,121782,7,2,2,2,4,1,3,1,1,3,1964,2,2
1991,1,121783,1,2,2,2,1,1,3,4,2,3,1988,2,2
1991,2,121783,1,2,2,2,1,3,3,4,2,3,1979,2,2
1991,1,121784,6,5,4,2,1,1,3,4,2,3,1984,2,2
1991,2,121784,1,2,2,2,1,1,3,4,2,3,1988,2,2
1991,1,121785,1,2,2,2,1,1,3,4,2,3,1990,2,2
1991,1,121786,2,1,1,1,1,1,3,4,2,3,1989,2,2
1991,1,121787,2,2,2,2,1,1,3,4,1,3,1979,2,2
1991,1,121788,6,2,2,2,1,1,3,4,2,3,1990,2,2
1991,1,121789,1,2,2,1,1,1,3,4,2,3,1989,2,2
1991,1,121790,1,1,1,1,1,1,3,4,2,3,1988,2,2
1991,1,121791,1,3,3,2,2,2,3,4,2,3,1976,2,2
1991,1,121792,3,2,2,1,1,1,3,4,2,3,1987,2,2
1991,1,121793,1,2,2,2,1,1,3,4,2,3,1986,2,2
1991,1,121794,1,4,4,2,1,1,3,4,2,3,1989,2,2
1991,1,121795,7,2,2,2,4,1,3,1,2,3,1986,2,2
1991,2,121795,1,3,3,2,1,1,3,4,2,3,1989,2,2
1991,1,121796,1,5,5,2,1,1,3,4,2,3,1977,2,2
1991,2,121796,2,2,2,2,1,1,3,4,2,3,1982,2,2
1991,1,121797,9,3,3,2,1,1,3,4,2,3,1990,2,2
1991,2,121797,2,2,2,1,1,1,3,4,2,3,1987,2,2
1991,1,121798,1,2,2,2,1,1,3,4,2,3,1991,2,2
1991,1,121799,4,2,2,1,1,1,3,4,2,3,1987,2,2
1991,2,121799,1,5,5,2,1,1,3,4,2,3,1987,2,2
1991,1,121800,1,2,2,2,1,1,3,4,2,3,1990,2,2
1991,1,121801,1,2,2,2,1,1,3,4,2,3,1989,2,2
1991,2,121801,1,2,2,2,1,1,3,4,2,3,1988,2,2
1991,3,121801,1,2,2,2,1,2,3,4,2,3,1985,2,2
1991,1,121802,1,2,2,2,1,1,3,4,2,3,1991,2,2
1991,1,121803,2,2,2,2,1,1,3,4,2,3,1989,2,2
1991,1,121804,7,2,2,2,4,1,3,1,2,3,1981,2,2
1991,1,121805,1,2,2,2,1,1,3,4,2,3,1973,2,2
1991,1,121806,2,2,2,2,1,1,3,4,2,3,1989,2,2
1991,1,121807,6,3,3,2,1,1,3,4,2,3,1982,2,2
1991,2,121807,1,2,2,2,1,1,3,4,2,3,1987,2,2
1991,1,121808,1,2,2,2,1,1,3,4,2,3,1989,2,2
1991,1,121809,1,4,4,2,1,1,3,4,2,3,1989,2,2
1991,1,121810,1,3,3,2,1,1,3,4,2,3,1990,2,2
1991,2,121810,1,2,2,2,1,1,3,4,2,3,1988,2,2
1991,1,121811,1,5,5,2,1,1,3,4,1,3,1978,2,2
1991,1,121812,1,2,2,2,2,2,3,4,2,3,1984,2,2
1991,1,121813,1,2,5,2,1,1,3,4,2,3,1990,2,2
1991,2,121813,1,2,2,2,1,1,3,4,2,3,1986,2,2
1991,1,121814,1,2,5,2,1,1,3,4,2,3,1985,2,2
1991,2,121814,9,2,2,2,1,1,3,4,2,3,1989,2,2
1991,1,121815,1,2,2,1,1,1,3,4,2,3,1986,2,2
1991,2,121815,2,5,5,2,1,1,3,4,2,3,9999,2,2
1991,1,121816,2,1,1,1,1,1,3,4,1,3,1976,2,2
1991,1,121817,2,1,1,1,1,1,3,4,1,3,1987,2,2
1991,1,121818,1,5,5,1,1,1,3,4,1,3,1981,2,2
1991,1,121819,2,2,2,2,1,1,3,4,1,3,1988,2,2
1991,1,121820,1,1,1,2,1,1,3,4,2,3,1986,2,2
1991,1,121821,1,2,2,1,1,1,3,4,1,3,1987,2,2
1991,1,121823,9,7,7,2,3,3,3,4,2,3,9999,2,2
1991,1,121824,9,2,2,2,1,1,3,4,2,3,1962,2,2
1991,2,121824,6,4,4,2,1,1,3,4,2,3,1980,2,2
1991,1,121825,9,2,3,2,1,1,3,4,2,3,1985,2,2
1991,1,121826,7,2,2,2,4,1,3,1,2,3,1975,2,2
1991,2,121826,1,2,2,2,1,1,3,4,2,3,1987,2,2
1991,3,121826,4,5,5,2,1,1,3,4,2,3,1984,2,2
1991,1,121827,2,2,2,2,1,1,3,4,2,3,1985,2,2
1991,1,121828,2,2,2,2,1,1,3,4,2,3,1988,2,2
1991,2,121828,1,2,2,2,1,1,3,4,2,3,1980,2,2
1991,1,121829,1,2,2,2,1,1,3,4,2,3,1980,2,2
1991,2,121829,1,5,5,2,1,1,3,4,2,3,1983,2,2
1991,1,121830,1,3,4,2,1,1,3,4,1,3,1986,2,2
1991,2,121830,1,2,2,2,1,1,3,4,2,3,1977,2,2
1991,1,121831,1,2,2,2,1,1,3,4,1,3,1979,2,2
1991,1,121832,1,3,3,2,1,1,3,4,2,3,1986,2,2
1991,2,121832,1,2,2,2,1,1,3,4,2,3,1977,2,2
1991,1,121833,1,2,2,2,1,1,3,4,2,3,1991,2,2
1991,2,121833,2,2,2,1,1,1,3,4,2,3,1985,2,2
1991,1,121834,9,7,7,2,3,3,3,4,2,3,9999,2,2
1991,1,121835,1,2,2,2,1,1,3,4,2,3,1980,2,2
1991,1,121836,1,2,3,2,1,1,3,4,1,3,1988,2,2
1991,1,121837,1,2,2,2,1,1,3,4,2,3,1985,2,2
1991,2,121837,9,2,2,2,1,1,3,4,2,3,1990,2,2
1991,1,121838,1,2,2,2,1,1,3,4,2,3,1984,2,2
1991,1,121839,1,2,5,2,1,1,3,4,2,3,1989,2,2
1991,1,121840,1,1,1,2,1,1,3,4,1,3,1984,2,2
1991,1,121841,1,2,2,2,1,1,3,4,2,3,1986,2,2
1991,1,121842,1,4,4,2,1,1,3,4,1,3,1986,2,2
1991,2,121842,4,2,2,2,1,1,3,4,2,3,1987,2,2
1991,1,121843,1,1,1,1,2,2,3,4,2,3,1981,2,2
1991,1,121844,6,3,3,2,3,3,3,4,2,3,1989,2,2
1991,2,121844,6,2,2,1,1,1,3,4,2,3,1989,2,2
1991,1,121845,1,3,3,2,1,1,3,4,2,3,1983,2,2
1991,2,121845,1,2,2,2,1,1,3,4,2,3,1983,2,2
1991,1,121846,2,2,2,1,1,1,3,4,1,3,1985,2,2
1991,2,121846,6,2,2,2,1,1,3,4,2,3,1973,2,2
1991,3,121846,2,5,5,2,1,1,3,4,2,3,1987,2,2
1991,1,121847,2,2,2,1,1,1,3,4,1,3,1989,2,2
1991,1,121848,1,2,2,2,1,1,3,4,2,3,1985,2,2
1991,2,121848,1,3,3,2,1,1,3,4,2,3,1985,2,2
1991,1,121849,1,2,2,2,1,1,3,4,1,3,1985,2,2
1991,1,121850,1,5,5,2,1,1,3,4,2,3,1972,2,2
1991,2,121850,1,2,2,2,1,1,3,4,2,3,1985,2,2
1991,1,121851,1,2,2,2,1,1,3,4,2,3,1982,2,2
1991,2,121851,1,3,3,2,1,1,3,4,2,3,1991,2,2
1991,1,121852,1,1,1,2,1,1,3,4,2,3,1987,2,2
1991,1,121853,7,3,3,2,4,1,3,1,1,3,1991,2,2
1991,1,121854,1,2,2,2,1,1,3,4,2,3,1980,2,2
1991,1,121855,1,1,1,1,1,1,3,4,1,3,1991,2,2
1991,1,121857,9,2,2,2,1,1,3,4,2,3,1971,2,2
1991,2,121857,9,2,2,2,1,1,3,4,2,3,1962,2,2
1991,1,121858,1,2,2,2,3,3,3,4,2,3,1979,2,2
1991,2,121858,1,2,2,2,1,1,3,4,2,3,1986,2,2
1991,1,121859,1,2,2,2,1,1,3,4,2,3,1984,2,2
1991,1,121860,1,2,2,2,2,2,3,4,2,3,1979,2,2
1991,1,121861,1,2,2,2,1,1,3,4,2,3,1981,2,2
1991,2,121861,1,3,3,2,1,1,3,4,2,3,1989,2,2
1991,1,121862,1,2,2,2,1,1,3,4,2,3,1982,2,2
1991,1,121863,2,2,2,2,1,1,3,4,2,3,1988,2,2
1991,2,121863,4,4,2,2,1,1,3,4,2,3,1991,2,2
1991,3,121863,4,4,4,2,1,1,3,4,2,3,1991,2,2
1991,1,121864,1,2,2,2,1,1,3,4,2,3,1987,2,2
1991,1,121865,2,1,1,1,2,2,3,4,1,3,1984,2,2
1991,1,121868,9,2,2,2,1,1,3,4,2,3,1985,2,2
1991,2,121868,9,2,2,2,1,1,3,4,2,3,1986,2,2
1991,1,121869,1,6,6,1,1,1,3,4,2,3,1989,2,2
1991,1,121870,1,2,2,2,1,1,3,4,2,3,1987,2,2
1991,1,121872,1,2,3,2,1,1,3,4,2,3,1991,2,2
1991,1,121873,1,1,1,1,3,3,3,4,2,3,1978,2,2
1991,1,121874,1,2,2,2,1,1,3,4,2,3,1977,2,2
1991,1,121875,1,2,2,2,1,1,3,4,2,3,1988,2,2
1991,1,121876,1,2,2,2,2,2,3,4,2,3,1987,2,2
1991,1,121877,6,5,5,2,1,1,3,4,2,3,1979,2,2
1991,2,121877,2,2,2,2,1,1,3,4,1,3,1986,2,2
1991,1,121878,1,2,2,2,2,2,3,4,1,3,1976,2,2
1991,2,121878,6,2,2,2,2,2,3,4,2,3,1989,2,2
1991,3,121878,6,2,2,2,1,1,3,4,2,3,1978,2,2
1991,1,121879,1,2,2,2,1,1,3,4,2,3,1983,2,2
1991,2,121879,1,2,2,2,1,1,3,4,2,3,1990,2,2
1991,1,121880,9,7,7,2,3,3,3,4,2,3,9999,2,2
1991,1,121881,1,2,2,2,1,1,3,4,2,3,1982,2,2
1991,2,121881,1,2,2,2,1,1,3,4,2,3,1985,2,2
1991,1,121882,1,3,3,2,1,1,3,4,2,3,1991,2,2
1991,2,121882,4,2,2,2,2,2,3,4,2,3,1985,2,2
1991,1,121883,1,1,1,2,1,1,3,4,2,3,1976,2,2
1991,1,121884,4,2,2,2,1,1,3,4,2,3,1990,2,2
1991,1,121885,2,2,2,2,2,2,3,4,2,3,1988,2,2
1991,2,121885,1,3,3,2,1,1,3,4,2,3,1980,2,2
1991,1,121886,1,3,3,2,1,1,3,4,2,3,1985,2,2
1991,2,121886,2,2,2,2,1,1,3,4,2,3,1983,2,2
1991,1,121887,8,2,2,2,1,1,3,4,2,1,1988,2,2
1991,2,121887,1,2,2,2,1,1,3,4,2,3,1989,2,2
1991,3,121887,1,2,2,2,1,1,3,4,2,3,1984,2,2
1991,1,121888,2,7,7,1,1,1,3,4,2,3,1988,2,2
1991,1,121889,2,2,2,2,1,1,3,4,2,3,1982,2,2
1991,2,121889,6,4,4,2,1,1,3,4,2,3,1991,2,2
1991,1,121890,1,2,2,2,2,2,3,4,1,3,1975,2,2
1991,1,121891,2,2,2,2,2,2,3,4,2,3,1981,2,2
1991,2,121891,4,4,4,2,2,2,3,4,2,3,1977,2,2
1991,1,121892,1,2,2,2,3,3,3,4,2,3,1979,2,2
1991,2,121892,9,5,4,2,1,1,3,4,2,3,1984,2,2
1991,3,121892,1,5,5,2,1,1,3,4,2,3,1986,2,2
1991,1,121893,9,2,2,2,1,1,3,4,2,3,1986,2,2
1991,2,121893,1,2,2,2,1,1,3,4,2,3,1985,2,2
1991,1,121894,9,1,1,1,1,1,3,4,1,3,1983,2,2
1991,1,121895,1,1,1,1,1,1,3,4,2,3,1973,2,2
1991,1,121896,1,4,4,2,1,1,3,4,2,3,1978,2,2
1991,2,121896,1,2,2,2,1,1,3,4,1,3,1986,2,2
1991,1,121897,9,1,1,1,1,1,3,4,2,3,1971,2,2
1991,1,121898,1,2,2,2,3,3,3,4,2,3,1991,2,2
1991,2,121898,1,3,5,2,1,1,3,4,2,3,1978,2,2
1991,3,121898,4,2,2,2,2,2,3,4,2,3,1986,2,2
1991,1,121899,1,1,1,1,2,2,3,4,2,3,1992,2,2
1991,1,121900,2,2,2,2,1,1,3,4,2,3,1986,2,2
1991,1,121902,1,3,5,2,2,2,3,4,1,3,1978,2,2
1991,1,121903,1,2,2,2,2,2,3,4,1,3,1991,2,2
1991,2,121903,1,2,2,2,1,1,3,4,2,3,1984,2,2
1991,1,121904,6,2,2,2,1,1,3,4,2,3,1989,2,2
1991,1,121905,1,2,2,2,1,1,3,4,2,3,1979,2,2
1991,2,121905,2,2,2,2,1,1,3,4,2,3,1983,2,2
1991,1,121906,6,2,2,2,1,1,3,4,2,3,1973,2,2
1991,1,121907,2,3,3,2,1,1,3,4,2,3,1985,2,2
1991,2,121907,1,2,2,2,1,1,3,4,2,3,1991,2,2
1991,1,121908,6,5,5,2,1,1,3,4,2,3,1978,2,2
1991,2,121908,9,2,2,2,1,1,3,4,2,3,1977,2,2
1991,1,121909,1,3,4,2,1,1,3,4,2,3,1983,2,2
1991,2,121909,1,2,3,2,1,1,3,4,2,3,1988,2,2
1991,3,121909,9,2,2,2,1,1,3,4,2,3,1987,2,2
1991,1,121910,1,5,5,2,1,1,3,4,2,3,1990,2,2
1991,2,121910,9,2,2,2,1,1,3,4,2,3,1983,2,2
1991,1,121911,1,2,2,2,1,1,3,4,2,3,1987,2,2
1991,2,121911,1,2,2,2,3,3,3,4,2,3,1985,2,2
1991,1,121912,7,7,7,2,4,1,3,1,2,3,1981,2,2
1991,1,121913,2,5,5,1,1,1,3,4,1,3,1983,2,2
1991,1,121914,1,2,2,2,1,1,3,4,2,3,1986,2,2
1991,1,121915,1,2,2,2,1,1,3,4,2,3,1983,2,2
1991,1,121916,1,3,3,2,1,1,3,4,2,3,1981,2,2
1991,2,121916,1,2,2,1,1,1,3,4,2,3,1986,2,2
1991,1,121917,1,2,2,2,1,1,3,4,2,3,1988,2,2
1991,2,121917,1,5,5,1,1,1,3,4,2,3,1987,2,2
1991,1,121918,1,1,1,1,2,2,3,4,2,3,1988,2,2
1991,1,121919,2,1,1,1,1,1,3,4,1,3,1981,2,2
1991,1,121920,1,2,2,2,1,1,3,4,1,3,1991,2,2
1991,1,121921,1,2,5,2,1,1,3,4,2,3,1986,2,2
1991,1,121922,9,5,5,2,1,1,3,4,2,3,9999,2,2
1991,2,121922,2,2,2,2,1,1,3,4,2,3,1985,2,2
1991,1,121923,4,2,2,2,1,1,3,4,2,3,1978,2,2
1991,1,121924,9,7,7,2,3,3,3,4,2,3,9999,2,2
1991,1,121925,9,2,2,2,1,1,3,4,2,3,1983,2,2
1991,1,121926,1,5,5,2,1,1,3,4,2,3,1983,2,2
1991,2,121926,2,2,2,2,1,1,3,4,2,3,1983,2,2
1991,1,121927,1,2,2,2,1,1,3,4,2,3,1979,2,1
1991,1,121928,1,2,2,2,1,1,3,4,2,3,1984,2,2
1991,1,121929,1,2,2,2,1,1,3,4,2,3,1974,2,2
1991,1,121930,2,1,1,1,1,1,3,4,1,3,1992,2,2
1991,1,121931,2,2,2,2,1,1,3,4,2,3,1976,2,2
1991,1,121932,1,2,5,2,1,1,3,4,2,3,1988,2,2
1991,2,121932,6,5,5,2,1,1,3,4,2,3,1977,2,2
1991,1,121933,1,2,2,2,1,1,3,4,2,3,1990,2,2
1991,2,121933,1,3,3,2,1,1,3,4,2,3,1991,2,2
1991,1,121934,1,3,3,2,1,1,3,4,2,3,1982,2,2
1991,2,121934,1,2,2,2,1,1,3,4,2,3,1987,2,2
1991,1,121935,1,2,3,2,1,1,3,4,2,3,9999,2,2
1991,1,121936,1,3,3,2,1,1,3,4,2,3,1979,2,2
1991,2,121936,7,2,2,2,4,1,3,1,2,3,1982,2,2
1991,1,121937,1,2,2,2,1,1,3,4,2,3,1987,2,2
1991,1,121939,7,2,2,2,4,1,3,1,2,3,1978,2,2
1991,1,121940,1,5,5,2,3,3,3,4,2,3,1985,2,2
1991,2,121940,3,2,2,2,1,1,3,4,1,3,1988,2,2
1991,1,121941,1,2,3,2,1,1,3,4,2,3,1989,2,2
1991,2,121941,1,2,2,2,1,1,3,4,2,3,1989,2,2
1991,1,121942,2,2,2,2,1,1,3,4,1,3,1978,2,2
1991,1,121943,6,2,2,1,1,1,3,4,1,3,1989,2,2
1991,1,121944,5,2,2,2,1,1,3,4,2,3,1989,2,2
1991,2,121944,1,2,2,2,1,1,3,4,2,3,1985,2,2
1991,1,121946,4,2,2,2,1,1,3,4,2,3,1989,2,2
1991,1,121947,9,7,7,2,3,3,3,4,2,3,9999,2,2
1991,1,121948,6,2,2,2,1,1,3,4,2,3,1980,2,2
1991,2,121948,1,5,5,2,1,1,3,4,2,3,1984,2,2
1991,3,121948,2,2,2,2,1,1,3,4,2,3,1983,2,2
1991,1,121949,1,2,2,2,1,1,3,4,2,3,1988,2,2
1991,2,121949,9,3,3,2,1,1,3,4,2,3,1991,2,2
1991,1,121950,1,2,2,2,3,3,3,4,2,3,1981,2,2
1991,2,121950,9,2,2,2,1,1,3,4,2,3,1989,2,2
1991,1,121951,6,2,2,2,1,1,3,4,1,3,1987,2,2
1991,2,121951,1,4,4,2,2,2,3,4,2,3,1977,2,2
1991,1,121952,1,2,2,2,1,1,3,4,2,3,1991,2,2
1991,1,121953,1,3,3,2,1,1,3,4,2,3,1985,2,2
1991,2,121953,1,2,2,2,1,1,3,4,2,3,1991,2,2
1991,1,121954,1,5,5,2,1,1,3,4,2,3,1980,2,2
1991,2,121954,2,2,2,2,1,1,3,4,2,3,1982,2,2
1991,1,121955,1,5,5,2,1,1,3,4,2,3,1989,2,2
1991,2,121955,1,3,3,2,1,1,3,4,2,3,1991,2,2
1991,1,121956,6,2,2,2,1,1,3,4,2,3,1980,2,2
1991,2,121956,6,6,6,2,1,1,3,4,2,3,1990,2,2
1991,1,121957,1,1,1,1,1,1,3,4,2,3,1989,2,2
1991,1,121958,1,3,3,2,1,1,3,4,2,3,1986,2,2
1991,2,121958,1,2,2,2,2,2,3,4,2,3,1989,2,2
1991,1,121959,1,2,2,2,1,1,3,4,2,3,1981,2,2
1991,2,121959,2,2,2,2,1,1,3,4,1,3,1991,2,2
1991,3,121959,1,2,2,2,1,1,3,4,2,3,1973,2,2
1991,1,121960,9,7,7,2,3,3,3,4,1,3,9999,2,2
1991,1,121961,2,2,2,2,1,1,3,4,2,3,1989,2,2
1991,2,121961,1,5,5,2,1,1,3,4,2,3,1987,2,2
1991,1,121962,6,3,3,1,1,1,3,4,1,3,1989,2,2
1991,2,121962,2,2,2,2,1,1,3,4,2,3,1989,2,2
1991,1,121963,1,2,2,2,1,1,3,4,1,3,1983,2,2
1991,1,121964,1,1,1,1,1,1,3,4,1,3,1991,2,2
1991,1,121965,2,2,2,2,1,1,3,4,1,3,1977,2,2
1991,1,121966,1,2,2,2,1,1,3,4,1,3,1992,2,2
1991,1,121967,1,2,2,2,1,1,3,4,2,3,1983,2,2
1991,2,121967,7,4,4,2,4,3,3,3,2,3,1989,2,2
1991,3,121967,7,7,7,2,4,3,3,3,2,3,1980,2,2
1991,1,121968,1,1,1,1,2,2,3,4,1,3,1977,2,2
1991,1,121970,1,1,1,1,1,1,3,4,1,3,1983,2,2
1991,1,121971,1,2,2,2,1,1,3,4,2,3,1985,2,2
1991,2,121971,1,2,2,2,1,1,3,4,2,3,1991,2,2
1991,1,121972,1,2,2,2,1,1,3,4,2,3,1984,2,2
1991,1,121973,2,2,3,2,1,1,3,4,1,3,1989,2,2
1991,1,121974,1,2,5,2,1,1,3,4,1,3,1980,2,2
1991,1,121975,1,2,2,2,1,1,3,4,2,3,1978,2,2
1991,1,121976,2,2,2,1,2,2,3,4,2,3,1982,2,2
1991,2,121976,1,2,2,2,1,1,3,4,2,3,1985,2,2
1991,3,121976,1,2,2,2,1,1,3,4,2,3,1983,2,2
1991,1,121977,1,2,2,2,1,1,3,4,2,3,1978,2,2
1991,1,121978,1,1,1,2,1,1,3,4,2,3,1989,2,2
1991,1,121979,1,2,2,2,1,1,3,4,1,3,1984,2,2
1991,2,121979,4,5,5,2,1,1,3,4,2,3,1979,2,2
1991,1,121980,1,2,2,2,2,2,3,4,2,3,1978,2,2
1991,1,121981,1,2,2,1,1,1,3,4,1,3,1982,2,2
1991,1,121982,1,2,2,2,1,1,3,4,2,3,1986,2,2
1991,2,121982,1,2,2,2,1,1,3,4,2,3,1987,2,2
1991,1,121983,4,2,2,2,1,1,3,4,2,3,1987,2,2
1991,1,121984,1,2,2,2,1,1,3,4,2,3,1986,2,2
1991,2,121984,6,2,2,2,1,1,3,4,2,3,1991,2,2
1991,3,121984,1,2,2,2,1,1,3,4,2,3,1986,2,2
1991,1,121985,1,2,2,2,1,1,3,4,2,3,1986,2,2
1991,2,121985,9,2,2,2,1,1,3,4,2,3,1983,2,2
1991,1,121986,1,2,2,2,1,1,3,4,2,3,1977,2,2
1991,1,121987,1,2,2,2,1,1,3,4,1,3,1991,2,2
1991,2,121987,1,4,3,2,1,1,3,4,2,3,1984,2,2
1991,3,121987,1,2,2,2,1,1,3,4,2,3,1982,2,2
1991,1,121988,1,2,5,2,1,1,3,4,2,3,1984,2,2
1991,1,121989,7,2,2,2,4,1,3,1,1,3,1981,2,2
1991,1,121990,9,2,2,2,1,1,3,4,2,3,1975,2,2
1991,1,121991,1,2,2,2,1,1,3,4,2,3,1988,2,2
1991,2,121991,6,4,4,2,1,1,3,4,2,3,1980,2,2
1991,1,121992,9,7,7,2,3,3,3,4,2,3,9999,2,2
1991,1,121993,1,3,3,2,1,1,3,4,2,3,1986,2,2
1991,2,121993,1,2,2,2,2,2,3,4,2,3,1981,2,2
1991,1,121994,1,3,3,2,2,2,3,4,2,3,1981,2,2
1991,2,121994,6,2,2,2,1,1,3,4,2,3,1974,2,2
1991,1,121995,1,2,2,2,1,1,3,4,2,3,1980,2,2
1991,1,121997,1,3,3,2,1,1,3,4,2,3,1984,2,2
1991,2,121997,1,2,2,2,1,1,3,4,2,3,1981,2,2
1991,1,121998,1,3,2,2,1,1,3,4,1,3,1978,2,2
1991,1,121999,1,1,1,1,1,1,3,4,1,3,1992,2,2
1991,1,122000,1,1,1,1,2,2,3,4,1,3,1985,2,2
1991,1,122001,2,2,5,2,1,1,3,4,2,3,1976,2,2
1991,2,122001,1,5,5,2,1,1,3,4,2,3,1986,2,2
1991,3,122001,9,4,5,2,1,1,3,4,2,3,1992,2,2
1991,4,122001,2,2,5,2,1,1,3,4,2,3,1987,2,2
1991,1,122002,1,2,5,2,1,1,3,4,2,3,1980,2,2
1991,2,122002,6,2,2,2,1,1,3,4,2,3,1980,2,2
1991,3,122002,1,2,2,2,1,1,3,4,2,3,1988,2,2
1991,1,122003,1,2,2,2,1,1,3,4,2,3,1985,2,2
1991,1,122004,1,2,2,2,1,1,3,4,2,3,1987,2,2
1991,2,122004,1,2,2,1,1,1,3,4,2,3,1972,2,2
1991,1,122005,2,7,7,1,1,1,3,4,2,3,1984,2,2
1991,1,122006,9,7,7,2,3,3,3,4,2,3,9999,2,2
1991,1,122007,1,2,2,2,1,1,3,4,2,3,1978,2,2
1991,1,122008,2,2,2,1,1,1,3,4,2,3,1988,2,2
1991,2,122008,1,3,3,2,1,1,3,4,2,3,1980,2,2
1991,1,122009,1,2,2,2,1,1,3,4,2,3,1978,2,2
1991,1,122010,1,5,5,2,1,1,3,4,2,3,1977,2,2
1991,2,122010,1,2,2,2,1,1,3,4,2,3,1991,2,2
1991,1,122011,1,2,2,2,1,1,3,4,2,3,1985,2,2
1991,1,122012,1,2,3,2,1,1,3,4,2,3,1992,2,2
1991,2,122012,6,2,2,2,1,1,3,4,2,3,1979,2,2
1991,1,122013,1,2,2,2,1,1,3,4,2,3,1992,2,2
1991,2,122013,1,2,3,2,1,1,3,4,2,3,1977,2,2
1991,3,122013,9,2,7,2,3,3,3,4,2,3,9999,2,2
1991,1,122015,1,2,2,2,1,1,3,4,1,3,1981,2,2
1991,2,122015,1,6,6,2,3,3,3,4,2,3,9999,2,2
1991,1,122016,2,2,2,2,1,1,3,4,2,3,1983,2,2
1991,1,122017,9,2,2,2,1,1,3,4,2,3,1989,2,2
1991,1,122018,1,2,2,2,1,1,3,4,2,3,1987,2,2
1991,1,122019,1,2,2,2,1,1,3,4,2,3,1985,2,2
1991,2,122019,6,2,2,2,1,1,3,4,2,3,1981,2,2
1991,1,122020,1,2,5,2,1,1,3,4,2,3,1991,2,2
1991,2,122020,1,2,3,2,1,1,3,4,2,3,1975,2,2
1991,1,122021,1,2,2,1,1,1,3,4,2,3,1986,2,2
1991,2,122021,9,2,2,2,1,1,3,4,2,3,1988,2,2
1991,1,122022,6,2,2,2,1,1,3,4,1,3,1984,2,2
1991,2,122022,6,4,4,2,1,1,3,4,2,3,1989,2,2
1991,1,122024,1,2,2,2,1,1,3,4,2,3,1987,2,2
1991,1,122025,1,3,3,2,1,1,3,4,2,3,1989,2,2
1991,2,122025,1,2,2,2,1,1,3,4,2,3,1978,2,2
1991,1,122026,1,4,4,2,1,1,3,4,2,3,1973,2,2
1991,2,122026,1,2,5,2,1,1,3,4,2,3,1988,2,2
1991,3,122026,9,2,2,2,3,3,3,4,2,3,9999,2,2
1991,1,122027,1,2,2,2,1,1,3,4,2,3,1984,2,2
1991,1,122028,1,2,2,2,1,1,3,4,2,3,1985,2,2
1991,2,122028,1,2,5,2,1,1,3,4,2,3,1985,2,2
1991,1,122029,2,2,2,2,1,1,3,4,1,3,1973,2,2
1991,1,122030,1,3,3,2,1,1,3,4,2,3,1989,2,2
1991,2,122030,1,2,2,2,1,1,3,4,2,3,1991,2,2
1991,1,122032,1,3,4,2,1,1,3,4,2,3,1986,2,2
1991,2,122032,7,2,2,2,4,1,3,1,2,3,1981,2,2
1991,1,122033,1,2,2,2,3,3,3,4,1,3,1988,2,2
1991,2,122033,1,5,5,2,1,1,3,4,2,3,1982,2,2
1991,1,122034,1,2,2,2,1,1,3,4,2,3,1990,2,2
1991,1,122035,2,2,2,2,2,2,3,4,1,3,1984,2,2
1991,2,122035,1,2,2,2,1,1,3,4,2,3,1978,2,2
1991,1,122036,1,2,2,2,1,1,3,4,2,3,1989,2,2
1991,1,122037,7,2,2,2,4,2,3,2,1,3,1983,2,2
1991,2,122037,6,4,4,2,1,1,3,4,2,3,1978,2,2
1991,3,122037,6,6,6,2,1,1,3,4,2,3,1984,2,2
1991,4,122037,6,6,6,2,1,1,3,4,2,3,1991,2,2
1991,1,122038,1,2,2,2,1,1,3,4,2,3,1985,2,2
1991,1,122039,1,2,2,2,1,1,3,4,2,3,1985,2,2
1991,1,122040,1,2,2,2,1,1,3,4,2,3,1985,2,2
1991,1,122041,1,5,5,2,3,3,3,4,2,3,1988,2,2
1991,2,122041,1,2,2,2,1,1,3,4,2,3,1992,2,2
1991,1,122042,1,2,6,2,1,1,3,4,2,3,1971,2,2
1991,2,122042,6,6,6,2,1,1,3,4,2,3,1984,2,2
1991,3,122042,1,2,2,2,1,1,3,4,2,3,1980,2,2
1991,1,122043,1,5,2,2,2,2,3,4,2,3,1985,2,2
1991,2,122043,1,2,2,2,1,1,3,4,2,3,1980,2,2
1991,1,122044,1,2,2,2,1,1,3,4,2,3,1988,2,2
1991,1,122045,2,6,6,2,1,1,3,4,2,3,1978,2,2
1991,1,122046,6,3,3,2,1,1,3,4,2,3,1987,2,2
1991,1,122047,7,2,2,2,4,1,3,1,2,3,1989,2,2
1991,2,122047,6,5,5,2,1,1,3,4,2,3,1991,2,2
1991,1,122048,1,5,3,2,1,1,3,4,2,3,1989,2,2
1991,2,122048,9,2,2,2,1,1,3,4,2,3,1988,2,2
1991,1,122049,1,4,2,2,1,1,3,4,2,3,1978,2,2
1991,2,122049,9,4,4,2,1,1,3,4,2,3,1974,2,2
1991,1,122050,1,2,2,2,1,1,3,4,2,3,1984,2,2
1991,1,122051,1,2,2,2,1,1,3,4,2,3,1982,2,2
1991,1,122052,9,2,5,2,1,1,3,4,2,3,1974,2,2
1991,2,122052,1,5,5,1,1,1,3,4,2,3,1987,2,2
1991,1,122053,1,2,2,2,2,2,3,4,1,3,1962,2,2
1991,1,122054,4,2,2,2,1,1,3,4,2,3,1982,2,2
1991,1,122055,2,2,2,2,1,1,3,4,2,3,1988,2,2
1991,2,122055,1,2,2,2,1,1,3,4,2,3,1992,2,2
1991,1,122056,1,2,2,2,1,1,3,4,2,3,1986,2,2
1991,1,122057,1,5,5,2,1,1,3,4,2,3,1987,2,2
1991,2,122057,1,2,2,2,1,1,3,4,2,3,1992,2,2
1991,1,122058,4,2,2,2,1,1,3,4,2,3,1985,2,2
1991,1,122059,1,2,2,2,1,1,3,4,2,3,1979,2,2
1991,2,122059,6,4,4,2,1,1,3,4,2,3,1985,2,2
1991,1,122060,2,2,2,2,2,2,3,4,2,3,1977,2,2
1991,1,122061,1,2,5,2,1,1,3,4,2,3,1984,2,2
1991,1,122062,1,2,2,2,1,1,3,4,2,3,1985,2,2
1991,2,122062,9,2,2,2,1,1,3,4,2,3,1968,2,2
1991,1,122063,1,5,4,2,1,1,3,4,2,3,1980,2,2
1991,2,122063,1,2,2,2,1,1,3,4,2,3,1984,2,2
1991,1,122064,2,3,3,2,1,1,3,4,2,3,1979,2,2
1991,2,122064,6,2,2,2,1,1,3,4,2,3,1988,2,2
1991,1,122065,2,2,2,2,1,1,3,4,2,3,1991,2,2
1991,1,122066,1,3,3,2,1,1,3,4,2,3,1991,2,2
1991,2,122066,1,2,2,2,1,1,3,4,2,3,1986,2,2
1991,1,122067,1,5,5,2,1,1,3,4,2,3,1984,2,2
1991,2,122067,1,2,2,2,1,1,3,4,2,3,1984,2,2
1991,1,122070,1,5,5,2,3,3,3,4,1,3,1989,2,2
1991,1,122071,1,2,2,2,1,1,3,4,1,3,1986,2,2
1991,2,122071,1,2,2,2,1,1,3,4,1,3,1985,2,2
1991,1,122072,9,7,7,2,3,3,3,4,2,3,9999,2,2
1991,1,122074,7,3,3,2,4,1,3,1,1,3,1954,2,2
1991,1,122075,2,2,2,2,1,1,3,4,2,3,1974,2,2
1991,1,122076,1,2,2,1,1,1,3,4,1,3,1982,2,2
1991,1,122077,1,2,2,2,1,1,3,4,2,3,1982,2,2
1991,1,122078,1,2,2,2,1,1,3,4,1,3,1990,2,2
1991,1,122079,1,2,2,2,1,1,3,4,1,3,1982,2,2
1991,2,122079,1,4,4,2,1,1,3,4,2,3,1986,2,2
1991,1,122080,1,2,2,2,1,1,3,4,2,3,1990,2,2
1991,2,122080,9,2,2,2,1,1,3,4,2,3,1983,2,2
1991,1,122081,2,2,2,2,1,1,3,4,2,3,1990,2,2
1991,2,122081,1,2,2,2,1,1,3,4,2,3,1991,2,2
1991,1,122082,1,2,2,2,1,1,3,4,2,3,1990,2,2
1991,1,122083,6,2,2,2,1,1,3,4,2,3,1972,2,2
1991,2,122083,4,2,2,2,1,1,3,4,2,3,1989,2,2
1991,1,122085,1,1,1,1,1,1,3,4,1,3,1992,2,2
1991,1,122086,1,3,3,2,3,3,3,4,2,3,1986,2,2
1991,2,122086,6,2,2,2,1,1,3,4,2,3,1980,2,2
1991,1,122087,1,2,2,2,1,1,3,4,2,3,1985,2,2
1991,1,122088,4,2,2,2,1,1,3,4,2,3,1986,2,2
1991,1,122089,2,1,1,2,2,2,3,4,1,3,1990,2,2
1991,1,122090,1,2,2,2,1,1,3,4,1,3,1974,2,2
1991,1,122091,1,2,2,2,1,1,3,4,2,3,1983,2,2
1991,1,122092,1,2,2,2,2,2,3,4,2,3,1984,2,2
1991,1,122094,1,2,2,2,3,3,3,4,2,3,1978,2,2
1991,2,122094,4,2,2,2,1,1,3,4,2,3,1976,2,2
1991,1,122095,5,2,2,2,2,2,3,4,2,3,1985,2,2
1991,1,122096,7,2,2,2,4,1,3,1,2,3,1979,2,2
1991,2,122096,6,2,2,2,1,1,3,4,2,3,1985,2,2
1991,1,122097,1,2,2,2,1,1,3,4,2,3,1989,2,2
1991,1,122098,1,2,2,2,1,1,3,4,2,3,1989,2,2
1991,1,122099,1,4,5,2,3,3,3,4,2,3,1973,2,2
1991,2,122099,1,3,3,2,1,1,3,4,2,3,1976,2,2
1991,1,122100,1,2,2,2,1,1,3,4,2,3,1976,2,2
1991,2,122100,1,2,3,2,1,1,3,4,2,3,1985,2,2
1991,1,122101,1,2,2,2,1,1,3,4,2,3,1991,2,2
1991,1,122102,7,2,2,2,4,1,3,1,2,3,1985,2,2
1991,1,122103,1,1,1,1,1,1,3,4,2,3,1970,2,2
1991,1,122104,1,7,7,2,1,1,3,4,2,3,1987,2,2
1991,1,122105,2,2,2,2,1,1,3,4,2,3,1989,2,2
1991,1,122108,1,2,2,2,1,1,3,4,2,3,1982,2,2
1991,1,122109,1,2,2,2,1,1,3,4,2,3,1986,2,2
1991,2,122109,1,2,5,2,1,1,3,4,2,3,1980,2,2
1991,1,122110,1,3,4,2,1,1,3,4,2,3,1984,2,2
1991,2,122110,1,2,2,2,1,1,3,4,2,3,1990,2,2
1991,1,122111,9,7,7,2,3,3,3,4,2,3,9999,2,2
1991,1,122112,9,2,2,1,1,1,3,4,2,3,1988,2,2
1991,1,122113,1,5,5,2,1,1,3,4,2,3,1988,2,2
1991,2,122113,1,2,2,2,1,1,3,4,2,3,1979,2,2
1991,1,122114,1,2,2,2,2,2,3,4,1,3,1991,2,2
1991,2,122114,1,2,2,2,1,1,3,4,2,3,1989,2,2
1991,1,122115,1,1,1,1,1,1,3,4,1,3,1985,2,2
1991,1,122116,6,2,6,1,1,1,3,4,2,3,1975,2,2
1991,2,122116,3,4,4,2,3,3,3,4,2,3,1986,2,2
1991,3,122116,1,2,6,2,1,1,3,4,2,3,1988,2,2
1991,1,122117,2,2,2,2,1,1,3,4,2,3,1988,2,2
1991,1,122118,2,2,2,2,1,1,3,4,1,3,1987,2,2
1991,1,122119,1,2,2,1,1,1,3,4,1,3,1990,2,2
1991,2,122119,1,3,3,1,1,1,3,4,2,3,1987,2,2
1991,1,122120,1,5,5,1,1,1,3,4,1,3,1982,2,2
1991,1,122121,6,2,2,2,1,1,3,4,2,3,1985,2,2
1991,1,122122,9,7,7,2,3,3,3,4,2,3,9999,2,2
1991,1,122123,2,2,2,2,1,1,3,4,2,3,1982,2,2
1991,1,122124,1,5,5,2,1,1,3,4,1,3,1991,2,2
1991,2,122124,1,2,2,1,1,1,3,4,2,3,1979,2,2
1991,1,122125,1,2,2,2,1,1,3,4,1,3,1989,2,2
1991,1,122126,1,2,2,2,1,1,3,4,2,3,1991,2,2
1991,2,122126,1,3,5,2,1,1,3,4,2,3,1980,2,2
1991,3,122126,1,2,2,2,1,1,3,4,2,3,1981,2,2
1991,1,122127,1,2,2,2,2,2,3,4,2,3,1992,2,2
1991,1,122128,3,2,2,2,1,1,3,4,1,3,1989,2,2
1991,1,122129,2,1,1,1,1,1,3,4,1,3,1977,2,2
1991,1,122130,1,2,2,2,1,1,3,4,2,3,1987,2,2
1991,2,122130,1,2,2,2,1,1,3,4,2,3,1984,2,2
1991,1,122131,2,2,2,1,1,1,3,4,2,3,1981,2,2
1991,1,122132,1,2,2,2,1,1,3,4,2,3,1983,2,2
1991,2,122132,1,2,2,2,1,1,3,4,2,3,1979,2,2
1991,3,122132,1,2,2,2,1,1,3,4,2,3,1986,2,2
1991,1,122133,1,2,2,2,1,1,3,4,2,3,1985,2,2
1991,1,122134,1,2,2,2,1,1,3,4,2,3,1984,2,2
1991,1,122135,2,4,4,1,1,1,3,4,2,3,1983,2,2
1991,1,122136,1,2,2,2,1,1,3,4,2,3,1987,2,2
1991,1,122137,1,2,2,2,1,1,3,4,2,3,1988,2,2
1991,2,122137,1,3,3,2,1,1,3,4,2,3,1979,2,2
1991,3,122137,1,2,2,2,1,1,3,4,2,3,1986,2,2
1991,1,122138,2,1,1,1,1,1,3,4,2,3,1986,2,2
1991,1,122139,1,2,2,2,1,1,3,4,2,3,1989,2,2
1991,1,122140,9,2,2,2,1,1,3,4,2,3,1982,2,2
1991,1,122141,1,5,5,2,1,1,3,4,2,3,1982,2,2
1991,2,122141,1,2,2,2,1,1,3,4,2,3,1988,2,2
1991,1,122142,1,2,2,2,1,1,3,4,2,3,1981,2,2
1991,1,122143,9,7,7,2,3,3,3,4,2,3,9999,2,2
1991,1,122144,9,7,7,2,3,3,3,4,2,3,9999,2,2
1991,1,122145,1,2,2,2,1,1,3,4,2,3,1987,2,2
1991,1,122146,1,7,7,2,1,1,3,4,2,3,1978,2,2
1991,1,122148,1,3,3,2,1,1,3,4,2,3,1983,2,2
1991,2,122148,1,2,2,2,1,1,3,4,2,3,1987,2,2
1991,1,122149,1,2,2,2,1,1,3,4,1,3,1985,2,2
1991,1,122150,4,2,2,2,1,1,3,4,2,3,1983,2,2
1991,2,122150,1,2,2,2,1,1,3,4,2,3,1981,2,2
1991,1,122151,6,2,2,2,1,1,3,4,2,3,1987,2,2
1991,1,122152,2,5,5,2,1,1,3,4,1,3,1985,2,2
1991,1,122153,2,2,2,2,1,1,3,4,2,3,1989,2,2
1991,1,122154,1,2,2,2,1,1,3,4,2,3,1984,2,2
1991,1,122155,1,2,2,2,2,2,3,4,2,3,1987,2,2
1991,1,122156,1,2,2,2,1,1,3,4,2,3,1988,2,2
1991,1,122157,1,2,3,2,3,3,3,4,2,3,1979,2,2
1991,2,122157,1,2,2,2,1,1,3,4,2,3,1982,2,2
1991,3,122157,2,2,2,2,1,1,3,4,2,3,1984,2,2
1991,1,122158,6,2,2,1,1,1,3,4,2,3,1980,2,2
1991,2,122158,2,4,4,1,1,1,3,4,2,3,1970,2,2
1991,1,122159,1,5,5,2,1,1,3,4,2,3,1979,2,2
1991,2,122159,2,2,2,2,1,1,3,4,1,3,1981,2,2
1991,1,122160,1,2,2,2,1,1,3,4,1,3,1980,2,2
1991,2,122160,6,2,2,2,1,1,3,4,2,3,1990,2,2
1991,1,122161,1,2,2,2,1,1,3,4,2,3,1989,2,2
1991,1,122162,1,2,2,2,1,1,3,4,2,3,1984,2,2
1991,1,122164,4,5,5,2,1,1,3,4,2,3,1981,2,2
1991,2,122164,6,2,2,2,1,1,3,4,2,3,1989,2,2
1991,1,122165,1,3,3,2,2,2,3,4,1,3,1974,2,2
1991,1,122166,1,2,2,2,1,1,3,4,2,3,1978,2,2
1991,1,122167,9,7,7,2,3,3,3,4,2,3,9999,2,2
1991,1,122168,4,2,2,2,1,1,3,4,2,3,1991,2,2
1991,1,122169,2,2,2,2,1,1,3,4,1,3,1991,2,2
1991,1,122170,9,7,7,2,3,3,3,4,2,3,9999,2,2
1991,1,122171,1,2,2,1,1,1,3,4,1,3,1974,2,2
1991,1,122172,1,3,3,2,1,1,3,4,2,3,1985,2,2
1991,2,122172,1,2,2,2,1,1,3,4,2,3,1991,2,2
1991,1,122173,1,5,5,2,1,1,3,4,2,3,1988,2,2
1991,2,122173,6,2,2,2,1,1,3,4,2,3,1988,2,2
1991,1,122174,7,2,2,2,4,2,3,2,1,3,1980,2,2
1991,2,122174,1,2,2,1,1,1,3,4,2,3,1991,2,2
1991,1,122175,1,3,3,2,2,2,3,4,2,3,1989,2,1
1991,1,122176,1,2,2,2,1,1,3,4,2,3,1980,2,2
1991,2,122176,1,2,2,2,1,1,3,4,2,3,1984,2,2
1991,1,122177,1,2,2,2,1,1,3,4,2,3,1981,2,2
1991,2,122177,1,2,2,2,1,1,3,4,2,3,1988,2,2
1991,1,122178,1,5,5,2,1,1,3,4,1,3,1981,2,2
1991,1,122179,5,2,2,1,1,1,3,4,2,3,1985,2,2
1991,2,122179,4,4,4,2,3,3,3,4,2,3,1980,2,2
1991,1,122180,1,2,2,2,1,1,3,4,2,3,1986,2,2
1991,1,122181,1,7,7,2,1,1,3,4,1,3,1990,2,2
1991,1,122182,5,2,2,2,1,1,3,4,2,3,1989,2,2
1991,1,122183,4,5,2,2,1,1,3,4,2,3,1982,2,2
1991,1,122185,7,3,3,2,4,1,3,1,1,3,1987,2,2
1991,1,122186,1,3,3,2,1,1,3,4,2,3,1980,2,2
1991,2,122186,5,2,2,2,1,1,3,4,2,3,1988,2,2
1991,1,122187,1,1,1,1,1,1,3,4,2,3,1983,2,2
1991,1,122188,1,1,1,1,1,1,3,4,1,3,1988,2,2
1991,1,122189,1,4,4,2,1,1,3,4,2,3,1988,2,2
1991,2,122189,7,2,2,2,4,1,3,1,1,3,1987,2,2
1991,3,122189,7,2,2,2,4,1,3,1,1,3,1987,2,2
1991,1,122190,2,3,3,2,1,1,3,4,2,3,1979,2,2
1991,2,122190,1,2,2,2,1,1,3,4,2,3,1982,2,2
1991,1,122191,4,2,2,2,1,1,3,4,2,3,1987,2,2
1991,1,122192,1,4,4,2,1,1,3,4,2,3,1987,2,2
1991,2,122192,2,2,2,2,1,1,3,4,2,3,1992,2,2
1991,1,122194,2,2,2,1,1,1,3,4,1,3,1991,2,2
1991,1,122195,2,6,6,1,1,1,3,4,1,3,1990,2,2
1991,1,122196,1,2,2,2,1,1,3,4,2,3,1987,2,2
1991,1,122198,1,2,2,2,1,1,3,4,2,3,1984,2,2
1991,2,122198,1,2,2,2,1,1,3,4,2,3,1979,2,2
1991,3,122198,1,2,2,2,1,1,3,4,2,3,1977,2,2
1991,1,122200,4,2,2,2,1,1,3,4,2,3,1990,2,2
1991,1,122201,1,2,2,2,1,1,3,4,2,3,1985,2,2
1991,2,122201,2,2,2,2,1,1,3,4,2,3,1986,2,2
1991,1,122202,1,5,5,2,2,2,3,4,2,3,1982,2,2
1991,2,122202,7,2,2,2,4,1,3,1,2,3,1984,2,2
1991,1,122203,6,2,2,2,2,2,3,4,2,3,1988,2,2
1991,2,122203,1,3,3,2,1,1,3,4,2,3,1989,2,2
1991,1,122204,1,2,2,2,1,1,3,4,1,3,1979,2,2
1991,1,122205,3,2,2,1,1,1,3,4,2,3,1988,2,2
1991,1,122206,1,5,5,2,1,1,3,4,1,3,1991,2,2
1991,1,122207,1,3,2,2,1,1,3,4,2,3,1989,2,2
1991,2,122207,1,2,2,2,1,1,3,4,2,3,1987,2,2
1991,1,122208,1,2,2,2,1,1,3,4,2,3,1985,2,2
1991,1,122209,1,3,3,2,1,1,3,4,2,3,1989,2,2
1991,2,122209,1,2,2,2,1,1,3,4,2,3,1986,2,2
1991,1,122210,1,2,2,2,1,1,3,4,2,3,1984,2,2
1991,1,122211,5,2,2,1,1,1,3,4,1,3,1989,2,2
1991,1,122212,1,2,3,2,1,1,3,4,2,3,1978,2,2
1991,2,122212,1,5,5,2,1,1,3,4,2,3,1982,2,2
1991,3,122212,1,2,5,2,3,3,3,4,1,3,1984,2,2
1991,1,122213,1,6,6,2,1,1,3,4,1,3,1992,2,2
1991,1,122215,4,2,2,1,1,1,3,4,2,3,1977,2,2
1991,1,122216,4,2,2,2,1,1,3,4,2,3,1978,2,2
1991,1,122217,4,5,5,2,1,1,3,4,1,3,1986,2,2
1991,1,122219,1,2,2,2,1,1,3,4,2,3,1989,2,2
1991,2,122219,1,4,4,2,1,1,3,4,2,3,1985,2,2
1991,3,122219,1,4,2,2,3,3,3,4,2,3,1989,2,2
1991,4,122219,3,2,2,2,1,1,3,4,2,3,1977,2,2
1991,1,122220,1,3,3,2,1,1,3,4,2,3,1988,2,2
1991,2,122220,6,2,2,2,1,1,3,4,2,3,1982,2,2
1991,1,122221,4,2,2,2,2,2,3,4,2,3,1983,2,2
1991,1,122222,2,2,2,2,1,1,3,4,2,3,1985,2,2
1991,1,122223,1,5,5,2,1,1,3,4,2,3,1991,2,2
1991,2,122223,7,2,2,2,4,1,3,1,2,3,1988,2,2
1991,1,122224,9,1,1,1,3,3,3,4,2,3,1991,2,2
1991,1,122225,6,2,2,2,1,1,3,4,2,3,1986,2,2
1991,1,122226,9,3,3,2,2,2,3,4,1,3,1974,2,2
1991,2,122226,2,2,2,2,3,3,3,4,2,3,1968,2,2
1991,1,122227,1,2,2,2,1,1,3,4,2,3,1982,2,2
1991,1,122228,1,2,2,2,1,1,3,4,2,3,1990,2,2
1991,2,122228,8,4,4,2,1,1,3,4,2,3,1984,2,2
1991,1,122229,2,3,3,2,1,1,3,4,2,3,1977,2,2
1991,1,122230,9,6,6,2,3,3,3,4,2,3,9999,2,2
1991,1,122231,1,3,3,2,1,2,3,4,2,3,1983,2,1
1991,2,122231,1,2,2,2,1,1,3,4,2,3,1987,2,2
1991,1,122232,1,2,2,2,1,1,3,4,2,3,1978,2,2
1991,1,122233,1,2,2,2,1,1,3,4,1,3,1991,2,2
1991,2,122233,1,5,5,2,1,1,3,4,2,3,1986,2,2
1991,1,122234,1,2,2,2,1,1,3,4,1,3,1983,2,2
1991,1,122235,1,2,2,2,1,1,3,4,2,3,1988,2,2
1991,1,122236,1,2,2,2,1,1,3,4,2,3,1987,2,2
1991,1,122237,9,7,7,2,3,3,3,4,2,3,9999,2,2
1991,1,122238,1,2,2,2,1,1,3,4,1,3,1986,2,2
1991,2,122238,1,2,5,2,1,1,3,4,1,3,1990,2,2
1991,1,122239,1,2,2,2,1,1,3,4,2,3,1989,2,2
1991,2,122239,2,2,3,2,1,1,3,4,2,3,1988,2,2
1991,1,122240,1,2,2,2,1,1,3,4,1,3,1978,2,2
1991,2,122240,2,5,2,1,1,1,3,4,2,3,1986,2,2
1991,1,122241,1,2,5,2,1,1,3,4,2,3,1989,2,2
1991,2,122241,2,2,2,2,1,1,3,4,2,3,1986,2,2
1991,1,122242,1,2,2,2,1,1,3,4,2,3,1979,2,2
1991,2,122242,6,4,4,2,1,1,3,4,2,3,1977,2,2
1991,1,122243,1,2,2,2,1,1,3,4,2,3,1989,2,2
1991,1,122244,2,2,2,2,3,3,3,4,2,3,1976,2,2
1991,2,122244,2,3,3,2,2,2,3,4,2,3,1986,2,2
1991,1,122245,2,3,3,2,1,1,3,4,2,3,1984,2,2
1991,2,122245,1,2,2,2,1,1,3,4,2,3,1981,2,2
1991,1,122246,9,7,7,2,3,3,3,4,2,3,9999,2,2
1991,1,122247,2,5,5,2,1,1,3,4,2,3,1989,2,2
1991,2,122247,1,2,2,2,1,1,3,4,2,3,1982,2,2
1991,1,122248,1,2,2,2,1,1,3,4,2,3,1984,2,2
1991,2,122248,1,4,4,2,1,1,3,4,2,3,1991,2,2
1991,1,122249,3,2,2,2,1,1,3,4,2,3,1989,2,2
1991,2,122249,4,5,5,2,1,1,3,4,2,3,1988,2,2
1991,1,122250,8,2,2,2,2,2,3,4,2,1,1984,2,2
1991,2,122250,3,4,2,2,3,3,3,4,2,3,1985,2,2
1991,1,122251,1,3,3,2,1,1,3,4,2,3,1983,2,2
1991,2,122251,1,2,2,2,1,1,3,4,2,3,1977,2,2
1991,1,122252,1,2,2,2,1,1,3,4,2,3,1982,2,2
1991,1,122253,1,2,2,2,1,1,3,4,2,3,1981,2,2
1991,1,122254,1,3,3,2,2,2,3,4,2,3,1990,2,2
1991,1,122255,7,2,2,2,4,1,3,1,1,3,1991,2,2
1991,2,122255,1,4,4,2,1,1,3,4,2,3,1986,2,2
1991,1,122256,1,2,2,2,1,1,3,4,2,3,1992,2,2
1991,2,122256,1,2,2,2,1,1,3,4,2,3,1985,2,2
1991,1,122257,1,2,2,2,1,1,3,4,2,3,1989,2,2
1991,2,122257,1,2,2,2,1,1,3,4,2,3,1989,2,2
1991,1,122258,1,5,5,2,1,1,3,4,2,3,1989,2,2
1991,2,122258,1,2,4,2,1,1,3,4,2,3,1983,2,2
1991,3,122258,4,4,4,2,1,1,3,4,2,3,1991,2,2
1991,1,122259,2,2,2,2,1,1,3,4,2,3,1987,2,2
1991,2,122259,1,4,4,2,1,1,3,4,2,3,1991,2,2
1991,1,122260,6,1,1,1,1,1,3,4,1,3,1990,2,2
1991,1,122261,1,2,2,2,2,2,3,4,1,3,1989,2,2
1991,1,122262,1,3,3,2,1,1,3,4,2,3,1977,2,2
1991,2,122262,1,2,2,2,1,1,3,4,2,3,1970,2,2
1991,3,122262,3,2,2,2,1,1,3,4,2,3,1985,2,2
1991,1,122263,1,5,2,2,1,1,3,4,1,3,1990,2,2
1991,1,122264,1,2,2,2,1,1,3,4,2,3,1961,2,2
1991,2,122264,9,2,3,2,1,1,3,4,2,3,1985,2,2
1991,1,122265,1,5,5,2,1,1,3,4,2,3,1989,2,2
1991,2,122265,6,2,2,2,1,1,3,4,2,3,1990,2,2
1991,1,122266,1,2,2,2,1,1,3,4,2,3,1975,2,2
1991,1,122267,5,2,2,2,1,1,3,4,2,3,1987,2,2
1991,2,122267,1,2,2,2,1,1,3,4,2,3,1986,2,2
1991,1,122268,1,2,2,2,1,1,3,4,2,3,1988,2,2
1991,1,122269,1,2,3,2,1,1,3,4,1,3,1990,2,2
1991,1,122270,9,7,7,2,3,3,3,4,2,3,9999,2,2
1991,1,122271,2,1,1,1,1,1,3,4,2,3,1988,2,2
1991,1,122273,1,3,3,2,1,1,3,4,2,3,1989,2,2
1991,2,122273,7,2,2,2,4,1,3,1,1,3,1987,2,2
1991,1,122274,1,2,2,2,3,3,3,4,2,3,1977,2,2
1991,1,122275,1,2,2,2,1,1,3,4,2,3,1984,2,2
1991,2,122275,6,6,6,2,1,1,3,4,2,3,1990,2,2
1991,1,122276,1,3,3,2,1,1,3,4,2,3,1983,2,2
1991,2,122276,1,2,2,2,2,2,3,4,2,3,1992,2,2
1991,1,122277,1,2,2,2,1,1,3,4,2,3,1984,2,2
1991,1,122278,2,3,3,2,1,1,3,4,2,3,1984,2,2
1991,2,122278,1,2,2,2,1,1,3,4,2,3,1989,2,2
1991,1,122279,2,2,2,2,1,1,3,4,1,3,1981,2,2
1991,1,122280,1,4,4,2,1,1,3,4,2,3,1985,2,2
1991,2,122280,1,2,2,2,1,1,3,4,2,3,1983,2,2
1991,1,122281,1,2,5,2,1,1,3,4,2,3,1984,2,2
1991,2,122281,2,2,2,2,1,1,3,4,2,3,1989,2,2
1991,1,122282,1,2,3,2,1,1,3,4,2,3,1978,2,2
1991,2,122282,4,2,2,2,1,1,3,4,2,3,1989,2,2
1991,1,122283,7,5,5,2,4,1,3,1,2,3,1984,2,2
1991,2,122283,9,2,3,2,1,1,3,4,2,3,1988,2,2
1991,1,122284,9,5,5,2,1,1,3,4,1,3,1990,2,2
1991,2,122284,1,2,2,2,1,1,3,4,2,3,1991,2,2
1991,3,122284,1,3,3,2,1,1,3,4,2,3,1985,2,2
1991,1,122285,1,2,2,1,1,1,3,4,1,3,1983,2,2
1991,1,122286,1,3,3,2,1,1,3,4,2,3,1988,2,2
1991,2,122286,1,2,2,2,3,3,3,4,2,3,1990,2,2
1991,1,122287,1,2,2,2,1,1,3,4,2,3,1986,2,2
1991,1,122288,9,7,7,2,3,3,3,4,2,3,9999,2,2
1991,1,122289,9,7,7,2,3,3,3,4,2,3,9999,2,2
1991,1,122290,7,2,2,2,4,1,3,1,1,3,1974,2,2
1991,2,122290,1,5,5,2,1,1,3,4,2,3,1990,2,2
1991,1,122291,1,2,3,2,1,1,3,4,2,3,1983,2,2
1991,1,122292,1,1,1,2,1,1,3,4,2,3,1984,2,2
1991,1,122293,1,2,2,2,1,1,3,4,2,3,1988,2,2
1991,1,122294,1,2,2,1,1,1,3,4,1,3,1986,2,2
1991,1,122296,1,2,2,2,1,1,3,4,2,3,1988,2,2
1991,2,122296,1,2,4,2,1,1,3,4,2,3,1987,2,2
1991,3,122296,8,2,2,2,1,3,3,4,2,3,1991,2,2
1991,1,122297,4,2,2,2,3,3,3,4,2,3,1976,2,2
1991,2,122297,1,5,5,2,1,1,3,4,2,3,1985,2,2
1991,1,122298,1,4,4,1,2,2,3,4,2,3,1977,2,2
1991,2,122298,4,5,5,1,1,1,3,4,2,3,1978,2,2
1991,1,122299,1,3,2,2,1,1,3,4,2,3,1991,2,2
1991,2,122299,1,2,2,2,1,1,3,4,2,3,1991,2,2
1991,1,122300,1,2,2,2,1,1,3,4,2,3,1979,2,2
1991,2,122300,8,2,2,2,1,1,3,4,2,3,1986,2,2
1991,1,122301,2,2,2,2,1,1,3,4,2,3,1987,2,2
1991,1,122302,1,6,6,1,3,3,3,4,1,3,1988,2,2
1991,1,122303,1,3,3,2,1,1,3,4,2,3,1976,2,2
1991,2,122303,1,2,2,2,1,1,3,4,2,3,1978,2,2
1991,1,122304,1,4,4,2,1,1,3,4,2,3,1988,2,2
1991,2,122304,4,3,3,2,1,1,3,4,2,3,1979,2,2
1991,1,122305,1,2,2,2,1,1,3,4,2,3,1984,2,2
1991,2,122305,2,6,6,2,1,1,3,4,2,3,1985,2,2
1991,1,122306,1,3,3,2,1,1,3,4,2,3,1991,2,2
1991,2,122306,1,2,2,2,1,1,3,4,2,3,1989,2,2
1991,1,122307,1,2,2,2,1,1,3,4,2,3,1974,2,2
1991,2,122307,2,2,2,2,2,2,3,4,2,3,1990,2,2
1991,1,122308,1,2,2,2,1,1,3,4,2,3,1987,2,2
1991,2,122308,1,3,3,2,1,1,3,4,2,3,1978,2,2
1991,1,130001,1,2,2,2,1,1,3,4,2,3,1986,2,2
1991,2,130001,1,2,2,1,1,1,3,4,1,3,1979,2,2
1991,1,130002,1,7,7,2,3,3,3,4,2,3,1984,2,2
1991,1,130003,4,3,3,1,1,1,3,4,2,3,1977,2,2
1991,1,130004,6,2,4,2,1,1,3,4,2,3,1986,2,2
1991,2,130004,1,4,4,2,1,1,3,4,2,3,1984,2,2
1991,3,130004,1,2,2,2,1,1,3,4,2,3,1988,2,2
1991,1,130005,1,2,2,2,1,1,3,4,2,3,1978,2,2
1991,1,130006,1,2,2,1,1,1,3,4,2,3,1977,2,2
1991,1,130007,1,2,2,2,1,1,3,4,1,3,1987,2,2
1991,1,130008,1,2,2,2,1,1,3,4,2,3,1990,2,2
1991,2,130008,4,2,2,2,1,1,3,4,2,3,1990,2,2
1991,1,130009,1,2,2,2,1,1,3,4,2,3,1988,2,2
1991,2,130009,2,2,2,2,1,1,3,4,2,3,1991,2,2
1991,1,130010,2,2,2,2,1,1,3,4,2,3,1973,2,2
1991,2,130010,1,2,2,2,1,1,3,4,2,3,1985,2,2
1991,1,130011,6,4,5,2,1,1,3,4,1,3,1989,2,2
1991,2,130011,2,4,4,2,1,1,3,4,2,3,1986,2,2
1991,1,130012,1,3,3,2,1,1,3,4,2,3,1989,2,2
1991,1,130013,2,2,2,2,1,1,3,4,2,3,1987,2,2
1991,1,130014,1,2,2,2,1,1,3,4,2,3,1989,2,2
1991,2,130014,1,2,2,2,1,1,3,4,2,3,1989,2,1
1991,1,130015,2,5,5,1,1,1,3,4,1,3,1990,2,2
1991,1,130016,2,2,2,2,1,1,3,4,2,3,1989,2,2
1991,2,130016,1,2,2,2,1,1,3,4,2,3,1988,2,2
1991,1,130017,1,2,2,2,1,1,3,4,2,3,1986,2,2
1991,1,130018,1,5,5,1,1,1,3,4,2,3,1991,2,2
1991,1,130019,1,2,2,2,1,1,3,4,2,3,1986,2,2
1991,1,130020,1,5,5,2,1,1,3,4,2,3,1981,2,2
1991,2,130020,1,2,2,2,1,1,3,4,2,3,1983,2,2
1991,1,130021,2,2,2,2,1,1,3,4,1,3,1971,2,2
1991,1,130022,1,2,2,2,1,1,3,4,2,3,1987,2,2
1991,1,130023,1,5,5,1,1,1,3,4,2,3,1981,2,2
1991,1,130024,1,3,3,2,2,2,3,4,1,3,1985,2,2
1991,2,130024,1,2,2,2,1,1,3,4,2,3,1987,2,2
1991,1,130025,1,3,3,2,2,2,3,4,1,3,1986,2,2
1991,2,130025,1,2,2,2,1,1,3,4,2,3,1982,2,2
1991,1,130026,9,2,2,2,3,3,3,4,2,3,9999,2,2
1991,1,130027,2,2,2,2,1,1,3,4,2,3,1987,2,2
1991,1,130028,1,2,2,2,2,2,3,4,1,3,1984,2,2
1991,2,130028,6,4,4,2,1,1,3,4,2,3,1991,2,2
1991,1,130029,1,6,6,2,1,1,3,4,2,3,1977,2,2
1991,1,130030,1,2,2,2,1,1,3,4,2,3,1983,2,2
1991,2,130030,1,5,5,2,1,1,3,4,2,3,1990,2,2
1991,3,130030,1,2,2,2,1,1,3,4,2,3,1987,2,2
1991,1,130031,1,2,2,2,1,1,3,4,2,3,1983,2,2
1991,1,130032,1,5,6,1,1,1,3,4,2,3,1990,2,2
1991,1,130033,1,2,2,2,1,1,3,4,2,3,1966,2,2
1991,1,130034,2,2,2,2,1,1,3,4,2,3,1982,2,2
1991,1,130035,1,2,2,1,2,2,3,4,1,3,1978,2,2
1991,1,130036,1,2,2,2,1,1,3,4,2,3,1989,2,2
1991,1,130037,1,5,5,2,1,1,3,4,2,3,1985,2,2
1991,1,130038,1,3,3,2,1,1,3,4,2,3,1987,2,2
1991,1,130039,1,2,2,2,1,1,3,4,2,3,1983,2,2
1991,2,130039,1,3,3,2,1,1,3,4,2,3,1978,2,2
1991,1,130040,1,2,2,2,1,1,3,4,2,3,1972,2,2
1991,2,130040,1,2,2,2,1,1,3,4,2,3,1989,2,2
1991,1,130041,1,2,2,2,1,1,3,4,1,3,1981,2,2
1991,2,130041,2,2,2,2,1,1,3,4,2,3,1985,2,2
1991,1,130042,1,5,5,2,2,2,3,4,1,3,1984,2,2
1991,1,130043,7,2,2,2,4,3,3,3,1,3,1988,2,2
1991,2,130043,1,4,4,2,1,1,3,4,2,3,1986,2,2
1991,1,130044,1,2,2,2,1,1,3,4,2,3,1984,2,2
1991,1,130045,1,5,5,2,2,2,3,4,2,3,1982,2,2
1991,2,130045,1,2,2,2,1,1,3,4,2,3,1988,2,2
1991,1,130046,1,2,3,2,1,1,3,4,2,3,1985,2,2
1991,1,130047,1,2,2,1,1,1,3,4,1,3,1986,2,2
1991,1,130048,1,2,2,1,2,2,3,4,2,3,1980,2,2
1991,1,130049,1,2,2,2,1,1,3,4,2,3,1983,2,2
1991,1,130050,6,5,2,2,1,1,3,4,1,3,1989,2,2
1991,2,130050,2,3,3,2,3,3,3,4,2,3,1991,2,2
1991,3,130050,6,4,4,2,1,1,3,4,2,3,1978,2,2
1991,1,130051,1,2,2,2,1,1,3,4,2,3,1988,2,2
1991,1,130052,2,3,3,2,1,1,3,4,2,3,1978,2,2
1991,2,130052,6,2,2,2,1,1,3,4,2,3,1988,2,2
1991,3,130052,2,5,5,2,1,1,3,4,2,3,1968,2,2
1991,4,130052,2,2,2,2,1,1,3,4,2,3,1983,2,2
1991,1,130053,1,2,2,2,1,1,3,4,2,3,1991,2,2
1991,1,130054,9,2,2,2,1,1,3,4,2,3,1981,2,2
1991,1,130055,6,2,2,2,1,1,3,4,1,3,1985,2,2
1991,2,130055,1,5,5,2,1,1,3,4,2,3,1981,2,2
1991,1,130056,1,2,2,2,2,2,3,4,2,3,1984,2,2
1991,2,130056,1,2,2,2,1,1,3,4,2,3,1991,2,2
1991,1,130057,8,2,2,2,1,1,3,4,2,1,1988,1,2
1991,1,130058,1,3,3,2,1,1,3,4,1,3,1989,2,2
1991,2,130058,1,2,2,2,1,1,3,4,2,3,1974,2,2
1991,1,130059,1,3,3,2,1,1,3,4,1,3,1986,2,2
1991,1,130060,1,2,2,1,1,1,3,4,1,3,1980,2,2
1991,1,130061,2,3,3,2,1,1,3,4,2,3,1979,2,2
1991,2,130061,3,2,2,2,1,1,3,4,2,3,1981,2,2
1991,1,130062,1,3,3,2,1,1,3,4,2,3,1987,2,2
1991,2,130062,1,2,2,2,1,1,3,4,2,3,1985,2,2
1991,1,130063,3,1,1,1,1,1,3,4,2,3,1987,2,2
1991,1,130064,2,5,5,2,1,1,3,4,2,3,1990,2,2
1991,2,130064,6,2,2,2,1,1,3,4,2,3,1986,2,2
1991,1,130065,1,3,3,2,1,1,3,4,1,3,1990,2,2
1991,1,130066,2,2,2,2,1,1,3,4,2,3,1985,2,2
1991,2,130066,6,2,2,2,1,1,3,4,1,3,1989,2,2
1991,3,130066,6,3,3,2,1,1,3,4,1,3,1985,2,2
1991,1,130067,1,2,6,2,2,2,3,4,2,3,1986,2,2
1991,2,130067,6,5,5,2,1,1,3,4,2,3,1978,2,2
1991,1,130068,1,4,3,2,1,1,3,4,1,3,1977,2,2
1991,2,130068,1,2,2,2,1,1,3,4,2,3,1985,2,2
1991,1,130069,1,2,2,2,1,1,3,4,2,3,1976,2,2
1991,2,130069,6,2,2,2,1,1,3,4,2,3,1990,2,2
1991,1,130070,1,2,2,2,1,1,3,4,2,3,1989,2,2
1991,1,130071,1,2,2,2,1,1,3,4,2,3,1981,2,2
1991,2,130071,2,2,2,2,1,1,3,4,2,3,1987,2,2
1991,3,130071,1,2,2,2,1,1,3,4,2,3,1976,2,2
1991,4,130071,1,5,5,2,1,1,3,4,2,3,1990,2,2
1991,5,130071,1,2,2,2,1,1,3,4,2,3,1981,2,2
1991,6,130071,4,5,5,2,1,1,3,4,2,3,1983,2,2
1991,1,130072,2,3,3,2,1,1,3,4,2,3,1983,2,2
1991,2,130072,9,2,2,2,1,1,3,4,2,3,1981,2,2
1991,1,130073,6,4,4,2,1,1,3,4,2,3,1985,2,2
1991,2,130073,1,2,2,2,1,1,3,4,2,3,1978,2,2
1991,1,130074,1,2,4,2,1,1,3,4,2,3,1978,2,2
1991,1,130075,1,5,5,2,1,1,3,4,1,3,1982,2,2
1991,1,130076,2,2,2,2,1,1,3,4,1,3,1990,2,2
1991,1,130077,1,3,3,2,1,1,3,4,1,3,1989,2,2
1991,2,130077,4,2,2,2,1,1,3,4,2,3,1989,2,2
1991,1,130078,1,3,3,1,2,2,3,4,1,3,1976,2,2
1991,1,130079,1,2,2,2,1,1,3,4,2,3,1984,2,2
1991,2,130079,2,4,3,2,3,3,3,4,2,3,1980,2,2
1991,3,130079,6,5,5,2,1,1,3,4,2,3,1984,2,2
1991,4,130079,2,2,2,2,1,1,3,4,2,3,1989,2,2
1991,5,130079,1,5,5,1,1,1,3,4,2,3,1986,2,2
1991,1,130080,1,2,2,2,1,1,3,4,1,3,1988,2,2
1991,1,130081,2,2,2,2,1,1,3,4,2,3,1991,2,2
1991,1,130082,9,2,2,2,3,3,3,4,2,3,9999,2,2
1991,1,130083,2,2,2,2,1,1,3,4,2,3,1989,2,2
1991,1,130084,1,2,2,2,1,1,3,4,2,3,1982,2,2
1991,1,130085,1,2,2,2,1,1,3,4,2,3,1978,2,2
1991,1,130086,1,2,2,2,1,1,3,4,2,3,1978,2,2
1991,2,130086,1,5,5,2,1,1,3,4,2,3,1980,2,2
1991,1,130087,2,3,3,2,1,1,3,4,1,3,1985,2,2
1991,1,130088,2,5,5,2,3,3,3,4,2,3,1988,2,2
1991,2,130088,2,2,2,2,1,1,3,4,2,3,1976,2,2
1991,1,130089,4,7,7,2,3,3,3,4,2,3,1978,2,2
1991,1,130090,1,2,2,2,1,1,3,4,2,3,1981,2,2
1991,1,130091,2,2,2,2,2,2,3,4,2,3,1981,2,2
1991,1,130092,1,2,2,2,1,1,3,4,1,3,1966,2,2
1991,1,130093,1,3,3,2,1,1,3,4,2,3,1983,2,2
1991,2,130093,6,2,2,2,1,1,3,4,2,3,1988,2,2
1991,1,130094,7,2,2,2,4,2,3,2,2,3,1991,2,2
1991,1,130096,1,2,2,2,1,1,3,4,2,3,1981,2,2
1991,1,130097,1,2,2,2,1,1,3,4,2,3,1983,2,2
1991,2,130097,1,2,2,2,1,1,3,4,2,3,1980,2,2
1991,1,130098,3,2,2,2,1,1,3,4,2,3,1988,2,2
1991,1,130099,2,1,1,1,1,1,3,4,1,3,1981,2,2
1991,1,130100,5,2,2,2,1,1,3,4,2,3,1988,2,2
1991,1,130101,1,5,5,2,1,1,3,4,2,3,1986,2,2
1991,2,130101,2,2,2,2,1,1,3,4,2,3,1987,2,2
1991,3,130101,1,2,2,2,1,1,3,4,2,3,1988,2,2
1991,1,130102,1,2,2,2,1,1,3,4,1,3,1985,2,2
1991,2,130102,2,2,2,2,1,1,3,4,2,3,1976,2,2
1991,1,130104,1,2,2,2,1,1,3,4,1,3,1985,2,2
1991,1,130105,3,2,2,2,1,1,3,4,2,3,1988,2,2
1991,2,130105,1,2,2,2,1,1,3,4,2,3,1983,2,2
1991,1,130106,1,3,3,2,1,1,3,4,1,3,1988,2,2
1991,2,130106,2,2,2,2,1,1,3,4,1,3,1974,2,2
1991,1,130107,6,2,2,2,1,1,3,4,2,3,1986,2,2
1991,2,130107,1,2,2,2,1,1,3,4,2,3,1990,2,2
1991,1,130108,4,2,2,2,1,1,3,4,2,3,1984,2,2
1991,1,130109,1,3,3,1,1,1,3,4,1,3,1989,2,2
1991,1,130110,2,2,2,2,1,1,3,4,1,3,1987,2,2
1991,1,130111,2,2,2,2,1,1,3,4,1,3,1989,2,2
1991,1,130112,7,2,2,2,4,1,3,1,1,3,1982,2,2
1991,2,130112,1,2,2,2,3,3,3,4,2,3,1982,2,2
1991,1,130113,2,2,2,2,1,2,3,4,2,3,1987,1,2
1991,2,130113,1,2,2,2,1,1,3,4,2,3,1988,2,2
1991,1,130114,1,5,5,2,1,1,3,4,1,3,1990,2,2
1991,2,130114,2,2,2,2,1,1,3,4,2,3,1985,2,2
1991,1,130115,1,2,2,1,3,3,3,4,1,3,1978,2,2
1991,1,130116,1,3,3,1,1,1,3,4,2,3,1981,2,2
1991,1,130117,1,2,2,2,1,1,3,4,2,3,1978,2,2
1991,1,130118,1,2,2,2,1,1,3,4,2,3,1986,2,1
1991,2,130118,1,2,2,2,2,2,3,4,2,3,1979,2,2
1991,1,130119,1,2,3,2,2,2,3,4,1,3,1987,2,2
1991,2,130119,2,2,2,2,1,1,3,4,2,3,1991,2,2
1991,3,130119,2,4,4,2,1,1,3,4,2,3,1987,2,2
1991,1,130120,1,2,2,2,1,1,3,4,2,3,1985,2,2
1991,2,130120,2,2,2,2,1,1,3,4,2,3,1982,2,2
1991,1,130121,1,7,7,1,1,1,3,4,1,3,1984,2,2
1991,1,130122,6,4,4,2,1,1,3,4,2,3,1984,2,2
1991,2,130122,2,2,6,2,1,1,3,4,2,3,1971,2,2
1991,1,130123,2,2,2,2,1,1,3,4,2,3,1988,2,2
1991,1,130124,1,2,2,2,1,1,3,4,2,3,1985,2,2
1991,1,130125,1,4,4,1,1,1,3,4,1,3,1985,2,2
1991,1,130126,1,3,3,2,1,1,3,4,1,3,1986,2,2
1991,2,130126,2,2,2,2,1,1,3,4,2,3,1990,2,2
1991,1,130127,1,3,3,2,1,1,3,4,1,3,1988,2,2
1991,1,130128,4,2,2,2,1,1,3,4,2,3,1989,2,2
1991,2,130128,1,3,3,2,1,1,3,4,2,3,1988,2,2
1991,1,130129,1,2,2,2,1,1,3,4,2,3,1983,2,2
1991,2,130129,1,2,2,2,1,1,3,4,2,3,1982,2,2
1991,1,130130,4,1,1,1,1,1,3,4,1,3,1990,2,2
1991,1,130131,1,2,2,2,1,1,3,4,2,3,1988,2,2
1991,1,130132,1,5,2,2,1,1,3,4,2,3,1976,2,2
1991,2,130132,1,2,2,2,1,1,3,4,2,3,1972,2,2
1991,1,130133,1,5,5,2,1,1,3,4,2,3,1989,2,2
1991,2,130133,1,2,2,2,1,1,3,4,2,3,1971,2,2
1991,1,130134,1,5,5,2,1,1,3,4,2,3,1983,2,2
1991,2,130134,4,2,2,2,1,1,3,4,2,3,1985,2,2
1991,1,130135,1,6,2,2,1,1,3,4,2,3,1985,2,2
1991,1,130136,1,5,5,2,1,1,3,4,2,3,1988,2,2
1991,1,130138,4,5,5,2,3,3,3,4,2,3,1976,2,2
1991,1,130139,1,5,5,2,1,1,3,4,2,3,1989,2,2
1991,2,130139,1,2,2,2,2,2,3,4,2,3,1979,2,2
1991,1,130140,1,2,2,1,1,1,3,4,1,3,1982,2,2
1991,1,130141,1,2,2,2,1,1,3,4,2,3,1983,2,2
1991,2,130141,1,5,3,2,1,1,3,4,2,3,1987,2,2
1991,3,130141,2,2,2,2,1,1,3,4,2,3,1978,2,2
1991,1,130142,2,2,2,2,1,1,3,4,2,3,1961,2,2
1991,2,130142,6,2,2,2,1,1,3,4,2,3,1985,2,2
1991,1,130143,6,3,3,1,1,1,3,4,1,3,1975,2,2
1991,1,130144,6,6,6,2,1,1,3,4,2,3,1986,2,2
1991,1,130145,6,4,4,2,1,1,3,4,2,3,1979,2,2
1991,2,130145,1,2,2,2,1,1,3,4,2,3,1982,2,2
1991,1,130146,1,2,2,1,1,1,3,4,1,3,1988,2,2
1991,1,130147,1,5,5,2,1,1,3,4,1,3,1990,2,2
1991,2,130147,1,2,2,2,1,1,3,4,2,3,1988,2,2
1991,1,130148,1,2,2,2,3,3,3,4,1,3,1990,2,2
1991,2,130148,6,5,5,2,1,1,3,4,2,3,1991,2,2
1991,1,130149,1,3,3,2,1,1,3,4,1,3,1985,2,2
1991,2,130149,1,2,2,2,1,1,3,4,2,3,1983,2,2
1991,1,130150,6,4,4,2,2,2,3,4,2,3,1983,2,2
1991,2,130150,1,2,2,2,1,1,3,4,2,3,1971,2,2
1991,1,130151,2,2,2,1,1,1,3,4,2,3,1975,2,2
1991,1,130152,6,5,5,2,1,1,3,4,2,3,1988,2,2
1991,2,130152,1,2,2,2,2,2,3,4,1,3,1988,2,2
1991,1,130153,1,2,2,1,1,1,3,4,2,3,1991,2,2
1991,1,130154,1,2,2,2,1,1,3,4,2,3,1976,2,2
1991,2,130154,1,2,2,2,1,1,3,4,2,3,1983,2,2
1991,1,130155,1,3,3,2,2,2,3,4,2,3,1990,2,2
1991,1,130156,1,2,2,2,1,1,3,4,1,3,1981,2,2
1991,1,130157,1,3,3,2,1,1,3,4,2,3,1986,2,2
1991,1,130158,1,2,2,2,1,1,3,4,2,3,1975,2,2
1991,2,130158,8,3,3,2,1,1,3,4,2,3,1990,2,2
1991,1,130159,6,4,4,2,1,1,3,4,2,3,1990,2,2
1991,2,130159,6,5,5,2,1,1,3,4,2,3,1991,2,2
1991,3,130159,2,5,5,2,1,1,3,4,1,3,1988,2,2
1991,4,130159,6,2,4,2,1,1,3,4,2,3,1988,2,2
1991,5,130159,1,2,2,2,1,1,3,4,2,3,1981,2,2
1991,1,130160,2,2,2,1,1,1,3,4,2,3,1990,2,1
1991,2,130160,6,4,4,2,3,3,3,4,2,3,9999,2,2
1991,1,130161,2,2,2,2,1,1,3,4,2,3,1982,2,2
1991,2,130161,1,2,2,2,1,1,3,4,2,3,1984,2,2
1991,1,130162,1,5,5,2,1,1,3,4,2,3,1986,2,2
1991,2,130162,6,2,2,2,1,1,3,4,2,3,1981,2,2
1991,1,130163,1,2,2,2,1,1,3,4,2,3,1975,2,2
1991,1,130164,1,2,2,2,1,1,3,4,2,3,1981,2,2
1991,1,130165,2,3,3,2,1,1,3,4,1,3,1988,2,2
1991,2,130165,1,2,2,2,1,1,3,4,2,3,1987,2,2
1991,1,130166,2,2,2,2,2,2,3,4,2,3,1986,2,2
1991,1,130167,1,2,2,1,1,1,3,4,2,3,1976,2,2
1991,1,130168,1,6,6,2,1,1,3,4,1,3,1972,2,2
1991,1,130169,2,2,2,2,1,1,3,4,2,3,1990,2,2
1991,2,130169,1,2,2,2,1,1,3,4,2,3,1974,2,2
1991,1,130170,1,2,2,2,1,1,3,4,2,3,1986,2,2
1991,2,130170,2,2,2,2,1,1,3,4,2,3,1986,2,2
1991,1,130171,1,2,2,2,1,1,3,4,1,3,1988,2,2
1991,1,130172,9,2,2,1,1,1,3,4,2,3,1973,2,2
1991,1,130173,1,2,2,2,1,1,3,4,2,3,1980,2,2
1991,2,130173,1,2,2,2,1,1,3,4,2,3,1977,2,2
1991,1,130174,1,2,2,2,1,1,3,4,1,3,1983,2,2
1991,1,130175,1,2,2,2,1,1,3,4,2,3,1986,2,1
1991,1,130176,1,5,5,1,1,1,3,4,2,3,1988,2,2
1991,2,130176,6,3,3,2,1,1,3,4,2,3,1985,2,2
1991,1,130177,6,2,6,2,1,1,3,4,2,3,1975,2,2
1991,1,130178,1,2,2,2,1,1,3,4,2,3,1989,2,2
1991,1,130179,2,1,1,1,1,1,3,4,2,3,1988,2,2
1991,1,130180,1,2,2,2,1,1,3,4,2,3,1983,2,2
1991,1,130181,2,2,2,2,1,1,3,4,2,3,1985,2,2
1991,2,130181,6,2,2,2,1,1,3,4,2,3,1985,2,2
1991,1,130182,6,2,2,1,1,1,3,4,1,3,1990,2,2
1991,1,130183,2,2,2,2,1,1,3,4,2,3,1985,2,2
1991,2,130183,1,5,5,2,1,1,3,4,2,3,1988,2,2
1991,1,130184,2,6,6,1,1,1,3,4,2,3,1985,2,2
1991,1,130185,1,2,2,2,1,1,3,4,2,3,1988,2,2
1991,1,130186,1,5,5,2,1,1,3,4,2,3,1989,2,2
1991,1,130187,1,2,2,2,1,1,3,4,2,3,1984,2,2
1991,1,130188,1,2,2,2,1,1,3,4,1,3,1977,2,2
1991,1,130189,1,5,5,2,2,2,3,4,2,3,1985,2,2
1991,1,130190,1,2,5,1,1,1,3,4,1,3,1985,2,2
1991,1,130191,1,2,3,2,1,1,3,4,2,3,1985,2,2
1991,1,130192,6,4,4,2,1,1,3,4,2,3,1970,2,2
1991,2,130192,1,2,2,2,1,1,3,4,2,3,1983,2,2
1991,1,130193,2,5,5,2,1,1,3,4,1,3,1985,2,2
1991,2,130193,1,2,2,2,1,1,3,4,2,3,1988,2,2
1991,1,130194,6,2,2,2,1,1,3,4,1,3,1989,2,2
1991,2,130194,1,2,2,2,1,1,3,4,2,3,1982,2,2
1991,1,130195,2,2,2,1,1,1,3,4,1,3,1982,2,2
1991,1,130196,1,2,2,2,1,1,3,4,2,3,1982,2,2
1991,1,130197,1,2,2,2,1,1,3,4,2,3,1982,2,2
1991,1,130198,1,2,6,2,1,1,3,4,2,3,1981,1,2
1991,2,130198,6,4,4,2,3,3,3,4,2,3,1986,2,2
1991,1,130199,1,2,2,2,1,1,3,4,1,3,1990,2,2
1991,1,130200,2,2,2,2,3,3,3,4,2,3,1982,2,2
1991,1,130201,1,3,3,2,3,3,3,4,1,3,1989,2,2
1991,1,130202,4,4,4,2,1,1,3,4,2,3,1982,2,2
1991,2,130202,3,2,2,2,1,1,3,4,1,3,1985,2,2
1991,3,130202,3,7,7,1,1,1,3,4,2,3,1990,2,2
1991,1,130203,1,2,2,2,1,1,3,4,2,3,1987,2,2
1991,1,130204,1,2,2,2,1,1,3,4,2,3,1986,2,2
1991,2,130204,1,2,2,2,1,1,3,4,2,3,1987,2,2
1991,1,130205,1,1,1,1,2,2,3,4,1,3,1972,2,2
1991,1,130206,6,2,2,1,1,1,3,4,2,3,1990,2,2
1991,2,130206,2,2,2,2,1,1,3,4,2,3,1984,2,2
1991,1,130207,9,2,2,2,3,3,3,4,2,3,9999,2,2
1991,1,130208,1,2,2,1,1,1,3,4,2,3,1978,2,2
1991,1,130209,2,3,3,2,1,1,3,4,1,3,1979,2,2
1991,1,130210,2,2,2,1,1,1,3,4,1,3,1990,2,2
1991,1,130211,3,1,1,1,1,1,3,4,2,3,1988,2,2
1991,1,130212,6,5,5,2,1,1,3,4,2,3,1985,2,2
1991,2,130212,2,3,5,1,1,1,3,4,2,3,1987,2,2
1991,1,130213,1,3,3,2,1,1,3,4,2,3,1983,2,2
1991,2,130213,3,2,2,2,1,1,3,4,2,3,1987,2,2
1991,1,130214,1,4,4,1,2,2,3,4,2,3,1984,2,2
1991,1,130215,1,2,2,1,2,2,3,4,1,3,1976,2,2
1991,1,130216,2,5,5,1,2,2,3,4,1,3,9999,2,2
1991,1,130217,2,2,2,2,2,2,3,4,1,3,1988,2,2
1991,2,130217,1,2,2,2,1,1,3,4,2,3,1987,2,2
1991,1,130218,2,3,3,1,1,1,3,4,2,3,1986,2,2
1991,1,130219,1,2,2,2,1,1,3,4,2,3,1981,2,2
1991,2,130219,1,2,2,2,1,1,3,4,2,3,1987,2,2
1991,1,130220,1,2,3,2,1,1,3,4,2,3,1991,2,2
1991,1,130221,1,2,2,2,1,1,3,4,1,3,1989,2,2
1991,2,130221,1,2,2,2,1,1,3,4,2,3,1982,2,2
1991,1,130222,1,3,3,2,2,2,3,4,1,3,1973,2,2
1991,1,130223,1,2,2,2,1,1,3,4,2,3,1981,2,2
1991,1,130224,1,2,4,1,1,1,3,4,1,3,1985,2,2
1991,1,130225,2,3,3,1,1,1,3,4,1,3,1989,2,2
1991,1,130226,1,2,2,1,1,1,3,4,2,3,1988,2,2
1991,1,130227,4,2,2,2,1,1,3,4,2,3,1987,2,2
1991,2,130227,1,2,2,2,1,1,3,4,2,3,1980,2,2
1991,1,130228,2,2,2,2,1,1,3,4,2,3,1980,2,2
1991,1,130229,1,2,2,2,1,1,3,4,2,3,1990,2,2
1991,2,130229,1,2,2,2,1,1,3,4,2,3,1985,2,2
1991,1,130230,1,2,2,2,1,1,3,4,1,3,1988,2,2
1991,2,130230,1,5,5,2,1,1,3,4,2,3,1986,2,2
1991,1,130231,6,2,2,2,1,1,3,4,2,3,1990,2,2
1991,1,130232,2,2,2,2,1,1,3,4,2,3,1990,2,2
1991,2,130232,1,5,5,2,1,1,3,4,2,3,1972,2,2
1991,1,130233,2,1,1,1,1,1,3,4,2,3,1990,2,2
1991,1,130234,2,2,2,2,1,1,3,4,1,3,1984,2,2
1991,2,130234,1,2,2,2,1,1,3,4,2,3,1984,2,2
1991,1,130235,1,2,2,2,1,1,3,4,2,3,1977,2,2
1991,2,130235,1,2,2,2,1,1,3,4,2,3,1988,2,2
1991,1,130236,1,2,2,2,1,1,3,4,1,3,1976,2,2
1991,1,130237,2,3,3,2,1,1,3,4,1,3,1979,2,2
1991,1,130238,6,2,2,2,1,1,3,4,2,3,1983,2,2
1991,2,130238,1,5,5,2,1,1,3,4,2,3,1989,2,2
1991,1,130239,2,2,2,1,1,1,3,4,2,3,1986,2,2
1991,1,130240,1,2,2,1,1,1,3,4,1,3,1977,2,2
1991,1,130241,1,3,3,2,1,1,3,4,2,3,1987,2,2
1991,2,130241,1,2,2,2,1,1,3,4,2,3,1979,2,2
1991,1,130242,7,2,2,2,4,1,3,1,2,3,1986,2,2
1991,2,130242,1,6,6,2,1,1,3,4,2,3,1989,2,2
1991,1,130243,1,2,5,2,1,1,3,4,2,3,1978,2,2
1991,2,130243,2,2,2,1,1,1,3,4,2,3,1985,2,2
1991,1,130244,1,6,6,2,1,1,3,4,1,3,1989,2,2
1991,2,130244,6,5,5,2,1,1,3,4,2,3,1990,2,2
1991,1,130245,2,2,2,2,1,1,3,4,2,3,1986,2,2
1991,2,130245,6,2,2,2,1,1,3,4,2,3,1984,2,2
1991,1,130246,2,2,2,2,2,2,3,4,2,3,1983,2,2
1991,2,130246,6,2,2,2,1,1,3,4,2,3,1989,2,2
1991,1,130247,1,3,3,2,1,1,3,4,2,3,1983,2,2
1991,2,130247,1,5,5,2,1,1,3,4,2,3,1988,2,2
1991,3,130247,1,2,2,2,1,1,3,4,2,3,1989,2,2
1991,1,130248,6,2,2,2,1,1,3,4,2,3,1986,2,2
1991,1,130249,1,2,2,1,1,1,3,4,1,3,1986,2,2
1991,1,130250,2,3,3,2,1,1,3,4,1,3,1984,2,2
1991,2,130250,1,2,2,2,1,1,3,4,2,3,1985,2,2
1991,1,130251,1,2,2,1,1,1,3,4,1,3,1971,2,2
1991,1,130252,1,2,5,2,1,1,3,4,2,3,1983,2,2
1991,1,130253,1,2,2,2,3,3,3,4,2,3,1981,2,2
1991,1,130254,1,5,5,2,2,2,3,4,2,3,1980,2,2
1991,1,130255,1,2,2,2,1,1,3,4,2,3,1977,2,2
1991,2,130255,1,2,2,2,1,1,3,4,2,3,1990,2,2
1991,1,130256,1,2,2,1,1,1,3,4,2,3,1978,2,2
1991,1,130257,1,5,5,2,1,1,3,4,2,3,1986,2,2
1991,2,130257,6,5,6,2,1,1,3,4,2,3,1986,2,2
1991,1,130258,1,2,2,2,1,1,3,4,1,3,1982,2,2
1991,1,130259,2,2,2,2,1,1,3,4,2,3,1980,2,2
1991,2,130259,2,2,2,2,1,1,3,4,2,3,1982,2,2
1991,1,130260,1,2,2,2,2,2,3,4,1,3,1988,2,2
1991,2,130260,7,3,3,2,4,1,3,1,2,3,1982,2,2
1991,3,130260,1,6,6,2,1,1,3,4,2,3,1990,2,2
1991,1,130261,2,2,2,2,1,1,3,4,2,3,1976,2,2
1991,2,130261,7,2,2,2,4,2,3,2,2,3,1984,2,2
1991,1,130262,2,2,2,2,1,1,3,4,1,3,1988,2,2
1991,1,130263,1,2,2,2,2,2,3,4,1,3,1980,2,2
1991,2,130263,2,2,2,2,1,1,3,4,2,3,1974,2,2
1991,1,130264,1,5,5,2,1,1,3,4,2,3,1982,2,2
1991,2,130264,6,2,2,2,1,1,3,4,2,3,1984,2,2
1991,1,130265,1,2,6,1,2,2,3,4,2,3,1973,2,2
1991,1,130266,2,2,2,2,1,1,3,4,2,3,1988,2,2
1991,1,130267,1,2,2,2,1,1,3,4,1,3,1989,2,2
1991,1,130269,1,2,2,2,1,1,3,4,2,3,1989,2,2
1991,1,130270,2,2,2,2,3,3,3,4,2,3,1991,2,2
1991,1,130272,2,3,3,2,1,1,3,4,1,3,1984,2,2
1991,2,130272,1,2,2,2,1,1,3,4,2,3,1979,2,2
1991,1,130273,3,1,1,1,1,1,3,4,2,3,1985,2,2
1991,1,130275,2,2,2,2,2,2,3,4,2,3,1984,2,2
1991,1,130276,2,2,2,1,1,1,3,4,2,3,1987,2,2
1991,1,130277,1,3,6,1,1,1,3,4,1,3,1985,2,2
1991,1,130278,6,2,2,2,1,1,3,4,2,3,1985,2,2
1991,2,130278,1,5,5,2,1,1,3,4,2,3,1986,2,2
1991,1,130279,9,2,2,2,3,3,3,4,2,3,1980,2,2
1991,2,130279,1,4,4,2,3,3,3,4,2,3,1978,2,2
1991,1,130280,2,3,3,2,1,1,3,4,2,3,1987,2,2
1991,1,130281,1,2,2,2,2,2,3,4,2,3,1988,2,2
1991,2,130281,2,2,2,2,1,1,3,4,2,3,1977,2,2
1991,1,130282,1,2,2,2,1,1,3,4,2,3,1982,2,2
1991,2,130282,2,2,2,2,1,1,3,4,2,3,1978,2,2
1991,1,130283,1,2,2,2,2,2,3,4,2,3,1978,2,2
1991,2,130283,2,2,2,1,1,1,3,4,2,3,1981,2,2
1991,3,130283,1,7,7,2,1,1,3,4,2,3,1991,2,2
1991,1,130284,1,6,6,1,1,1,3,4,2,3,1989,2,2
1991,1,130285,9,7,7,2,3,3,3,4,2,3,9999,2,2
1991,1,130286,7,1,1,2,4,1,3,1,2,3,1986,2,2
1991,1,130287,1,3,3,1,1,1,3,4,2,3,1980,2,2
1991,1,130288,1,2,2,2,1,1,3,4,1,3,1988,2,2
1991,2,130288,1,5,5,2,1,1,3,4,2,3,1977,2,2
1991,1,130289,1,2,3,2,2,2,3,4,2,3,1991,2,2
1991,2,130289,1,2,2,2,1,1,3,4,2,3,1987,2,2
1991,1,130290,1,2,2,2,3,3,3,4,2,3,1981,2,2
1991,2,130290,1,2,2,2,1,1,3,4,1,3,1978,2,2
1991,1,130291,6,2,2,2,1,1,3,4,2,3,1985,2,2
1991,2,130291,2,3,3,2,1,1,3,4,2,3,1980,2,2
1991,1,130292,2,2,2,1,2,2,3,4,1,3,1990,2,2
1991,1,130293,1,5,5,2,2,2,3,4,2,3,1984,2,2
1991,2,130293,6,2,2,2,1,1,3,4,2,3,1984,2,2
1991,1,130294,1,3,3,2,1,1,3,4,2,3,1985,2,2
1991,1,130295,1,2,2,1,1,1,3,4,1,3,1981,2,2
1991,1,130296,1,2,6,2,1,1,3,4,1,3,1981,2,2
1991,2,130296,6,5,5,2,1,1,3,4,2,3,1985,2,2
1991,1,130297,1,2,2,2,2,2,3,4,2,3,1982,2,2
1991,1,130298,4,2,2,2,2,2,3,4,2,3,1985,2,2
1991,2,130298,2,2,2,2,1,1,3,4,1,3,1989,2,2
1991,1,130299,3,2,2,2,1,1,3,4,2,3,1988,2,2
1991,2,130299,1,2,2,1,1,1,3,4,2,3,1983,2,2
1991,1,130300,2,5,5,1,1,1,3,4,2,3,1978,2,2
1991,1,130301,1,6,2,2,1,1,3,4,1,3,1984,2,2
1991,2,130301,1,2,2,2,1,1,3,4,2,3,1986,2,2
1991,1,130302,9,2,2,1,1,1,3,4,1,3,1988,2,2
1991,1,130303,2,2,2,2,1,1,3,4,1,3,1980,2,2
1991,2,130303,1,2,2,2,1,1,3,4,2,3,1977,2,2
1991,1,130304,1,2,2,2,1,1,3,4,2,3,1980,2,2
1991,1,130305,2,2,2,2,2,2,3,4,1,3,1990,2,2
1991,1,130306,1,5,5,1,1,1,3,4,2,3,1980,2,2
1991,1,130307,1,3,3,2,2,2,3,4,2,3,1979,2,2
1991,2,130307,1,2,2,2,1,1,3,4,2,3,1987,2,2
1991,1,130308,1,2,2,1,1,1,3,4,2,3,1967,2,2
1991,1,130309,1,5,5,2,1,1,3,4,2,3,1985,2,2
1991,1,130310,1,2,2,1,1,1,3,4,1,3,1987,2,2
1991,1,130311,1,3,3,2,1,1,3,4,2,3,1985,2,2
1991,2,130311,2,2,2,2,1,1,3,4,2,3,1977,2,2
1991,1,130312,1,2,3,1,2,2,3,4,1,3,1981,2,2
1991,1,130313,1,4,4,2,2,2,3,4,2,3,1987,2,2
1991,2,130313,9,2,2,2,3,3,3,4,2,3,9999,2,2
1991,1,130314,2,2,2,1,2,2,3,4,2,3,1987,2,2
1991,1,130315,7,2,2,2,4,1,3,1,2,3,1978,2,2
1991,1,130316,1,5,5,2,1,1,3,4,2,3,1968,2,2
1991,2,130316,2,2,2,2,1,1,3,4,2,3,1987,2,2
1991,1,130317,6,6,6,2,2,2,3,4,2,3,1982,2,2
1991,1,130318,3,3,3,1,3,3,3,4,2,3,1986,2,2
1991,1,130319,1,5,5,2,1,1,3,4,2,3,1987,2,2
1991,2,130319,6,2,2,2,1,1,3,4,2,3,1979,2,2
1991,1,130320,1,2,2,1,1,1,3,4,2,3,1990,2,2
1991,1,130321,9,1,1,1,3,3,3,4,2,3,1983,2,2
1991,1,130322,1,2,2,2,1,1,3,4,2,3,1985,2,2
1991,1,130323,9,2,2,2,1,1,3,4,1,3,1990,2,2
1991,2,130323,1,5,5,2,1,1,3,4,2,3,1990,2,2
1991,3,130323,2,5,5,2,1,1,3,4,2,3,1988,2,2
1991,1,130324,2,3,3,2,1,1,3,4,2,3,1970,2,2
1991,1,130325,1,2,2,2,2,2,3,4,1,3,1989,2,2
1991,2,130325,1,2,2,2,1,1,3,4,2,3,9999,2,2
1991,1,130326,3,1,1,1,1,1,3,4,2,3,1989,2,2
1991,1,130327,2,3,3,2,1,1,3,4,1,3,1983,2,2
1991,1,130328,2,2,2,1,2,2,3,4,2,3,1979,2,2
1991,1,130329,7,2,2,2,4,2,3,2,2,3,1980,2,2
1991,1,130330,1,5,5,2,1,1,3,4,2,3,1983,2,2
1991,1,130331,1,2,2,2,1,1,3,4,2,3,1978,2,2
1991,2,130331,3,2,2,2,1,1,3,4,2,3,1984,2,2
1991,1,130332,1,3,2,2,1,1,3,4,1,3,1983,2,2
1991,1,130333,2,2,3,2,1,1,3,4,1,3,1986,2,2
1991,1,130334,2,5,2,2,1,1,3,4,1,3,1989,2,2
1991,1,130335,6,2,2,2,1,1,3,4,2,3,1981,2,2
1991,2,130335,2,2,2,2,1,1,3,4,1,3,1971,2,2
1991,1,130336,1,5,5,2,1,1,3,4,2,3,1979,2,2
1991,2,130336,1,2,2,2,1,1,3,4,2,3,1985,2,2
1991,1,130337,1,2,2,1,1,1,3,4,2,3,1984,2,2
1991,1,130338,2,2,2,2,1,1,3,4,2,3,1988,2,2
1991,1,130339,1,2,2,2,1,1,3,4,1,3,1984,2,2
1991,1,130340,2,3,3,2,1,1,3,4,1,3,1979,2,2
1991,1,130341,1,6,2,2,1,1,3,4,1,3,1970,2,2
1991,2,130341,2,5,5,1,1,1,3,4,2,3,1982,2,2
1991,1,130342,1,2,2,2,1,1,3,4,2,3,1986,2,2
1991,1,130343,2,5,5,1,2,2,3,4,1,3,1986,2,2
1991,1,130344,1,2,2,2,1,1,3,4,2,3,1986,2,2
1991,1,130345,3,5,5,1,1,1,3,4,2,3,1980,2,2
1991,1,130346,2,2,2,2,1,1,3,4,1,3,1989,2,2
1991,1,130347,1,2,2,2,1,1,3,4,2,3,1979,2,2
1991,1,130348,2,2,2,2,1,1,3,4,2,3,1981,2,2
1991,2,130348,1,2,2,2,1,1,3,4,2,3,1987,2,2
1991,1,130349,2,2,2,2,1,1,3,4,2,3,1982,2,2
1991,2,130349,2,5,5,1,1,1,3,4,2,3,1985,2,2
1991,1,130350,1,2,2,2,1,1,3,4,2,3,1983,2,2
1991,2,130350,1,2,2,2,1,1,3,4,2,3,1979,2,2
1991,1,130351,1,2,2,2,1,1,3,4,2,3,1988,2,2
1991,1,130352,2,2,6,2,1,1,3,4,2,3,1989,2,2
1991,2,130352,7,5,6,2,4,2,3,2,2,3,1986,2,2
1991,1,130353,1,5,5,2,1,1,3,4,2,3,1980,2,2
1991,2,130353,2,2,2,2,1,1,3,4,2,3,1985,2,2
1991,1,130354,1,2,2,2,1,1,3,4,1,3,1969,2,2
1991,2,130354,1,2,2,2,1,1,3,4,2,3,1986,2,2
1991,1,130356,1,4,4,2,3,3,3,4,2,3,1977,2,2
1991,2,130356,6,2,2,2,1,1,3,4,2,3,1991,2,2
1991,1,130357,3,1,1,1,1,1,3,4,1,3,1985,2,2
1991,1,130358,1,6,2,2,1,1,3,4,2,3,1982,2,2
1991,1,130359,4,2,2,2,1,1,3,4,2,3,1991,2,2
1991,2,130359,2,2,2,2,1,1,3,4,2,3,1984,2,2
1991,1,130360,1,2,2,2,1,1,3,4,2,3,1990,2,2
1991,1,130361,7,1,1,2,4,1,3,1,2,3,1974,2,2
1991,1,130362,1,5,5,2,1,1,3,4,2,3,1990,2,2
1991,2,130362,1,2,2,2,1,1,3,4,2,3,1963,2,2
1991,1,130363,2,2,2,2,2,2,3,4,2,3,1981,2,2
1991,2,130363,1,3,3,2,1,1,3,4,2,3,1987,2,2
1991,1,130364,2,2,2,2,1,1,3,4,1,3,1984,2,2
1991,2,130364,1,2,2,2,1,1,3,4,2,3,1987,2,2
1991,1,130365,2,2,2,1,3,3,3,4,2,3,1984,2,2
1991,1,130366,1,2,2,2,2,2,3,4,1,3,1988,2,2
1991,2,130366,1,3,3,2,1,1,3,4,2,3,1977,2,2
1991,1,130367,1,6,6,2,1,1,3,4,2,3,1980,2,2
1991,1,130368,5,3,3,2,1,1,3,4,2,3,1986,2,2
1991,1,130369,1,5,2,2,1,1,3,4,1,3,1988,2,2
1991,1,130370,2,2,5,2,1,1,3,4,2,3,1989,2,2
1991,1,130371,1,6,6,1,1,1,3,4,2,3,1988,2,2
1991,1,130372,1,3,3,2,1,1,3,4,2,3,1990,2,2
1991,2,130372,1,2,2,2,1,1,3,4,2,3,1984,2,2
1991,1,130373,2,4,4,2,3,3,3,4,2,3,1976,2,2
1991,2,130373,1,2,2,2,1,1,3,4,2,3,1989,2,2
1991,1,130374,1,2,5,2,1,1,3,4,1,3,1988,2,2
1991,1,130375,6,2,2,2,1,1,3,4,2,3,1988,2,2
1991,2,130375,6,2,2,2,1,1,3,4,2,3,1983,2,2
1991,1,130376,3,2,2,2,1,1,3,4,2,3,1989,2,2
1991,1,130377,1,5,5,1,2,1,3,4,1,3,1981,2,2
1991,1,130378,2,2,2,2,1,1,3,4,2,3,1980,2,2
1991,2,130378,7,2,2,2,4,2,3,2,2,3,1989,2,2
1991,1,130379,1,2,5,2,1,1,3,4,1,3,1969,2,2
1991,2,130379,1,2,2,2,1,1,3,4,2,3,1981,2,2
1991,3,130379,2,2,2,2,1,1,3,4,2,3,1987,2,2
1991,1,130380,2,3,3,2,1,1,3,4,2,3,1986,2,2
1991,2,130380,6,2,2,2,1,1,3,4,2,3,1977,2,2
1991,1,130381,7,2,2,2,4,2,3,2,2,3,9999,2,2
1991,1,130382,1,5,5,2,1,1,3,4,2,3,1989,2,2
1991,1,130383,2,2,2,1,1,1,3,4,2,3,1991,2,2
1991,1,130384,1,2,2,2,3,3,3,4,2,3,1987,2,2
1991,1,130385,1,2,2,1,1,1,3,4,2,3,1990,2,2
1991,1,130386,2,2,5,2,1,1,3,4,1,3,1990,2,2
1991,1,130387,7,2,2,2,4,1,3,1,2,3,1986,2,2
1991,1,130388,3,3,3,2,1,1,3,4,2,3,1985,2,2
1991,2,130388,4,2,2,2,1,1,3,4,2,3,1977,2,2
1991,1,130389,1,3,3,2,1,1,3,4,1,3,1982,2,2
1991,2,130389,2,2,2,2,1,1,3,4,2,3,1988,2,2
1991,1,130390,1,2,2,2,1,1,3,4,2,3,1979,2,2
1991,2,130390,1,2,2,2,1,1,3,4,2,3,1980,2,2
1991,1,130391,1,2,2,1,1,1,3,4,1,3,1981,2,2
1991,1,130392,1,2,2,2,1,1,3,4,2,3,1980,2,2
1991,1,130393,1,3,3,2,1,1,3,4,2,3,1983,2,2
1991,2,130393,6,2,2,2,1,1,3,4,2,3,1984,2,2
1991,1,130394,2,1,1,1,1,1,3,4,2,3,1980,2,2
1991,1,130395,7,2,2,2,4,2,3,2,1,3,1991,2,2
1991,2,130395,2,3,3,2,1,2,3,4,2,3,1974,2,2
1991,1,130396,1,2,2,2,1,1,3,4,2,3,1972,2,2
1991,1,130397,9,2,2,2,2,2,3,4,2,3,1986,2,2
1991,1,130398,6,3,3,2,1,1,3,4,2,3,1970,2,2
1991,2,130398,1,2,2,2,1,1,3,4,2,3,1991,2,2
1991,1,130399,1,5,5,2,1,1,3,4,2,3,1986,2,2
1991,2,130399,1,2,2,2,1,1,3,4,2,3,1983,2,2
1991,1,130400,3,2,5,2,2,2,3,4,1,3,1986,2,2
1991,2,130400,2,5,5,2,1,1,3,4,2,3,1984,2,2
1991,3,130400,6,2,2,2,1,1,3,4,2,3,1985,2,2
1991,1,130401,2,1,1,1,1,1,3,4,1,3,1967,2,2
1991,1,130402,7,2,2,2,4,2,3,2,2,3,1982,2,2
1991,1,130403,1,2,2,2,1,1,3,4,2,3,1990,2,2
1991,2,130403,1,5,5,1,1,1,3,4,2,3,1979,2,2
1991,1,130404,2,1,1,1,1,1,3,4,2,3,1969,2,2
1991,1,130405,1,2,2,2,2,2,3,4,2,3,1983,2,2
1991,1,130406,2,2,2,2,1,1,3,4,2,3,1989,2,2
1991,1,130407,1,2,2,2,1,1,3,4,1,3,1976,2,2
1991,2,130407,1,2,2,2,1,1,3,4,2,3,1984,2,2
1991,1,130408,4,2,2,2,1,1,3,4,2,3,1989,2,2
1991,1,130409,4,2,2,2,1,1,3,4,2,3,1988,2,2
1991,1,130410,1,3,3,2,1,1,3,4,2,3,1980,2,2
1991,2,130410,1,2,2,2,1,1,3,4,2,3,1981,2,2
1991,1,130411,1,2,2,2,1,1,3,4,2,3,1984,2,2
1991,2,130411,1,5,5,2,1,1,3,4,2,3,1979,2,2
1991,1,130412,1,4,4,1,1,1,3,4,2,3,1977,2,2
1991,2,130412,2,2,2,2,2,2,3,4,2,3,1985,2,2
1991,1,130413,9,5,5,2,1,1,3,4,2,3,1988,2,2
1991,1,130414,2,2,2,2,1,1,3,4,2,3,1973,2,2
1991,2,130414,1,2,2,2,1,1,3,4,2,3,1986,2,2
1991,1,130415,2,3,3,2,1,1,3,4,2,3,1989,2,2
1991,2,130415,2,2,2,2,1,1,3,4,2,3,1982,2,2
1991,1,130416,1,2,2,2,1,1,3,4,2,3,1990,2,2
1991,2,130416,4,2,2,1,1,1,3,4,2,3,1990,2,2
1991,1,130417,1,2,2,2,1,1,3,4,1,3,1982,2,2
1991,2,130417,2,2,2,2,1,1,3,4,2,3,1991,2,2
1991,1,130418,2,2,2,1,1,1,3,4,2,3,1969,2,2
1991,1,130419,1,2,2,1,1,1,3,4,1,3,1988,2,2
1991,1,130420,9,2,6,1,2,2,3,4,1,3,1991,2,2
1991,1,130421,1,6,6,2,1,1,3,4,2,3,1974,2,2
1991,1,130422,2,2,2,1,1,1,3,4,2,3,1988,2,2
1991,1,130423,1,6,2,2,1,1,3,4,2,3,1973,2,2
1991,1,130424,1,3,3,1,1,1,3,4,1,3,1987,2,2
1991,2,130424,2,2,2,2,1,1,3,4,2,3,1988,2,2
1991,1,130425,1,2,2,2,1,1,3,4,2,3,1985,2,2
1991,2,130425,1,5,5,2,1,1,3,4,2,3,1985,2,2
1991,1,130426,2,5,5,1,1,1,3,4,1,3,9999,2,2
1991,2,130426,6,5,5,2,1,1,3,4,2,3,1986,2,2
1991,3,130426,6,2,2,2,1,1,3,4,2,3,1988,2,2
1991,4,130426,9,2,2,2,1,1,3,4,2,3,1989,2,2
1991,5,130426,2,7,7,2,1,1,3,4,2,3,1989,2,2
1991,1,130427,1,2,2,2,2,2,3,4,2,3,1978,2,2
1991,1,130428,1,2,2,1,1,1,3,4,2,3,1990,2,2
1991,1,130429,2,2,2,2,2,2,3,4,2,3,1986,2,2
1991,2,130429,1,4,4,2,1,1,3,4,1,3,1987,2,2
1991,1,130430,1,2,2,2,1,1,3,4,2,3,1986,2,2
1991,1,130431,1,2,2,2,1,1,3,4,2,3,1981,2,2
1991,2,130431,1,5,3,2,1,1,3,4,2,3,1985,2,2
1991,3,130431,1,5,5,2,1,1,3,4,2,3,1978,2,2
1991,4,130431,2,2,2,2,3,3,3,4,2,3,1977,2,2
1991,1,130432,9,2,2,2,3,3,3,4,2,3,9999,2,2
1991,1,130433,9,2,2,2,3,3,3,4,2,3,9999,2,2
1991,1,130434,1,2,2,2,1,1,3,4,2,3,1988,2,2
1991,2,130434,1,3,3,1,1,1,3,4,2,3,1985,2,2
1991,1,130435,1,3,3,2,1,1,3,4,2,3,1987,2,2
1991,1,130436,1,6,6,1,1,1,3,4,2,3,1986,2,2
1991,1,130437,1,2,2,2,1,1,3,4,2,3,1971,2,2
1991,1,130438,1,5,5,2,1,1,3,4,2,3,1979,2,2
1991,2,130438,2,2,3,2,1,1,3,4,2,3,1979,2,2
1991,3,130438,1,2,2,2,1,1,3,4,2,3,1982,2,2
1991,1,130439,1,2,2,2,1,1,3,4,2,3,1981,2,2
1991,1,130440,1,2,2,2,1,1,3,4,2,3,1982,2,2
1991,2,130440,1,2,2,2,1,1,3,4,2,3,1982,2,2
1991,1,130441,2,1,1,1,1,1,3,4,1,3,1987,2,2
1991,1,130442,1,5,5,1,1,1,3,4,2,3,1985,2,2
1991,1,130443,2,2,2,1,2,2,3,4,2,3,1986,2,2
1991,1,130444,6,5,5,2,1,1,3,4,2,3,1989,2,2
1991,2,130444,2,2,6,2,1,1,3,4,2,3,1983,2,2
1991,1,130445,6,2,2,2,1,1,3,4,2,3,1983,2,2
1991,2,130445,1,5,3,2,1,1,3,4,2,3,1989,2,2
1991,1,130446,2,2,2,2,1,1,3,4,2,3,1990,2,2
1991,2,130446,7,2,2,2,4,1,3,1,2,3,1984,2,2
1991,1,130447,1,2,2,2,1,1,3,4,2,3,1989,2,2
1991,1,130448,1,2,2,2,1,1,3,4,2,3,1983,2,2
1991,1,130449,1,2,2,2,1,1,3,4,2,3,1981,2,2
1991,2,130449,4,2,2,2,1,1,3,4,2,3,1985,2,2
1991,1,130450,1,3,3,2,1,1,3,4,1,3,1990,2,2
1991,1,130451,2,3,3,2,1,1,3,4,2,3,1988,2,2
1991,2,130451,7,2,2,2,4,1,3,1,2,3,1982,2,2
1991,1,130452,2,1,1,2,1,1,3,4,2,3,1979,2,2
1991,1,130453,1,3,3,2,1,1,3,4,2,3,1990,2,2
1991,2,130453,1,2,2,2,1,1,3,4,2,3,1982,2,2
1991,1,130454,2,2,2,2,1,1,3,4,2,3,1974,2,2
1991,1,130455,2,3,3,2,1,1,3,4,2,3,1987,2,2
1991,2,130455,7,2,2,2,4,2,3,2,1,3,1984,2,2
1991,1,130456,1,5,5,1,1,1,3,4,2,3,1986,2,2
1991,2,130456,1,5,5,2,1,1,3,4,2,3,1949,2,2
1991,1,130457,7,2,2,2,4,1,3,1,2,3,1990,2,2
1991,2,130457,7,2,2,2,4,1,3,1,2,3,1987,2,2
1991,1,130458,2,2,2,1,1,1,3,4,2,3,1990,2,2
1991,1,130459,1,2,2,1,1,1,3,4,1,3,1989,2,2
1991,1,130460,4,2,2,2,1,1,3,4,2,3,1991,2,2
1991,1,130461,2,1,1,2,1,1,3,4,2,3,1977,2,2
1991,1,130462,1,2,2,2,1,1,3,4,1,3,1981,2,2
1991,1,130463,1,2,2,2,1,1,3,4,2,3,1988,2,2
1991,2,130463,3,2,2,2,1,1,3,4,2,3,1980,2,2
1991,1,130464,1,2,2,2,1,1,3,4,2,3,1988,2,2
1991,2,130464,1,2,2,2,1,1,3,4,1,3,1988,2,2
1991,1,130466,1,2,2,2,2,2,3,4,2,3,1980,2,2
1991,2,130466,1,2,2,2,1,1,3,4,2,3,1988,2,2
1991,1,130467,1,3,3,2,1,1,3,4,2,3,1984,2,2
1991,2,130467,1,2,2,2,1,1,3,4,2,3,1981,2,2
1991,1,130468,1,2,2,2,1,1,3,4,2,3,1984,2,2
1991,2,130468,1,2,2,2,1,1,3,4,2,3,1989,2,2
1991,1,130469,1,5,5,2,1,1,3,4,2,3,1974,2,2
1991,2,130469,7,2,2,2,4,1,3,1,2,3,1989,2,2
1991,1,130470,1,2,2,2,1,1,3,4,2,3,1987,2,2
1991,2,130470,1,2,2,2,1,1,3,4,2,3,1991,2,2
1991,1,130471,9,1,1,1,1,1,3,4,2,3,1976,2,2
1991,1,130472,3,2,3,2,1,1,3,4,2,3,1990,2,2
1991,1,130473,3,5,5,1,1,1,3,4,1,3,1980,2,2
1991,1,130474,1,2,2,2,1,1,3,4,2,3,1990,2,2
1991,1,130475,4,2,2,2,1,1,3,4,2,3,1990,2,2
1991,2,130475,1,3,3,2,3,3,3,4,2,3,1976,2,2
1991,1,130476,1,5,5,2,1,1,3,4,2,3,1989,2,2
1991,2,130476,1,2,2,2,1,1,3,4,2,3,1979,2,2
1991,1,130477,1,2,2,2,1,1,3,4,2,3,1989,2,2
1991,2,130477,1,5,5,2,1,1,3,4,2,3,1988,2,2
1991,3,130477,2,2,2,2,1,1,3,4,2,3,1969,2,2
1991,1,130478,1,5,5,2,2,2,3,4,2,3,1977,2,2
1991,1,130479,1,3,3,2,2,2,3,4,2,3,1979,2,2
1991,1,130480,2,1,1,1,1,1,3,4,1,3,1986,2,2
1991,1,130481,1,2,2,1,2,2,3,4,1,3,1985,2,2
1991,1,130482,1,2,2,2,1,1,3,4,2,3,1985,2,2
1991,1,130483,1,2,2,2,1,1,3,4,2,3,1990,2,2
1991,1,130484,6,3,3,2,1,1,3,4,2,3,1985,2,2
1991,2,130484,1,2,2,2,1,1,3,4,2,3,1979,2,2
1991,1,130485,7,2,2,2,4,2,3,2,1,3,1991,2,2
1991,1,130486,7,5,5,2,4,2,3,2,1,3,1991,2,2
1991,1,130487,6,5,5,1,1,2,3,4,2,3,1984,2,2
1991,2,130487,1,2,2,2,1,1,3,4,2,3,1987,2,2
1991,1,130488,2,5,5,2,1,1,3,4,2,3,1985,2,2
1991,2,130488,1,3,3,2,1,1,3,4,2,3,1990,2,2
1991,3,130488,1,2,2,2,1,1,3,4,2,3,1987,2,2
1991,4,130488,2,5,5,2,1,1,3,4,2,3,1972,2,2
1991,5,130488,1,2,2,2,1,1,3,4,2,3,1991,2,2
1991,6,130488,1,6,6,2,1,1,3,4,2,3,1987,2,2
1991,7,130488,1,5,5,2,1,1,3,4,2,3,1983,2,2
1991,1,130489,1,2,2,1,1,1,3,4,2,3,1989,2,2
1991,1,130490,1,2,2,2,2,2,3,4,2,3,1981,2,2
1991,2,130490,1,2,2,2,1,1,3,4,2,3,1988,2,2
1991,1,130491,1,6,5,2,1,1,3,4,2,3,1980,2,2
1991,1,130492,1,5,5,2,1,1,3,4,2,3,1979,2,2
1991,1,130495,3,2,2,1,1,1,3,4,2,3,1975,2,2
1991,1,130496,7,1,1,2,4,1,3,1,2,3,1961,2,2
1991,1,130497,1,2,2,2,1,1,3,4,2,3,1978,2,2
1991,1,130498,2,2,2,2,1,1,3,4,2,3,1988,2,2
1991,1,130499,1,6,6,1,3,3,3,4,2,3,1983,2,2
1991,1,130500,1,3,3,2,2,2,3,4,2,3,1988,2,2
1991,2,130500,1,2,2,2,1,1,3,4,2,3,1987,2,2
1991,1,130501,1,5,2,2,1,1,3,4,2,3,1985,2,2
1991,1,130502,1,2,2,1,1,1,3,4,2,3,1987,2,2
1991,2,130502,1,2,2,2,1,1,3,4,2,3,1991,2,2
1991,1,130503,1,5,5,2,1,1,3,4,2,3,1988,2,2
1991,2,130503,1,2,2,2,1,1,3,4,2,3,1985,2,2
1991,1,130504,1,3,3,2,1,1,3,4,1,3,1988,2,2
1991,1,130505,1,2,2,1,1,1,3,4,1,3,1987,2,2
1991,1,130506,2,5,5,2,1,1,3,4,2,3,1987,2,2
1991,2,130506,6,2,5,2,1,2,3,4,2,3,1985,2,2
1991,1,130507,1,2,2,2,1,1,3,4,1,3,1973,2,2
1991,1,130508,1,2,2,2,1,1,3,4,2,3,1984,2,2
1991,1,130509,1,5,5,2,1,1,3,4,2,3,1978,2,2
1991,1,130510,1,2,2,2,1,1,3,4,2,3,1984,2,2
1991,2,130510,2,3,3,1,1,1,3,4,2,3,1990,2,2
1991,1,130511,2,4,2,2,1,1,3,4,2,3,1988,2,2
1991,2,130511,2,2,2,2,1,1,3,4,1,3,1987,2,2
1991,1,130512,2,2,2,2,1,1,3,4,2,3,1972,2,2
1991,2,130512,1,2,2,2,1,1,3,4,2,3,1986,2,2
1991,1,130513,1,5,5,2,1,1,3,4,1,3,1990,2,2
1991,1,130514,2,5,5,2,3,3,3,4,1,3,1979,2,2
1991,1,130515,1,2,2,2,1,1,3,4,2,3,1987,2,2
1991,2,130515,6,2,2,2,1,1,3,4,2,3,1990,2,2
1991,1,130516,7,2,2,2,4,1,3,1,2,3,1990,2,2
1991,2,130516,9,2,3,1,1,1,3,4,2,3,1976,2,2
1991,1,130517,1,2,2,2,1,1,3,4,2,3,1988,2,2
1991,1,130518,1,2,2,2,1,1,3,4,2,3,1987,2,2
1991,1,130519,1,2,3,2,1,1,3,4,1,3,1990,2,2
1991,1,130520,2,2,2,1,1,1,3,4,2,3,1987,2,1
1991,1,130521,2,1,1,1,1,1,3,4,2,3,1985,2,2
1991,1,130522,1,1,1,1,1,1,3,4,2,3,1982,2,2
1991,1,130523,1,2,2,2,1,1,3,4,2,3,1988,2,2
1991,1,130524,1,3,3,2,1,1,3,4,1,3,1985,2,2
1991,1,130525,1,2,2,2,1,1,3,4,2,3,1988,2,1
1991,1,130526,2,2,2,2,1,1,3,4,2,3,1973,2,2
1991,2,130526,3,2,2,2,1,1,3,4,2,3,1979,2,2
1991,1,130527,2,5,5,2,1,1,3,4,1,3,1989,2,2
1991,1,130528,1,2,2,2,1,1,3,4,2,3,1981,2,2
1991,1,130529,2,2,2,1,2,2,3,4,2,3,1986,2,2
1991,1,130530,2,2,2,2,1,1,3,4,2,3,1982,2,2
1991,1,130531,3,1,1,1,1,1,3,4,2,3,1988,2,2
1991,1,130532,1,5,5,2,1,1,3,4,2,3,1987,2,2
1991,1,130533,1,2,2,1,1,1,3,4,2,3,1987,2,2
1991,2,130533,1,2,2,2,1,1,3,4,2,3,1981,2,2
1991,1,130534,1,2,3,1,1,1,3,4,1,3,1984,2,2
1991,1,130535,1,1,1,1,2,2,3,4,1,3,1989,2,2
1991,1,130536,1,5,5,1,1,1,3,4,2,3,1981,2,2
1991,1,130537,6,2,2,2,1,1,3,4,2,3,1976,2,2
1991,2,130537,1,3,3,2,1,1,3,4,2,3,1986,2,2
1991,1,130538,3,5,5,2,1,1,3,4,1,3,1987,2,2
1991,2,130538,6,2,2,2,1,1,3,4,2,3,1975,2,2
1991,1,130539,6,4,4,2,2,2,3,4,2,3,1978,2,2
1991,2,130539,1,2,2,2,1,1,3,4,2,3,1991,2,2
1991,1,130540,1,1,1,1,2,2,3,4,2,3,1978,2,2
1991,1,130541,2,1,1,1,2,2,3,4,1,3,1983,2,2
1991,1,130542,1,5,5,2,1,1,3,4,2,3,1978,2,2
1991,2,130542,1,2,2,2,1,1,3,4,2,3,1975,2,2
1991,1,130543,7,3,2,2,4,1,3,1,2,3,1982,2,2
1991,2,130543,6,2,2,2,1,1,3,4,2,3,1985,2,2
1991,3,130543,1,2,2,2,1,1,3,4,2,3,1983,2,2
1991,1,130544,1,2,5,2,1,1,3,4,2,3,1988,2,2
1991,1,130545,1,2,2,2,1,1,3,4,2,3,1984,2,2
1991,2,130545,1,5,5,2,2,2,3,4,1,3,1976,2,2
1991,1,130546,7,2,2,2,4,1,3,1,2,3,1986,2,2
1991,2,130546,2,2,2,2,1,1,3,4,2,3,1980,2,2
1991,1,130547,2,2,2,2,1,1,3,4,2,3,1984,2,2
1991,1,130548,3,2,2,2,1,1,3,4,1,3,1990,2,2
1991,2,130548,1,2,2,2,1,1,3,4,2,3,1978,2,2
1991,1,130549,1,2,2,2,1,1,3,4,2,3,1989,2,2
1991,2,130549,1,2,2,2,1,1,3,4,2,3,1988,2,2
1991,1,130550,1,5,5,2,2,2,3,4,2,3,1983,2,2
1991,2,130550,6,5,5,2,1,1,3,4,2,3,1988,2,2
1991,1,130551,1,2,2,2,3,3,3,4,2,3,1982,2,2
1991,1,130552,7,2,2,2,4,1,3,1,1,3,1989,2,2
1991,1,130553,1,3,3,2,1,1,3,4,2,3,1986,2,2
1991,2,130553,6,2,2,2,1,1,3,4,2,3,1989,2,2
1991,1,130554,2,2,2,1,1,1,3,4,1,3,1966,2,2
1991,1,130555,3,3,3,1,1,1,3,4,2,3,1986,2,2
1991,2,130555,2,4,4,2,1,1,3,4,2,3,1975,2,2
1991,3,130555,6,2,2,1,1,1,3,4,2,3,1986,2,2
1991,1,130556,1,3,3,2,1,1,3,4,2,3,1980,2,2
1991,2,130556,1,2,2,2,1,1,3,4,2,3,1983,2,2
1991,1,130557,2,2,2,2,1,1,3,4,2,3,1982,2,2
1991,2,130557,1,2,2,2,1,1,3,4,2,3,1992,2,2
1991,3,130557,2,2,2,2,1,1,3,4,2,3,1981,2,2
1991,1,130558,2,2,2,2,1,1,3,4,2,3,1984,2,2
1991,1,130559,3,2,2,2,1,1,3,4,2,3,1987,2,2
1991,2,130559,1,2,2,2,1,1,3,4,2,3,1973,2,2
1991,1,130560,1,3,3,2,1,1,3,4,1,3,1967,2,2
1991,2,130560,1,2,2,2,1,1,3,4,2,3,1985,2,2
1991,1,130561,2,2,2,2,1,1,3,4,2,3,1982,2,2
1991,2,130561,1,4,4,2,1,1,3,4,2,3,1979,2,2
1991,3,130561,1,4,4,2,1,1,3,4,2,3,1981,2,2
1991,1,130562,1,2,2,1,1,1,3,4,2,3,1983,2,2
1991,1,130563,2,2,2,2,1,1,3,4,1,3,1972,2,2
1991,2,130563,1,2,2,2,1,1,3,4,2,3,1987,2,2
1991,1,130564,1,2,2,2,1,1,3,4,2,3,1987,2,2
1991,2,130564,6,2,2,2,1,1,3,4,2,3,1985,2,2
1991,1,130565,1,2,2,2,1,1,3,4,2,3,1989,2,1
1991,1,130566,1,2,2,2,1,1,3,4,2,3,1984,2,2
1991,2,130566,1,5,5,2,1,1,3,4,2,3,1986,2,2
1991,1,130567,1,2,2,1,2,2,3,4,2,3,1974,2,2
1991,1,130568,1,2,2,2,1,1,3,4,2,3,1972,2,2
1991,1,130569,1,2,2,2,3,3,3,4,2,3,9999,2,2
1991,1,130571,3,1,1,1,1,1,3,4,2,3,1974,2,2
1991,1,130572,1,2,2,2,1,1,3,4,2,3,1983,2,2
1991,2,130572,2,4,4,1,1,1,3,4,2,3,1988,2,2
1991,1,130573,2,3,3,2,1,1,3,4,2,3,1988,2,2
1991,1,130574,1,5,5,2,1,1,3,4,1,3,1985,2,2
1991,1,130575,1,3,6,1,1,1,3,4,1,3,1987,2,2
1991,2,130575,3,5,5,2,1,1,3,4,2,3,1984,2,2
1991,1,130576,1,3,3,2,1,1,3,4,2,3,1981,2,2
1991,2,130576,4,2,2,2,1,1,3,4,2,3,1991,2,2
1991,1,130577,1,2,2,1,2,2,3,4,1,3,1985,2,2
1991,2,130577,1,4,4,2,1,1,3,4,2,3,1977,2,2
1991,1,130578,1,2,4,1,3,3,3,4,2,3,1989,2,2
1991,2,130578,1,2,2,2,2,2,3,4,2,3,1978,2,2
1991,1,130579,1,2,2,2,2,2,3,4,2,3,1980,2,2
1991,2,130579,2,2,2,2,1,1,3,4,2,3,1983,2,2
1991,1,130580,4,2,2,2,1,1,3,4,2,3,1975,2,2
1991,2,130580,1,5,5,2,1,1,3,4,2,3,1988,2,2
1991,1,130581,1,3,2,2,1,1,3,4,1,3,1990,2,2
1991,1,130582,1,2,2,2,1,1,3,4,2,3,1982,2,2
1991,2,130582,2,2,2,2,1,1,3,4,2,3,1969,2,2
1991,1,130583,1,2,2,2,1,1,3,4,2,3,1977,2,2
1991,1,130584,1,3,3,2,2,2,3,4,1,3,1976,2,2
1991,1,130585,1,2,2,2,1,1,3,4,1,3,1983,2,2
1991,1,130586,2,6,6,1,2,2,3,4,2,3,1976,2,2
1991,1,130587,2,2,6,1,1,1,3,4,2,3,1990,2,2
1991,1,130589,6,2,2,2,1,1,3,4,2,3,1985,2,2
1991,2,130589,1,5,5,2,1,1,3,4,2,3,1986,2,2
1991,1,130590,1,3,3,2,1,1,3,4,2,3,1978,2,2
1991,2,130590,6,2,2,2,1,1,3,4,2,3,1976,2,2
1991,1,130591,1,2,2,2,1,1,3,4,2,3,1988,2,2
1991,2,130591,1,4,3,2,1,1,3,4,2,3,1988,2,2
1991,3,130591,1,2,2,2,1,1,3,4,2,3,1990,2,2
1991,1,130592,9,2,2,2,1,1,3,4,1,3,1989,2,2
1991,2,130592,2,2,2,2,1,1,3,4,2,3,1988,2,2
1991,1,130593,1,5,5,2,1,1,3,4,2,3,1989,2,2
1991,2,130593,4,2,2,2,1,1,3,4,2,3,1991,2,2
1991,1,130594,1,6,6,2,1,1,3,4,2,3,1990,2,2
1991,1,130595,9,7,7,2,3,3,3,4,2,3,9999,2,2
1991,1,130596,1,3,3,2,2,2,3,4,1,3,1986,2,2
1991,2,130596,2,2,2,2,1,1,3,4,2,3,1980,2,2
1991,1,130597,2,5,5,1,1,1,3,4,2,3,1980,2,2
1991,2,130597,1,2,2,2,1,1,3,4,2,3,1985,2,2
1991,1,130599,7,2,2,2,4,1,3,1,1,3,1991,2,2
1991,2,130599,9,2,2,2,2,2,3,4,1,3,9999,2,2
1991,3,130599,1,2,2,2,1,1,3,4,2,3,1988,2,2
1991,1,130600,1,1,1,1,1,1,3,4,1,3,1988,2,2
1991,1,130601,7,2,2,2,4,1,3,1,1,3,1989,2,2
1991,1,130602,1,3,6,1,1,1,3,4,2,3,1982,2,2
1991,1,130604,2,2,2,1,1,1,3,4,2,3,1984,2,2
1991,1,130605,1,2,2,2,1,1,3,4,2,3,1989,2,2
1991,2,130605,2,5,5,2,1,1,3,4,2,3,1985,2,2
1991,3,130605,1,3,3,2,1,1,3,4,2,3,1965,2,2
1991,1,130606,1,2,3,2,1,1,3,4,2,3,1989,2,2
1991,1,130608,1,2,2,2,1,1,3,4,2,3,1986,2,2
1991,1,130609,1,2,2,1,1,1,3,4,1,3,1982,2,2
1991,1,130611,1,2,2,2,1,1,3,4,2,3,1978,2,2
1991,2,130611,1,2,2,2,1,1,3,4,2,3,1988,2,2
1991,1,130612,1,2,2,1,1,1,3,4,1,3,1987,2,2
1991,1,130613,1,2,2,1,1,1,3,4,1,3,1991,2,2
1991,1,130614,1,2,2,2,1,1,3,4,2,3,1990,2,2
1991,1,130615,1,2,2,2,1,1,3,4,2,3,1969,2,2
1991,1,130616,1,3,6,1,1,1,3,4,2,3,1987,2,2
1991,1,130618,1,2,2,2,1,1,3,4,2,3,1988,2,2
1991,2,130618,1,2,2,2,1,1,3,4,2,3,1983,2,2
1991,1,130620,1,2,2,2,1,1,3,4,2,3,1982,2,2
1991,2,130620,3,2,2,2,1,1,3,4,2,3,1989,2,2
1991,1,130621,6,2,3,1,1,1,3,4,2,3,1973,2,2
1991,1,130622,4,2,2,2,1,1,3,4,2,3,1977,2,2
1991,2,130622,1,2,2,2,1,1,3,4,2,3,1990,2,2
1991,1,130623,1,4,4,2,1,1,3,4,2,3,1986,2,2
1991,2,130623,2,2,2,2,1,1,3,4,1,3,1984,2,2
1991,3,130623,6,2,2,2,1,1,3,4,2,3,1972,2,2
1991,1,130624,3,2,2,2,1,1,3,4,2,3,1988,2,2
1991,1,130625,2,1,1,2,1,1,3,4,2,3,1981,2,2
1991,1,130626,7,2,2,2,4,1,3,1,1,3,1990,2,2
1991,2,130626,1,5,5,2,1,1,3,4,2,3,1982,2,2
1991,1,130627,2,2,2,2,1,1,3,4,2,3,1985,2,2
1991,1,130628,2,2,2,2,1,1,3,4,2,3,1983,2,2
1991,2,130628,1,2,2,1,1,1,3,4,2,3,1989,2,2
1991,3,130628,1,2,2,2,1,1,3,4,2,3,1990,2,2
1991,1,130629,1,5,5,1,1,1,3,4,1,3,1982,2,2
1991,1,130630,2,2,2,2,1,1,3,4,2,3,1987,2,2
1991,2,130630,1,2,2,2,1,1,3,4,1,3,1986,2,2
1991,1,130631,2,2,2,1,1,1,3,4,1,3,1984,2,2
1991,1,130632,1,2,2,2,1,1,3,4,2,3,1965,2,2
1991,1,130633,1,2,2,2,1,1,3,4,2,3,1989,2,2
1991,2,130633,1,2,2,2,1,1,3,4,2,3,1984,2,2
1991,1,130634,1,1,1,1,2,2,3,4,2,3,1986,2,2
1991,1,130635,1,2,2,2,1,1,3,4,2,3,1988,2,2
1991,2,130635,1,5,5,2,1,1,3,4,2,3,1990,2,2
1991,1,130636,4,2,2,2,1,1,3,4,1,3,1986,2,2
1991,2,130636,1,2,2,2,1,1,3,4,2,3,1984,2,2
1991,1,130637,6,2,2,2,1,1,3,4,2,3,1985,2,2
1991,2,130637,1,2,2,2,2,2,3,4,2,3,1983,2,2
1991,1,130638,1,3,3,2,1,1,3,4,2,3,1981,2,2
1991,2,130638,2,2,2,2,1,1,3,4,2,3,1990,2,2
1991,1,130639,1,2,2,2,1,1,3,4,2,3,1981,2,2
1991,1,130640,1,3,3,2,1,1,3,4,1,3,1975,2,2
1991,2,130640,2,2,2,2,1,1,3,4,2,3,1991,2,2
1991,1,130641,6,2,2,2,1,1,3,4,2,3,1986,2,2
1991,1,130642,2,2,2,2,1,1,3,4,2,3,1989,2,2
1991,2,130642,2,4,5,2,3,3,3,4,2,3,1980,2,2
1991,1,130643,1,1,1,1,1,1,3,4,2,3,1983,2,2
1991,1,130644,1,2,2,2,2,2,3,4,2,3,1984,2,2
1991,2,130644,3,2,2,2,1,1,3,4,2,3,1978,2,2
1991,1,130645,9,7,7,2,3,3,3,4,2,3,9999,2,2
1991,1,130646,1,2,2,2,1,1,3,4,2,3,1978,2,2
1991,2,130646,4,5,5,2,1,1,3,4,2,3,1985,2,2
1991,1,130647,6,2,2,2,1,1,3,4,2,3,1988,2,2
1991,2,130647,1,5,5,2,1,1,3,4,2,3,1987,2,2
1991,1,130648,3,2,2,2,1,1,3,4,2,3,1990,2,2
1991,2,130648,1,5,5,2,1,1,3,4,2,3,1985,2,2
1991,1,130649,1,2,2,2,1,1,3,4,2,3,1990,2,2
1991,1,130650,1,2,2,2,2,2,3,4,1,3,1979,2,2
1991,2,130650,1,2,2,2,1,1,3,4,2,3,1990,2,2
1991,1,130651,1,5,5,2,1,1,3,4,2,3,1989,2,2
1991,2,130651,6,2,2,2,1,1,3,4,2,3,1988,2,2
1991,1,130652,1,3,3,2,2,2,3,4,1,3,1981,2,2
1991,1,130653,2,2,2,1,2,2,3,4,2,3,1988,2,2
1991,1,130654,2,5,5,1,2,2,3,4,2,3,1978,2,2
1991,2,130654,9,2,2,2,3,3,3,4,2,3,9999,2,2
1991,1,130655,1,2,2,1,1,1,3,4,2,3,1985,2,2
1991,1,130656,1,4,4,2,3,3,3,4,2,3,1970,2,2
1991,2,130656,1,2,3,2,1,2,3,4,2,3,1986,2,2
1991,1,130657,2,2,2,1,2,2,3,4,1,3,1988,2,2
1991,1,130658,1,2,2,2,1,1,3,4,2,3,1988,2,2
1991,1,130659,2,2,2,2,1,1,3,4,2,3,1990,2,2
1991,2,130659,2,2,2,2,1,1,3,4,2,3,1981,2,2
1991,1,130661,6,6,6,1,1,1,3,4,2,3,1970,2,2
1991,1,130662,1,2,2,2,1,1,3,4,2,3,1989,2,2
1991,1,130663,1,2,2,2,1,1,3,4,2,3,1987,2,2
1991,1,130664,1,5,5,2,3,3,3,4,2,3,1988,2,2
1991,2,130664,1,2,2,2,1,1,3,4,2,3,1985,2,2
1991,1,130665,7,2,2,2,4,2,3,2,2,3,1980,2,2
1991,2,130665,6,5,5,2,1,1,3,4,2,3,1983,2,2
1991,1,130666,1,2,2,2,1,1,3,4,2,3,1985,2,2
1991,2,130666,6,2,2,2,1,1,3,4,2,3,1990,2,2
1991,1,130667,4,4,4,2,1,1,3,4,2,3,1977,2,2
1991,2,130667,1,2,2,2,1,1,3,4,2,3,1983,2,2
1991,1,130668,1,1,1,1,1,1,3,4,1,3,1991,2,2
1991,1,130669,1,3,3,2,1,1,3,4,2,3,1988,2,2
1991,2,130669,1,6,6,2,1,1,3,4,2,3,1982,2,2
1991,1,130670,4,2,2,1,1,1,3,4,2,3,1990,2,2
1991,2,130670,1,2,2,2,1,1,3,4,2,3,1986,2,2
1991,1,130671,1,6,2,2,1,1,3,4,2,3,1991,2,2
1991,1,130672,2,2,2,2,1,1,3,4,2,3,1988,2,2
1991,1,130673,7,2,2,2,4,1,3,1,2,3,1981,2,2
1991,1,130674,2,2,2,2,1,1,3,4,2,3,1983,2,2
1991,2,130674,1,2,2,2,1,1,3,4,2,3,1990,2,2
1991,3,130674,1,2,2,2,1,1,3,4,2,3,1989,2,2
1991,1,130675,2,2,2,1,1,1,3,4,2,3,1983,2,2
1991,1,130676,2,2,2,2,1,1,3,4,1,3,1988,2,2
1991,1,130678,1,2,3,2,2,2,3,4,1,3,1984,2,2
1991,1,130679,4,2,2,2,1,1,3,4,2,3,1991,2,2
1991,2,130679,9,4,4,2,1,1,3,4,2,3,1983,2,2
1991,1,130680,1,2,2,2,1,1,3,4,2,3,1969,2,2
1991,1,130681,1,3,3,2,1,1,3,4,2,3,1986,2,2
1991,2,130681,1,2,2,2,1,1,3,4,2,3,1990,2,2
1991,1,130682,1,6,6,2,1,1,3,4,2,3,1978,2,2
1991,1,130683,1,2,2,2,1,1,3,4,2,3,1981,2,2
1991,2,130683,1,5,5,1,1,1,3,4,2,3,1987,2,2
1991,1,130684,2,2,2,2,1,1,3,4,2,3,1989,2,2
1991,2,130684,4,2,2,2,1,1,3,4,2,3,1988,2,2
1991,1,130685,2,2,2,2,1,1,3,4,2,3,1976,2,2
1991,2,130685,2,2,2,2,1,1,3,4,2,3,1984,2,2
1991,1,130686,1,5,5,1,1,1,3,4,1,3,1984,2,2
1991,1,130687,6,2,2,2,1,1,3,4,2,3,1980,2,2
1991,2,130687,2,3,3,2,1,1,3,4,2,3,1979,2,2
1991,1,130688,7,2,2,2,4,1,3,1,2,3,1989,2,2
1991,1,130689,7,2,2,2,4,2,3,2,2,3,1980,2,2
1991,1,130690,2,2,2,2,1,1,3,4,2,3,1988,2,2
1991,2,130690,6,2,2,2,1,1,3,4,2,3,1977,2,2
1991,1,130691,1,3,3,2,1,1,3,4,2,3,1990,2,2
1991,2,130691,1,2,2,2,1,1,3,4,2,3,1991,2,2
1991,1,130692,1,4,4,2,1,1,3,4,2,3,1988,2,2
1991,1,130693,1,2,2,2,1,1,3,4,2,3,1982,2,2
1991,1,130694,1,5,5,2,1,1,3,4,1,3,1987,2,2
1991,1,130695,2,3,5,2,1,1,3,4,2,3,1972,2,2
1991,1,130696,2,3,3,2,1,1,3,4,2,3,1986,2,2
1991,2,130696,7,2,2,2,4,2,3,2,2,3,1991,2,2
1991,1,130697,7,2,2,2,4,1,3,1,2,3,1982,2,2
1991,1,130698,1,5,5,2,1,1,3,4,2,3,1984,2,2
1991,1,130699,7,2,2,2,4,1,3,1,2,3,1991,2,2
1991,1,130700,6,2,2,2,1,1,3,4,2,3,1986,2,2
1991,2,130700,1,3,3,2,1,1,3,4,2,3,1982,2,2
1991,1,130701,1,2,2,2,2,2,3,4,2,3,1989,2,2
1991,2,130701,9,2,2,2,2,2,3,4,2,3,9999,2,2
1991,1,130702,1,2,2,2,1,1,3,4,2,3,1982,2,2
1991,1,130703,1,3,3,2,1,1,3,4,1,3,1990,2,2
1991,2,130703,1,2,2,2,1,1,3,4,2,3,1986,2,2
1991,1,130704,1,2,2,2,1,1,3,4,2,3,1984,2,2
1991,2,130704,1,2,2,2,1,1,3,4,2,3,1988,2,2
1991,1,130706,1,2,2,1,1,1,3,4,2,3,1988,2,2
1991,2,130706,1,2,2,2,1,1,3,4,2,3,1989,2,2
1991,1,130707,1,5,5,1,1,1,3,4,2,3,1978,2,2
1991,1,130708,1,4,5,2,2,2,3,4,2,3,1986,2,2
1991,1,130709,2,4,4,2,1,1,3,4,2,3,1990,2,2
1991,2,130709,1,2,2,2,1,1,3,4,2,3,1983,2,2
1991,1,130710,1,2,2,2,1,1,3,4,2,3,1980,2,2
1991,1,130711,1,4,5,2,2,2,3,4,1,3,1976,2,2
1991,1,130712,1,2,2,2,1,1,3,4,2,3,1986,2,2
1991,2,130712,4,2,2,2,3,3,3,4,2,3,1977,2,2
1991,1,130713,2,2,2,2,1,1,3,4,2,3,1985,2,2
1991,1,130714,1,2,2,2,1,1,3,4,2,3,1979,2,2
1991,1,130715,1,3,3,2,1,1,3,4,2,3,1969,2,2
1991,2,130715,4,2,2,1,1,1,3,4,2,3,9999,2,2
1991,1,130716,3,1,1,1,1,1,3,4,2,3,1986,2,2
1991,1,130717,3,2,2,2,1,1,3,4,2,3,1977,2,2
1991,1,130718,1,2,2,2,1,1,3,4,2,3,1984,2,2
1991,2,130718,1,2,2,2,1,1,3,4,2,3,1979,2,2
1991,1,130719,1,2,2,2,2,2,3,4,1,3,1988,2,2
1991,1,130720,1,2,2,1,1,1,3,4,1,3,1977,2,2
1991,1,130721,6,2,2,2,1,1,3,4,2,3,1978,2,2
1991,2,130721,1,5,5,2,1,1,3,4,2,3,1983,2,2
1991,1,130722,7,3,2,2,4,1,3,1,2,3,1990,2,2
1991,1,130723,1,5,5,2,1,1,3,4,2,3,1983,2,2
1991,2,130723,2,2,2,2,1,1,3,4,2,3,1986,2,2
1991,1,130725,2,2,2,2,1,1,3,4,2,3,1983,2,2
1991,2,130725,1,2,2,2,1,1,3,4,2,3,1977,2,2
1991,1,130726,2,1,1,1,1,1,3,4,1,3,1982,2,2
1991,1,130727,1,2,2,2,1,1,3,4,2,3,1980,2,2
1991,2,130727,1,2,2,2,1,1,3,4,2,3,1989,2,2
1991,1,130728,1,4,4,1,1,1,3,4,1,3,1988,2,2
1991,1,130729,1,2,2,2,1,1,3,4,1,3,1983,2,2
1991,2,130729,1,2,2,2,1,1,3,4,2,3,1982,2,2
1991,1,130730,1,2,2,1,1,1,3,4,1,3,1979,2,2
1991,1,130731,1,1,1,1,1,1,3,4,1,3,1991,2,2
1991,1,130732,9,2,2,2,3,3,3,4,2,3,9999,2,2
1991,1,130733,1,2,2,2,1,1,3,4,2,3,1983,2,2
1991,1,130734,2,2,2,2,1,1,3,4,2,3,1987,2,2
1991,1,130735,3,2,2,2,1,1,3,4,2,3,1989,2,2
1991,2,130735,6,2,2,2,1,1,3,4,2,3,1985,2,2
1991,1,130736,7,2,2,2,4,1,3,1,2,3,1981,2,2
1991,1,130737,1,2,2,2,1,1,3,4,2,3,1982,2,2
1991,2,130737,1,3,3,2,1,1,3,4,2,3,1990,2,2
1991,3,130737,2,2,2,2,1,1,3,4,2,3,1991,2,2
1991,1,130738,2,2,2,2,1,1,3,4,2,3,1989,2,2
1991,1,130739,1,2,2,1,1,1,3,4,2,3,1974,2,2
1991,1,130740,1,2,2,2,1,1,3,4,2,3,1981,2,2
1991,2,130740,6,4,4,2,1,1,3,4,2,3,1984,2,2
1991,1,130741,1,3,3,2,1,1,3,4,2,3,1984,2,2
1991,2,130741,2,2,2,2,1,1,3,4,2,3,1990,2,2
1991,1,130742,6,2,2,1,1,1,3,4,2,3,1989,2,2
1991,1,130743,1,2,2,2,1,1,3,4,1,3,1987,2,2
1991,2,130743,2,2,2,2,1,1,3,4,2,3,1987,2,2
1991,1,130744,5,2,4,1,1,1,3,4,2,3,1989,2,2
1991,2,130744,6,4,4,2,3,3,3,4,2,3,1988,2,2
1991,3,130744,1,5,5,2,1,1,3,4,2,3,1987,2,2
1991,1,130745,1,3,3,2,1,1,3,4,2,3,1976,2,2
1991,2,130745,6,2,2,2,1,1,3,4,2,3,1987,2,2
1991,1,130746,2,2,2,2,1,1,3,4,2,3,1986,2,2
1991,1,130747,1,2,2,2,1,1,3,4,2,3,1984,2,2
1991,2,130747,6,2,2,2,1,1,3,4,2,3,1979,2,2
1991,1,130748,1,2,2,2,1,1,3,4,2,3,1987,2,2
1991,1,130749,1,2,2,2,1,1,3,4,2,3,1991,2,2
1991,1,130750,1,3,3,2,1,1,3,4,2,3,1986,2,2
1991,2,130750,3,2,2,2,1,1,3,4,2,3,1985,2,2
1991,3,130750,1,2,2,2,1,1,3,4,2,3,1990,2,2
1991,1,130751,8,2,2,2,1,1,3,4,2,3,1991,2,2
1991,2,130751,1,2,2,2,1,1,3,4,2,3,1987,2,2
1991,1,130752,6,5,5,2,1,1,3,4,2,3,1977,2,2
1991,2,130752,2,2,6,2,1,1,3,4,2,3,1986,2,2
1991,1,130753,1,5,5,2,1,1,3,4,2,3,1981,2,2
1991,2,130753,2,3,3,1,1,1,3,4,2,3,1987,2,2
1991,1,130754,2,2,2,2,1,1,3,4,2,3,1985,2,2
1991,2,130754,1,4,4,2,1,1,3,4,2,3,1987,2,2
1991,1,130755,9,7,7,2,3,3,3,4,2,3,9999,2,2
1991,1,130756,1,3,2,1,1,1,3,4,1,3,1986,2,1
1991,1,130757,1,2,3,2,1,1,3,4,1,3,1990,2,2
1991,1,130758,1,2,2,2,1,1,3,4,1,3,1978,2,2
1991,1,130760,6,2,2,2,1,1,3,4,2,3,1976,2,2
1991,2,130760,2,4,3,2,1,1,3,4,2,3,1986,2,2
1991,3,130760,2,2,2,2,1,1,3,4,2,3,1975,2,2
1991,1,130761,2,2,2,1,1,1,3,4,1,3,1973,2,2
1991,1,130762,9,2,2,2,3,3,3,4,2,3,9999,2,2
1991,1,130763,1,2,2,2,1,1,3,4,2,3,1979,2,2
1991,2,130763,1,5,5,2,1,1,3,4,2,3,1983,2,2
1991,1,130764,6,2,2,2,1,1,3,4,2,3,1981,2,2
1991,2,130764,1,5,5,2,1,1,3,4,2,3,1988,2,2
1991,3,130764,1,2,2,2,1,1,3,4,2,3,1990,2,2
1991,1,130765,1,2,2,2,1,1,3,4,2,3,1985,2,2
1991,1,130766,3,6,2,2,1,1,3,4,2,3,1988,2,2
1991,1,130767,3,5,2,2,1,1,3,4,2,3,1988,2,2
1991,1,130768,2,2,2,2,1,1,3,4,2,3,1974,2,2
1991,1,130770,1,2,2,1,1,1,3,4,2,3,1979,2,2
1991,1,130771,1,2,2,2,1,1,3,4,2,3,1978,2,2
1991,2,130771,6,4,4,2,1,1,3,4,2,3,1972,2,2
1991,1,130772,1,1,1,2,1,1,3,4,2,3,1972,2,2
1991,1,130773,6,2,2,2,1,1,3,4,2,3,1988,2,2
1991,2,130773,2,5,5,2,1,1,3,4,2,3,1973,2,2
1991,1,130774,9,7,7,2,3,3,3,4,2,3,9999,2,2
1991,1,130775,1,4,4,2,1,1,3,4,1,3,1989,2,2
1991,2,130775,1,2,2,2,1,1,3,4,2,3,1972,2,2
1991,1,130776,1,2,2,2,1,1,3,4,2,3,1986,2,2
1991,2,130776,1,2,2,2,1,1,3,4,2,3,1986,2,2
1991,1,130778,4,2,2,1,1,1,3,4,2,3,1987,2,2
1991,1,130779,1,5,5,2,3,3,3,4,2,3,1988,2,2
1991,2,130779,4,2,2,2,1,1,3,4,2,3,1985,2,2
1991,1,130780,1,3,3,2,1,1,3,4,2,3,1985,2,2
1991,2,130780,2,2,2,2,1,1,3,4,2,3,1986,2,2
1991,1,130781,1,2,2,2,1,1,3,4,2,3,1985,2,2
1991,1,130782,1,2,2,2,1,1,3,4,2,3,1989,2,2
1991,2,130782,1,4,4,2,1,1,3,4,2,3,1991,2,2
1991,3,130782,1,4,2,2,1,1,3,4,2,3,1987,2,2
1991,4,130782,1,4,2,2,1,1,3,4,2,3,1984,2,2
1991,5,130782,1,4,4,2,1,1,3,4,2,3,1981,2,2
1991,1,130783,1,2,2,2,1,1,3,4,2,3,1979,2,2
1991,1,130784,1,2,2,2,1,1,3,4,2,3,1985,2,2
1991,2,130784,7,2,2,2,4,1,3,1,1,3,1987,2,2
1991,1,130785,1,2,2,2,1,1,3,4,2,3,1977,2,2
1991,1,130786,1,2,2,2,2,2,3,4,2,3,1980,2,2
1991,1,130787,2,1,1,1,1,1,3,4,2,3,1987,2,2
1991,1,130788,1,3,2,2,1,1,3,4,2,3,1984,2,2
1991,2,130788,7,2,2,2,4,1,3,1,2,3,1983,2,2
1991,3,130788,1,2,2,2,1,1,3,4,2,3,1987,2,2
1991,1,130789,2,5,3,2,1,1,3,4,2,3,1977,2,2
1991,2,130789,1,2,2,2,1,1,3,4,2,3,1984,2,2
1991,1,130790,2,1,1,2,1,1,3,4,2,3,1977,2,2
1991,1,130792,1,5,5,2,1,1,3,4,2,3,1976,2,2
1991,2,130792,2,2,2,2,1,1,3,4,2,3,1986,2,2
1991,1,130793,1,5,5,2,1,1,3,4,2,3,1989,2,2
1991,1,130794,1,1,1,1,1,1,3,4,2,3,1979,2,2
1991,1,130795,1,2,2,2,1,1,3,4,2,3,1986,2,2
1991,1,130796,7,6,6,2,4,1,3,1,1,3,1988,2,2
1991,1,130797,1,2,2,2,1,1,3,4,2,3,1985,2,2
1991,2,130797,1,3,3,2,1,1,3,4,2,3,1980,2,2
1991,1,130798,1,5,5,2,1,1,3,4,2,3,1986,2,2
1991,2,130798,2,2,2,2,1,1,3,4,2,3,1986,2,2
1991,1,130799,1,2,2,2,2,2,3,4,2,3,1986,2,2
1991,1,130800,1,2,2,2,1,1,3,4,2,3,1985,2,2
1991,1,130801,1,5,5,1,1,1,3,4,2,3,1992,2,2
1991,1,130802,7,1,1,2,4,2,3,2,1,3,1979,2,2
1991,1,130803,1,2,2,2,1,1,3,4,2,3,1990,2,2
1991,2,130803,2,5,5,2,1,1,3,4,2,3,1969,2,2
1991,1,130804,2,1,1,1,1,1,3,4,2,3,1980,2,2
1991,1,130805,1,2,2,2,1,1,3,4,2,3,1990,2,2
1991,1,130806,2,2,2,2,1,1,3,4,2,3,1987,2,2
1991,1,130807,1,2,2,2,1,1,3,4,2,3,1985,2,2
1991,1,130808,7,2,2,2,4,3,3,3,2,3,1979,2,2
1991,2,130808,1,5,5,2,1,1,3,4,2,3,1988,2,2
1991,1,130809,1,2,2,2,1,1,3,4,1,3,1990,2,2
1991,2,130809,1,3,3,2,1,1,3,4,2,3,1978,2,2
1991,3,130809,1,2,2,2,1,1,3,4,2,3,1989,2,2
1991,1,130810,2,3,2,1,1,1,3,4,1,3,1977,2,2
1991,1,130811,2,2,2,2,1,1,3,4,2,3,1984,2,2
1991,1,130812,2,3,3,1,1,1,3,4,1,3,1990,2,2
1991,1,130813,1,5,5,2,1,1,3,4,2,3,1985,2,2
1991,2,130813,1,2,2,2,1,1,3,4,2,3,1990,2,2
1991,1,130814,1,1,1,1,1,1,3,4,1,3,1988,2,2
1991,1,130815,1,2,2,2,2,2,3,4,1,3,1984,2,2
1991,1,130816,1,5,5,2,1,1,3,4,2,3,1988,2,2
1991,1,130817,6,2,2,2,1,1,3,4,2,3,1978,2,2
1991,2,130817,6,5,5,2,1,1,3,4,2,3,1986,2,2
1991,1,130818,7,5,5,2,4,1,3,1,2,3,1978,2,2
1991,2,130818,1,2,2,2,1,1,3,4,2,3,1990,2,2
1991,3,130818,1,2,2,2,1,1,3,4,2,3,1984,2,2
1991,1,130819,1,3,3,2,1,1,3,4,2,3,1984,2,2
1991,2,130819,2,2,2,2,1,1,3,4,2,3,1991,2,2
1991,1,130821,3,3,3,1,2,2,3,4,2,3,1985,2,2
1991,2,130821,1,5,5,2,1,1,3,4,2,3,1991,2,2
1991,1,130822,2,5,5,1,1,1,3,4,2,3,1986,2,2
1991,2,130822,1,2,2,2,1,1,3,4,2,3,1989,2,2
1991,1,130823,1,3,3,2,2,1,3,4,1,3,1980,2,2
1991,1,130824,3,2,2,2,1,1,3,4,2,3,1990,2,2
1991,2,130824,1,2,2,2,1,1,3,4,2,3,1979,2,2
1991,1,130825,2,3,2,2,1,1,3,4,2,3,1986,2,2
1991,2,130825,1,2,2,2,2,2,3,4,2,3,1985,2,2
1991,1,130826,1,2,2,1,1,1,3,4,1,3,1991,2,2
1991,1,130827,2,2,2,2,1,1,3,4,2,3,1973,2,2
1991,1,130828,9,2,2,2,3,3,3,4,2,3,9999,2,2
1991,1,130829,3,2,2,1,1,1,3,4,2,3,1978,2,2
1991,1,130830,2,2,5,1,2,2,3,4,2,3,1986,2,2
1991,1,130831,7,1,1,2,4,1,3,1,1,3,1990,2,2
1991,1,130832,1,2,2,2,2,1,3,4,2,3,1978,2,2
1991,1,130833,1,5,2,1,1,1,3,4,1,3,1988,2,1
1991,1,130834,6,2,6,1,1,1,3,4,1,3,1988,2,2
1991,1,130835,2,3,3,2,3,3,3,4,2,3,1991,2,2
1991,2,130835,2,2,2,2,1,1,3,4,2,3,1986,2,2
1991,1,130836,9,2,2,1,1,1,3,4,2,3,1988,2,2
1991,1,130837,1,3,3,2,1,1,3,4,2,3,1976,2,2
1991,1,130838,1,2,2,1,1,1,3,4,1,3,1988,2,2
1991,1,130839,1,2,2,2,1,1,3,4,2,3,1980,2,1
1991,1,130840,2,3,3,1,1,1,3,4,2,3,1990,2,2
1991,2,130840,1,2,2,2,1,1,3,4,2,3,1987,2,2
1991,1,130841,1,5,5,2,1,1,3,4,2,3,1979,2,2
1991,2,130841,8,2,2,2,1,1,3,4,2,1,1983,2,2
1991,1,130842,1,2,2,1,1,1,3,4,2,3,1981,2,2
1991,1,130843,2,1,1,1,1,1,3,4,2,3,1976,2,2
1991,1,130844,1,5,5,2,1,1,3,4,1,3,1984,2,2
1991,1,130845,2,2,2,1,1,1,3,4,1,3,1982,2,2
1991,1,130846,1,2,2,2,1,1,3,4,2,3,1983,2,2
1991,2,130846,6,2,2,2,1,1,3,4,2,3,1984,2,2
1991,1,130847,2,2,2,2,1,1,3,4,2,3,1989,1,2
1991,1,130848,1,2,2,2,1,1,3,4,2,3,1980,2,2
1991,2,130848,6,2,2,2,1,1,3,4,2,3,1978,2,2
1991,3,130848,1,5,5,2,1,1,3,4,2,3,1989,2,2
1991,1,130849,2,2,2,2,1,1,3,4,2,3,1977,2,2
1991,2,130849,1,5,5,2,1,1,3,4,1,3,1988,2,2
1991,1,130850,1,2,2,2,1,1,3,4,2,3,1983,2,2
1991,1,130851,1,2,2,2,1,1,3,4,1,3,1990,2,2
1991,1,130852,2,4,4,2,1,1,3,4,2,3,1975,2,2
1991,2,130852,2,2,2,2,1,1,3,4,2,3,1986,2,2
1991,1,130853,1,2,2,2,1,1,3,4,2,3,1986,2,2
1991,1,130854,1,2,2,2,1,1,3,4,2,3,1987,2,2
1991,2,130854,1,2,2,2,1,1,3,4,2,3,1987,2,2
1991,3,130854,8,5,5,2,1,1,3,4,2,1,1987,2,2
1991,1,130855,1,2,2,2,1,1,3,4,2,3,1984,2,2
1991,2,130855,2,2,2,2,1,1,3,4,2,3,1983,2,2
1991,1,130856,4,2,2,2,1,1,3,4,2,3,1979,2,2
1991,2,130856,2,3,3,1,1,1,3,4,2,3,1979,2,2
1991,1,130857,2,3,3,2,1,1,3,4,2,3,1987,2,2
1991,1,130858,1,2,4,2,1,1,3,4,2,3,1987,2,2
1991,2,130858,6,3,3,2,1,1,3,4,2,3,1987,2,2
1991,1,130859,1,3,3,2,1,1,3,4,2,3,1980,2,2
1991,2,130859,6,2,2,2,1,1,3,4,2,3,1980,2,2
1991,1,130860,2,1,1,1,1,1,3,4,2,3,1988,2,2
1991,1,130861,1,2,2,2,1,1,3,4,2,3,1989,2,1
1991,1,130862,1,2,2,2,1,1,3,4,2,3,1984,2,2
1991,1,130863,7,2,2,2,4,1,3,1,2,3,1977,2,2
1991,1,130864,1,4,4,2,1,1,3,4,1,3,1989,2,2
1991,1,130865,2,2,2,1,3,3,3,4,2,3,1970,2,2
1991,1,130866,1,2,2,1,1,1,3,4,1,3,1985,2,2
1991,1,130867,1,2,2,2,1,1,3,4,2,3,1985,2,2
1991,1,130868,1,3,3,2,1,1,3,4,2,3,1985,2,2
1991,2,130868,1,2,2,2,1,1,3,4,2,3,1987,2,2
1991,1,130869,1,5,5,2,1,1,3,4,2,3,1984,2,2
1991,1,130870,2,2,2,2,1,1,3,4,1,3,1987,2,2
1991,1,130871,1,2,2,2,1,1,3,4,2,3,1989,2,2
1991,2,130871,1,2,2,2,1,1,3,4,2,3,1991,2,2
1991,1,130872,2,2,2,1,1,1,3,4,1,3,1985,2,2
1991,1,130873,1,2,2,2,1,1,3,4,2,3,1987,2,2
1991,1,130874,1,3,3,1,1,1,3,4,1,3,1988,2,2
1991,1,130876,1,3,3,1,2,2,3,4,1,3,1983,2,2
1991,1,130877,6,2,2,2,1,1,3,4,2,3,1983,2,2
1991,1,130878,9,7,7,2,3,3,3,4,2,3,9999,2,2
1991,1,130879,1,2,2,2,1,1,3,4,2,3,1972,2,2
1991,1,130880,1,3,2,1,1,1,3,4,1,3,1990,2,2
1991,1,130881,1,3,3,2,1,1,3,4,2,3,1990,2,2
1991,2,130881,1,2,2,2,1,1,3,4,2,3,1983,2,2
1991,1,130882,1,5,5,2,1,1,3,4,2,3,1982,2,2
1991,2,130882,2,2,2,2,1,1,3,4,2,3,1991,2,2
1991,1,130883,1,3,3,2,1,1,3,4,2,3,1988,2,2
1991,2,130883,1,2,2,2,1,1,3,4,2,3,1977,2,2
1991,1,130884,1,3,3,2,1,1,3,4,2,3,1991,2,2
1991,1,130885,2,5,5,2,1,1,3,4,1,3,1958,2,2
1991,1,130886,1,5,2,2,1,1,3,4,2,3,1972,2,2
1991,1,130887,2,6,6,1,3,3,3,4,1,3,1979,2,2
1991,1,130888,1,2,2,2,1,1,3,4,2,3,1987,2,2
1991,1,130889,2,2,2,2,1,1,3,4,2,3,1986,2,2
1991,1,130890,1,5,5,2,1,1,3,4,2,3,1990,2,2
1991,2,130890,3,2,2,2,1,1,3,4,2,3,1987,2,2
1991,1,130891,1,2,2,2,1,1,3,4,2,3,1988,2,2
1991,1,130892,1,6,6,1,1,1,3,4,2,3,1988,2,2
1991,1,130893,1,2,6,1,1,1,3,4,2,3,1980,2,2
1991,1,130894,1,2,2,2,1,1,3,4,2,3,1982,2,2
1991,2,130894,2,2,2,1,1,1,3,4,1,3,1978,2,2
1991,1,130895,1,2,4,2,1,1,3,4,1,3,1991,2,2
1991,2,130895,6,4,4,2,1,1,3,4,2,3,1981,2,2
1991,3,130895,6,2,2,1,1,1,3,4,2,3,1986,2,2
1991,1,130896,1,1,1,1,1,1,3,4,2,3,1982,2,2
1991,1,130897,1,1,1,1,3,3,3,4,2,3,1979,2,2
1991,1,130898,2,2,2,2,1,1,3,4,2,3,1983,2,2
1991,1,130899,1,2,2,1,1,1,3,4,1,3,1979,2,2
1991,1,130900,3,2,3,2,1,1,3,4,2,3,1987,2,2
1991,2,130900,1,2,2,2,1,1,3,4,2,3,1986,2,2
1991,1,130901,1,2,2,2,1,1,3,4,2,3,1989,2,2
1991,2,130901,1,5,5,2,1,1,3,4,1,3,1973,2,2
1991,1,130902,1,3,3,2,1,1,3,4,2,3,1981,2,2
1991,2,130902,1,2,2,2,1,1,3,4,2,3,1971,2,2
1991,1,130903,7,2,2,2,4,1,3,1,1,3,1990,2,2
1991,1,130904,2,3,3,2,1,1,3,4,2,3,1983,2,2
1991,2,130904,2,2,2,2,1,1,3,4,2,3,1982,2,2
1991,1,130905,6,2,2,2,1,1,3,4,2,3,1987,2,2
1991,2,130905,1,3,3,2,1,1,3,4,2,3,1986,2,2
1991,1,130906,1,5,5,2,1,1,3,4,2,3,1986,2,2
1991,2,130906,4,2,2,2,1,1,3,4,2,3,1975,2,2
1991,1,130907,1,2,2,2,1,1,3,4,2,3,1991,2,1
1991,1,130908,1,2,2,2,1,1,3,4,2,3,1984,2,2
1991,2,130908,1,2,2,2,1,1,3,4,2,3,1982,2,2
1991,1,130909,6,2,2,1,1,1,3,4,2,3,1984,2,2
1991,2,130909,1,2,2,2,1,1,3,4,2,3,1984,2,2
1991,1,130910,2,2,3,1,1,1,3,4,1,3,1988,2,2
1991,1,130912,1,2,2,2,1,1,3,4,2,3,1991,2,2
1991,1,130913,3,5,2,1,2,2,3,4,1,3,1990,2,2
1991,1,130914,1,5,5,2,1,1,3,4,2,3,1989,2,2
1991,2,130914,6,3,2,2,1,1,3,4,2,3,1976,2,2
1991,3,130914,1,5,5,2,1,1,3,4,2,3,1991,2,2
1991,1,130915,1,2,2,2,1,1,3,4,2,3,1991,2,2
1991,2,130915,2,2,2,2,1,1,3,4,2,3,1982,2,2
1991,1,130916,2,2,2,1,1,1,3,4,1,3,1973,2,2
1991,2,130916,6,4,4,2,1,1,3,4,2,3,1986,2,2
1991,1,130917,1,3,3,2,1,1,3,4,2,3,1977,2,2
1991,2,130917,4,2,2,2,1,1,3,4,2,3,1977,2,2
1991,1,130918,1,5,5,1,1,1,3,4,1,3,1984,2,2
1991,1,130919,4,5,5,2,1,1,3,4,2,3,1972,2,2
1991,2,130919,1,2,2,2,1,1,3,4,2,3,1984,2,2
1991,1,130920,1,5,5,2,1,1,3,4,2,3,1990,2,2
1991,2,130920,4,2,2,2,1,1,3,4,2,3,1973,2,2
1991,1,130921,1,5,5,2,1,1,3,4,2,3,1982,2,2
1991,2,130921,6,2,2,1,1,1,3,4,2,3,1986,2,2
1991,1,130922,1,1,1,1,1,1,3,4,2,3,1982,2,2
1991,1,130923,6,3,3,2,1,1,3,4,2,3,1987,2,2
1991,2,130923,7,2,2,2,4,1,3,1,1,3,1980,2,2
1991,1,130924,2,2,2,2,1,1,3,4,2,3,1987,2,2
1991,2,130924,9,2,2,2,1,1,3,4,1,3,1970,2,2
1991,1,130925,1,3,3,2,1,1,3,4,2,3,1986,2,2
1991,2,130925,1,2,2,2,1,1,3,4,2,3,1985,2,2
1991,1,130926,1,1,1,1,1,1,3,4,2,3,1978,2,2
1991,1,130927,1,2,2,2,1,1,3,4,2,3,1989,2,2
1991,1,130928,1,3,3,2,1,1,3,4,2,3,1988,2,2
1991,2,130928,9,2,2,2,1,1,3,4,2,3,1969,2,2
1991,1,130929,1,2,2,2,1,1,3,4,1,3,1989,2,2
1991,1,130930,2,2,2,2,1,1,3,4,2,3,1991,2,2
1991,2,130930,1,2,2,2,1,1,3,4,2,3,1989,2,2
1991,1,130931,1,2,2,2,1,1,3,4,2,3,1987,2,2
1991,1,130932,1,2,2,2,1,1,3,4,2,3,1974,2,2
1991,1,130933,2,2,2,2,1,1,3,4,2,3,1990,2,2
1991,1,130934,4,2,2,2,1,1,3,4,2,3,1988,2,2
1991,2,130934,1,5,5,2,1,1,3,4,2,3,1967,2,2
1991,1,130935,1,2,2,2,1,1,3,4,2,3,1987,2,2
1991,2,130935,2,2,2,2,1,1,3,4,2,3,1986,2,2
1991,1,130936,1,2,2,1,1,1,3,4,1,3,1989,2,2
1991,1,130937,1,3,3,2,1,1,3,4,2,3,1980,2,2
1991,1,130938,1,2,2,2,1,1,3,4,2,3,1988,2,2
1991,1,130939,1,2,2,2,1,1,3,4,2,3,1983,2,2
1991,2,130939,1,5,5,2,1,1,3,4,2,3,1983,2,2
1991,1,130940,1,4,4,1,1,1,3,4,2,3,1982,2,2
1991,2,130940,1,2,2,2,1,1,3,4,2,3,1979,2,2
1991,1,130941,8,2,2,2,1,1,3,4,2,1,1991,2,2
1991,2,130941,2,2,2,2,1,1,3,4,2,3,1989,2,2
1991,1,130942,6,4,4,2,1,1,3,4,2,3,1988,2,2
1991,2,130942,2,2,2,2,1,1,3,4,1,3,1991,2,2
1991,1,130943,1,5,5,2,1,1,3,4,2,3,1983,2,2
1991,1,130944,1,2,2,2,3,3,3,4,2,3,1979,2,2
1991,2,130944,1,2,2,2,1,1,3,4,2,3,1988,2,2
1991,3,130944,1,5,5,2,1,1,3,4,2,3,1985,2,2
1991,4,130944,1,2,2,2,1,1,3,4,2,3,1985,2,2
1991,1,130945,1,5,5,1,2,1,3,4,2,3,1976,2,2
1991,1,130946,1,3,5,2,1,1,3,4,2,3,1989,2,2
1991,2,130946,1,2,2,2,1,1,3,4,2,3,1985,2,2
1991,3,130946,1,2,2,2,1,1,3,4,2,3,1982,2,2
1991,1,130947,1,3,3,2,1,1,3,4,2,3,1977,2,2
1991,1,130948,4,2,2,2,1,1,3,4,2,3,1990,2,2
1991,2,130948,1,2,2,2,1,1,3,4,2,3,1989,2,2
1991,1,130949,1,3,3,2,2,2,3,4,2,3,1986,2,2
1991,2,130949,3,2,2,2,1,1,3,4,2,3,9999,2,2
1991,1,130950,1,3,3,1,1,1,3,4,2,3,1985,2,2
1991,2,130950,4,2,2,2,1,1,3,4,2,3,1990,2,2
1991,1,130951,6,1,1,1,1,1,3,4,1,3,1985,2,2
1991,1,130952,1,3,3,2,1,1,3,4,2,3,1980,2,2
1991,2,130952,2,2,2,2,1,1,3,4,2,3,1983,2,2
1991,1,130953,1,3,3,2,1,1,3,4,2,3,1980,2,2
1991,1,130954,1,5,5,2,1,1,3,4,2,3,1986,2,2
1991,1,130955,2,5,5,1,1,1,3,4,2,3,1989,2,2
1991,1,130956,7,2,2,2,4,1,3,1,2,3,1982,2,2
1991,1,130957,2,5,5,1,1,1,3,4,1,3,1991,2,2
1991,1,130958,2,1,1,1,1,1,3,4,2,3,1966,2,2
1991,1,130959,6,3,3,2,1,1,3,4,1,3,1987,2,2
1991,2,130959,1,2,2,2,1,1,3,4,2,3,1989,2,2
1991,1,130960,1,2,2,1,2,2,3,4,1,3,1986,2,2
1991,1,130961,2,2,2,2,1,1,3,4,2,3,1991,2,2
1991,1,130962,2,2,2,2,1,1,3,4,2,3,1991,2,2
1991,2,130962,1,2,2,2,1,1,3,4,2,3,1978,2,2
1991,1,130963,1,2,2,1,1,1,3,4,1,3,1985,2,2
1991,1,130964,1,3,3,2,1,1,3,4,2,3,1987,2,2
1991,2,130964,2,2,2,2,1,1,3,4,2,3,1987,2,2
1991,1,130965,1,5,5,2,1,1,3,4,2,3,1977,2,2
1991,2,130965,6,5,5,2,1,1,3,4,2,3,1987,2,2
1991,1,130966,3,1,1,1,1,1,3,4,1,3,1984,2,2
1991,1,130967,2,2,2,2,2,2,3,4,1,3,1974,2,2
1991,2,130967,1,2,2,2,1,1,3,4,2,3,1983,2,2
1991,1,130968,4,5,5,2,1,1,3,4,2,3,1982,2,2
1991,2,130968,6,2,2,2,1,1,3,4,2,3,1983,2,2
1991,1,130969,3,3,3,1,1,1,3,4,1,3,1987,2,2
1991,2,130969,3,2,2,2,1,1,3,4,1,3,1990,2,2
1991,1,130970,2,2,4,2,1,1,3,4,2,3,1973,2,2
1991,2,130970,1,2,2,2,1,1,3,4,2,3,1986,2,2
1991,1,130971,2,1,1,1,1,1,3,4,2,3,1988,2,2
1991,1,130974,1,2,2,2,1,1,3,4,2,3,1987,2,2
1991,1,130976,2,2,5,2,1,1,3,4,1,3,1979,2,2
1991,1,130977,7,2,2,2,4,2,3,2,1,3,1982,2,2
1991,1,130978,2,3,3,1,2,2,3,4,1,3,1990,2,2
1991,1,130979,1,1,1,1,1,1,3,4,2,3,1985,2,2
1991,1,130980,2,2,2,2,1,1,3,4,2,3,1981,2,2
1991,1,130981,2,2,2,2,1,1,3,4,2,3,1984,2,2
1991,2,130981,1,5,5,2,1,1,3,4,2,3,1989,2,2
1991,1,130982,1,5,5,2,1,1,3,4,2,3,1989,2,2
1991,2,130982,1,2,2,2,1,1,3,4,2,3,1982,2,2
1991,1,130983,1,7,7,1,1,1,3,4,2,3,1990,2,2
1991,1,130984,3,3,5,2,3,3,3,4,2,3,1988,2,2
1991,2,130984,6,2,2,2,1,1,3,4,2,3,1985,2,2
1991,1,130985,1,2,2,2,3,3,3,4,2,3,1985,2,2
1991,2,130985,1,2,2,2,1,1,3,4,2,3,1980,2,2
1991,1,130986,1,4,4,2,1,1,3,4,2,3,1987,2,2
1991,2,130986,9,7,7,2,3,3,3,4,2,3,9999,2,2
1991,1,130987,1,2,2,2,1,1,3,4,2,3,1988,2,2
1991,2,130987,1,2,2,2,1,1,3,4,2,3,1988,2,2
1991,1,130988,1,2,2,2,1,1,3,4,2,3,1984,2,2
1991,1,130989,1,5,5,1,1,1,3,4,2,3,1976,2,2
1991,2,130989,1,2,2,2,1,1,3,4,2,3,1984,2,2
1991,3,130989,1,3,3,2,1,1,3,4,2,3,1976,2,2
1991,1,130990,2,2,2,2,1,1,3,4,2,3,1990,2,2
1991,1,130991,1,2,2,2,1,1,3,4,1,3,1980,2,2
1991,1,130992,1,2,2,2,1,1,3,4,1,3,1987,2,2
1991,2,130992,4,2,2,1,1,1,3,4,2,3,1991,2,2
1991,1,130993,9,7,7,2,3,3,3,4,2,3,9999,2,2
1991,1,130994,1,2,2,2,1,1,3,4,2,3,1978,2,2
1991,2,130994,1,2,2,2,1,1,3,4,2,3,1985,2,2
1991,3,130994,2,2,2,2,1,1,3,4,2,3,1990,2,2
1991,4,130994,1,3,3,2,1,1,3,4,2,3,1989,2,2
1991,1,130995,2,1,1,2,1,1,3,4,2,3,1990,2,2
1991,1,130996,2,2,2,2,1,1,3,4,2,3,1990,2,2
1991,2,130996,1,5,5,2,1,1,3,4,2,3,1986,2,2
1991,1,130997,1,1,1,1,1,1,3,4,2,3,1987,2,2
1991,1,130998,3,2,2,1,1,1,3,4,1,3,1991,2,2
1991,1,130999,4,3,3,2,3,3,3,4,2,3,1991,2,2
1991,1,131000,1,2,2,2,2,2,3,4,2,3,1983,2,2
1991,1,131001,6,2,2,2,1,1,3,4,2,3,1988,2,2
1991,2,131001,1,4,2,2,3,3,3,4,2,3,1989,2,2
1991,3,131001,1,4,2,2,3,3,3,4,2,3,1990,2,2
1991,4,131001,1,4,2,2,1,1,3,4,2,3,1991,2,2
1991,5,131001,1,4,2,2,1,1,3,4,2,3,1988,2,2
1991,6,131001,1,4,2,2,1,1,3,4,2,3,1985,2,2
1991,7,131001,1,4,4,2,1,1,3,4,2,3,1976,2,2
1991,1,131002,8,2,2,2,1,1,3,4,2,1,1990,2,2
1991,2,131002,1,5,5,2,1,1,3,4,2,3,1989,2,2
1991,1,131003,2,2,2,2,1,1,3,4,2,3,1975,2,2
1991,2,131003,1,5,5,2,1,1,3,4,2,3,1991,2,2
1991,1,131004,1,5,5,1,2,2,3,4,1,3,1983,2,2
1991,1,131005,1,2,2,2,1,1,3,4,2,3,1976,2,2
1991,2,131005,1,4,2,2,1,1,3,4,2,3,1979,2,2
1991,3,131005,1,4,4,2,1,1,3,4,2,3,1986,2,2
1991,1,131006,2,1,1,1,1,1,3,4,1,3,1963,2,2
1991,1,131007,6,3,2,2,1,2,3,4,2,3,1979,2,2
1991,2,131007,1,2,2,2,1,1,3,4,2,3,1983,2,2
1991,3,131007,6,4,4,2,1,1,3,4,2,3,1991,2,2
1991,4,131007,6,2,4,2,1,1,3,4,2,3,1988,2,2
1991,5,131007,1,2,2,2,1,1,3,4,2,3,1987,2,2
1991,1,131008,1,4,4,1,1,1,3,4,2,3,1984,2,2
1991,2,131008,6,2,2,2,3,3,3,4,2,3,1988,2,2
1991,1,131009,2,2,2,2,1,1,3,4,1,3,1974,2,2
1991,2,131009,1,2,2,2,1,1,3,4,2,3,1977,2,2
1991,1,131010,1,5,5,2,1,1,3,4,2,3,1983,2,2
1991,2,131010,6,2,2,2,1,1,3,4,2,3,1983,2,2
1991,1,131011,6,5,5,2,1,1,3,4,2,3,1970,2,2
1991,2,131011,1,5,5,2,1,1,3,4,2,3,1981,2,2
1991,1,131012,1,5,5,2,1,1,3,4,2,3,1983,2,2
1991,2,131012,2,2,2,2,1,1,3,4,2,3,1989,2,2
1991,1,131013,2,2,2,2,1,1,3,4,2,3,1973,2,2
1991,2,131013,2,2,2,2,1,1,3,4,2,3,1983,2,2
1991,1,131014,1,2,2,1,2,2,3,4,2,3,1991,2,2
1991,1,131015,2,1,1,1,1,1,3,4,2,3,1981,2,2
1991,1,131016,6,2,4,2,1,1,3,4,2,3,1990,2,2
1991,2,131016,2,2,5,2,1,1,3,4,2,3,1986,2,2
1991,3,131016,1,2,2,2,1,1,3,4,2,3,1991,2,2
1991,1,131017,6,2,2,2,1,1,3,4,2,3,1990,2,2
1991,2,131017,1,2,2,2,1,1,3,4,2,3,1992,2,2
1991,1,131018,1,1,1,1,1,1,3,4,1,3,1986,2,2
1991,1,131019,2,5,5,2,1,1,3,4,1,3,1989,2,2
1991,1,131020,1,5,5,2,1,1,3,4,2,3,1986,2,2
1991,2,131020,2,2,2,2,1,1,3,4,2,3,1979,2,2
1991,1,131021,2,2,2,2,1,1,3,4,2,3,1988,2,2
1991,2,131021,1,2,2,2,1,1,3,4,2,3,1991,2,2
1991,1,131022,1,2,2,2,1,1,3,4,2,3,1991,2,2
1991,1,131023,1,2,2,2,1,1,3,4,2,3,1978,2,2
1991,2,131023,1,2,2,2,1,1,3,4,2,3,1984,2,2
1991,1,131024,1,2,3,2,1,1,3,4,2,3,1985,2,2
1991,2,131024,6,3,3,2,1,1,3,4,2,3,1987,2,2
1991,3,131024,4,2,2,2,1,1,3,4,2,3,1990,2,2
1991,1,131025,2,2,2,1,1,1,3,4,2,3,1990,2,2
1991,2,131025,1,2,2,2,1,1,3,4,2,3,1976,2,2
1991,1,131026,1,2,2,2,1,1,3,4,2,3,1973,2,2
1991,2,131026,1,2,2,2,1,1,3,4,2,3,1987,2,2
1991,1,131027,1,1,1,1,1,1,3,4,1,3,1990,2,2
1991,1,131028,1,4,3,2,1,1,3,4,2,3,1981,2,2
1991,2,131028,6,2,2,2,1,1,3,4,2,3,1988,2,2
1991,3,131028,1,3,3,2,1,1,3,4,2,3,1987,2,2
1991,1,131029,9,2,2,2,3,3,3,4,2,3,9999,2,2
1991,1,131030,1,3,3,2,1,1,3,4,2,3,1981,2,2
1991,1,131031,1,2,2,1,1,1,3,4,1,3,1988,2,2
1991,1,131032,1,2,2,2,1,1,3,4,2,3,1988,2,2
1991,2,131032,2,2,2,2,1,1,3,4,2,3,1989,2,2
1991,1,131033,3,5,2,2,1,1,3,4,2,3,1988,2,2
1991,1,131034,2,1,1,2,1,1,3,4,2,3,1974,2,2
1991,1,131035,1,6,6,2,1,1,3,4,2,3,1985,2,2
1991,1,131036,4,2,2,2,1,1,3,4,2,3,1981,2,2
1991,2,131036,1,2,2,2,1,1,3,4,2,3,1975,2,2
1991,3,131036,4,2,2,2,1,1,3,4,2,3,1990,2,2
1991,1,131037,1,2,2,2,1,1,3,4,2,3,1986,2,2
1991,2,131037,6,4,4,2,3,3,3,4,2,3,1983,2,2
1991,3,131037,1,2,2,2,2,2,3,4,2,3,1978,2,2
1991,1,131038,1,3,3,2,1,1,3,4,2,3,1989,2,2
1991,2,131038,1,2,2,2,1,1,3,4,2,3,1983,2,2
1991,3,131038,1,5,5,2,1,1,3,4,2,3,1991,2,2
1991,1,131039,1,2,2,2,2,2,3,4,1,3,1982,2,2
1991,1,131040,2,2,2,2,1,1,3,4,2,3,1987,2,2
1991,1,131041,1,3,3,2,1,1,3,4,2,3,1988,2,2
1991,2,131041,1,2,2,2,1,1,3,4,2,3,1985,2,2
1991,1,131042,2,2,2,2,1,1,3,4,2,3,1982,2,2
1991,1,131043,6,2,2,1,1,1,3,4,2,3,1987,2,2
1991,2,131043,2,4,2,1,1,1,3,4,2,3,1972,2,2
1991,1,131044,1,5,5,2,1,1,3,4,2,3,1985,2,2
1991,2,131044,2,2,2,2,1,1,3,4,2,3,1984,2,2
1991,1,131045,2,4,4,2,1,1,3,4,2,3,1985,2,2
1991,2,131045,4,2,4,2,1,1,3,4,2,3,1970,2,2
1991,3,131045,4,2,2,2,1,1,3,4,2,3,1990,2,2
1991,1,131046,1,2,2,2,1,1,3,4,2,3,1984,2,2
1991,1,131047,1,3,3,2,1,1,3,4,2,3,1990,2,2
1991,2,131047,2,2,2,2,1,1,3,4,2,3,1984,2,2
1991,1,131048,1,2,2,2,2,2,3,4,1,3,1984,2,2
1991,2,131048,1,2,2,2,1,1,3,4,2,3,1973,2,2
1991,1,131049,1,2,2,2,1,1,3,4,2,3,1983,2,2
1991,1,131050,4,5,5,1,1,1,3,4,1,3,1990,2,2
1991,2,131050,1,2,2,2,1,1,3,4,2,3,1989,2,2
1991,1,131051,2,1,1,1,1,1,3,4,1,3,1978,2,2
1991,1,131052,1,2,2,2,2,2,3,4,2,3,1987,2,2
1991,1,131053,2,2,2,1,2,2,3,4,2,3,1988,2,2
1991,1,131054,1,1,1,1,1,1,3,4,1,3,1991,2,2
1991,1,131055,1,2,2,1,1,1,3,4,2,3,1987,2,1
1991,1,131056,1,2,2,2,1,1,3,4,2,3,1982,2,2
1991,1,131057,2,3,3,1,2,2,3,4,2,3,1984,2,2
1991,2,131057,1,5,5,2,1,1,3,4,2,3,1987,2,2
1991,1,131058,1,3,3,2,1,1,3,4,1,3,1986,2,2
1991,1,131059,2,5,5,2,2,2,3,4,2,3,1969,2,2
1991,1,131060,1,2,2,2,1,1,3,4,2,3,1987,2,2
1991,2,131060,1,2,2,2,1,1,3,4,2,3,1985,2,2
1991,1,131061,2,3,3,1,1,1,3,4,2,3,1981,2,2
1991,1,131062,1,3,3,2,1,1,3,4,2,3,1986,2,2
1991,1,131063,2,2,2,1,1,1,3,4,1,3,1989,2,2
1991,1,131064,9,6,6,2,3,3,3,4,2,3,9999,2,2
1991,1,131065,1,5,5,2,1,1,3,4,2,3,1985,2,2
1991,2,131065,2,2,2,2,1,1,3,4,2,3,1976,2,2
1991,1,131066,6,5,5,2,1,1,3,4,2,3,1983,2,2
1991,2,131066,1,2,2,2,1,1,3,4,2,3,1985,2,2
1991,1,131067,1,2,5,2,1,1,3,4,2,3,1990,2,2
1991,2,131067,6,4,4,2,1,1,3,4,2,3,1987,2,2
1991,1,131068,1,2,2,2,2,2,3,4,2,3,1989,2,2
1991,1,131069,1,2,2,2,1,1,3,4,2,3,1987,2,2
1991,1,131070,1,2,2,2,1,1,3,4,2,3,1986,2,2
1991,2,131070,1,3,3,2,1,1,3,4,2,3,1985,2,2
1991,1,131071,2,2,2,1,1,1,3,4,1,3,1991,2,2
1991,1,131072,1,3,3,2,1,1,3,4,2,3,1988,2,2
1991,2,131072,2,2,2,2,1,1,3,4,2,3,1976,2,2
1991,1,131073,2,2,2,2,1,1,3,4,2,3,1986,2,2
1991,2,131073,2,2,2,2,2,2,3,4,2,3,1989,2,2
1991,3,131073,6,5,5,2,1,1,3,4,2,3,1985,2,2
1991,1,131074,1,6,3,1,1,1,3,4,2,3,1985,2,2
1991,1,131075,7,2,2,2,4,1,3,1,1,3,1988,2,2
1991,1,131076,1,2,2,2,2,2,3,4,2,3,9999,2,2
1991,1,131077,2,2,2,2,1,1,3,4,2,3,1991,2,2
1991,2,131077,1,3,3,2,1,1,3,4,2,3,1980,2,2
1991,1,131078,3,2,2,1,1,1,3,4,2,3,1988,2,2
1991,1,131079,1,2,2,2,3,3,3,4,1,3,1978,2,2
1991,2,131079,2,5,5,2,1,1,3,4,2,3,1977,2,2
1991,1,131080,2,2,2,1,1,1,3,4,1,3,1990,2,2
1991,1,131081,2,5,5,2,2,2,3,4,2,3,1991,2,2
1991,1,131082,1,3,3,2,1,1,3,4,1,3,1986,2,2
1991,1,131083,1,1,1,1,1,1,3,4,2,3,1979,2,2
1991,1,131084,1,3,3,2,1,1,3,4,1,3,1984,2,2
1991,2,131084,6,2,2,2,3,3,3,4,2,3,1989,2,2
1991,1,131085,9,2,2,2,3,3,3,4,2,3,9999,2,2
1991,1,131086,1,6,2,1,3,3,3,4,2,3,1983,2,2
1991,1,131087,1,2,2,2,1,1,3,4,2,3,1978,2,2
1991,2,131087,9,2,2,2,1,1,3,4,2,3,1991,2,2
1991,1,131088,1,3,3,2,1,1,3,4,2,3,1984,2,2
1991,2,131088,2,2,2,2,1,1,3,4,2,3,1987,2,2
1991,1,131089,1,1,1,1,1,1,3,4,1,3,1991,2,2
1991,1,131090,2,1,1,1,1,1,3,4,1,3,1992,2,2
1991,1,131091,1,3,3,2,1,1,3,4,2,3,1985,2,2
1991,2,131091,1,2,2,2,1,1,3,4,2,3,1991,2,2
1991,1,131092,1,3,3,2,1,1,3,4,2,3,1992,2,2
1991,2,131092,1,3,3,2,3,3,3,4,2,3,1980,2,2
1991,3,131092,1,2,2,2,1,1,3,4,2,3,1992,2,2
1991,1,131093,1,5,5,2,1,1,3,4,2,3,1988,2,2
1991,2,131093,1,2,2,2,1,1,3,4,2,3,1986,2,2
1991,1,131094,2,2,6,1,1,1,3,4,1,3,1975,2,2
1991,1,131095,1,3,3,2,1,1,3,4,2,3,1982,2,2
1991,1,131096,1,3,3,2,1,1,3,4,2,3,1989,2,2
1991,1,131097,1,2,2,1,2,2,3,4,1,3,1979,2,2
1991,1,131098,1,5,5,2,2,2,3,4,2,3,1981,2,2
1991,1,131099,2,1,1,1,1,1,3,4,2,3,1990,2,2
1991,1,131100,1,3,3,2,1,1,3,4,2,3,1989,2,2
1991,2,131100,1,2,2,2,1,1,3,4,2,3,1982,2,2
1991,1,131101,1,3,3,2,1,1,3,4,2,3,1981,2,2
1991,2,131101,1,2,2,2,1,1,3,4,2,3,1990,2,2
1991,1,131102,2,2,2,2,1,1,3,4,2,3,1981,2,2
1991,1,131103,6,2,2,1,1,1,3,4,2,3,1973,2,2
1991,1,131104,9,5,5,2,1,1,3,4,2,3,1987,2,2
1991,2,131104,1,3,3,2,1,1,3,4,2,3,1989,2,2
1991,1,131105,1,3,3,2,1,1,3,4,2,3,1983,2,2
1991,1,131106,1,5,5,1,1,1,3,4,1,3,1989,2,2
1991,1,131107,3,1,1,1,1,1,3,4,2,3,1978,2,2
1991,1,131108,1,2,2,2,1,1,3,4,2,3,1986,2,2
1991,2,131108,2,4,4,2,1,1,3,4,2,3,1991,2,2
1991,1,131109,1,2,2,2,1,1,3,4,2,3,1989,2,2
1991,1,131110,2,2,2,2,1,2,3,4,2,3,1978,2,2
1991,2,131110,1,3,2,2,1,1,3,4,2,3,1979,2,2
1991,3,131110,1,3,3,2,1,1,3,4,2,3,1983,2,2
1991,1,131111,1,2,2,2,2,2,3,4,2,3,1985,2,2
1991,2,131111,2,5,5,2,1,1,3,4,2,3,1982,2,2
1991,1,131112,1,2,2,2,2,2,3,4,1,3,1981,2,2
1991,1,131113,3,2,2,2,1,1,3,4,2,3,1991,2,2
1991,1,131114,9,2,2,2,1,1,3,4,2,3,9999,2,2
1991,1,131115,1,2,2,2,1,1,3,4,2,3,1966,2,2
1991,2,131115,1,2,2,2,1,1,3,4,2,3,1990,2,2
1991,1,131116,1,2,2,2,1,1,3,4,2,3,1978,2,2
1991,2,131116,1,5,5,2,2,2,3,4,2,3,1983,2,2
1991,1,131117,4,2,2,2,1,1,3,4,2,3,1978,2,2
1991,2,131117,4,2,2,2,1,1,3,4,2,3,1974,2,2
1991,1,131118,1,2,2,1,2,2,3,4,1,3,1977,2,2
1991,1,131119,1,5,5,2,1,1,3,4,2,3,1985,2,2
1991,1,131120,2,2,2,1,1,1,3,4,2,3,1991,2,2
1991,2,131120,2,2,2,2,1,1,3,4,2,3,1987,2,2
1991,3,131120,1,2,2,2,1,1,3,4,2,3,1978,2,2
1991,1,131121,2,1,1,1,1,1,3,4,1,3,1988,2,2
1991,1,131122,1,2,2,2,2,2,3,4,1,3,1979,2,2
1991,2,131122,1,5,5,2,1,1,3,4,2,3,1973,2,2
1991,3,131122,1,2,2,2,1,1,3,4,2,3,1991,2,2
1991,1,131123,1,2,2,2,1,1,3,4,2,3,1981,2,2
1991,1,131124,1,3,3,2,1,1,3,4,1,3,1981,2,2
1991,1,131125,2,2,2,2,1,1,3,4,2,3,1985,2,2
1991,1,131126,1,2,2,2,1,1,3,4,2,3,1987,2,2
1991,1,131127,1,2,2,1,1,1,3,4,1,3,1983,2,2
1991,1,131128,1,2,2,2,1,1,3,4,2,3,1990,2,2
1991,1,131129,2,1,1,1,1,1,3,4,1,3,1991,2,2
1991,1,131130,1,1,1,1,1,1,3,4,1,3,1982,2,2
1991,1,131131,6,5,5,2,1,1,3,4,2,3,1981,2,2
1991,2,131131,1,5,5,2,3,3,3,4,1,3,1976,2,2
1991,1,131132,1,2,2,2,1,1,3,4,2,3,1983,2,2
1991,2,131132,1,2,2,2,1,1,3,4,2,3,1988,2,2
1991,1,131133,1,3,3,2,1,1,3,4,2,3,1978,2,2
1991,1,131134,1,2,2,2,1,1,3,4,2,3,1985,2,2
1991,1,131135,1,2,2,2,1,1,3,4,2,3,1991,2,2
1991,2,131135,1,2,2,2,1,1,3,4,2,3,1991,2,2
1991,1,131136,9,7,7,2,3,3,3,4,2,3,9999,2,2
1991,1,131137,1,3,3,1,1,1,3,4,1,3,1991,2,2
1991,1,131138,1,2,2,2,1,1,3,4,2,3,1968,2,2
1991,2,131138,1,2,2,2,2,2,3,4,2,3,1988,2,2
1991,1,131139,1,2,2,2,1,1,3,4,2,3,1988,2,2
1991,2,131139,2,2,2,2,1,1,3,4,2,3,1989,2,2
1991,1,131140,2,3,3,2,1,1,3,4,1,3,1971,2,2
1991,1,131141,1,2,2,1,1,1,3,4,1,3,1988,2,2
1991,1,131142,1,2,2,1,1,1,3,4,2,3,1980,2,2
1991,1,131143,2,2,2,2,1,1,3,4,2,3,1991,2,2
1991,2,131143,1,5,5,2,1,1,3,4,2,3,1984,2,2
1991,1,131144,1,2,2,2,1,1,3,4,2,3,1975,2,2
1991,2,131144,8,2,2,2,1,1,3,4,2,3,1990,2,2
1991,1,131145,1,5,5,2,1,1,3,4,2,3,1980,2,2
1991,2,131145,6,2,2,2,1,1,3,4,2,3,1982,2,2
1991,3,131145,2,2,2,2,1,1,3,4,2,3,1989,2,2
1991,1,131146,2,2,2,2,1,1,3,4,2,3,1974,2,2
1991,2,131146,2,2,2,2,1,1,3,4,2,3,1977,2,2
1991,1,131147,1,2,2,2,1,1,3,4,2,3,1970,2,2
1991,2,131147,1,2,2,2,1,1,3,4,2,3,1986,2,2
1991,1,131148,1,2,2,1,1,1,3,4,2,3,1985,2,2
1991,1,131149,1,2,2,1,3,3,3,4,1,3,1978,2,2
1991,1,131150,4,1,1,1,1,1,3,4,2,3,1980,2,2
1991,1,131152,1,3,3,2,1,1,3,4,2,3,1991,2,2
1991,2,131152,2,2,2,2,1,1,3,4,2,3,1988,2,2
1991,1,131153,2,2,2,1,1,1,3,4,1,3,1988,2,2
1991,1,131154,1,4,4,2,2,2,3,4,1,3,1968,2,2
1991,1,131155,1,2,2,2,1,1,3,4,2,3,1984,2,2
1991,1,131156,4,2,2,2,1,1,3,4,2,3,1989,2,2
1991,2,131156,4,2,2,2,1,1,3,4,2,3,1977,2,2
1991,1,131157,6,2,2,2,1,1,3,4,2,3,1985,2,2
1991,2,131157,1,2,2,2,1,1,3,4,2,3,1990,2,2
1991,1,131158,2,1,1,1,1,1,3,4,1,3,1989,2,2
1991,1,131159,1,2,2,2,1,1,3,4,2,3,1980,2,2
1991,2,131159,2,2,2,2,1,1,3,4,2,3,1985,2,2
1991,1,131160,2,5,5,2,1,1,3,4,2,3,1990,2,2
1991,2,131160,1,2,2,2,1,1,3,4,2,3,1987,2,2
1991,1,131161,1,2,2,1,1,1,3,4,1,3,1988,2,2
1991,1,131162,1,2,2,1,2,2,3,4,1,3,1982,2,2
1991,1,131163,2,2,2,1,1,1,3,4,2,3,1986,2,2
1991,2,131163,1,5,5,2,1,1,3,4,2,3,1986,2,2
1991,3,131163,2,7,7,2,1,1,3,4,2,3,1991,2,2
1991,1,131164,1,2,2,2,1,1,3,4,2,3,1987,2,2
1991,1,131165,2,2,2,2,1,1,3,4,2,3,1971,2,2
1991,2,131165,1,2,2,2,1,1,3,4,2,3,1985,2,2
1991,1,131166,1,1,1,1,1,1,3,4,2,3,1989,2,2
1991,1,131167,1,2,2,1,1,1,3,4,2,3,1984,2,2
1991,1,131168,2,1,1,1,2,2,3,4,2,3,1962,2,2
1991,1,131169,1,2,2,2,1,1,3,4,2,3,1980,2,2
1991,1,131170,1,2,2,2,1,1,3,4,2,3,1988,2,2
1991,2,131170,2,2,2,2,1,1,3,4,1,3,1991,2,2
1991,1,131171,1,3,3,2,1,1,3,4,2,3,1988,2,2
1991,2,131171,1,2,2,2,1,1,3,4,2,3,1986,2,2
1991,1,131172,2,2,2,2,1,1,3,4,2,3,1964,2,2
1991,1,131173,7,1,1,2,4,2,3,2,1,3,1977,2,2
1991,1,131175,9,1,1,2,3,3,3,4,2,3,9999,2,2
1991,1,131177,1,1,1,2,1,1,3,4,2,3,1980,2,2
1991,1,131178,7,2,2,2,4,1,3,1,2,3,1982,2,2
1991,1,131179,1,2,2,2,1,1,3,4,2,3,1986,2,2
1991,2,131179,1,2,2,2,1,1,3,4,2,3,1989,2,2
1991,1,131180,9,1,1,2,3,3,3,4,2,3,1984,2,2
1991,1,131181,4,5,5,2,1,1,3,4,2,3,1988,2,2
1991,2,131181,6,2,2,2,1,1,3,4,2,3,1985,2,2
1991,1,131182,9,2,2,2,3,3,3,4,2,3,9999,2,2
1991,1,131183,1,3,3,2,1,1,3,4,2,3,1978,2,2
1991,1,131184,2,2,2,2,1,1,3,4,2,3,1987,2,2
1991,1,131185,1,2,2,2,1,1,3,4,2,3,1987,2,2
1991,2,131185,6,5,5,2,1,1,3,4,2,3,1975,2,2
1991,1,131186,2,2,2,2,1,1,3,4,2,3,1983,2,2
1991,1,131187,1,2,2,2,1,1,3,4,2,3,1981,2,2
1991,1,131188,1,3,3,1,1,1,3,4,1,3,1986,2,2
1991,1,131189,2,2,2,2,2,2,3,4,2,3,1985,2,2
1991,1,131190,1,2,2,2,2,2,3,4,2,3,1988,2,2
1991,1,131191,1,2,2,2,1,1,3,4,2,3,1982,2,2
1991,2,131191,2,2,2,2,1,1,3,4,2,3,1989,2,2
1991,1,131192,2,2,2,2,1,1,3,4,2,3,1991,2,2
1991,1,131193,9,1,1,1,1,1,3,4,2,3,9999,2,2
1991,1,131194,2,2,2,2,3,3,3,4,1,3,1984,2,2
1991,1,131195,1,5,5,2,1,1,3,4,2,3,1970,2,2
1991,2,131195,1,2,2,2,1,1,3,4,2,3,1987,2,2
1991,1,131196,1,2,2,2,1,1,3,4,2,3,1988,2,2
1991,1,131197,1,2,2,2,1,1,3,4,2,3,1981,2,2
1991,2,131197,1,4,4,2,1,1,3,4,2,3,1989,2,2
1991,1,131198,1,2,2,2,1,1,3,4,2,3,1985,2,2
1991,1,131199,1,2,2,2,1,1,3,4,2,3,1990,2,2
1991,2,131199,1,5,2,2,1,1,3,4,2,3,1990,2,2
1991,3,131199,4,2,2,2,3,3,3,4,2,3,1989,2,2
1991,1,131200,1,2,2,2,1,1,3,4,2,3,1987,2,2
1991,2,131200,1,3,3,2,1,1,3,4,1,3,1982,2,2
1991,1,131201,1,1,1,1,3,3,3,4,1,3,1987,2,2
1991,1,131202,2,2,2,2,1,1,3,4,1,3,1989,2,2
1991,2,131202,4,4,4,2,1,1,3,4,2,3,1987,2,2
1991,1,131203,1,1,1,1,1,1,3,4,1,3,1980,2,2
1991,1,131204,3,7,7,2,1,1,3,4,2,3,1987,2,2
1991,1,131205,6,2,2,2,1,1,3,4,2,3,1985,2,2
1991,2,131205,1,2,2,2,1,1,3,4,2,3,1986,2,2
1991,1,131206,2,6,6,2,1,1,3,4,2,3,1980,2,2
1991,1,131208,1,2,2,2,1,1,3,4,2,3,1986,2,2
1991,1,131209,1,3,3,2,1,2,3,4,2,3,1981,2,2
1991,2,131209,4,2,2,2,1,1,3,4,2,3,1991,2,2
1991,1,131210,1,5,5,1,1,1,3,4,2,3,1976,2,2
1991,1,131211,1,3,3,2,3,3,3,4,2,3,1984,2,2
1991,2,131211,2,2,2,2,1,1,3,4,2,3,1988,2,2
1991,1,131212,1,2,2,2,1,1,3,4,2,3,1985,2,2
1991,2,131212,6,2,2,2,1,1,3,4,2,3,1985,2,2
1991,1,131213,2,1,1,1,1,1,3,4,2,3,1985,2,2
1991,1,131214,1,2,2,2,1,1,3,4,2,3,1983,2,2
1991,1,131215,1,5,5,1,1,1,3,4,1,3,1984,2,2
1991,1,131216,2,3,3,1,1,1,3,4,2,3,1968,2,2
1991,1,131217,6,2,2,2,1,1,3,4,2,3,1988,2,2
1991,1,131218,1,2,2,2,1,1,3,4,2,3,1970,2,2
1991,1,131219,1,4,2,2,2,2,3,4,1,3,1985,2,2
1991,1,131220,9,7,7,2,3,3,3,4,2,3,9999,2,2
1991,1,131221,1,3,3,2,1,1,3,4,2,3,1990,2,2
1991,2,131221,4,2,2,2,1,1,3,4,2,3,1991,2,2
1991,1,131222,1,2,2,2,1,1,3,4,2,3,1982,2,2
1991,2,131222,1,2,2,2,1,1,3,4,2,3,1986,2,2
1991,1,131223,1,3,3,2,1,1,3,4,2,3,1987,2,2
1991,2,131223,1,2,2,2,1,1,3,4,2,3,1990,2,2
1991,1,131224,1,2,2,2,1,1,3,4,2,3,1990,2,2
1991,1,131225,2,3,3,2,2,2,3,4,2,3,1984,2,2
1991,1,131226,2,2,2,2,1,1,3,4,2,3,1981,2,2
1991,2,131226,1,5,5,2,1,1,3,4,2,3,1979,2,2
1991,1,131227,1,2,2,2,1,1,3,4,2,3,1984,2,2
1991,2,131227,1,2,2,2,1,1,3,4,2,3,1988,2,2
1991,3,131227,1,2,2,2,1,1,3,4,2,3,1991,2,2
1991,1,131228,3,5,5,1,1,1,3,4,2,3,1992,2,2
1991,2,131228,1,2,2,2,1,1,3,4,2,3,1987,2,2
1991,1,131229,1,2,2,2,1,1,3,4,2,3,1986,2,2
1991,1,131230,7,5,2,2,4,2,3,2,2,3,1988,2,2
1991,2,131230,4,5,5,2,1,1,3,4,2,3,1987,2,2
1991,1,131231,2,3,3,2,1,1,3,4,1,3,1986,2,2
1991,2,131231,2,2,2,2,1,1,3,4,2,3,1966,2,2
1991,1,131232,1,2,2,2,3,3,3,4,1,3,1980,2,2
1991,1,131233,2,1,1,1,1,1,3,4,2,3,1982,2,2
1991,1,131234,1,2,2,1,2,2,3,4,1,3,1980,2,2
1991,1,131235,1,7,7,2,1,1,3,4,2,3,1991,2,2
1991,1,131236,1,3,3,2,2,2,3,4,2,3,1986,2,2
1991,2,131236,1,2,2,2,1,1,3,4,2,3,1990,2,2
1991,1,131237,1,3,3,2,1,1,3,4,2,3,1989,2,2
1991,2,131237,1,2,2,2,1,1,3,4,2,3,1985,2,2
1991,1,131238,1,3,3,2,1,1,3,4,2,3,1979,2,2
1991,2,131238,1,2,2,2,1,1,3,4,2,3,1990,2,2
1991,3,131238,1,2,2,2,3,3,3,4,2,3,1976,2,2
1991,1,131239,1,2,2,2,1,1,3,4,2,3,1990,2,2
1991,2,131239,1,5,5,2,1,1,3,4,2,3,1985,2,2
1991,1,131240,2,2,2,2,1,1,3,4,2,3,1988,2,2
1991,1,131241,9,7,7,2,1,1,3,4,2,3,9999,2,2
1991,2,131241,9,7,7,2,3,3,3,4,2,3,9999,2,2
1991,1,131242,7,2,2,2,4,3,3,3,1,3,1985,2,2
1991,2,131242,2,2,2,2,2,2,3,4,2,3,1981,2,2
1991,1,131243,4,1,1,1,1,1,3,4,2,3,1978,2,2
1991,1,131244,1,2,2,2,1,1,3,4,2,3,1983,2,2
1991,2,131244,1,3,3,2,1,1,3,4,2,3,1984,2,2
1991,1,131245,5,2,2,2,1,1,3,4,2,3,1989,2,2
1991,1,131246,1,5,5,2,3,3,3,4,2,3,1981,2,2
1991,2,131246,1,2,2,2,1,1,3,4,2,3,1988,2,2
1991,1,131248,1,1,1,1,1,1,3,4,2,3,1982,2,2
1991,1,131249,1,2,2,2,1,1,3,4,2,3,1984,2,2
1991,2,131249,1,4,4,2,3,3,3,4,2,3,1988,2,2
1991,1,131250,1,2,2,2,1,1,3,4,2,3,1990,2,2
1991,1,131251,9,7,7,2,3,3,3,4,2,3,9999,2,2
1991,1,131252,2,5,5,2,1,1,3,4,2,3,1971,2,2
1991,1,131253,1,2,2,2,1,1,3,4,2,3,1984,2,2
1991,1,131254,1,2,2,2,2,2,3,4,2,3,1982,2,2
1991,2,131254,1,2,2,2,3,3,3,4,2,3,1988,2,2
1991,1,131255,2,2,2,2,1,1,3,4,2,3,1978,2,2
1991,2,131255,1,2,2,2,1,1,3,4,2,3,1978,2,2
1991,1,131256,2,2,2,1,1,1,3,4,2,3,1986,2,2
1991,1,131257,1,6,2,2,2,2,3,4,1,3,1984,2,2
1991,1,131258,1,2,2,2,1,1,3,4,2,3,1988,2,2
1991,1,131259,2,2,2,2,1,1,3,4,2,3,1990,2,2
1991,2,131259,6,4,4,2,1,1,3,4,2,3,1990,2,2
1991,1,131260,1,3,3,2,1,1,3,4,1,3,1991,2,2
1991,2,131260,1,2,2,2,2,2,3,4,2,3,1989,2,2
1991,1,131261,1,2,2,2,2,2,3,4,2,3,1980,2,2
1991,2,131261,1,2,2,2,1,1,3,4,2,3,1987,2,2
1991,1,131262,1,6,6,1,2,2,3,4,1,3,1989,2,2
1991,1,131263,1,3,3,2,2,2,3,4,2,3,1974,2,2
1991,1,150001,1,2,2,2,1,1,3,4,1,3,1982,2,2
1991,2,150001,2,2,2,2,1,1,3,4,2,3,1986,2,2
1991,1,150002,4,3,3,2,1,1,3,4,2,3,1983,2,2
1991,1,150003,1,5,5,2,1,1,3,4,2,3,1983,2,2
1991,2,150003,3,2,2,2,1,1,3,4,2,3,1991,2,2
1991,1,150004,1,2,2,2,1,1,3,4,2,3,1982,2,2
1991,2,150004,7,2,2,2,4,1,3,1,2,3,1987,2,2
1991,1,150005,1,2,2,2,2,2,3,4,2,3,1991,2,2
1991,1,150006,2,2,2,1,1,1,3,4,2,3,1981,1,2
1991,1,150007,1,5,5,2,1,1,3,4,2,3,1983,2,2
1991,2,150007,2,5,5,2,1,1,3,4,2,3,1990,2,2
1991,3,150007,2,2,2,2,1,1,3,4,2,3,1989,2,2
1991,1,150008,2,2,2,2,2,2,3,4,2,3,1989,2,2
1991,2,150008,1,5,5,1,1,1,3,4,2,3,1982,2,2
1991,1,150009,2,2,2,2,1,1,3,4,2,3,1985,2,2
1991,2,150009,2,2,2,2,1,1,3,4,2,3,1988,2,2
1991,1,150010,2,2,6,1,1,1,3,4,2,3,1979,2,2
1991,1,150011,1,2,2,2,1,1,3,4,2,3,1991,2,2
1991,2,150011,2,2,2,1,1,1,3,4,2,3,1986,2,2
1991,1,150012,2,2,2,1,1,1,3,4,2,3,1989,2,2
1991,1,150013,1,2,2,1,1,1,3,4,2,3,1985,2,2
1991,1,150014,3,1,1,1,1,1,3,4,2,3,1984,2,2
1991,1,150015,2,2,2,1,1,1,3,4,1,3,1990,2,2
1991,1,150016,2,2,2,2,1,1,3,4,1,3,1987,2,2
1991,1,150017,2,2,2,2,1,1,3,4,1,3,1987,2,2
1991,1,150018,1,1,1,1,1,1,3,4,1,3,1985,2,2
1991,1,150019,1,2,2,2,1,1,3,4,1,3,1978,2,2
1991,1,150020,7,2,2,2,4,1,3,1,2,3,1986,1,2
1991,2,150020,2,3,3,2,1,1,3,4,2,3,1990,2,2
1991,1,150021,9,2,2,2,1,1,3,4,2,3,1980,2,2
1991,1,150022,1,2,2,2,1,1,3,4,2,3,1980,2,2
1991,1,150023,7,2,2,2,4,2,3,2,1,3,1991,2,2
1991,1,150024,3,2,2,1,1,1,3,4,2,3,1975,2,2
1991,2,150024,1,2,2,2,1,1,3,4,2,3,1985,2,2
1991,1,150025,1,2,2,2,2,2,3,4,2,3,1975,2,2
1991,1,150026,3,2,2,2,1,1,3,4,2,3,1985,2,2
1991,2,150026,2,4,4,2,2,2,3,4,2,3,1986,2,2
1991,3,150026,1,4,4,2,1,1,3,4,2,3,1984,2,2
1991,1,150027,1,2,2,2,1,1,3,4,1,3,1988,2,2
1991,2,150027,7,3,3,2,4,1,3,1,2,3,1987,2,2
1991,1,150028,1,2,2,2,2,2,3,4,2,3,1980,2,2
1991,1,150029,1,2,2,1,1,1,3,4,2,3,1986,2,2
1991,1,150030,2,4,4,2,1,1,3,4,1,3,1985,2,2
1991,2,150030,1,2,2,2,1,1,3,4,2,3,1966,2,2
1991,1,150031,1,2,2,2,1,1,3,4,2,3,1981,2,2
1991,1,150032,1,2,2,2,2,2,3,4,1,3,1979,2,2
1991,1,150033,2,2,2,1,1,1,3,4,2,3,1990,2,2
1991,2,150033,1,2,2,2,1,1,3,4,2,3,1988,2,2
1991,1,150034,1,2,2,2,2,2,3,4,1,3,1971,2,2
1991,1,150035,1,2,2,2,2,2,3,4,1,3,1989,2,2
1991,1,150036,2,2,2,1,1,1,3,4,1,3,1991,2,2
1991,1,150037,2,4,4,2,1,1,3,4,1,3,1989,2,2
1991,2,150037,2,2,2,2,1,1,3,4,2,3,1969,2,2
1991,1,150038,1,2,7,1,1,1,3,4,1,3,1989,2,2
1991,1,150039,1,2,2,1,1,1,3,4,2,3,1983,2,2
1991,1,150040,1,2,5,2,1,1,3,4,2,3,1976,2,2
1991,2,150040,7,2,2,2,4,2,3,2,2,3,1980,2,2
1991,1,150041,2,2,2,2,1,1,3,4,2,3,1987,2,2
1991,1,150042,3,2,2,2,2,2,3,4,2,3,1984,1,2
1991,1,150043,1,2,2,2,1,1,3,4,2,3,1985,2,2
1991,1,150044,7,2,2,2,4,1,3,1,1,3,1984,2,2
1991,1,150045,3,1,1,2,1,1,3,4,2,3,1979,2,2
1991,1,150046,7,2,2,2,4,1,3,1,1,3,1978,2,2
1991,1,150047,1,2,2,2,1,1,3,4,2,3,1981,2,2
1991,1,150048,1,2,2,2,1,1,3,4,2,3,1989,2,2
1991,2,150048,1,2,2,2,1,1,3,4,2,3,1988,2,2
1991,1,150049,3,2,2,2,1,1,3,4,1,3,1987,2,2
1991,1,150050,1,5,5,2,2,2,3,4,1,3,1978,2,2
1991,2,150050,4,2,2,1,1,1,3,4,2,3,1990,2,2
1991,1,150051,1,2,2,2,1,1,3,4,2,3,1978,1,2
1991,1,150053,1,2,6,1,1,1,3,4,2,3,1986,2,2
1991,1,150054,2,2,2,2,1,1,3,4,2,3,1985,2,2
1991,2,150054,1,3,3,2,1,1,3,4,2,3,1990,2,2
1991,1,150055,1,2,2,2,1,1,3,4,1,3,1979,2,2
1991,1,150056,1,2,2,2,1,1,3,4,2,3,1977,2,2
1991,1,150057,4,2,2,2,2,2,3,4,1,3,1991,2,2
1991,2,150057,1,2,2,2,1,1,3,4,2,3,1982,2,2
1991,1,150058,3,1,1,1,2,2,3,4,1,3,1991,2,2
1991,1,150059,2,2,2,2,1,1,3,4,2,3,1978,2,2
1991,1,150060,1,2,2,2,1,1,3,4,1,3,1981,2,2
1991,1,150061,2,6,6,2,3,3,3,4,2,3,1980,2,2
1991,1,150062,7,1,1,2,4,3,3,3,1,3,1976,2,2
1991,1,150063,1,2,2,2,1,1,3,4,2,3,1981,2,1
1991,1,150064,1,2,2,2,2,2,3,4,2,3,1991,1,2
1991,1,150065,4,2,2,1,2,2,3,4,1,3,1969,2,2
1991,2,150065,1,3,3,2,1,1,3,4,2,3,1982,2,2
1991,1,150066,1,5,5,2,1,1,3,4,2,3,1981,1,2
1991,2,150066,6,2,2,2,1,1,3,4,2,3,1986,2,2
1991,1,150067,2,2,2,1,1,1,3,4,2,3,1990,1,2
1991,2,150067,1,2,2,2,1,1,3,4,2,3,1980,2,2
1991,1,150068,1,2,2,2,1,1,3,4,2,3,1987,2,2
1991,2,150068,4,5,5,2,1,1,3,4,2,3,1985,2,2
1991,1,150069,2,2,2,2,1,1,3,4,2,3,1991,1,2
1991,1,150070,1,3,3,2,1,1,3,4,2,3,1979,2,2
1991,2,150070,2,2,2,2,1,1,3,4,2,3,1973,2,2
1991,3,150070,1,2,2,2,1,1,3,4,2,3,1990,2,2
1991,1,150071,2,2,2,2,1,1,3,4,2,3,1991,2,2
1991,1,150072,1,2,2,2,1,1,3,4,2,3,1980,2,2
1991,2,150072,6,2,5,2,1,1,3,4,2,3,1979,2,2
1991,1,150073,1,2,2,2,1,1,3,4,2,3,1987,2,2
1991,2,150073,1,2,2,2,1,1,3,4,2,3,1990,2,2
1991,1,150074,4,3,3,1,2,2,3,4,2,3,1991,2,2
1991,1,150075,7,2,2,2,4,2,3,2,1,3,1987,2,2
1991,1,150076,2,2,2,1,1,1,3,4,2,3,1989,2,2
1991,2,150076,7,2,2,2,4,2,3,2,2,3,1971,2,2
1991,1,150077,2,2,2,2,1,1,3,4,2,3,1987,2,2
1991,1,150078,1,2,2,1,2,2,3,4,2,3,1986,2,2
1991,2,150078,1,6,6,2,1,1,3,4,2,3,1987,2,2
1991,1,150079,1,1,1,1,2,2,3,4,2,3,1984,2,2
1991,1,150080,1,2,2,2,2,2,3,4,2,3,1978,2,2
1991,2,150080,1,2,2,2,1,1,3,4,2,3,1979,2,2
1991,3,150080,1,5,5,2,3,3,3,4,2,3,1991,2,2
1991,1,150081,1,2,2,2,1,1,3,4,2,3,1984,2,1
1991,2,150081,6,2,2,2,1,2,3,4,2,3,1989,2,2
1991,1,150082,1,2,2,2,1,1,3,4,2,3,1981,2,2
1991,1,150083,7,2,2,2,4,1,3,1,2,3,1982,2,2
1991,1,150084,1,2,2,2,1,1,3,4,1,3,1989,2,2
1991,1,150085,2,2,2,1,1,1,3,4,2,3,1987,2,1
1991,2,150085,1,3,3,2,1,1,3,4,2,3,1983,2,2
1991,1,150086,2,2,2,2,1,1,3,4,2,3,1978,2,2
1991,2,150086,1,2,2,2,1,1,3,4,2,3,1983,2,2
1991,1,150087,1,2,2,2,1,1,3,4,2,3,1990,2,2
1991,2,150087,1,2,2,2,1,1,3,4,2,3,1989,2,2
1991,1,150088,1,2,2,2,1,1,3,4,2,3,1991,2,2
1991,1,150089,7,2,2,2,4,1,3,1,1,3,1979,2,2
1991,2,150089,2,2,2,2,1,1,3,4,2,3,1987,2,2
1991,1,150090,1,2,2,1,3,3,3,4,2,3,1991,2,2
1991,1,150091,1,2,2,2,1,1,3,4,2,3,1990,2,2
1991,1,150092,1,4,4,2,1,1,3,4,2,3,1987,1,2
1991,1,150093,2,2,2,2,2,2,3,4,2,3,1990,2,2
1991,1,150094,1,2,2,2,2,2,3,4,1,3,1975,2,2
1991,1,150095,1,2,2,2,2,2,3,4,2,3,1977,2,2
1991,2,150095,4,5,5,2,1,1,3,4,2,3,1986,2,2
1991,1,150096,2,5,5,2,1,1,3,4,2,3,1978,2,2
1991,2,150096,6,2,2,2,1,1,3,4,2,3,1990,2,2
1991,1,150097,3,2,2,2,2,2,3,4,2,3,1988,1,2
1991,2,150097,6,2,2,2,1,2,3,4,2,3,1976,2,2
1991,1,150098,1,2,2,2,1,1,3,4,2,3,1984,2,2
1991,1,150099,7,2,2,2,4,1,3,1,1,3,1989,2,2
1991,2,150099,1,2,2,2,1,1,3,4,2,3,1968,2,2
1991,1,150100,1,2,2,2,2,2,3,4,2,3,1984,2,2
1991,1,150101,2,1,1,1,2,2,3,4,1,3,1965,2,2
1991,1,150102,7,2,2,2,4,1,3,1,1,3,1983,2,2
1991,2,150102,1,4,4,2,1,1,3,4,2,3,1983,2,2
1991,3,150102,1,6,6,2,3,3,3,4,2,3,9999,2,2
1991,4,150102,2,6,6,2,3,3,3,4,2,3,9999,2,2
1991,1,150103,1,2,2,2,1,1,3,4,2,3,1985,2,2
1991,2,150103,7,2,2,2,4,1,3,1,2,3,1988,2,2
1991,1,150104,1,2,2,2,2,2,3,4,2,3,1989,2,2
1991,2,150104,6,2,2,2,1,1,3,4,2,3,1991,2,2
1991,1,150105,7,1,1,2,4,2,3,2,1,3,1989,2,2
1991,1,150106,1,2,2,2,1,1,3,4,2,3,1991,1,2
1991,2,150106,2,4,2,2,1,1,3,4,2,3,1987,2,2
1991,1,150107,4,2,2,2,1,1,3,4,2,3,1984,2,2
1991,1,150108,3,2,2,1,1,1,3,4,1,3,1989,2,2
1991,1,150109,1,2,2,2,1,1,3,4,2,3,1988,1,2
1991,2,150109,1,2,2,2,1,1,3,4,2,3,1991,2,2
1991,1,150110,3,2,2,2,1,1,3,4,2,3,1984,2,2
1991,2,150110,1,4,4,2,1,2,3,4,2,3,1985,2,2
1991,3,150110,1,4,4,2,1,1,3,4,2,3,1990,2,2
1991,4,150110,7,4,4,2,4,2,3,2,2,3,1977,2,2
1991,5,150110,1,3,3,2,1,1,3,4,2,3,1981,2,2
1991,6,150110,1,2,2,2,1,1,3,4,2,3,1984,2,2
1991,1,150111,2,2,2,1,1,1,3,4,2,3,1983,2,2
1991,2,150111,1,2,2,2,1,1,3,4,2,3,1971,2,2
1991,1,150112,1,2,2,1,2,2,3,4,1,3,1979,2,2
1991,1,150113,1,2,2,2,2,2,3,4,1,3,1984,2,2
1991,2,150113,6,2,2,2,1,1,3,4,2,3,1981,2,2
1991,1,150114,2,2,2,2,1,1,3,4,2,3,1984,2,2
1991,2,150114,1,2,2,2,2,2,3,4,2,3,1977,2,2
1991,1,150115,1,2,2,2,1,1,3,4,2,3,1985,2,2
1991,1,150116,3,2,2,2,1,1,3,4,1,3,1989,2,2
1991,1,150117,1,3,2,2,1,1,3,4,2,3,1982,2,2
1991,1,150118,1,1,1,1,1,1,3,4,1,3,1983,2,2
1991,1,150119,1,6,6,2,1,1,3,4,2,3,1976,2,2
1991,1,150120,1,1,1,1,1,1,3,4,1,3,1967,2,2
1991,1,160001,6,2,2,2,1,1,3,4,2,3,1987,2,1
1991,2,160001,1,2,2,2,1,1,3,4,2,3,1986,2,2
1991,1,160002,2,3,3,2,1,1,3,4,2,3,1972,2,2
1991,2,160002,1,4,4,2,1,1,3,4,2,3,1985,2,2
1991,1,160003,1,5,5,2,1,1,3,4,1,3,1980,2,2
1991,1,160004,2,1,1,1,1,1,3,4,1,3,1984,2,2
1991,1,160005,1,3,3,2,1,1,3,4,2,3,1987,2,1
1991,1,160006,1,2,2,2,2,2,3,4,2,3,1986,1,2
1991,1,160007,1,7,7,1,2,2,3,4,1,3,1984,2,2
1991,1,160008,1,3,3,2,1,1,3,4,2,3,1989,2,2
1991,2,160008,6,2,2,2,1,1,3,4,2,3,1989,2,2
1991,1,160009,2,2,2,2,1,1,3,4,2,3,1974,2,2
1991,2,160009,2,3,3,2,2,2,3,4,2,3,1980,2,2
1991,1,160010,3,5,5,1,1,1,3,4,1,3,1986,2,2
1991,1,160011,3,5,5,2,1,1,3,4,2,3,1984,2,2
1991,1,160012,1,2,2,2,1,1,3,4,2,3,1983,1,2
1991,2,160012,6,5,5,2,2,2,3,4,2,3,1981,1,2
1991,1,160013,1,2,2,2,1,1,3,4,2,3,1984,1,2
1991,2,160013,6,2,2,2,1,1,3,4,2,3,1987,2,2
1991,1,160014,2,2,2,2,1,1,3,4,1,3,1978,2,2
1991,1,160015,1,2,2,2,1,1,3,4,1,3,1990,1,2
1991,2,160015,1,4,4,2,1,1,3,4,2,3,1984,2,2
1991,3,160015,2,5,5,2,1,1,3,4,2,3,1989,2,2
1991,4,160015,2,5,5,2,1,1,3,4,2,3,1982,2,2
1991,1,160016,1,3,3,1,1,1,3,4,2,3,1984,1,2
1991,1,160017,1,2,2,2,1,1,3,4,2,3,1986,2,2
1991,1,160018,6,2,2,2,1,1,3,4,2,3,1972,2,2
1991,2,160018,2,3,3,2,2,2,3,4,1,3,1976,2,2
1991,1,160019,1,3,3,1,2,2,3,4,1,3,1980,2,2
1991,1,160020,1,1,1,1,1,1,3,4,1,3,1988,1,2
1991,1,160021,2,1,1,1,1,1,3,4,2,3,1981,2,2
1991,1,160022,1,1,1,1,2,2,3,4,1,3,1982,2,2
1991,1,160023,6,2,2,2,1,1,3,4,2,3,1990,2,2
1991,2,160023,1,2,2,2,1,1,3,4,2,3,1968,2,2
1991,1,160024,1,2,2,2,1,1,3,4,2,3,1978,2,2
1991,2,160024,1,5,5,2,1,1,3,4,2,3,1978,2,2
1991,1,160025,7,3,3,2,4,1,3,1,1,3,1978,2,2
1991,1,160026,6,2,2,1,1,2,3,4,2,3,1981,1,2
1991,2,160026,4,2,2,1,1,1,3,4,2,3,1971,2,2
1991,1,160027,2,2,2,1,1,1,3,4,2,3,1989,1,1
1991,1,160028,1,3,3,2,1,1,3,4,2,3,1978,1,1
1991,1,160029,9,1,1,1,2,2,3,4,1,3,1989,2,2
1991,1,160030,1,1,1,1,1,1,3,4,1,3,1976,2,2
1991,1,160031,3,5,5,2,1,1,3,4,2,3,1973,1,2
1991,2,160031,6,2,2,1,1,1,3,4,2,3,1980,2,2
1991,3,160031,1,2,2,2,1,1,3,4,2,3,1989,2,2
1991,1,160032,1,1,1,2,1,1,3,4,2,3,1981,2,1
1991,1,160034,1,2,2,2,1,1,3,4,2,3,1984,2,2
1991,2,160034,1,5,5,1,1,1,3,4,2,3,1981,2,2
1991,1,160035,6,4,4,2,1,1,3,4,2,3,1988,2,2
1991,2,160035,3,2,2,2,1,1,3,4,2,3,1980,2,2
1991,1,160036,4,2,2,2,1,1,3,4,2,3,1980,2,2
1991,1,160037,2,2,2,2,1,1,3,4,1,3,1987,2,2
1991,2,160037,2,2,2,2,1,1,3,4,2,3,1990,2,2
1991,1,160038,1,2,2,2,1,1,3,4,2,3,1972,1,2
1991,1,160039,1,3,3,2,1,1,3,4,2,3,1988,2,2
1991,2,160039,2,2,2,2,2,2,3,4,2,3,1989,2,2
1991,1,160040,1,2,2,2,2,2,3,4,2,3,1976,1,2
1991,2,160040,6,2,2,2,1,1,3,4,2,3,1985,2,2
1991,1,160042,4,3,3,2,2,2,3,4,2,3,1972,1,2
1991,1,160043,2,7,7,1,1,1,3,4,2,3,1975,2,1
1991,1,160044,3,2,2,2,1,1,3,4,2,3,1989,2,2
1991,2,160044,1,5,5,2,1,1,3,4,2,3,1984,1,2
1991,1,160045,1,4,4,2,1,1,3,4,2,3,1967,2,2
1991,2,160045,2,4,4,2,1,1,3,4,2,3,1983,2,2
1991,3,160045,1,2,2,2,1,1,3,4,2,3,1981,1,2
1991,4,160045,1,2,2,2,1,1,3,4,2,3,1989,1,2
1991,1,160046,9,1,1,1,2,2,3,4,1,3,9999,2,2
1991,1,160047,1,3,3,2,1,1,3,4,2,3,1982,2,2
1991,2,160047,1,2,2,2,2,2,3,4,2,3,1978,2,2
1991,1,160048,1,3,3,2,1,1,3,4,2,3,1965,1,2
1991,1,160049,1,5,5,2,1,1,3,4,2,3,1987,2,2
1991,1,160050,6,1,1,1,1,1,3,4,1,3,1988,2,2
1991,1,160051,2,3,3,2,1,1,3,4,1,3,1989,1,2
1991,1,160053,1,1,1,1,1,1,3,4,1,3,1989,2,2
1991,1,160055,2,1,1,1,1,1,3,4,2,3,1984,2,2
1991,1,160056,1,2,2,2,2,2,3,4,2,3,1978,2,2
1991,1,160057,3,2,2,2,1,1,3,4,2,3,1985,2,2
1991,2,160057,1,2,2,2,1,1,3,4,2,3,1978,2,2
1991,1,160058,3,2,2,2,2,2,3,4,2,3,1978,1,2
1991,2,160058,2,3,3,2,1,1,3,4,2,3,1977,2,2
1991,1,160059,3,2,2,2,2,2,3,4,2,3,1988,1,2
1991,1,160060,1,3,3,2,1,1,3,4,2,3,1985,2,2
1991,2,160060,6,2,2,2,1,1,3,4,2,3,1984,2,2
1991,1,160061,2,2,2,2,2,2,3,4,2,3,1989,1,2
1991,2,160061,2,2,2,2,1,1,3,4,2,3,1978,2,2
1991,1,160062,6,2,2,2,1,2,3,4,1,3,1984,2,2
1991,2,160062,2,2,2,2,1,1,3,4,2,3,1989,2,2
1991,1,160063,1,2,2,2,1,1,3,4,1,3,1991,1,2
1991,1,160064,2,5,5,1,1,1,3,4,1,3,1979,1,1
1991,1,160065,2,1,1,1,1,1,3,4,1,3,1987,1,2
1991,1,160066,2,3,3,2,1,1,3,4,1,3,1991,1,2
1991,1,160067,2,2,2,2,1,1,3,4,2,3,1982,2,1
1991,2,160067,7,2,2,2,4,1,3,1,2,3,1983,2,2
1991,1,160068,2,2,2,2,1,1,3,4,2,3,1971,2,2
1991,2,160068,1,3,3,2,2,2,3,4,2,3,1981,2,2
1991,1,160069,2,3,3,2,2,2,3,4,1,3,1970,2,2
1991,1,160070,1,1,1,2,1,1,3,4,2,3,1990,1,2
1991,1,160071,3,7,7,1,2,2,3,4,2,3,1973,2,2
1991,1,160072,7,2,2,2,4,1,3,1,2,3,1988,1,2
1991,1,160073,1,1,1,1,2,2,3,4,1,3,1973,1,2
1991,1,160074,2,2,2,2,1,1,3,4,2,3,1976,2,2
1991,2,160074,1,2,2,2,1,1,3,4,2,3,1979,2,2
1991,1,160075,2,1,1,1,1,1,3,4,1,3,1991,2,2
1991,1,160076,2,5,5,2,1,1,3,4,2,3,1989,2,2
1991,2,160076,7,2,2,2,4,1,3,1,2,3,1986,2,2
1991,1,160077,2,1,1,1,1,1,3,4,1,3,1979,2,2
1991,1,160078,2,2,2,2,1,1,3,4,2,3,1978,2,2
1991,2,160078,1,6,6,2,1,1,3,4,2,3,1986,2,2
1991,1,160079,1,2,2,2,1,1,3,4,2,3,1987,2,2
1991,2,160079,2,2,2,2,1,1,3,4,2,3,1989,2,2
1991,1,160080,1,2,2,2,1,1,3,4,2,3,1979,2,2
1991,1,160081,2,1,1,1,1,1,3,4,1,3,1977,2,2
1991,1,160082,1,1,1,1,1,1,3,4,2,3,1983,1,2
1991,1,160083,2,1,1,1,2,2,3,4,1,3,1983,1,2
1991,1,160084,1,2,2,2,1,1,3,4,2,3,1974,2,2
1991,1,160085,1,1,1,1,1,1,3,4,2,3,1981,1,2
1991,1,160086,1,2,2,2,1,1,3,4,2,3,1986,2,2
1991,2,160086,1,2,2,2,1,1,3,4,1,3,1991,2,2
1991,1,160087,1,2,2,2,1,1,3,4,1,3,1982,1,2
1991,1,160088,2,2,2,1,1,1,3,4,2,3,1979,2,1
1991,1,160089,2,2,2,2,1,1,3,4,2,3,1980,2,2
1991,1,160090,1,2,2,1,1,1,3,4,1,3,1978,2,2
1991,1,160091,1,5,5,1,1,1,3,4,1,3,1991,1,2
1991,1,160092,2,2,2,2,2,2,3,4,1,3,1980,2,2
1991,1,160093,3,2,2,1,1,1,3,4,2,3,1984,1,2
1991,2,160093,1,3,3,2,1,1,3,4,2,3,1974,2,2
1991,1,160094,1,2,2,2,1,1,3,4,2,3,1988,2,2
1991,1,160095,2,4,4,2,1,1,3,4,1,3,1971,2,2
1991,1,160096,1,2,2,2,1,1,3,4,2,3,1986,2,2
1991,2,160096,2,2,2,1,1,1,3,4,2,3,1985,2,2
1991,3,160096,1,2,2,2,1,1,3,4,2,3,1980,2,2
1991,1,160097,1,1,1,1,2,2,3,4,1,3,1967,2,2
1991,1,160098,1,1,1,1,1,1,3,4,1,3,1989,2,2
1991,1,160099,3,2,2,2,1,1,3,4,2,3,1983,2,2
1991,2,160099,6,2,2,2,1,1,3,4,1,3,1985,1,2
1991,1,160100,2,2,2,2,2,2,3,4,2,3,1975,1,2
1991,2,160100,2,2,2,2,1,1,3,4,2,3,1975,2,2
1991,1,160101,2,2,2,1,1,1,3,4,2,3,1968,1,2
1991,2,160101,2,5,5,1,1,1,3,4,2,3,1978,2,2
1991,1,160102,1,3,3,2,1,1,3,4,2,3,1967,2,2
1991,2,160102,7,2,2,2,4,1,3,1,2,3,1976,2,2
1991,1,160103,1,2,2,1,1,1,3,4,1,3,1989,2,2
1991,2,160103,1,2,2,2,2,2,3,4,2,3,1981,2,2
1991,1,160104,1,2,2,2,1,1,3,4,2,3,1986,1,2
1991,1,160105,2,1,1,1,1,1,3,4,2,3,1972,2,2
1991,1,160106,2,2,2,1,1,1,3,4,1,3,1987,2,2
1991,1,160107,2,2,2,1,1,1,3,4,1,3,1989,1,2
1991,1,160108,3,1,1,1,1,1,3,4,2,3,1985,1,2
1991,1,160109,2,2,2,2,1,1,3,4,2,3,1967,2,2
1991,2,160109,7,3,3,2,4,1,3,1,2,3,1989,2,2
1991,1,160110,1,2,2,1,1,1,3,4,1,3,1979,2,2
1991,1,160111,3,4,4,2,1,1,3,4,2,3,1982,2,2
1991,2,160111,1,2,2,2,1,1,3,4,2,3,1991,1,1
1991,1,160112,4,2,2,2,1,1,3,4,2,3,1985,2,2
1991,2,160112,1,2,2,2,1,1,3,4,2,3,1986,2,2
1991,1,160113,1,1,1,1,1,1,3,4,2,3,1983,1,2
1991,1,160114,1,1,1,1,1,1,3,4,2,3,1989,1,1
1991,1,160115,1,1,1,1,1,1,3,4,1,3,1965,2,2
1991,1,160116,1,5,5,2,1,1,3,4,2,3,1969,2,2
1991,2,160116,3,2,2,2,1,1,3,4,2,3,1985,2,2
1991,1,160117,6,4,4,2,1,1,3,4,2,3,1985,2,2
1991,1,160119,1,2,2,2,1,1,3,4,2,3,1988,2,2
1991,1,160120,1,1,1,1,1,1,3,4,1,3,1989,2,2
1991,1,160121,3,2,2,2,1,1,3,4,2,3,1986,2,2
1991,1,160122,2,1,1,1,1,1,3,4,2,3,1980,2,1
1991,1,160123,1,3,3,1,1,1,3,4,1,3,1984,2,2
1991,1,160124,3,1,1,1,1,1,3,4,1,3,1990,2,2
1991,1,160125,3,1,1,1,1,1,3,4,1,3,1988,2,1
1991,1,160126,1,2,2,1,1,1,3,4,1,3,1987,2,2
1991,1,160127,1,5,5,1,1,1,3,4,2,3,1985,1,2
1991,1,160128,4,2,2,2,1,1,3,4,2,3,1971,2,2
1991,1,160129,1,2,2,2,1,1,3,4,2,3,1985,1,2
1991,2,160129,9,2,2,1,1,1,3,4,2,3,1987,2,2
1991,3,160129,7,2,2,2,4,1,3,1,2,3,1989,2,2
1991,1,160130,2,1,1,1,1,1,3,4,1,3,1989,2,2
1991,1,160131,2,1,1,1,1,1,3,4,2,3,1991,2,2
1991,1,160132,1,5,5,2,1,1,3,4,2,3,1987,2,2
1991,2,160132,1,2,2,2,2,2,3,4,1,3,1976,2,2
1991,1,160133,1,2,2,1,2,2,3,4,2,3,1991,1,2
1991,1,160135,1,2,2,2,1,1,3,4,2,3,1979,2,2
1991,1,160136,1,5,5,2,1,1,3,4,2,3,1988,2,2
1991,2,160136,2,2,2,2,2,2,3,4,2,3,1972,2,2
1991,1,160137,1,2,2,1,1,1,3,4,1,3,1985,2,2
1991,1,160138,1,2,2,2,1,1,3,4,2,3,1976,1,2
1991,1,160139,1,6,6,1,1,1,3,4,1,3,1977,2,2
1991,1,160140,2,2,2,1,1,1,3,4,2,3,1957,2,1
1991,2,160140,3,2,2,2,1,1,3,4,2,3,1990,2,2
1991,3,160140,6,2,2,2,1,1,3,4,2,3,1986,2,2
1991,1,160141,2,2,2,2,1,1,3,4,1,3,1978,1,2
1991,1,160142,2,2,2,2,2,2,3,4,2,3,1966,2,2
1991,2,160142,6,2,2,1,1,1,3,4,2,3,1990,2,2
1991,1,160143,1,2,2,2,1,1,3,4,2,3,1990,2,2
1991,2,160143,1,2,2,2,1,1,3,4,2,3,1984,2,2
1991,1,160144,2,2,2,2,2,2,3,4,2,3,1981,2,2
1991,1,160145,1,1,1,1,1,1,3,4,2,3,1977,2,2
1991,1,160146,2,1,1,1,1,1,3,4,1,3,1991,2,2
1991,1,160147,2,1,1,1,1,1,3,4,1,3,1977,2,2
1991,1,160148,1,1,1,1,2,2,3,4,2,3,1983,1,2
1991,1,160149,2,2,2,2,1,1,3,4,1,3,1989,2,1
1991,2,160149,3,4,4,1,1,1,3,4,2,3,1985,2,2
1991,1,160150,1,2,2,2,1,1,3,4,2,3,1987,2,2
1991,2,160150,1,2,2,2,1,1,3,4,2,3,1988,2,2
1991,3,160150,1,2,2,2,1,1,3,4,2,3,1974,1,2
1991,1,160151,2,4,4,2,1,1,3,4,2,3,1984,2,2
1991,2,160151,7,2,2,2,4,1,3,1,1,3,1978,2,2
1991,1,160152,2,2,2,2,2,2,3,4,2,3,1991,2,2
1991,2,160152,1,2,2,2,1,1,3,4,1,3,1971,2,2
1991,1,160153,1,1,1,1,1,1,3,4,2,3,1987,1,2
1991,1,160154,1,1,1,1,1,1,3,4,2,3,1987,2,2
1991,1,160155,3,3,3,2,1,1,3,4,2,3,1975,1,2
1991,1,160156,2,3,3,2,1,1,3,4,2,3,1982,1,2
1991,1,160157,3,1,1,1,1,1,3,4,1,3,1985,2,2
1991,1,160158,2,3,3,2,1,1,3,4,1,3,1987,2,2
1991,2,160158,1,2,2,2,2,2,3,4,1,3,1982,2,2
1991,1,160159,2,2,2,1,1,1,3,4,1,3,1991,1,2
1991,2,160159,1,2,2,1,1,1,3,4,2,3,1985,1,2
1991,1,160160,3,1,1,1,2,2,3,4,2,3,1977,2,2
1991,1,160161,2,2,2,2,1,1,3,4,2,3,1981,1,2
1991,1,160162,1,1,1,1,1,1,3,4,2,3,1981,2,2
1991,1,160163,1,4,4,2,1,1,3,4,1,3,1991,2,2
1991,1,160164,2,5,5,1,1,1,3,4,2,3,1985,2,2
1991,1,160165,1,1,1,1,1,1,3,4,1,3,1987,2,2
1991,1,160166,7,2,2,2,4,1,3,1,1,3,1974,2,2
1991,1,160169,4,2,2,2,1,1,3,4,2,3,1973,2,2
1991,1,160170,2,2,2,2,1,1,3,4,2,3,1979,2,2
1991,1,160171,2,2,2,2,1,1,3,4,2,3,1983,1,2
1991,2,160171,6,2,2,2,1,1,3,4,2,3,1987,2,2
1991,1,160172,1,3,3,2,1,1,3,4,2,3,1987,2,2
1991,2,160172,8,2,2,2,1,1,3,4,2,1,1991,2,2
1991,1,160173,1,2,2,1,1,1,3,4,1,3,1982,2,2
1991,2,160173,4,2,2,2,1,1,3,4,2,3,1988,2,2
1991,1,160174,2,2,2,1,2,2,3,4,2,3,1991,2,2
1991,1,160175,1,2,2,2,1,1,3,4,2,3,1985,2,2
1991,1,160176,1,2,2,1,1,1,3,4,1,3,1981,2,2
1991,1,160177,9,2,2,1,2,1,3,4,1,3,1983,1,2
1991,1,160178,1,1,1,1,1,1,3,4,1,3,1989,2,2
1991,1,160179,6,1,1,1,1,1,3,4,1,3,1967,2,2
1991,1,160180,2,3,3,2,1,1,3,4,2,3,1976,2,2
1991,2,160180,1,2,2,2,1,1,3,4,2,3,1988,2,2
1991,1,160181,6,5,5,1,1,1,3,4,1,3,1981,2,2
1991,2,160181,1,2,2,2,1,1,3,4,2,3,1970,2,2
1991,1,160182,1,1,1,1,1,1,3,4,2,3,1986,2,1
1991,1,160183,2,1,1,1,1,1,3,4,2,3,1978,1,2
1991,1,160184,2,1,1,1,1,1,3,4,1,3,1989,2,2
1991,1,160185,1,1,1,1,1,1,3,4,1,3,1985,2,2
1991,1,160186,1,3,3,1,2,2,3,4,1,3,1976,2,2
1991,1,160187,1,1,1,1,1,1,3,4,1,3,1981,1,2
1991,1,160188,2,2,2,2,1,1,3,4,2,3,1988,2,2
1991,2,160188,1,5,5,2,1,1,3,4,2,3,1986,2,2
1991,1,160189,2,2,2,2,1,1,3,4,1,3,1981,2,2
1991,1,160190,6,1,1,1,1,1,3,4,1,3,1985,2,2
1991,1,160191,1,2,2,1,1,1,3,4,1,3,1980,2,1
1991,1,160192,2,2,2,1,1,1,3,4,1,3,1979,2,2
1991,1,160193,3,1,1,1,1,1,3,4,2,3,1984,1,2
1991,1,160194,1,2,2,2,1,1,3,4,2,3,1979,2,1
1991,2,160194,2,2,2,2,1,1,3,4,2,3,1985,2,2
1991,1,160195,1,4,4,2,1,1,3,4,1,3,1975,2,2
1991,2,160195,6,2,2,1,1,1,3,4,2,3,1989,2,2
1991,1,160196,6,2,2,2,1,1,3,4,2,3,1987,2,2
1991,1,160197,5,2,2,2,1,1,3,4,2,3,1974,2,2
1991,2,160197,4,2,2,2,2,2,3,4,1,3,1978,2,2
1991,1,160198,1,1,1,1,1,1,3,4,1,3,1971,2,2
1991,1,160199,2,1,1,1,1,1,3,4,2,3,1976,1,2
1991,1,160200,1,2,2,2,1,1,3,4,2,3,1987,2,2
1991,1,160201,1,2,2,2,2,2,3,4,2,3,1985,2,2
1991,1,160202,4,2,2,2,1,1,3,4,2,3,1973,2,2
1991,2,160202,1,5,5,1,1,1,3,4,2,3,1990,2,2
1991,1,160203,2,2,2,2,1,1,3,4,2,3,1973,1,2
1991,1,160204,1,3,3,2,1,1,3,4,1,3,1985,2,2
1991,2,160204,3,2,2,2,1,1,3,4,2,3,1975,2,2
1991,1,160205,2,1,1,1,2,2,3,4,2,3,1988,2,2
1991,1,160206,1,6,6,1,2,2,3,4,1,3,1973,1,2
1991,1,160207,2,2,2,2,1,1,3,4,2,3,1980,2,2
1991,2,160207,1,5,5,2,1,1,3,4,2,3,1988,1,2
1991,1,160208,1,1,1,1,1,1,3,4,2,3,1980,2,1
1991,1,160209,2,6,6,2,1,1,3,4,2,3,1990,1,2
1991,2,160209,6,6,6,2,1,1,3,4,2,3,1974,2,2
1991,3,160209,1,4,4,2,1,1,3,4,2,3,1977,2,2
1991,1,160210,1,1,1,1,1,1,3,4,1,3,1987,2,2
1991,1,160211,1,1,1,1,2,2,3,4,2,3,1984,2,1
1991,1,160212,1,5,5,2,1,1,3,4,2,3,1988,2,2
1991,2,160212,2,2,2,2,1,1,3,4,2,3,1990,2,2
1991,1,160213,1,2,2,2,1,1,3,4,2,3,1987,2,2
1991,1,160215,6,4,4,2,1,1,3,4,2,3,1986,2,2
1991,1,160216,2,5,5,2,3,3,3,4,2,3,1987,2,2
1991,2,160216,1,4,4,2,1,1,3,4,1,3,1985,1,2
1991,1,160217,2,1,1,1,1,1,3,4,1,3,1986,2,2
1991,1,160218,1,3,3,2,1,1,3,4,2,3,1984,2,2
1991,2,160218,1,2,2,2,1,1,3,4,2,3,1980,2,2
1991,1,160219,1,2,2,2,1,1,3,4,2,3,1976,2,2
1991,2,160219,2,2,2,2,1,1,3,4,2,3,1989,2,2
1991,1,160220,1,2,2,2,1,1,3,4,2,3,1988,1,2
1991,1,160221,1,2,2,2,1,1,3,4,2,3,1985,2,2
1991,1,160222,1,3,3,1,1,1,3,4,1,3,1984,2,2
1991,1,160223,2,2,2,2,1,1,3,4,1,3,1985,2,2
1991,2,160223,4,2,2,2,1,1,3,4,2,3,1991,2,2
1991,1,160224,3,1,1,1,1,1,3,4,2,3,1982,1,2
1991,1,160225,1,2,2,2,2,2,3,4,2,3,1991,1,2
1991,2,160225,1,2,2,2,1,1,3,4,2,3,1988,2,2
1991,1,160226,6,2,2,2,1,1,3,4,2,3,1985,1,1
1991,1,160227,2,2,2,1,1,1,3,4,2,3,1988,2,2
1991,2,160227,1,3,3,2,1,1,3,4,2,3,1978,2,2
1991,1,160228,2,2,2,2,1,1,3,4,2,3,1979,2,2
1991,2,160228,2,2,2,2,1,1,3,4,2,3,1984,2,2
1991,1,160229,2,2,2,1,1,1,3,4,2,3,1990,1,2
1991,1,160230,1,1,1,1,1,1,3,4,1,3,1992,2,2
1991,1,170001,1,2,2,2,1,1,3,4,2,3,1984,2,2
1991,2,170001,2,2,2,2,1,1,3,4,2,3,1978,2,2
1991,1,170002,1,2,2,2,2,2,3,4,2,3,1984,2,2
1991,2,170002,1,2,2,2,1,1,3,4,2,3,1987,2,2
1991,3,170002,1,2,2,2,1,1,3,4,2,3,1985,2,2
1991,1,170003,1,2,2,2,2,2,3,4,1,3,1980,2,2
1991,2,170003,1,5,5,2,1,1,3,4,2,3,1988,2,2
1991,1,170004,1,2,2,2,1,1,3,4,2,3,1981,2,2
1991,1,170005,1,2,2,2,1,1,3,4,2,3,1985,2,2
1991,2,170005,6,2,2,2,1,1,3,4,2,3,1987,2,2
1991,1,170006,4,2,2,2,1,1,3,4,2,3,1990,2,2
1991,1,170007,6,5,5,2,1,1,3,4,2,3,1990,2,2
1991,2,170007,1,2,5,2,1,1,3,4,2,3,1987,2,2
1991,1,170008,1,2,2,2,1,1,3,4,2,3,1990,2,2
1991,2,170008,1,2,2,2,1,1,3,4,2,3,1984,2,2
1991,1,170009,1,2,2,2,1,1,3,4,2,3,1985,2,2
1991,1,170010,1,2,2,2,1,1,3,4,2,3,1979,1,2
1991,1,170011,2,2,2,2,1,1,3,4,2,3,1984,2,2
1991,1,170012,1,2,2,2,1,1,3,4,2,3,1985,2,2
1991,1,170013,2,2,2,2,1,1,3,4,1,3,1983,2,2
1991,1,170014,1,5,5,2,1,1,3,4,2,3,1986,2,2
1991,2,170014,1,2,2,2,1,1,3,4,2,3,1980,2,2
1991,1,170015,1,2,2,2,1,1,3,4,2,3,1990,2,2
1991,2,170015,1,2,2,2,1,1,3,4,2,3,1978,2,2
1991,1,170016,3,2,2,2,1,1,3,4,2,3,1980,2,2
1991,1,170017,1,2,2,2,1,1,3,4,2,3,1981,2,2
1991,2,170017,8,2,2,2,2,2,3,4,2,3,1985,2,2
1991,1,170018,2,2,2,2,2,2,3,4,2,3,1988,2,2
1991,1,170019,1,2,2,2,1,1,3,4,2,3,1978,2,2
1991,1,170020,1,3,3,2,1,1,3,4,2,3,1984,2,2
1991,2,170020,1,2,2,2,1,1,3,4,2,3,1977,2,2
1991,3,170020,2,5,5,2,1,1,3,4,2,3,1987,2,2
1991,1,170021,8,2,2,2,1,1,3,4,2,1,1983,2,2
1991,1,170022,3,1,1,1,1,1,3,4,2,3,1974,2,2
1991,1,170023,1,5,5,1,1,1,3,4,1,3,1990,2,2
1991,1,170024,1,2,2,2,1,1,3,4,2,3,1986,2,2
1991,1,170025,1,2,2,1,1,1,3,4,1,3,1989,2,2
1991,1,170026,1,2,2,2,1,1,3,4,2,3,1985,2,2
1991,1,170027,1,2,2,2,1,1,3,4,2,3,1988,2,2
1991,2,170027,4,5,5,2,3,3,3,4,2,3,1986,2,2
1991,1,170028,2,1,1,1,1,1,3,4,1,3,1986,2,2
1991,1,170029,1,2,4,2,1,1,3,4,2,3,1989,1,2
1991,2,170029,1,2,2,2,1,1,3,4,2,3,1989,2,2
1991,1,170030,1,4,4,2,3,3,3,4,2,3,1980,2,2
1991,2,170030,1,2,2,2,1,1,3,4,2,3,1985,2,2
1991,1,170031,1,3,3,2,1,1,3,4,2,3,1980,2,2
1991,2,170031,2,2,2,2,1,1,3,4,2,3,1990,2,2
1991,1,170032,2,2,2,1,1,1,3,4,2,3,1986,2,2
1991,2,170032,1,2,2,2,1,1,3,4,2,3,1984,2,2
1991,1,170033,1,2,2,2,1,1,3,4,2,3,1977,2,2
1991,2,170033,1,2,2,2,1,1,3,4,2,3,1988,2,2
1991,1,170034,6,5,5,2,2,2,3,4,2,3,1989,2,2
1991,2,170034,1,6,6,2,1,1,3,4,2,3,1980,2,2
1991,3,170034,1,6,6,2,1,1,3,4,2,3,1984,2,2
1991,1,170035,1,3,3,2,1,1,3,4,2,3,1985,2,2
1991,2,170035,1,2,2,2,1,1,3,4,2,3,1988,2,2
1991,1,170036,4,2,2,2,1,1,3,4,2,3,1988,2,2
1991,2,170036,4,2,2,2,1,1,3,4,2,3,1978,2,2
1991,1,170037,1,2,2,2,1,1,3,4,2,3,1986,2,2
1991,2,170037,1,2,2,2,1,1,3,4,2,3,1990,2,2
1991,1,170038,2,2,2,2,1,1,3,4,1,3,1988,2,2
1991,2,170038,1,2,2,2,1,1,3,4,2,3,1983,2,2
1991,1,170039,6,2,2,2,1,1,3,4,2,3,1991,2,1
1991,1,170040,2,5,5,2,1,1,3,4,2,3,1990,2,2
1991,2,170040,2,2,5,2,1,1,3,4,2,3,1987,2,2
1991,3,170040,6,2,2,2,1,1,3,4,2,3,1978,2,2
1991,1,170041,1,5,5,2,1,1,3,4,2,3,1985,2,2
1991,2,170041,1,2,2,2,3,3,3,4,2,3,9999,2,2
1991,3,170041,1,6,6,2,1,1,3,4,1,3,1984,2,2
1991,1,170042,1,2,2,2,1,1,3,4,1,3,1981,2,2
1991,2,170042,1,5,5,2,1,1,3,4,2,3,1984,2,2
1991,1,170043,1,3,3,2,1,1,3,4,2,3,1988,2,2
1991,2,170043,1,2,2,2,1,1,3,4,2,3,1977,2,2
1991,3,170043,1,2,2,2,1,1,3,4,2,3,1987,2,2
1991,1,170044,6,2,4,2,1,1,3,4,2,3,1991,2,2
1991,2,170044,3,2,2,2,1,1,3,4,2,3,1989,2,2
1991,3,170044,3,2,2,2,1,1,3,4,2,3,1988,2,2
1991,1,170045,1,3,3,2,1,1,3,4,2,3,1987,2,2
1991,2,170045,1,2,2,2,1,1,3,4,2,3,1986,2,2
1991,1,170046,1,5,5,2,1,1,3,4,2,3,1985,2,2
1991,2,170046,1,2,2,2,1,1,3,4,2,3,1981,2,2
1991,1,170047,1,2,2,2,1,1,3,4,2,3,1977,2,2
1991,2,170047,1,2,2,2,3,3,3,4,2,3,9999,2,2
1991,1,170048,2,2,2,2,1,1,3,4,2,3,1989,2,2
1991,1,170049,1,2,2,2,1,1,3,4,2,3,1981,2,2
1991,1,170050,2,5,5,1,1,1,3,4,2,3,1987,2,2
1991,1,170051,4,1,1,1,1,1,3,4,2,3,1975,2,2
1991,1,170052,4,2,2,2,1,1,3,4,1,3,1989,2,2
1991,1,170053,1,2,2,2,1,1,3,4,1,3,1977,2,2
1991,1,170054,1,2,2,2,1,1,3,4,2,3,1988,2,2
1991,2,170054,6,5,5,2,1,1,3,4,2,3,1989,2,2
1991,1,170055,1,2,2,2,1,1,3,4,2,3,1986,2,2
1991,2,170055,1,5,3,2,1,1,3,4,2,3,1987,2,2
1991,1,170056,1,4,4,2,1,1,3,4,2,3,1990,2,2
1991,2,170056,1,2,2,2,1,1,3,4,2,3,1989,2,2
1991,1,170057,1,2,2,2,1,1,3,4,1,3,1985,2,2
1991,1,170058,1,2,2,2,1,1,3,4,2,3,1982,2,2
1991,1,170059,3,2,2,1,1,1,3,4,1,3,1990,1,2
1991,2,170059,1,4,4,2,1,1,3,4,2,3,1985,2,2
1991,1,170060,1,5,5,2,1,1,3,4,2,3,1989,1,2
1991,2,170060,6,2,2,2,2,2,3,4,1,3,1985,2,2
1991,1,170061,3,2,2,2,2,2,3,4,1,3,1966,2,2
1991,2,170061,1,2,2,2,1,1,3,4,2,3,1989,2,2
1991,1,170062,2,3,3,2,2,2,3,4,1,3,1967,2,2
1991,1,170063,1,2,2,1,1,1,3,4,1,3,1974,2,2
1991,1,170064,1,2,2,2,1,1,3,4,2,3,1985,2,2
1991,2,170064,2,2,2,2,1,1,3,4,2,3,1987,2,2
1991,3,170064,1,2,2,2,1,1,3,4,2,3,1984,2,2
1991,1,170065,1,5,5,2,1,1,3,4,2,3,1984,2,2
1991,2,170065,6,2,2,2,1,1,3,4,2,3,1990,2,2
1991,1,170066,8,2,2,2,1,1,3,4,2,3,1985,2,2
1991,1,170067,1,5,5,2,1,1,3,4,1,3,1989,2,2
1991,1,170068,1,5,5,2,1,1,3,4,2,3,1986,2,2
1991,1,170069,2,5,5,2,1,1,3,4,1,3,1974,2,2
1991,1,170070,1,2,2,2,3,3,3,4,2,3,9999,2,2
1991,1,170071,1,2,2,2,1,1,3,4,1,3,1988,2,2
1991,2,170071,1,2,2,2,1,1,3,4,2,3,1978,2,2
1991,1,170072,1,3,3,2,1,1,3,4,2,3,1983,2,2
1991,2,170072,6,2,2,2,1,1,3,4,2,3,1990,2,2
1991,1,170074,3,7,7,1,1,1,3,4,1,3,1989,2,2
1991,1,170075,1,2,2,2,1,1,3,4,1,3,1987,2,2
1991,1,170076,1,2,5,1,1,1,3,4,2,3,1983,2,2
1991,1,170077,1,2,2,2,1,1,3,4,2,3,1985,2,2
1991,1,170078,1,2,2,2,2,2,3,4,2,3,1983,2,2
1991,1,170079,1,2,2,2,1,1,3,4,2,3,1985,1,2
1991,1,170080,1,2,2,2,1,1,3,4,1,3,1976,2,2
1991,1,170081,1,2,2,2,1,1,3,4,2,3,1989,2,2
1991,1,170082,1,2,2,1,1,1,3,4,1,3,1978,2,2
1991,1,170083,1,2,2,2,1,1,3,4,2,3,1977,2,2
1991,1,170084,4,3,3,1,1,1,3,4,2,3,1989,2,2
1991,1,170085,1,3,3,1,1,1,3,4,2,3,1977,2,2
1991,1,170086,1,2,2,2,1,1,3,4,1,3,1991,2,2
1991,2,170086,2,5,5,1,1,1,3,4,2,3,1986,2,2
1991,1,170087,4,3,3,1,1,1,3,4,2,3,1987,2,1
1991,1,170088,1,3,3,1,1,1,3,4,1,3,1989,2,2
1991,1,170089,1,2,4,2,1,1,3,4,1,3,1991,2,2
1991,1,170090,2,4,2,2,1,1,3,4,1,3,1985,2,2
1991,2,170090,1,3,3,2,2,2,3,4,2,3,1989,2,2
1991,3,170090,2,2,2,2,2,2,3,4,2,3,1989,2,2
1991,1,170091,1,2,2,2,1,1,3,4,2,3,1977,2,2
1991,1,170093,1,2,2,2,3,3,3,4,2,3,9999,2,2
1991,1,170094,1,2,2,2,1,1,3,4,1,3,1981,2,2
1991,2,170094,6,4,4,2,1,1,3,4,2,3,1989,2,2
1991,1,170095,1,2,2,2,1,1,3,4,2,3,1984,1,2
1991,1,170096,1,2,2,2,3,3,3,4,2,3,1984,2,2
1991,2,170096,1,3,3,2,1,1,3,4,2,3,1985,2,2
1991,1,170097,1,2,2,2,1,1,3,4,2,3,1989,2,2
1991,1,170098,1,2,3,2,1,1,3,4,1,3,1983,2,2
1991,1,170099,2,5,5,2,1,1,3,4,1,3,1989,2,2
1991,2,170099,6,2,2,2,1,1,3,4,2,3,1983,2,2
1991,1,170100,1,3,3,2,1,1,3,4,1,3,1991,2,2
1991,1,170101,1,3,3,2,1,1,3,4,1,3,1979,2,2
1991,2,170101,1,2,2,2,1,1,3,4,2,3,1989,2,2
1991,1,170102,1,2,2,1,1,1,3,4,1,3,1984,2,2
1991,1,170103,1,2,2,2,1,1,3,4,2,3,1988,2,2
1991,2,170103,1,2,2,2,1,1,3,4,2,3,1984,2,2
1991,1,170104,3,5,5,2,1,1,3,4,2,3,1987,2,2
1991,1,170105,1,2,2,2,1,1,3,4,2,3,1985,2,2
1991,2,170105,1,2,2,2,1,1,3,4,2,3,1976,2,2
1991,1,170106,2,2,2,2,1,1,3,4,2,3,1975,2,2
1991,2,170106,1,2,2,2,1,1,3,4,2,3,1988,2,2
1991,1,170107,1,2,2,2,1,1,3,4,1,3,1986,2,2
1991,2,170107,1,3,3,2,1,1,3,4,2,3,1985,2,2
1991,1,170108,1,3,3,2,1,1,3,4,1,3,1988,2,2
1991,1,170109,1,2,5,1,1,1,3,4,2,3,1969,2,2
1991,1,170110,1,2,2,2,1,1,3,4,2,3,1981,2,2
1991,1,170111,1,7,7,1,1,1,3,4,2,3,1984,2,2
1991,1,170112,1,3,3,2,1,1,3,4,2,3,1989,2,2
1991,2,170112,1,2,2,2,1,1,3,4,2,3,1985,2,2
1991,3,170112,1,2,2,2,1,1,3,4,2,3,1990,2,2
1991,1,170113,1,2,2,2,1,1,3,4,2,3,1984,2,2
1991,2,170113,6,5,5,2,1,1,3,4,2,3,1991,2,2
1991,1,170114,1,2,2,2,1,1,3,4,2,3,1987,2,2
1991,2,170114,1,2,2,2,1,1,3,4,2,3,1980,2,2
1991,1,170115,1,2,5,2,1,1,3,4,1,3,1987,2,2
1991,1,170116,4,2,2,2,1,1,3,4,2,3,1989,2,1
1991,2,170116,2,2,2,2,1,1,3,4,2,3,1990,2,2
1991,1,170117,1,3,3,2,1,1,3,4,2,3,1974,2,2
1991,2,170117,6,2,2,2,1,1,3,4,2,3,1980,2,2
1991,1,170118,3,5,5,1,1,1,3,4,2,3,1987,2,2
1991,1,170119,1,5,5,1,1,1,3,4,2,3,1991,2,2
1991,1,170120,1,2,2,2,1,1,3,4,2,3,1985,2,2
1991,1,170121,3,2,2,2,1,1,3,4,2,3,1984,2,2
1991,1,170122,1,2,2,2,1,1,3,4,2,3,1978,2,2
1991,2,170122,2,2,2,2,1,1,3,4,2,3,1977,2,2
1991,1,170123,6,4,4,2,1,1,3,4,2,3,1990,2,2
1991,2,170123,4,2,4,2,1,1,3,4,2,3,1974,2,2
1991,3,170123,6,5,5,2,1,1,3,4,2,3,1990,2,2
1991,4,170123,6,2,2,2,1,1,3,4,2,3,1991,2,2
1991,1,170124,4,2,2,2,1,1,3,4,1,3,1989,2,2
1991,1,170125,1,2,2,2,1,1,3,4,2,3,1988,2,2
1991,2,170125,1,2,2,2,1,1,3,4,2,3,1984,2,2
1991,1,170126,1,2,2,2,1,1,3,4,2,3,1985,2,2
1991,2,170126,1,2,2,2,1,1,3,4,2,3,1988,2,2
1991,1,170127,1,2,2,2,1,1,3,4,2,3,1985,2,2
1991,2,170127,5,2,2,2,1,1,3,4,2,3,1987,2,2
1991,1,170128,1,3,3,2,1,1,3,4,2,3,1977,2,2
1991,2,170128,6,2,2,2,1,1,3,4,2,3,1984,2,2
1991,1,170129,2,2,2,2,1,1,3,4,2,3,1981,1,2
1991,2,170129,6,5,5,2,1,1,3,4,2,3,1978,2,2
1991,1,170130,2,1,1,1,1,1,3,4,1,3,1981,2,2
1991,1,170131,1,5,5,2,1,1,3,4,2,3,1979,2,2
1991,2,170131,8,2,2,2,1,1,3,4,2,1,1983,2,2
1991,1,170132,1,3,3,2,1,1,3,4,2,3,1987,2,2
1991,1,170133,1,3,3,2,1,1,3,4,2,3,1984,2,2
1991,1,170134,1,2,2,1,1,1,3,4,2,3,1982,2,2
1991,1,170135,3,5,5,2,1,1,3,4,1,3,1989,2,2
1991,1,170136,1,2,2,2,1,1,3,4,1,3,1985,2,2
1991,1,170137,2,1,1,1,1,1,3,4,2,3,1986,1,2
1991,1,170138,2,5,5,1,1,1,3,4,2,3,1987,2,2
1991,1,170139,1,3,3,2,1,1,3,4,2,3,1990,2,2
1991,1,170140,1,3,3,2,1,1,3,4,2,3,1990,2,2
1991,1,170141,1,2,2,2,1,1,3,4,1,3,1980,2,2
1991,1,170142,1,2,2,2,1,1,3,4,1,3,1979,2,2
1991,1,170143,1,2,2,1,1,1,3,4,2,3,1978,2,2
1991,1,170144,3,2,4,2,1,1,3,4,2,3,1988,1,2
1991,1,170145,1,5,5,1,1,1,3,4,2,3,1979,2,2
1991,1,170146,1,2,5,2,1,1,3,4,2,3,1987,2,2
1991,2,170146,1,3,3,2,1,1,3,4,2,3,1983,2,2
1991,1,170147,1,3,3,2,1,1,3,4,2,3,1986,2,2
1991,2,170147,2,2,2,2,1,1,3,4,2,3,1977,2,2
1991,1,170148,1,4,2,2,1,1,3,4,2,3,1983,2,2
1991,2,170148,6,2,2,2,1,1,3,4,2,3,1987,2,2
1991,1,170149,2,2,2,2,1,1,3,4,2,3,1989,2,2
1991,1,170150,2,2,2,2,1,1,3,4,2,3,1977,2,2
1991,1,170151,1,1,1,1,1,1,3,4,1,3,1970,2,2
1991,1,170152,1,2,2,2,1,1,3,4,2,3,1987,2,2
1991,2,170152,1,5,5,2,1,1,3,4,2,3,1979,2,2
1991,3,170152,6,2,2,2,1,1,3,4,2,3,1978,2,2
1991,1,170153,1,2,2,2,1,1,3,4,2,3,1978,2,2
1991,1,170154,1,2,2,2,1,1,3,4,1,3,1979,2,2
1991,2,170154,6,4,4,2,1,1,3,4,2,3,1991,2,2
1991,1,170155,1,2,2,2,2,2,3,4,2,3,1983,2,2
1991,1,170156,1,4,4,2,2,2,3,4,2,3,1977,2,2
1991,1,170157,1,3,3,1,1,1,3,4,1,3,1989,2,2
1991,1,170158,3,2,2,2,1,1,3,4,1,3,1979,2,2
1991,1,170159,1,2,2,2,1,1,3,4,2,3,1982,2,2
1991,1,170160,1,2,2,2,1,1,3,4,2,3,1979,2,2
1991,2,170160,4,2,2,2,1,1,3,4,2,3,1989,2,2
1991,1,170161,1,2,2,1,1,1,3,4,2,3,1990,1,1
1991,2,170161,1,2,2,2,2,2,3,4,2,3,1981,2,2
1991,1,170162,1,2,2,2,1,1,3,4,2,3,1988,2,2
1991,1,170163,1,2,2,2,1,1,3,4,2,3,1988,2,2
1991,2,170163,4,4,4,2,1,1,3,4,2,3,1985,2,2
1991,1,170164,1,2,2,2,1,1,3,4,1,3,1981,2,2
1991,2,170164,2,2,2,1,2,2,3,4,2,3,1982,2,2
1991,1,170165,2,4,4,1,1,1,3,4,1,3,1989,2,2
1991,1,170166,1,1,1,1,1,1,3,4,2,3,1974,2,2
1991,1,170167,1,2,2,2,1,1,3,4,2,3,1989,2,2
1991,1,170168,2,2,2,2,1,1,3,4,2,3,1982,2,2
1991,2,170168,1,2,2,2,1,1,3,4,2,3,1980,2,2
1991,1,170169,1,1,1,1,1,1,3,4,2,3,1987,1,1
1991,1,170170,2,5,5,2,1,1,3,4,2,3,1974,2,2
1991,2,170170,4,2,2,2,1,1,3,4,2,3,1989,2,2
1991,1,170171,9,7,7,2,3,3,3,4,2,3,9999,2,2
1991,1,170172,7,2,2,2,4,2,3,2,1,3,1981,2,2
1991,1,170173,1,5,5,2,1,1,3,4,2,3,1986,1,2
1991,2,170173,2,2,2,2,1,1,3,4,2,3,1987,2,2
1991,1,170174,1,2,2,2,3,3,3,4,2,3,9999,2,2
1991,1,170175,6,2,2,2,1,1,3,4,2,3,1989,2,2
1991,1,170176,6,2,2,2,1,1,3,4,2,3,1982,2,2
1991,2,170176,1,2,2,2,1,1,3,4,2,3,1984,2,2
1991,1,170178,1,5,5,2,1,1,3,4,2,3,1985,2,2
1991,2,170178,6,2,2,2,1,1,3,4,2,3,1982,2,2
1991,1,170179,3,7,7,2,1,1,3,4,1,3,1990,2,2
1991,1,170180,4,2,2,2,1,1,3,4,2,3,1982,2,2
1991,1,170181,2,2,2,1,1,1,3,4,1,3,1973,2,2
1991,1,170182,1,3,3,2,1,1,3,4,2,3,1984,2,2
1991,1,170183,1,4,4,2,2,2,3,4,2,3,1985,2,2
1991,2,170183,6,2,2,2,1,1,3,4,2,3,1991,2,2
1991,1,170184,2,1,1,2,1,1,3,4,2,3,1978,2,2
1991,1,170185,1,5,5,2,1,1,3,4,2,3,1985,2,2
1991,2,170185,1,2,2,2,1,1,3,4,2,3,1988,2,2
1991,1,170186,1,2,2,2,1,1,3,4,1,3,1978,2,2
1991,1,170187,2,2,2,1,1,1,3,4,2,3,1989,2,1
1991,1,170188,1,2,2,2,1,1,3,4,1,3,1982,2,2
1991,2,170188,1,4,4,2,1,1,3,4,2,3,1990,2,2
1991,1,170189,1,2,2,1,1,1,3,4,2,3,1986,2,2
1991,2,170189,1,2,2,2,1,1,3,4,2,3,1990,2,2
1991,1,170190,1,2,2,2,1,1,3,4,2,3,1984,2,2
1991,1,170191,2,2,2,1,2,2,3,4,1,3,1972,2,2
1991,1,170192,1,5,5,2,2,2,3,4,2,3,1978,2,2
1991,1,170193,1,2,2,2,1,1,3,4,1,3,1989,2,2
1991,1,170194,1,2,2,2,1,1,3,4,1,3,1986,2,2
1991,2,170194,1,2,2,2,1,1,3,4,2,3,1990,2,2
1991,1,170195,6,2,2,2,1,1,3,4,1,3,1985,2,2
1991,2,170195,1,4,2,2,1,1,3,4,2,3,1988,2,2
1991,3,170195,6,4,4,2,1,1,3,4,2,3,1976,2,2
1991,1,170196,2,2,2,2,1,1,3,4,2,3,1988,2,1
1991,2,170196,1,2,2,2,1,1,3,4,2,3,1987,2,2
1991,1,170197,1,2,2,2,1,1,3,4,2,3,1981,2,2
1991,1,170198,4,2,2,2,1,1,3,4,2,3,1980,2,2
1991,1,170199,1,2,2,2,1,1,3,4,2,3,1979,2,2
1991,2,170199,1,5,2,2,1,1,3,4,2,3,1979,2,2
1991,3,170199,1,2,4,2,1,1,3,4,2,3,1985,2,2
1991,4,170199,1,2,2,2,1,1,3,4,2,3,1990,2,2
1991,1,170200,1,2,2,2,1,1,3,4,2,3,1984,2,2
1991,1,170201,1,2,2,2,3,3,3,4,1,3,9999,2,2
1991,1,170202,1,2,2,2,1,2,3,4,2,3,1979,2,2
1991,2,170202,3,2,2,2,2,2,3,4,2,3,1989,2,2
1991,1,170203,1,2,2,2,1,1,3,4,2,3,1990,2,2
1991,2,170203,3,3,2,2,1,1,3,4,2,3,1988,2,2
1991,1,170204,1,2,2,2,1,1,3,4,2,3,1985,2,2
1991,2,170204,1,4,4,2,3,3,3,4,2,3,1979,2,2
1991,1,170205,1,1,1,1,1,1,3,4,1,3,1988,2,2
1991,1,170207,1,2,2,2,1,1,3,4,2,3,1988,2,2
1991,1,170208,1,3,3,1,1,1,3,4,2,3,1972,2,2
1991,1,170209,1,2,2,2,1,1,3,4,1,3,1985,2,2
1991,2,170209,1,4,4,2,1,1,3,4,2,3,1976,2,2
1991,1,170210,2,2,6,2,1,1,3,4,2,3,1979,2,2
1991,2,170210,6,5,5,2,1,1,3,4,2,3,1985,2,2
1991,1,170211,1,4,4,2,1,1,3,4,2,3,1982,2,2
1991,1,170212,6,2,2,1,1,1,3,4,2,3,1987,2,2
1991,1,170213,2,2,2,2,1,1,3,4,2,3,1990,2,2
1991,2,170213,1,2,2,2,1,1,3,4,2,3,1989,2,2
1991,1,170214,1,3,3,2,1,1,3,4,1,3,1984,2,2
1991,2,170214,6,2,2,2,1,1,3,4,2,3,1986,2,2
1991,1,170215,9,2,2,2,1,1,3,4,1,3,1988,2,2
1991,2,170215,3,2,2,2,1,1,3,4,2,3,1989,2,2
1991,1,170216,2,2,2,1,1,1,3,4,1,3,1990,2,2
1991,1,170217,1,3,3,2,1,1,3,4,2,3,1978,2,2
1991,2,170217,4,2,2,2,1,1,3,4,2,3,1973,2,2
1991,1,170218,1,2,2,2,3,3,3,4,1,3,9999,2,2
1991,1,170219,1,3,3,1,1,1,3,4,1,3,1985,2,2
1991,2,170219,1,2,4,2,1,1,3,4,2,3,1989,2,2
1991,3,170219,1,2,2,2,1,1,3,4,2,3,1984,2,2
1991,1,170220,2,3,3,2,1,1,3,4,2,3,1988,1,2
1991,2,170220,4,2,2,2,1,1,3,4,2,3,1987,2,2
1991,1,170221,3,2,2,2,3,3,3,4,2,3,9999,2,2
1991,1,170222,1,3,3,2,3,3,3,4,2,3,1986,2,2
1991,2,170222,1,2,2,2,1,1,3,4,2,3,1988,2,2
1991,1,170223,1,2,2,2,3,3,3,4,2,3,9999,2,2
1991,1,170224,4,2,2,2,1,1,3,4,2,3,1989,2,2
1991,1,170225,1,5,5,2,1,1,3,4,2,3,1987,2,1
1991,1,170226,2,2,2,2,1,1,3,4,1,3,1988,2,2
1991,1,170227,2,2,2,2,1,1,3,4,2,3,1985,2,2
1991,1,170228,1,6,6,2,2,2,3,4,2,3,1986,2,2
1991,2,170228,1,6,6,2,1,1,3,4,2,3,1988,2,2
1991,3,170228,1,6,6,2,3,3,3,4,2,3,9999,2,2
1991,1,170229,1,6,6,1,1,1,3,4,1,3,1985,2,2
1991,1,170230,4,2,2,2,1,1,3,4,2,3,1990,2,2
1991,1,170231,3,2,2,1,1,1,3,4,2,3,1979,2,2
1991,1,170232,1,2,2,2,1,1,3,4,2,3,1990,2,2
1991,1,170233,1,2,2,2,1,1,3,4,2,3,1990,2,2
1991,2,170233,1,4,2,2,1,1,3,4,2,3,1989,2,2
1991,3,170233,1,2,2,2,1,1,3,4,2,3,1983,2,2
1991,1,170234,1,2,2,2,1,1,3,4,2,3,1984,2,2
1991,1,170235,1,5,5,2,1,1,3,4,1,3,1990,2,2
1991,1,170236,2,3,3,2,1,1,3,4,2,3,1986,2,2
1991,2,170236,1,2,2,2,1,1,3,4,2,3,1990,2,2
1991,1,170237,1,2,5,2,1,1,3,4,1,3,1981,2,2
1991,2,170237,1,4,2,2,1,1,3,4,2,3,1982,2,2
1991,3,170237,1,4,3,2,1,1,3,4,2,3,1978,2,2
1991,1,170238,1,2,2,2,2,2,3,4,2,3,1976,2,2
1991,2,170238,1,2,2,2,1,1,3,4,2,3,1986,2,2
1991,1,170239,1,2,2,2,1,1,3,4,2,3,1979,2,2
1991,1,170240,3,5,5,2,1,1,3,4,2,3,1983,2,2
1991,2,170240,6,2,2,1,1,1,3,4,2,3,1979,2,2
1991,1,170241,1,2,2,2,1,1,3,4,1,3,1983,2,2
1991,1,170242,1,2,2,2,1,1,3,4,2,3,1982,1,2
1991,1,170243,2,5,5,2,1,1,3,4,1,3,1986,2,2
1991,1,170244,1,2,2,2,1,1,3,4,2,3,1975,2,2
1991,1,170245,1,2,2,2,1,1,3,4,2,3,1981,2,2
1991,2,170245,1,2,2,2,1,1,3,4,2,3,1985,2,2
1991,1,170246,2,2,2,1,1,1,3,4,2,3,1987,2,2
1991,2,170246,1,3,3,1,1,1,3,4,2,3,1974,2,2
1991,1,170247,2,2,2,2,1,1,3,4,1,3,1978,2,2
1991,2,170247,6,4,4,2,1,1,3,4,2,3,1972,2,2
1991,1,170248,1,2,2,1,1,1,3,4,2,3,1978,2,2
1991,1,170249,1,5,5,2,2,2,3,4,2,3,1980,2,2
1991,2,170249,7,3,3,2,4,1,3,1,2,3,1978,2,2
1991,1,170250,1,3,3,2,1,1,3,4,2,3,1988,2,2
1991,2,170250,1,2,2,2,1,1,3,4,2,3,1975,2,2
1991,3,170250,1,4,4,2,1,1,3,4,2,3,1987,2,2
1991,1,170251,1,2,2,2,1,1,3,4,2,3,1989,2,2
1991,1,170252,1,2,2,2,1,1,3,4,2,3,1986,2,2
1991,2,170252,1,2,2,2,1,1,3,4,2,3,1988,2,2
1991,1,170253,1,2,2,2,1,1,3,4,2,3,1988,2,2
1991,1,170254,1,2,2,2,1,1,3,4,2,3,1990,2,2
1991,1,170255,1,2,2,2,1,1,3,4,1,3,1987,2,2
1991,1,170256,3,2,2,2,1,1,3,4,2,3,1982,2,2
1991,1,170257,1,3,3,1,1,1,3,4,1,3,1990,2,2
1991,1,170258,1,2,2,2,3,3,3,4,2,3,1981,2,2
1991,1,170259,1,2,2,2,1,1,3,4,2,3,1987,2,2
1991,2,170259,1,2,2,2,1,1,3,4,2,3,1988,2,2
1991,1,170260,1,2,2,2,1,1,3,4,2,3,1972,1,2
1991,2,170260,1,5,5,2,1,1,3,4,2,3,1981,2,2
1991,1,170261,1,2,2,2,1,1,3,4,2,3,1990,2,2
1991,2,170261,1,2,2,2,1,1,3,4,2,3,1975,2,2
1991,1,170262,1,7,7,1,1,1,3,4,1,3,1988,2,2
1991,1,170263,1,2,2,2,1,1,3,4,1,3,1983,2,2
1991,2,170263,1,2,2,2,1,1,3,4,2,3,1986,2,2
1991,1,170264,1,2,2,2,1,1,3,4,2,3,1977,2,2
1991,1,170265,1,2,2,2,1,1,3,4,1,3,1987,2,2
1991,1,170266,1,2,2,2,1,1,3,4,1,3,1977,2,2
1991,2,170266,1,2,2,2,1,1,3,4,2,3,1987,2,2
1991,3,170266,1,3,3,2,1,1,3,4,2,3,1987,2,2
1991,1,170267,1,2,2,2,1,1,3,4,2,3,1990,2,2
1991,1,170268,1,2,2,2,1,1,3,4,1,3,1984,2,2
1991,2,170268,6,4,4,2,1,1,3,4,2,3,1989,2,2
1991,1,170269,1,2,2,2,1,1,3,4,1,3,1991,2,2
1991,2,170269,1,3,3,2,1,1,3,4,2,3,1984,2,2
1991,1,170270,8,2,2,2,1,1,3,4,2,3,1984,2,2
1991,1,170271,1,2,2,1,1,1,3,4,2,3,1980,2,2
1991,1,170272,1,4,4,2,1,1,3,4,2,3,1988,2,2
1991,1,170273,7,2,2,2,4,2,3,2,1,3,1981,2,2
1991,1,170274,1,2,2,2,1,1,3,4,2,3,1986,2,2
1991,1,170275,7,1,1,2,4,1,3,1,2,3,1986,2,2
1991,1,170276,2,2,2,2,1,1,3,4,2,3,1990,2,2
1991,2,170276,1,2,2,2,1,1,3,4,2,3,1979,2,2
1991,1,170277,1,2,2,2,1,1,3,4,1,3,1989,2,2
1991,2,170277,1,4,4,1,1,1,3,4,2,3,1975,2,2
1991,1,170278,1,4,4,2,1,1,3,4,2,3,1974,2,2
1991,1,170279,1,7,7,2,1,1,3,4,2,3,1986,2,2
1991,1,170280,7,2,2,2,4,1,3,1,2,3,1969,2,2
1991,2,170280,1,5,5,2,1,1,3,4,2,3,1983,2,2
1991,1,170281,4,2,2,2,1,1,3,4,2,3,1990,2,2
1991,2,170281,4,2,2,2,1,1,3,4,2,3,1991,2,2
1991,1,170282,1,2,2,2,2,2,3,4,2,3,1980,2,2
1991,1,170283,1,3,3,2,1,1,3,4,2,3,1984,2,2
1991,1,170284,1,2,2,2,1,1,3,4,2,3,1980,2,2
1991,1,170285,1,2,2,2,2,2,3,4,2,3,1982,2,2
1991,2,170285,1,2,2,2,1,1,3,4,2,3,1989,2,2
1991,1,170286,1,2,2,2,1,1,3,4,1,3,1985,2,2
1991,1,170287,1,5,5,2,1,1,3,4,2,3,1985,2,2
1991,2,170287,2,2,2,2,1,1,3,4,2,3,1972,2,2
1991,1,170288,1,5,5,1,2,2,3,4,2,3,1988,2,2
1991,1,170289,7,2,2,2,4,1,3,1,2,3,1982,2,2
1991,1,170290,2,1,1,1,1,1,3,4,2,3,1985,2,2
1991,1,170291,1,1,1,1,1,1,3,4,2,3,1990,2,2
1991,1,170292,1,2,2,2,1,1,3,4,2,3,1985,2,2
1991,1,170293,1,2,2,2,1,1,3,4,2,3,1988,2,2
1991,1,170294,2,3,3,2,1,1,3,4,2,3,1983,1,2
1991,2,170294,7,2,2,2,4,1,3,1,2,3,1983,2,2
1991,1,170295,2,3,3,2,1,1,3,4,2,3,1988,2,2
1991,2,170295,1,2,2,2,1,1,3,4,2,3,1988,2,2
1991,1,170296,1,2,2,1,1,1,3,4,2,3,1989,2,2
1991,1,170297,1,2,2,1,2,2,3,4,2,3,1968,2,2
1991,1,170298,1,2,2,2,1,1,3,4,1,3,1979,2,2
1991,1,170299,6,2,2,2,1,1,3,4,2,3,1979,1,2
1991,2,170299,1,2,2,2,1,1,3,4,2,3,1991,2,2
1991,1,170300,1,3,3,2,2,2,3,4,2,3,1980,2,2
1991,2,170300,1,2,2,2,1,1,3,4,2,3,1987,2,2
1991,1,170301,1,2,2,2,1,1,3,4,2,3,1973,2,2
1991,1,170302,6,3,3,2,1,1,3,4,2,3,1983,2,2
1991,1,170303,1,2,2,2,1,1,3,4,2,3,1989,2,2
1991,2,170303,6,3,3,2,1,1,3,4,2,3,1980,2,2
1991,1,170304,1,2,2,1,1,1,3,4,2,3,1978,2,2
1991,2,170304,6,2,2,2,1,1,3,4,2,3,1982,2,2
1991,1,170305,1,2,2,2,1,1,3,4,2,3,1990,2,2
1991,1,170306,6,3,3,2,1,1,3,4,2,3,1991,2,2
1991,2,170306,1,2,6,2,1,1,3,4,2,3,1988,2,2
1991,1,170307,1,5,5,2,1,1,3,4,1,3,1984,2,2
1991,2,170307,1,2,2,2,1,1,3,4,2,3,1982,2,2
1991,1,170308,2,2,2,1,1,1,3,4,1,3,1979,2,2
1991,1,170309,1,2,2,1,1,1,3,4,2,3,1990,2,2
1991,1,170310,1,2,2,2,2,2,3,4,2,3,1979,2,2
1991,2,170310,1,3,3,2,1,1,3,4,2,3,1986,2,2
1991,1,170311,2,2,2,2,1,1,3,4,1,3,1975,2,2
1991,2,170311,1,3,3,2,1,1,3,4,2,3,1988,2,2
1991,1,170312,7,2,2,2,4,2,3,2,1,3,1987,2,2
1991,1,170313,1,2,2,2,1,1,3,4,2,3,1983,2,2
1991,2,170313,6,2,2,2,1,1,3,4,2,3,1991,2,2
1991,1,170314,1,2,3,2,2,2,3,4,1,3,1975,1,1
1991,1,170315,6,2,2,2,1,1,3,4,2,3,1983,2,2
1991,2,170315,1,3,3,2,1,1,3,4,2,3,1988,2,2
1991,1,170316,1,3,3,2,2,2,3,4,2,3,1986,2,2
1991,2,170316,6,2,2,2,1,1,3,4,2,3,1979,2,2
1991,1,170317,3,2,2,2,1,1,3,4,1,3,1987,2,2
1991,2,170317,1,2,2,2,1,1,3,4,2,3,1990,2,2
1991,1,170318,1,2,2,2,1,1,3,4,2,3,1969,2,2
1991,1,170319,1,5,5,2,2,2,3,4,1,3,9999,2,2
1991,1,170320,1,2,2,2,1,1,3,4,2,3,1978,2,2
1991,2,170320,1,2,2,2,2,2,3,4,2,3,1979,2,2
1991,1,170321,1,2,2,2,1,1,3,4,2,3,1984,2,2
1991,1,170322,1,1,1,1,1,1,3,4,1,3,1979,2,2
1991,1,170323,2,1,1,1,1,1,3,4,1,3,1988,1,2
1991,1,170325,3,5,5,2,1,1,3,4,1,3,1990,2,2
1991,1,170326,1,5,5,2,1,1,3,4,2,3,1979,2,2
1991,1,170327,1,2,2,2,1,1,3,4,2,3,1979,2,2
1991,1,170328,1,5,5,2,1,1,3,4,1,3,1984,2,2
1991,1,170329,7,2,2,2,4,1,3,1,1,3,1974,2,2
1991,1,170330,7,2,2,2,4,1,3,1,1,3,1989,2,2
1991,2,170330,7,4,4,2,4,1,3,1,2,3,1970,2,2
1991,1,170331,1,3,3,2,1,1,3,4,2,3,1986,2,2
1991,2,170331,1,2,2,2,1,1,3,4,2,3,1980,2,2
1991,1,170332,1,2,2,2,1,1,3,4,2,3,1984,2,2
1991,2,170332,1,2,5,2,1,1,3,4,2,3,1982,2,2
1991,3,170332,4,2,2,2,1,1,3,4,2,3,1985,2,2
1991,4,170332,1,2,5,2,1,1,3,4,2,3,1991,2,2
1991,5,170332,1,5,5,2,1,1,3,4,2,3,1984,2,2
1991,1,170333,1,2,2,2,3,3,3,4,2,3,9999,2,2
1991,1,170334,2,2,2,2,1,1,3,4,2,3,1973,2,2
1991,1,170335,1,2,2,2,1,1,3,4,1,3,1981,2,2
1991,1,170336,1,2,2,2,1,1,3,4,2,3,1984,2,2
1991,1,170337,1,2,2,2,1,1,3,4,1,3,1976,2,2
1991,1,170338,1,4,4,2,1,1,3,4,2,3,1986,2,2
1991,2,170338,1,2,2,2,1,1,3,4,2,3,1988,2,2
1991,1,170339,1,2,2,2,1,1,3,4,2,3,1970,2,2
1991,2,170339,1,2,2,2,1,1,3,4,2,3,1986,2,2
1991,1,170340,1,2,2,1,1,1,3,4,1,3,1984,2,2
1991,1,170341,2,2,2,2,1,1,3,4,1,3,1981,2,2
1991,1,170342,1,1,1,1,1,1,3,4,1,3,1990,2,2
1991,1,170343,1,2,3,1,1,1,3,4,2,3,1983,2,1
1991,1,170344,2,2,2,2,1,1,3,4,2,3,1967,2,2
1991,1,170345,1,4,4,1,2,2,3,4,1,3,1986,2,2
1991,2,170345,1,2,5,2,1,1,3,4,2,3,1990,2,2
1991,1,170346,1,5,5,2,1,1,3,4,2,3,1986,2,1
1991,1,170347,1,2,2,1,1,1,3,4,1,3,1979,2,2
1991,2,170347,2,4,2,2,2,2,3,4,2,3,1986,2,2
1991,3,170347,1,5,5,2,1,1,3,4,2,3,1987,2,2
1991,1,170348,1,3,3,2,1,1,3,4,2,3,1982,2,2
1991,2,170348,2,2,2,2,1,1,3,4,2,3,1988,2,2
1991,1,170349,6,2,2,2,1,1,3,4,1,3,1974,2,2
1991,1,170350,1,2,2,2,1,1,3,4,2,3,9999,2,2
1991,2,170350,1,2,2,2,1,1,3,4,2,3,1989,2,2
1991,1,170351,1,2,2,2,1,1,3,4,1,3,1988,2,2
1991,2,170351,1,2,2,2,1,1,3,4,2,3,1990,2,2
1991,3,170351,1,4,4,2,1,1,3,4,2,3,1985,2,2
1991,1,170352,2,2,2,2,1,1,3,4,2,3,1982,2,2
1991,1,170353,1,2,2,2,1,1,3,4,2,3,1987,1,2
1991,2,170353,3,2,2,2,1,1,3,4,2,3,1988,2,2
1991,1,170354,1,2,2,2,1,1,3,4,1,3,1986,2,2
1991,2,170354,9,2,2,2,1,1,3,4,2,3,9999,2,2
1991,1,170355,1,5,5,2,1,1,3,4,2,3,1990,2,2
1991,2,170355,4,2,2,1,1,1,3,4,2,3,1986,2,2
1991,3,170355,1,2,2,2,1,1,3,4,2,3,1985,2,2
1991,1,170356,7,2,2,2,4,2,3,2,2,3,1982,2,2
1991,1,170357,1,2,2,2,2,2,3,4,2,3,1979,2,2
1991,2,170357,1,5,4,2,1,1,3,4,2,3,1985,2,2
1991,3,170357,1,2,4,2,1,1,3,4,2,3,1990,2,2
1991,4,170357,1,5,5,2,1,1,3,4,2,3,1990,2,2
1991,5,170357,1,5,5,2,1,1,3,4,2,3,1991,2,2
1991,1,170358,1,2,2,2,1,1,3,4,2,3,1979,2,2
1991,1,170359,1,2,2,2,1,1,3,4,2,3,1988,2,2
1991,1,170360,7,2,2,2,4,2,3,2,1,3,1989,2,2
1991,1,170361,2,2,2,2,1,1,3,4,2,3,1987,2,2
1991,1,170362,1,2,2,2,1,1,3,4,2,3,1990,2,2
1991,2,170362,7,5,5,2,4,1,3,1,2,3,1988,2,2
1991,1,170363,1,2,2,2,1,1,3,4,2,3,1984,2,2
1991,1,170364,1,2,2,2,1,1,3,4,2,3,1989,1,2
1991,1,170365,1,2,2,2,1,1,3,4,1,3,1984,2,2
1991,2,170365,1,2,2,2,1,1,3,4,2,3,1982,2,2
1991,1,170366,1,2,2,2,1,1,3,4,2,3,1987,2,2
1991,2,170366,1,5,5,2,1,1,3,4,2,3,1985,2,2
1991,1,170367,4,2,2,2,1,1,3,4,2,3,1990,2,2
1991,1,170368,4,2,2,2,1,1,3,4,2,3,1984,2,2
1991,1,170369,2,1,1,1,1,1,3,4,1,3,1989,2,2
1991,1,170370,1,2,2,2,2,2,3,4,2,3,1979,2,2
1991,1,170371,1,1,1,1,1,1,3,4,2,3,1985,2,2
1991,1,170372,1,3,3,2,1,1,3,4,1,3,1988,2,2
1991,1,170373,1,2,2,2,1,1,3,4,2,3,1982,2,2
1991,1,170374,1,2,2,2,1,1,3,4,2,3,1991,2,2
1991,2,170374,1,2,2,2,1,1,3,4,2,3,1990,2,2
1991,1,170375,9,2,2,2,3,3,3,4,1,3,9999,2,2
1991,1,170376,1,7,7,1,3,3,3,4,2,3,1988,1,2
1991,1,170377,1,1,1,1,1,1,3,4,2,3,1984,2,2
1991,1,170378,1,6,6,2,1,1,3,4,2,3,1979,2,2
1991,1,170379,2,4,4,2,3,3,3,4,2,3,9999,2,2
1991,2,170379,7,2,2,2,4,1,3,1,2,3,1989,2,2
1991,1,170380,7,2,2,2,4,1,3,1,2,3,1982,2,2
1991,1,170381,6,4,4,2,1,1,3,4,2,3,1987,2,2
1991,1,170382,6,5,5,2,1,1,3,4,2,3,1982,2,2
1991,2,170382,1,2,2,2,1,1,3,4,2,3,1987,2,2
1991,1,170383,1,2,2,2,1,1,3,4,2,3,1985,2,2
1991,1,170384,8,2,2,2,1,1,3,4,2,1,1987,2,2
1991,1,170385,1,5,5,2,1,1,3,4,2,3,1982,1,2
1991,2,170385,2,2,2,2,1,1,3,4,2,3,1989,2,2
1991,1,170386,7,2,2,2,4,3,3,3,2,3,1981,2,2
1991,2,170386,4,4,4,2,1,1,3,4,2,3,1987,2,2
1991,1,170387,1,2,2,2,1,1,3,4,2,3,1988,2,2
1991,1,170388,1,2,2,2,1,1,3,4,1,3,1977,2,2
1991,1,170389,1,2,2,2,1,1,3,4,1,3,1991,2,2
1991,2,170389,1,2,4,2,1,1,3,4,2,3,1991,2,2
1991,3,170389,8,2,4,2,1,1,3,4,2,3,1980,2,2
1991,4,170389,6,2,2,2,1,1,3,4,2,3,1978,2,2
1991,1,170390,7,2,2,2,4,2,3,2,1,3,1985,2,2
1991,1,170391,1,2,2,2,2,2,3,4,1,3,1984,2,2
1991,1,170392,1,1,1,1,1,1,3,4,1,3,1982,2,2
1991,1,170393,1,2,2,2,1,1,3,4,2,3,1977,2,2
1991,1,170394,7,1,1,2,4,1,3,1,2,3,1985,2,2
1991,1,170395,4,2,2,2,1,1,3,4,2,3,1985,2,2
1991,2,170395,1,2,2,2,1,1,3,4,2,3,1984,2,2
1991,1,170396,1,2,2,2,2,2,3,4,1,3,1979,2,2
1991,1,170397,1,2,2,2,1,1,3,4,2,3,1980,2,2
1991,2,170397,2,2,2,2,1,1,3,4,2,3,1987,2,2
1991,1,170398,1,2,2,2,3,3,3,4,2,3,9999,2,2
1991,2,170398,1,6,6,2,1,1,3,4,2,3,1981,2,2
1991,3,170398,1,6,6,2,1,1,3,4,2,3,1981,2,2
1991,1,170399,1,2,2,2,1,1,3,4,2,3,1975,2,2
1991,1,170400,6,2,2,2,3,3,3,4,2,3,1989,2,2
1991,1,170401,1,4,2,2,1,1,3,4,2,3,1991,2,2
1991,2,170401,1,3,3,2,1,1,3,4,2,3,1984,2,2
1991,3,170401,1,2,2,2,1,1,3,4,2,3,1990,2,2
1991,1,170402,2,2,2,2,1,1,3,4,2,3,1984,2,2
1991,1,170403,1,2,5,2,1,1,3,4,2,3,1983,2,2
1991,1,170404,1,3,3,2,1,1,3,4,2,3,1979,2,2
1991,2,170404,2,2,2,2,1,1,3,4,2,3,1984,2,2
1991,1,170405,7,2,2,2,4,2,3,2,2,3,9999,2,2
1991,2,170405,1,4,4,2,1,1,3,4,2,3,1974,2,2
1991,3,170405,1,4,4,2,1,1,3,4,2,3,1983,2,2
1991,4,170405,1,4,4,2,1,1,3,4,2,3,1977,2,2
1991,1,170406,1,1,1,1,1,1,3,4,2,3,1983,2,2
1991,1,170407,1,2,2,2,1,1,3,4,2,3,1985,2,2
1991,1,170408,1,2,2,2,1,1,3,4,2,3,1987,2,2
1991,2,170408,6,5,5,2,1,1,3,4,2,3,1985,2,2
1991,1,170409,1,2,2,2,1,1,3,4,1,3,1982,2,2
1991,2,170409,1,4,2,2,1,1,3,4,2,3,1991,2,2
1991,1,170410,1,2,2,1,2,2,3,4,2,3,1978,2,2
1991,1,170411,6,2,2,2,1,1,3,4,1,3,1987,2,2
1991,2,170411,1,2,5,2,1,1,3,4,2,3,1988,2,2
1991,3,170411,1,2,2,2,2,2,3,4,2,3,1984,2,2
1991,4,170411,1,2,2,2,1,1,3,4,2,3,1989,2,2
1991,1,170412,2,2,2,2,1,1,3,4,2,3,1975,2,2
1991,1,170413,1,3,3,2,1,1,3,4,2,3,1985,2,2
1991,2,170413,4,2,2,2,1,1,3,4,2,3,1981,2,2
1991,1,170414,6,2,2,2,1,1,3,4,2,3,1988,2,2
1991,2,170414,1,5,5,2,1,1,3,4,2,3,1985,2,2
1991,1,170415,4,7,7,1,2,2,3,4,2,3,1979,2,2
1991,1,170416,1,2,2,2,1,1,3,4,2,3,1990,2,2
1991,2,170416,6,2,2,2,3,3,3,4,2,3,9999,2,2
1991,1,170417,1,1,1,1,1,1,3,4,2,3,1985,2,2
1991,1,170418,1,2,2,2,1,1,3,4,2,3,1978,2,2
1991,1,170419,1,1,1,1,1,1,3,4,2,3,1978,2,2
1991,1,170420,1,5,5,2,1,1,3,4,2,3,1984,2,2
1991,2,170420,1,2,2,2,1,1,3,4,2,3,1991,2,2
1991,1,170421,1,2,2,2,1,1,3,4,1,3,1988,2,2
1991,2,170421,1,4,2,2,1,1,3,4,2,3,1987,2,2
1991,3,170421,1,4,4,2,1,1,3,4,2,3,1990,2,2
1991,4,170421,4,2,2,2,1,1,3,4,2,3,1990,2,2
1991,1,170422,1,2,2,2,2,2,3,4,2,3,1985,2,2
1991,1,170423,1,3,3,1,1,1,3,4,2,3,1979,1,2
1991,2,170423,1,2,2,2,1,1,3,4,2,3,1990,2,2
1991,1,170424,1,2,2,1,1,1,3,4,1,3,1988,2,2
1991,1,170425,1,2,2,2,1,1,3,4,2,3,1985,2,1
1991,1,170426,7,2,2,2,4,1,3,1,1,3,1957,1,2
1991,1,170427,1,2,2,2,1,1,3,4,2,3,1990,2,2
1991,1,170428,1,5,5,2,3,3,3,4,2,3,1981,2,2
1991,2,170428,7,2,2,2,4,1,3,1,2,3,1986,2,2
1991,1,170429,1,2,2,2,1,1,3,4,2,3,1988,2,2
1991,2,170429,6,4,4,2,1,1,3,4,2,3,1983,2,2
1991,1,170430,1,3,3,2,1,1,3,4,2,3,1988,2,2
1991,2,170430,2,2,2,2,1,1,3,4,2,3,1988,2,2
1991,1,170431,1,2,2,2,1,1,3,4,1,3,1990,2,2
1991,1,170432,2,2,2,2,1,1,3,4,2,3,1984,2,2
1991,2,170432,6,5,5,2,1,1,3,4,2,3,1989,2,2
1991,1,170433,1,2,2,2,1,1,3,4,1,3,1978,2,2
1991,1,170434,1,2,2,2,1,1,3,4,2,3,1979,2,2
1991,1,170435,1,3,5,2,1,1,3,4,2,3,1984,2,2
1991,1,170436,1,2,2,2,1,1,3,4,2,3,1972,2,2
1991,1,170437,7,7,7,2,4,2,3,2,1,3,1986,2,2
1991,2,170437,1,6,6,2,1,1,3,4,2,3,1984,2,2
1991,1,170438,1,2,2,2,1,1,3,4,2,3,1987,2,2
1991,1,170439,1,5,5,1,1,1,3,4,2,3,1985,2,2
1991,2,170439,6,2,2,2,1,1,3,4,2,3,1991,2,2
1991,1,170440,1,2,2,2,1,1,3,4,2,3,1983,2,2
1991,1,170441,1,2,2,2,1,1,3,4,2,3,1983,2,2
1991,1,170442,7,2,2,2,4,2,3,2,2,3,1991,2,2
1991,1,170443,1,1,1,1,2,2,3,4,2,3,1980,1,2
1991,1,170444,2,2,4,2,1,1,3,4,1,3,1990,2,2
1991,2,170444,1,3,3,2,1,1,3,4,2,3,1984,2,2
1991,1,170445,1,2,2,2,1,1,3,4,2,3,1988,2,2
1991,1,170446,4,2,2,2,1,1,3,4,2,3,1972,2,2
1991,1,170447,6,2,2,2,1,1,3,4,1,3,1975,2,2
1991,2,170447,1,5,5,2,1,1,3,4,2,3,1989,2,2
1991,1,170448,1,5,5,2,1,1,3,4,1,3,1967,2,2
1991,1,170449,1,2,2,2,1,1,3,4,2,3,1987,2,2
1991,1,170450,1,2,3,2,2,2,3,4,1,3,1990,2,2
1991,1,170451,1,4,4,2,1,1,3,4,1,3,1991,2,2
1991,1,170452,7,2,2,2,4,1,3,1,2,3,1979,1,2
1991,2,170452,1,4,4,2,1,1,3,4,2,3,1982,2,2
1991,3,170452,4,2,2,2,1,1,3,4,2,3,1987,2,2
1991,1,170453,1,2,2,2,1,1,3,4,2,3,1980,2,2
1991,1,170454,2,2,2,1,1,1,3,4,2,3,1988,2,2
1991,2,170454,4,2,2,2,1,1,3,4,2,3,1983,2,2
1991,1,170455,1,5,5,1,1,1,3,4,2,3,1981,2,2
1991,1,170456,1,2,2,2,1,1,3,4,1,3,1981,2,2
1991,2,170456,6,2,2,2,1,1,3,4,2,3,1987,2,2
1991,1,170457,1,5,5,2,1,1,3,4,2,3,1988,2,2
1991,2,170457,3,2,2,2,1,1,3,4,2,3,1985,2,2
1991,1,170458,3,2,2,1,1,1,3,4,1,3,1974,2,2
1991,1,170459,1,2,2,2,2,2,3,4,1,3,1991,2,2
1991,1,170460,1,2,2,2,1,1,3,4,2,3,1988,2,2
1991,2,170460,1,2,2,2,1,1,3,4,2,3,1985,2,2
1991,1,170461,1,2,2,1,1,1,3,4,1,3,1983,2,2
1991,1,170462,6,4,4,2,3,3,3,4,2,3,1981,2,2
1991,2,170462,1,2,2,2,2,2,3,4,2,3,1980,2,2
1991,1,170463,7,2,2,2,4,2,3,2,2,3,1986,2,2
1991,1,170464,2,3,3,2,1,1,3,4,2,3,1989,1,2
1991,2,170464,2,2,2,2,1,1,3,4,2,3,1988,2,2
1991,1,170465,1,2,2,2,1,1,3,4,2,3,1980,2,2
1991,1,170466,7,1,1,2,4,1,3,1,2,3,1972,2,2
1991,1,170467,1,3,3,2,1,1,3,4,2,3,1979,2,2
1991,2,170467,1,2,2,2,1,1,3,4,2,3,1980,2,2
1991,1,170468,4,3,3,2,1,1,3,4,2,3,1984,2,2
1991,1,170469,1,3,3,2,1,1,3,4,2,3,1984,2,2
1991,1,170470,1,5,5,2,1,1,3,4,1,3,1979,2,2
1991,1,170471,1,2,2,2,1,1,3,4,2,3,1977,2,2
1991,1,170472,7,7,7,2,4,2,3,2,1,3,1984,2,2
1991,1,170473,1,2,2,2,1,1,3,4,1,3,1978,1,2
1991,2,170473,1,4,4,2,1,1,3,4,2,3,1988,2,2
1991,1,170474,1,2,2,2,1,1,3,4,2,3,1983,2,2
1991,2,170474,2,2,5,2,1,1,3,4,2,3,1979,2,2
1991,1,170475,7,1,1,2,4,2,3,2,2,3,1977,2,2
1991,1,170476,2,4,4,2,1,1,3,4,2,3,1985,2,2
1991,1,170477,7,1,1,2,4,1,3,1,2,3,1980,2,2
1991,1,170478,1,2,2,2,1,1,3,4,1,3,1984,2,2
1991,2,170478,4,3,3,2,1,1,3,4,2,3,1985,2,2
1991,1,170480,1,2,2,2,3,3,3,4,1,3,9999,2,2
1991,2,170480,1,2,2,2,1,1,3,4,1,3,1984,2,2
1991,1,170481,1,2,2,1,1,1,3,4,2,3,1981,2,2
1991,1,170482,2,2,2,1,1,1,3,4,2,3,1987,1,2
1991,1,170483,1,2,2,1,1,1,3,4,1,3,1991,2,2
1991,1,170484,2,1,1,1,1,1,3,4,2,3,1976,2,2
1991,1,170485,3,1,1,1,1,1,3,4,1,3,1980,2,2
1991,1,170486,9,7,7,2,3,3,3,4,2,3,9999,2,2
1991,1,170487,2,3,2,1,2,2,3,4,1,3,1969,2,2
1991,1,170488,1,2,2,2,1,2,3,4,2,3,1989,2,2
1991,2,170488,2,2,2,2,1,1,3,4,2,3,1988,2,2
1991,1,170489,1,5,5,2,1,1,3,4,1,3,1972,2,2
1991,1,170490,1,4,4,2,1,1,3,4,2,3,1978,2,2
1991,2,170490,7,2,2,2,4,2,3,2,1,3,1989,2,2
1991,1,170491,7,2,2,2,4,1,3,1,2,3,1988,2,2
1991,2,170491,1,5,5,2,1,1,3,4,2,3,1977,2,2
1991,1,170492,1,2,2,2,1,1,3,4,2,3,1978,2,2
1991,1,170493,1,3,3,2,1,1,3,4,2,3,1987,2,2
1991,1,170494,6,3,3,2,1,1,3,4,2,3,1963,2,2
1991,1,170495,1,2,2,2,1,1,3,4,2,3,1978,2,2
1991,1,170496,7,2,2,2,4,1,3,1,2,3,1989,1,2
1991,1,170497,1,2,2,2,1,1,3,4,2,3,1990,2,2
1991,1,170498,4,2,2,2,1,1,3,4,2,3,1987,2,2
1991,2,170498,1,2,2,2,1,1,3,4,2,3,1989,2,2
1991,1,170499,1,2,2,2,1,1,3,4,2,3,1989,2,2
1991,1,170500,1,5,5,2,1,1,3,4,2,3,1985,2,2
1991,1,170501,1,2,2,2,1,1,3,4,1,3,1987,2,2
1991,2,170501,1,4,4,2,1,1,3,4,2,3,1987,2,2
1991,3,170501,1,4,4,2,3,3,3,4,2,3,1979,2,2
1991,4,170501,1,4,4,2,3,3,3,4,2,3,1988,2,2
1991,1,170502,2,3,3,1,1,1,3,4,1,3,1987,2,2
1991,1,170503,1,7,7,2,1,1,3,4,2,3,1991,2,2
1991,1,170504,1,2,2,2,1,1,3,4,2,3,1988,2,2
1991,1,170505,2,1,1,1,1,1,3,4,1,3,1972,2,2
1991,1,170506,1,2,2,2,1,1,3,4,2,3,1967,2,2
1991,2,170506,1,2,2,2,1,1,3,4,2,3,1990,2,2
1991,1,170507,2,2,2,1,1,1,3,4,2,3,1988,2,2
1991,1,170508,1,4,4,2,1,1,3,4,1,3,1985,2,2
1991,2,170508,1,2,2,2,1,1,3,4,2,3,1988,2,2
1991,1,170509,3,2,2,1,1,1,3,4,2,3,1988,2,2
1991,1,170510,1,2,2,1,1,1,3,4,1,3,1979,2,2
1991,1,170511,2,1,1,1,1,1,3,4,1,3,1971,2,2
1991,1,170512,2,2,2,2,1,1,3,4,2,3,1989,2,2
1991,1,170513,1,2,2,1,1,1,3,4,1,3,1985,1,2
1991,1,170514,1,2,2,2,1,1,3,4,1,3,1986,2,2
1991,2,170514,1,4,2,2,1,1,3,4,2,3,1981,2,2
1991,3,170514,1,4,2,2,1,1,3,4,2,3,1988,2,2
1991,4,170514,3,4,4,2,1,1,3,4,2,3,1988,2,2
1991,1,170515,3,2,2,2,1,1,3,4,2,3,1990,1,2
1991,2,170515,6,2,2,1,1,1,3,4,2,3,1987,2,2
1991,1,170516,1,2,2,2,1,1,3,4,2,3,1980,2,2
1991,2,170516,6,2,2,2,1,1,3,4,2,3,1967,2,2
1991,1,170517,1,2,2,2,1,1,3,4,2,3,1987,2,2
1991,1,170518,1,2,2,2,2,2,3,4,2,3,1976,2,2
1991,2,170518,1,2,2,2,1,1,3,4,2,3,1985,2,2
1991,1,170519,7,2,2,2,4,2,3,2,1,3,1986,2,2
1991,2,170519,2,5,5,2,1,1,3,4,2,3,1988,2,2
1991,1,170520,1,2,2,1,1,1,3,4,1,3,1987,2,2
1991,1,170521,7,2,2,2,4,1,3,1,1,3,1990,2,2
1991,1,170522,1,2,2,2,1,1,3,4,2,3,1984,2,2
1991,1,170523,7,2,2,2,4,2,3,2,1,3,9999,2,2
1991,1,170524,1,2,2,2,1,1,3,4,2,3,1990,2,2
1991,2,170524,1,2,2,2,1,1,3,4,2,3,1972,2,2
1991,1,170525,1,2,2,2,1,1,3,4,2,3,1983,2,2
1991,1,170526,7,2,2,2,4,2,3,2,1,3,1984,2,2
1991,2,170526,1,2,2,2,1,1,3,4,2,3,1986,2,2
1991,1,170527,1,2,2,2,1,1,3,4,2,3,1980,2,2
1991,1,170528,1,2,2,2,1,1,3,4,1,3,1977,2,2
1991,1,170529,1,2,2,2,3,3,3,4,2,3,9999,2,2
1991,2,170529,1,4,5,2,1,1,3,4,2,3,1972,2,2
1991,1,170530,1,5,5,2,1,1,3,4,2,3,1986,2,2
1991,2,170530,1,2,2,2,1,1,3,4,2,3,1987,2,2
1991,1,170531,1,3,3,2,2,2,3,4,1,3,1978,2,2
1991,1,170532,2,2,2,2,1,1,3,4,2,3,1990,2,2
1991,1,170533,1,3,3,1,1,1,3,4,1,3,1991,2,2
1991,1,170534,2,2,2,2,1,1,3,4,1,3,1984,1,1
1991,1,170535,1,1,1,1,1,1,3,4,1,3,1990,2,2
1991,1,170536,1,5,5,2,1,1,3,4,2,3,1989,2,2
1991,2,170536,1,2,2,2,1,1,3,4,2,3,1988,2,2
1991,1,170537,1,2,2,2,1,1,3,4,2,3,1991,2,2
1991,2,170537,1,2,2,2,1,1,3,4,2,3,1989,2,2
1991,1,170538,1,2,2,2,2,2,3,4,2,3,1978,2,2
1991,1,170540,1,2,2,2,1,1,3,4,1,3,1990,1,2
1991,2,170540,6,4,4,2,1,2,3,4,2,3,1985,2,2
1991,1,170541,1,2,2,2,1,1,3,4,1,3,1991,1,2
1991,2,170541,2,4,4,1,1,1,3,4,2,3,1984,2,2
1991,1,170542,3,2,2,2,1,1,3,4,1,3,1977,2,2
1991,1,170543,6,2,2,2,1,1,3,4,2,3,1989,2,1
1991,1,170544,6,2,2,2,1,1,3,4,2,3,1979,2,2
1991,2,170544,1,2,2,2,1,1,3,4,2,3,1986,2,2
1991,1,170545,1,4,4,1,1,1,3,4,2,3,1986,2,2
1991,2,170545,1,2,2,1,1,1,3,4,2,3,1985,2,2
1991,1,170546,7,2,2,2,4,1,3,1,2,3,1984,2,2
1991,1,170547,1,2,2,2,1,1,3,4,2,3,1988,2,2
1991,2,170547,6,3,3,2,1,1,3,4,2,3,1989,2,2
1991,1,170548,1,2,2,2,1,1,3,4,1,3,1989,2,2
1991,2,170548,4,2,2,2,1,1,3,4,2,3,1990,2,2
1991,1,170550,2,2,2,2,1,1,3,4,1,3,1979,2,2
1991,1,170551,7,2,2,2,4,2,3,2,2,3,1979,2,2
1991,1,170552,1,1,1,1,1,1,3,4,2,3,1987,2,2
1991,1,170553,7,2,2,2,4,1,3,1,2,3,1978,2,2
1991,1,170554,7,1,1,2,4,2,3,2,1,3,1985,2,2
1991,1,170555,1,2,2,2,1,1,3,4,1,3,1981,2,2
1991,2,170555,1,5,5,2,1,1,3,4,2,3,1991,2,2
1991,1,170556,1,2,2,1,1,1,3,4,2,3,1984,2,2
1991,1,170557,1,5,5,2,1,1,3,4,2,3,1983,2,2
1991,2,170557,1,2,2,2,1,1,3,4,2,3,1991,2,2
1991,1,170558,1,2,2,2,1,1,3,4,1,3,1980,2,2
1991,1,170559,4,2,2,2,1,1,3,4,2,3,1990,2,2
1991,1,170560,1,2,2,2,1,1,3,4,2,3,1990,1,2
1991,2,170560,1,5,5,1,1,1,3,4,2,3,1990,2,2
1991,1,170561,1,2,2,2,2,2,3,4,1,3,1989,2,2
1991,1,170562,1,2,2,2,3,3,3,4,2,3,9999,2,2
1991,1,170563,1,2,2,2,3,3,3,4,2,3,9999,2,2
1991,1,170564,1,2,2,2,1,1,3,4,2,3,1989,2,1
1991,2,170564,1,2,2,2,1,1,3,4,2,3,1982,2,2
1991,1,170565,1,3,3,2,1,1,3,4,2,3,1983,2,2
1991,2,170565,1,2,2,2,1,1,3,4,1,3,1986,2,2
1991,1,170566,1,2,2,2,1,1,3,4,2,3,1989,2,2
1991,1,170567,3,1,1,1,1,1,3,4,1,3,1978,2,2
1991,1,170568,1,5,5,2,1,1,3,4,2,3,1983,2,2
1991,2,170568,4,2,2,1,1,1,3,4,2,3,1974,2,2
1991,1,170569,1,2,2,1,1,1,3,4,2,3,1988,2,2
1991,1,170570,1,2,2,2,1,1,3,4,1,3,1990,2,2
1991,2,170570,1,4,4,2,3,3,3,4,2,3,1985,2,2
1991,3,170570,6,2,2,2,3,3,3,4,2,3,9999,2,2
1991,1,170571,1,2,2,2,1,1,3,4,2,3,1981,2,2
1991,2,170571,3,2,2,2,1,1,3,4,2,3,1986,2,2
1991,1,170572,1,2,2,2,2,2,3,4,1,3,1971,2,2
1991,2,170572,6,2,2,2,1,1,3,4,2,3,1986,2,2
1991,1,170573,1,2,2,2,2,2,3,4,2,3,1984,2,2
1991,2,170573,1,2,2,2,1,1,3,4,2,3,1984,2,2
1991,1,170574,1,2,2,2,1,1,3,4,1,3,1980,2,1
1991,1,170575,1,2,2,1,1,1,3,4,1,3,1988,2,2
1991,1,170576,2,1,1,1,2,2,3,4,2,3,1983,2,2
1991,1,170577,4,2,2,1,1,1,3,4,2,3,1985,2,2
1991,2,170577,6,2,2,2,1,1,3,4,2,3,1984,2,2
1991,1,170578,1,2,2,2,1,1,3,4,2,3,1980,2,2
1991,1,170579,7,2,2,2,4,1,3,1,2,3,1985,2,2
1991,2,170579,2,2,2,2,1,1,3,4,2,3,1979,2,2
1991,1,170580,1,2,2,2,1,1,3,4,1,3,1985,2,1
1991,2,170580,6,4,4,2,1,1,3,4,2,3,1980,2,2
1991,1,170581,1,2,2,2,1,1,3,4,2,3,1984,2,2
1991,1,170582,1,1,1,1,1,1,3,4,1,3,1978,1,2
1991,1,170583,1,2,2,2,1,1,3,4,2,3,1983,2,2
1991,2,170583,1,3,3,2,1,1,3,4,2,3,1987,2,2
1991,1,170584,6,4,4,2,1,1,3,4,2,3,1991,2,2
1991,1,170585,1,2,2,2,2,2,3,4,1,3,1986,2,2
1991,1,170586,4,1,1,1,1,1,3,4,2,3,1987,2,2
1991,1,170587,7,1,1,2,4,2,3,2,2,3,1985,2,2
1991,1,170588,1,2,4,2,1,1,3,4,1,3,1976,2,2
1991,1,170589,9,2,2,2,3,3,3,4,2,3,9999,2,2
1991,1,170590,3,2,2,2,1,1,3,4,2,3,1991,2,2
1991,1,170591,1,3,3,1,1,1,3,4,2,3,1985,2,2
1991,1,170592,1,4,4,2,3,3,3,4,2,3,1984,2,2
1991,2,170592,2,2,2,2,1,1,3,4,1,3,1990,2,2
1991,1,170593,1,5,5,2,1,1,3,4,2,3,1981,2,2
1991,2,170593,6,2,2,2,1,1,3,4,2,3,1989,2,2
1991,1,170595,1,3,3,2,1,1,3,4,2,3,1990,2,2
1991,1,170596,1,5,5,1,1,1,3,4,1,3,1980,1,2
1991,1,170597,1,1,1,1,1,1,3,4,2,3,1983,2,2
1991,1,170598,1,2,2,1,2,2,3,4,2,3,1989,2,2
1991,2,170598,1,2,2,2,1,1,3,4,2,3,1981,2,2
1991,1,170599,1,2,2,2,2,2,3,4,2,3,1990,2,2
1991,1,170600,8,3,3,2,1,1,3,4,2,3,1975,2,2
1991,1,170601,1,2,2,1,3,3,3,4,1,3,1989,2,2
1991,1,170602,1,2,2,2,1,1,3,4,2,3,1982,2,2
1991,2,170602,1,3,3,2,1,1,3,4,2,3,1980,2,2
1991,1,170603,1,2,2,2,1,1,3,4,2,3,1982,2,2
1991,2,170603,1,4,2,2,1,1,3,4,2,3,1987,2,2
1991,3,170603,2,4,4,2,1,1,3,4,2,3,1987,2,2
1991,1,170604,1,2,2,2,1,1,3,4,2,3,1984,2,2
1991,1,170605,1,3,3,2,1,1,3,4,1,3,1987,2,2
1991,2,170605,1,2,2,2,1,1,3,4,2,3,1987,2,2
1991,1,170606,1,7,7,2,3,3,3,4,2,3,9999,2,2
1991,1,170607,7,2,2,2,4,1,3,1,2,3,1967,2,2
1991,2,170607,1,4,4,2,1,1,3,4,2,3,1984,2,2
1991,1,170608,1,2,2,1,1,1,3,4,2,3,1982,2,2
1991,2,170608,7,3,3,2,4,1,3,1,2,3,1983,2,2
1991,1,170609,1,4,4,1,1,1,3,4,1,3,1987,2,2
1991,1,170610,1,2,2,2,1,1,3,4,1,3,1988,2,2
1991,1,170611,6,2,2,2,1,1,3,4,1,3,1976,2,2
1991,2,170611,6,4,2,2,1,1,3,4,2,3,1982,2,2
1991,3,170611,2,4,4,2,1,1,3,4,2,3,1988,2,2
1991,4,170611,1,4,2,2,1,1,3,4,2,3,1989,2,2
1991,5,170611,4,4,2,2,1,1,3,4,2,3,1985,2,2
1991,6,170611,1,4,4,2,1,1,3,4,2,3,1979,2,2
1991,1,170612,1,2,2,2,1,1,3,4,2,3,1988,2,2
1991,2,170612,1,2,2,2,1,1,3,4,2,3,1985,2,2
1991,1,170613,2,2,2,1,1,1,3,4,2,3,1980,2,2
1991,2,170613,1,2,2,2,1,1,3,4,2,3,1984,2,2
1991,1,170614,6,2,2,2,1,1,3,4,1,3,1989,1,2
1991,2,170614,1,4,2,2,1,1,3,4,2,3,1984,2,2
1991,3,170614,1,4,2,2,1,1,3,4,2,3,1986,2,2
1991,4,170614,1,4,2,2,1,1,3,4,2,3,1984,2,2
1991,5,170614,1,4,2,2,1,1,3,4,2,3,1984,2,2
1991,6,170614,1,4,2,2,1,1,3,4,2,3,1988,2,2
1991,7,170614,1,4,4,2,1,1,3,4,2,3,1982,2,2
1991,1,170615,1,3,3,2,1,1,3,4,2,3,1979,2,2
1991,2,170615,5,2,2,2,1,1,3,4,2,3,1988,2,2
1991,1,170616,2,1,1,1,1,1,3,4,2,3,1978,2,2
1991,1,170617,9,3,3,2,1,2,3,4,2,3,1987,2,2
1991,2,170617,2,2,2,2,1,1,3,4,1,3,1988,2,2
1991,1,170618,2,2,6,1,1,1,3,4,1,3,1981,2,2
1991,1,170619,1,2,2,2,3,3,3,4,2,3,9999,2,2
1991,1,170620,1,2,2,2,1,1,3,4,2,3,1985,2,2
1991,2,170620,4,5,5,2,1,1,3,4,2,3,1991,2,2
1991,1,170621,1,2,2,2,1,1,3,4,2,3,1980,2,2
1991,1,170622,4,2,2,2,1,1,3,4,2,3,1988,2,2
1991,1,170623,1,2,2,2,1,1,3,4,2,3,1986,1,2
1991,2,170623,7,2,2,2,4,1,3,1,2,3,1979,2,2
1991,1,170624,1,5,5,2,2,2,3,4,1,3,1978,2,2
1991,1,170625,6,3,3,1,1,1,3,4,1,3,1980,2,2
1991,1,170626,1,5,5,2,1,1,3,4,2,3,1983,2,2
1991,2,170626,6,3,3,2,1,1,3,4,2,3,1986,2,2
1991,1,170627,1,1,1,1,1,1,3,4,2,3,1983,2,2
1991,1,170628,3,2,2,2,1,1,3,4,2,3,1990,2,2
1991,1,170629,3,2,2,1,1,1,3,4,1,3,1987,2,2
1991,1,170630,1,2,2,2,1,1,3,4,2,3,1985,2,2
1991,2,170630,1,2,2,2,1,1,3,4,2,3,1988,2,2
1991,1,170631,1,2,2,2,3,3,3,4,2,3,9999,2,2
1991,1,170632,1,2,2,2,1,1,3,4,2,3,1984,2,2
1991,2,170632,1,5,5,2,1,1,3,4,2,3,1986,2,2
1991,1,170633,1,2,2,2,1,1,3,4,2,3,1978,2,2
1991,1,170634,1,3,3,2,1,1,3,4,1,3,1984,2,2
1991,2,170634,6,2,2,2,1,1,3,4,2,3,1971,2,2
1991,1,170635,1,1,1,1,1,1,3,4,2,3,1985,2,2
1991,1,170636,1,2,2,2,1,1,3,4,2,3,1986,2,2
1991,2,170636,6,2,2,2,1,1,3,4,2,3,1990,2,2
1991,1,170637,1,2,2,2,1,1,3,4,1,3,1989,2,2
1991,2,170637,6,3,3,2,1,1,3,4,2,3,1987,2,2
1991,1,170638,4,4,4,2,1,1,3,4,2,3,1991,2,2
1991,2,170638,7,2,2,2,4,1,3,1,2,3,1989,2,2
1991,1,170639,1,2,2,1,2,2,3,4,1,3,1991,2,2
1991,1,170640,1,2,2,2,1,1,3,4,2,3,1978,2,2
1991,2,170640,6,2,2,2,1,1,3,4,2,3,1983,2,2
1991,1,170641,1,2,2,2,1,1,3,4,1,3,1985,2,2
1991,2,170641,4,2,2,1,1,1,3,4,2,3,1991,2,2
1991,1,170642,2,2,2,2,1,1,3,4,2,3,1985,2,2
1991,1,170643,1,5,5,2,1,1,3,4,2,3,1986,2,2
1991,2,170643,1,2,2,2,1,1,3,4,2,3,1981,2,2
1991,1,170644,3,5,5,2,1,1,3,4,1,3,1979,2,1
1991,1,170645,1,5,5,2,1,1,3,4,1,3,1984,2,2
1991,2,170645,9,2,2,2,1,1,3,4,2,3,1990,2,2
1991,1,170646,1,2,2,2,1,1,3,4,2,3,1986,2,2
1991,1,170647,2,1,1,1,2,2,3,4,2,3,1980,2,2
1991,1,170648,1,2,2,2,1,1,3,4,2,3,1983,2,2
1991,2,170648,1,4,4,2,1,1,3,4,2,3,1978,2,2
1991,3,170648,4,3,3,2,1,1,3,4,2,3,1983,2,2
1991,1,170649,1,2,2,2,1,1,3,4,2,3,1983,2,1
1991,1,170650,2,1,1,1,1,1,3,4,2,3,1990,2,2
1991,1,170651,1,2,2,2,1,1,3,4,2,3,1978,2,2
1991,2,170651,6,2,2,2,1,1,3,4,2,3,1990,2,2
1991,1,170652,1,1,1,1,1,1,3,4,1,3,1989,2,2
1991,1,170653,2,1,1,1,1,1,3,4,1,3,1990,2,2
1991,1,170654,2,1,1,1,1,1,3,4,2,3,1989,2,2
1991,1,170655,1,2,2,2,1,1,3,4,2,3,1987,2,1
1991,2,170655,1,2,2,2,1,1,3,4,2,3,1981,2,2
1991,1,170656,1,3,3,2,1,1,3,4,2,3,1973,2,2
1991,2,170656,2,2,2,2,1,1,3,4,2,3,1985,2,2
1991,1,170657,1,2,2,2,1,1,3,4,2,3,1987,2,2
1991,1,170658,1,2,2,2,1,1,3,4,2,3,1976,2,2
1991,1,170659,1,2,2,1,1,1,3,4,2,3,1986,2,2
1991,1,170660,3,2,2,1,1,1,3,4,2,3,1986,2,2
1991,2,170660,9,4,4,2,1,1,3,4,2,3,1967,2,2
1991,1,170661,1,2,2,2,1,1,3,4,2,3,1985,2,2
1991,2,170661,6,4,4,2,1,2,3,4,2,3,1989,2,2
1991,1,170662,1,2,2,2,1,1,3,4,2,3,1991,2,2
1991,2,170662,6,2,2,2,1,1,3,4,2,3,1979,2,2
1991,1,170663,1,2,2,2,1,1,3,4,2,3,1988,2,2
1991,2,170663,6,2,2,2,1,1,3,4,2,3,1990,2,2
1991,3,170663,1,2,2,2,1,1,3,4,2,3,1989,2,2
1991,1,170664,7,2,2,2,4,2,3,2,1,3,1988,2,2
1991,1,170665,1,2,2,2,1,1,3,4,2,3,1988,2,2
1991,1,170666,1,2,2,2,2,2,3,4,2,3,1990,2,2
1991,1,170667,6,2,2,2,1,1,3,4,2,3,1990,1,2
1991,1,170668,7,5,5,2,4,1,3,1,2,3,1981,2,2
1991,2,170668,7,3,3,2,4,1,3,1,2,3,1977,2,2
1991,1,170669,1,2,2,2,2,2,3,4,1,3,1982,2,2
1991,2,170669,1,2,2,2,2,2,3,4,1,3,1969,2,2
1991,3,170669,1,2,2,1,2,2,3,4,2,3,1983,2,2
1991,1,170670,2,1,1,1,1,1,3,4,2,3,1978,1,2
1991,1,170671,1,2,2,2,1,1,3,4,2,3,1977,2,2
1991,2,170671,1,2,2,2,1,1,3,4,2,3,1991,2,2
1991,1,170672,1,2,2,2,1,1,3,4,2,3,1991,2,2
1991,1,170673,7,2,2,2,4,2,3,2,1,3,1985,2,2
1991,2,170673,7,4,4,2,4,2,3,2,1,3,9999,2,2
1991,1,170674,3,2,2,2,1,1,3,4,2,3,1979,2,2
1991,1,170675,1,2,2,2,1,1,3,4,2,3,1981,2,2
1991,2,170675,1,2,2,2,1,1,3,4,2,3,1989,2,2
1991,1,170676,1,2,2,1,1,1,3,4,2,3,1978,2,2
1991,1,170677,1,3,3,2,1,1,3,4,2,3,1981,2,2
1991,1,170678,1,1,1,1,1,1,3,4,2,3,1983,1,2
1991,1,170679,4,2,2,2,1,1,3,4,2,3,1980,2,2
1991,2,170679,1,5,5,2,1,1,3,4,2,3,1976,2,2
1991,1,170680,2,2,4,2,1,1,3,4,1,3,1991,2,2
1991,2,170680,6,4,4,2,1,1,3,4,2,3,1980,2,2
1991,3,170680,1,2,2,2,1,1,3,4,2,3,1988,2,2
1991,1,170681,1,2,2,1,1,1,3,4,1,3,1985,2,2
1991,2,170681,1,2,2,2,1,1,3,4,2,3,1989,2,2
1991,1,170683,4,2,2,2,1,1,3,4,2,3,1985,2,2
1991,2,170683,1,2,2,2,1,1,3,4,2,3,1991,2,2
1991,1,170684,2,2,2,2,1,1,3,4,2,3,1986,2,2
1991,1,170685,2,2,2,1,1,1,3,4,1,3,1991,2,2
1991,1,170686,1,3,3,2,1,1,3,4,2,3,1984,2,2
1991,1,170687,1,4,4,2,1,1,3,4,2,3,1989,2,2
1991,2,170687,7,2,2,2,4,2,3,2,1,3,1981,2,2
1991,1,170688,7,2,2,2,4,1,3,1,1,3,1977,2,2
1991,1,170689,5,2,2,2,3,3,3,4,2,3,9999,2,2
1991,1,170690,1,2,2,2,3,3,3,4,2,3,1969,2,2
1991,1,170691,1,2,2,2,1,1,3,4,2,3,1990,2,2
1991,1,170692,1,2,2,2,1,1,3,4,2,3,1989,2,2
1991,1,170693,7,1,1,2,4,1,3,1,2,3,1978,2,2
1991,1,170694,1,5,5,2,1,1,3,4,2,3,1988,2,2
1991,2,170694,7,2,2,2,4,1,3,1,2,3,1987,2,2
1991,1,170695,7,4,4,2,4,1,3,1,2,3,1988,2,2
1991,2,170695,7,2,2,2,4,1,3,1,2,3,1989,2,2
1991,1,170696,1,2,5,2,1,1,3,4,1,3,1988,2,2
1991,2,170696,1,2,2,2,1,1,3,4,2,3,1989,2,2
1991,1,170697,1,7,7,1,1,1,3,4,2,3,1982,2,2
1991,1,170698,1,2,2,2,1,1,3,4,2,3,1990,2,2
1991,1,170699,1,2,2,1,1,1,3,4,1,3,1980,2,2
1991,1,170700,1,3,3,2,1,1,3,4,2,3,1988,2,2
1991,2,170700,1,2,2,2,1,1,3,4,2,3,1988,2,2
1991,1,170701,1,3,3,2,1,1,3,4,2,3,1983,2,2
1991,2,170701,4,2,2,2,1,1,3,4,2,3,1988,2,2
1991,1,170702,2,2,2,2,2,2,3,4,1,3,1979,2,2
1991,2,170702,1,2,2,1,1,1,3,4,1,3,1987,2,2
1991,1,170703,2,2,2,2,1,1,3,4,2,3,1985,1,2
1991,1,170704,6,1,1,1,1,1,3,4,1,3,1988,1,2
1991,1,170705,1,3,3,2,1,1,3,4,2,3,1983,2,2
1991,2,170705,2,2,2,2,1,1,3,4,2,3,1990,2,2
1991,1,170706,2,5,5,2,1,1,3,4,1,3,1991,2,2
1991,1,170707,1,2,2,2,1,1,3,4,2,3,1989,2,2
1991,2,170707,1,2,2,2,1,1,3,4,2,3,1982,2,2
1991,1,170708,1,2,2,2,1,1,3,4,2,3,1987,2,1
1991,2,170708,5,2,2,2,1,1,3,4,2,3,1985,2,2
1991,1,170709,3,5,5,2,1,1,3,4,2,3,1984,2,2
1991,2,170709,7,2,2,2,4,2,3,2,2,3,1989,2,2
1991,1,170710,1,3,3,2,1,1,3,4,2,3,1988,2,2
1991,2,170710,3,2,2,2,1,1,3,4,2,3,1989,2,2
1991,1,170711,1,2,2,2,1,1,3,4,2,3,1991,2,2
1991,2,170711,1,2,2,2,1,1,3,4,2,3,1978,2,2
1991,1,170712,1,5,4,2,1,1,3,4,2,3,1987,2,2
1991,2,170712,1,2,2,2,1,1,3,4,2,3,1989,2,2
1991,3,170712,1,2,2,2,1,1,3,4,2,3,1976,2,2
1991,1,170713,1,3,3,2,1,1,3,4,2,3,1990,2,2
1991,2,170713,1,2,2,2,1,1,3,4,2,3,1986,2,2
1991,1,170714,4,2,2,1,1,1,3,4,2,3,1986,1,1
1991,1,170715,1,2,2,2,2,2,3,4,1,3,1974,2,2
1991,2,170715,1,5,5,2,1,1,3,4,2,3,1971,2,2
1991,1,170716,7,2,2,2,4,1,3,1,1,3,1983,2,2
1991,2,170716,1,4,4,2,3,3,3,4,2,3,1986,2,2
1991,1,170717,1,4,4,2,1,1,3,4,2,3,1977,2,2
1991,2,170717,1,2,2,2,1,1,3,4,2,3,1986,2,2
1991,1,170718,1,2,2,2,1,1,3,4,2,3,1988,2,2
1991,1,170719,6,1,1,1,1,1,3,4,2,3,1990,2,2
1991,1,170720,7,2,5,2,4,2,3,2,1,3,1982,2,2
1991,1,170721,7,2,2,2,4,2,3,2,1,3,1985,2,2
1991,1,170722,2,1,1,1,1,1,3,4,2,3,1990,2,2
1991,1,170723,7,2,2,2,4,2,3,2,2,3,1977,2,2
1991,1,170724,3,1,1,1,1,1,3,4,1,3,1979,2,2
1991,1,170725,1,5,5,2,1,1,3,4,1,3,1989,2,2
1991,1,170726,1,2,6,1,1,1,3,4,1,3,1981,2,2
1991,1,170727,1,2,2,2,1,1,3,4,2,3,1986,2,2
1991,1,170728,1,2,2,2,1,1,3,4,2,3,1976,2,2
1991,2,170728,1,2,2,2,1,1,3,4,2,3,1986,2,2
1991,1,170729,2,2,2,2,1,1,3,4,2,3,1987,2,2
1991,2,170729,7,4,4,2,4,1,3,1,2,3,1982,2,2
1991,3,170729,4,4,4,2,1,1,3,4,2,3,1969,2,2
1991,1,170730,1,2,2,2,1,1,3,4,2,3,1980,2,2
1991,1,170731,4,2,2,2,1,1,3,4,2,3,1989,2,2
1991,2,170731,6,2,2,2,1,1,3,4,2,3,1985,2,2
1991,1,170732,1,2,2,2,2,2,3,4,2,3,1978,2,2
1991,2,170732,1,5,5,2,1,1,3,4,2,3,1976,2,2
1991,1,170733,1,3,3,2,1,1,3,4,2,3,1982,2,2
1991,2,170733,4,2,2,2,1,1,3,4,2,3,1990,2,2
1991,1,170734,2,2,2,1,1,1,3,4,1,3,1989,2,2
1991,2,170734,1,4,4,2,1,1,3,4,2,3,1981,2,2
1991,1,170735,1,2,2,2,1,1,3,4,1,3,1977,2,2
1991,1,170736,1,2,2,2,1,1,3,4,2,3,1990,2,2
1991,1,170737,1,2,2,2,1,1,3,4,2,3,1981,2,2
1991,2,170737,7,4,4,2,4,1,3,1,2,3,1980,2,2
1991,1,170738,4,2,2,2,1,1,3,4,2,3,1989,2,2
1991,2,170738,1,2,2,2,1,1,3,4,2,3,1988,2,2
1991,1,170739,1,1,1,2,1,1,3,4,2,3,1986,2,2
1991,1,170740,4,2,2,1,1,1,3,4,2,3,1987,2,1
1991,1,170741,1,2,2,1,1,1,3,4,2,3,1988,2,2
1991,1,170742,1,1,1,2,2,2,3,4,2,3,1981,2,2
1991,1,170743,1,3,3,2,1,1,3,4,2,3,1987,2,2
1991,2,170743,1,2,2,2,1,1,3,4,2,3,1991,2,2
1991,1,170744,1,2,2,2,1,1,3,4,2,3,1979,2,2
1991,1,170745,7,7,7,2,4,1,3,1,1,3,1991,2,2
1991,1,170746,1,2,2,1,1,1,3,4,2,3,1991,1,2
1991,1,170747,7,2,2,2,4,1,3,1,1,3,1990,2,2
1991,1,170748,7,4,4,2,4,1,3,1,1,3,1990,1,2
1991,1,170749,7,1,1,2,4,1,3,1,1,3,1974,2,2
1991,1,170750,1,2,2,2,1,1,3,4,2,3,1987,2,2
1991,1,170751,1,2,2,2,2,2,3,4,1,3,1983,2,2
1991,2,170751,1,2,2,1,1,1,3,4,1,3,1989,2,2
1991,1,170752,1,2,2,1,1,1,3,4,2,3,1978,2,2
1991,1,170753,1,2,2,2,1,1,3,4,2,3,1985,2,2
1991,2,170753,4,2,2,2,1,1,3,4,2,3,1977,2,2
1991,1,170754,2,1,1,1,1,1,3,4,2,3,1988,2,2
1991,1,170755,1,3,3,2,1,1,3,4,2,3,1982,2,2
1991,2,170755,4,2,2,2,1,1,3,4,2,3,1979,2,2
1991,1,170756,1,2,2,2,1,1,3,4,1,3,1978,2,1
1991,1,170757,1,1,1,1,2,2,3,4,1,3,1974,2,2
1991,1,170758,1,3,3,1,1,1,3,4,2,3,1986,2,2
1991,1,170759,3,2,2,1,1,1,3,4,2,3,1987,2,2
1991,1,170760,1,2,2,2,1,1,3,4,2,3,1983,2,2
1991,1,170761,1,2,2,2,1,1,3,4,2,3,1983,2,2
1991,2,170761,1,2,2,2,1,1,3,4,2,3,1984,2,2
1991,1,170762,6,2,2,2,1,1,3,4,2,3,1978,1,2
1991,2,170762,1,2,2,2,1,1,3,4,2,3,1982,2,2
1991,1,170763,1,4,4,2,1,1,3,4,1,3,1984,2,2
1991,1,170764,1,2,2,2,1,1,3,4,2,3,1972,2,2
1991,2,170764,6,2,2,2,1,1,3,4,2,3,1986,2,2
1991,1,170765,1,2,2,2,1,1,3,4,1,3,1990,2,2
1991,2,170765,1,2,2,2,1,1,3,4,2,3,1986,2,2
1991,1,170766,1,2,2,2,2,2,3,4,2,3,1987,1,1
1991,2,170766,1,2,2,2,1,1,3,4,2,3,1985,2,2
1991,1,170767,9,1,1,1,1,1,3,4,2,3,9999,2,2
1991,1,170768,1,5,5,2,1,1,3,4,2,3,1986,2,2
1991,2,170768,4,2,2,2,1,1,3,4,2,3,1991,2,2
1991,1,170769,1,2,2,2,1,1,3,4,2,3,1988,2,2
1991,1,170770,1,2,2,2,1,1,3,4,2,3,1990,2,2
1991,2,170770,1,2,2,2,1,1,3,4,2,3,1990,2,2
1991,1,170771,2,2,2,2,1,1,3,4,2,3,1985,2,2
1991,1,170772,2,5,5,1,1,1,3,4,2,3,1977,2,2
1991,2,170772,4,2,2,2,1,1,3,4,2,3,1991,2,2
1991,1,170773,7,2,2,2,4,1,3,1,2,3,1989,2,2
1991,1,170774,3,5,5,1,1,1,3,4,2,3,1978,1,2
1991,2,170774,1,5,5,2,1,1,3,4,2,3,1990,2,2
1991,1,170775,1,2,2,2,1,1,3,4,2,3,1986,2,2
1991,2,170775,1,5,5,2,1,1,3,4,2,3,1986,2,2
1991,1,170776,1,3,3,2,1,1,3,4,2,3,1978,2,2
1991,2,170776,7,2,2,2,4,2,3,2,2,3,1981,2,2
1991,1,170777,6,2,2,2,1,1,3,4,2,3,1983,2,2
1991,1,170778,2,2,2,1,1,1,3,4,2,3,1991,2,2
1991,2,170778,1,5,5,1,1,1,3,4,2,3,1984,2,2
1991,1,170779,7,1,1,2,4,2,3,2,1,3,1988,2,2
1991,1,170780,7,1,1,2,4,2,3,2,2,3,1980,2,2
1991,1,170781,1,7,7,2,3,3,3,4,1,3,9999,2,2
1991,2,170781,6,7,7,2,3,3,3,4,1,3,9999,2,2
1991,3,170781,2,7,7,2,3,3,3,4,2,3,9999,2,2
1991,1,170782,1,2,2,2,1,1,3,4,2,3,1981,2,2
1991,2,170782,1,2,2,2,1,1,3,4,2,3,1987,2,2
1991,1,170783,7,2,2,2,4,2,3,2,1,3,1975,1,2
1991,1,170784,3,5,5,1,1,1,3,4,2,3,1987,2,2
1991,1,170785,1,2,2,2,2,2,3,4,2,3,1982,2,2
1991,2,170785,6,2,2,2,1,1,3,4,2,3,1990,2,2
1991,1,170786,9,2,2,2,2,2,3,4,2,3,1984,2,2
1991,2,170786,2,2,2,2,1,1,3,4,2,3,1985,2,2
1991,1,170787,1,2,2,2,2,2,3,4,1,3,1981,2,2
1991,1,170788,1,2,2,2,3,3,3,4,2,3,1986,2,2
1991,1,170789,1,2,2,2,1,1,3,4,2,3,1979,2,2
1991,1,170790,1,2,2,1,1,1,3,4,2,3,1990,2,2
1991,1,170791,7,1,1,2,4,1,3,1,1,3,1981,2,2
1991,1,170792,1,2,2,1,1,1,3,4,1,3,1981,2,2
1991,1,170793,3,2,2,2,1,1,3,4,2,3,1984,2,2
1991,2,170793,6,2,2,2,1,1,3,4,2,3,1984,2,2
1991,1,170794,4,1,1,1,1,1,3,4,1,3,1983,2,2
1991,1,170795,1,2,2,2,1,1,3,4,2,3,1983,2,2
1991,2,170795,1,2,2,2,1,1,3,4,2,3,1987,2,2
1991,1,170796,7,2,2,2,4,1,3,1,2,3,1982,2,2
1991,1,170797,1,2,2,2,1,1,3,4,2,3,1987,2,2
1991,1,170798,1,3,3,1,1,1,3,4,2,3,1989,2,2
1991,1,170799,1,2,2,2,1,1,3,4,2,3,1981,2,2
1991,2,170799,6,2,2,2,1,1,3,4,2,3,1987,2,2
1991,1,170800,1,5,5,2,1,1,3,4,2,3,1984,2,2
1991,2,170800,6,2,2,2,1,1,3,4,2,3,1975,2,2
1991,1,170801,1,2,2,2,1,1,3,4,1,3,1981,2,2
1991,2,170801,1,3,3,2,1,1,3,4,2,3,1985,2,2
1991,1,170802,1,1,1,1,1,1,3,4,1,3,1988,2,2
1991,1,170803,1,2,2,2,1,1,3,4,1,3,1991,2,2
1991,2,170803,6,2,2,2,3,3,3,4,2,3,9999,2,2
1991,1,170804,1,2,2,2,1,1,3,4,2,3,1973,2,2
1991,2,170804,6,2,2,2,1,1,3,4,2,3,1987,2,2
1991,1,170805,1,2,2,1,2,2,3,4,2,3,1984,2,2
1991,1,170806,2,2,2,2,1,1,3,4,2,3,1988,2,2
1991,2,170806,9,2,2,2,1,1,3,4,2,3,1984,2,2
1991,1,170807,1,4,4,2,1,1,3,4,2,3,1983,2,2
1991,2,170807,7,2,2,2,4,1,3,1,1,3,1985,2,2
1991,1,170808,7,2,2,2,4,1,3,1,1,3,1988,2,2
1991,1,170809,2,3,3,2,1,1,3,4,2,3,1987,2,2
1991,2,170809,7,2,2,2,4,1,3,1,2,3,1982,2,2
1991,1,170810,1,2,2,2,1,1,3,4,1,3,1979,2,2
1991,2,170810,1,4,4,2,1,1,3,4,2,3,1987,2,2
1991,1,170811,1,2,2,2,3,3,3,4,2,3,9999,2,2
1991,1,170812,1,2,2,2,1,1,3,4,1,3,1987,2,2
1991,1,170813,1,2,2,2,1,1,3,4,2,3,1984,2,2
1991,1,170814,7,2,2,2,4,1,3,1,1,3,1981,2,2
1991,1,170815,2,2,2,2,1,1,3,4,1,3,1987,1,2
1991,2,170815,3,4,4,2,1,1,3,4,2,3,1991,2,2
1991,1,170816,1,2,2,2,1,1,3,4,2,3,1988,2,2
1991,2,170816,1,2,2,2,2,2,3,4,2,3,1985,2,2
1991,1,170817,1,2,2,2,1,1,3,4,2,3,1991,2,2
1991,2,170817,1,4,2,2,1,1,3,4,2,3,1988,2,2
1991,3,170817,1,4,4,2,1,1,3,4,2,3,1985,2,2
1991,1,170819,1,1,1,2,1,1,3,4,2,3,1979,2,2
1991,1,170820,1,2,2,2,1,1,3,4,2,3,1987,2,2
1991,2,170820,2,2,2,2,1,1,3,4,2,3,1988,2,2
1991,1,170821,3,1,1,1,1,1,3,4,2,3,1990,2,2
1991,1,170822,1,2,2,2,1,1,3,4,2,3,1987,2,2
1991,1,170823,1,2,2,1,2,2,3,4,1,3,1981,2,2
1991,1,170824,1,2,5,2,1,1,3,4,2,3,1990,2,1
1991,1,170825,6,2,2,2,1,1,3,4,2,3,1989,2,2
1991,2,170825,6,2,2,2,1,1,3,4,2,3,1982,2,2
1991,1,170826,1,2,2,2,1,1,3,4,2,3,1987,2,2
1991,1,170827,1,2,2,2,1,1,3,4,2,3,1986,2,2
1991,1,170828,1,2,2,1,2,2,3,4,2,3,1986,2,2
1991,1,170829,1,2,2,2,2,2,3,4,1,3,1980,2,2
1991,2,170829,1,2,2,2,1,1,3,4,2,3,1985,2,2
1991,1,170830,7,2,2,2,4,1,3,1,2,3,1986,2,2
1991,2,170830,4,5,5,2,1,1,3,4,2,3,1990,2,2
1991,1,170831,1,5,5,2,1,1,3,4,2,3,1982,2,2
1991,2,170831,4,2,2,2,1,1,3,4,2,3,1987,2,2
1991,1,170832,6,2,2,2,1,1,3,4,2,3,1983,2,2
1991,1,170833,1,2,2,2,1,1,3,4,2,3,1991,2,2
1991,2,170833,1,3,5,2,1,1,3,4,2,3,1991,2,2
1991,3,170833,4,2,2,2,1,1,3,4,2,3,1988,2,2
1991,1,170834,1,2,2,2,2,2,3,4,2,3,1985,2,2
1991,1,170835,1,3,3,2,1,1,3,4,2,3,1981,2,2
1991,1,170836,7,3,3,2,4,2,3,2,1,3,1977,2,2
1991,1,170838,1,2,2,2,1,1,3,4,2,3,1984,2,2
1991,2,170838,1,2,2,2,1,1,3,4,2,3,1979,2,2
1991,1,170839,1,2,2,2,1,1,3,4,2,3,1988,2,2
1991,2,170839,7,2,2,2,4,1,3,1,2,3,1982,2,2
1991,1,170840,6,3,3,2,1,1,3,4,1,3,1985,2,2
1991,2,170840,7,2,2,2,4,1,3,1,2,3,1984,2,2
1991,1,170841,1,3,3,2,1,1,3,4,1,3,1987,2,2
1991,1,170842,2,2,2,2,1,1,3,4,2,3,1988,2,2
1991,1,170843,4,2,2,2,1,1,3,4,2,3,1989,2,2
1991,2,170843,1,2,2,1,1,1,3,4,2,3,1986,2,2
1991,1,170844,3,1,1,1,1,1,3,4,1,3,1978,2,2
1991,1,170845,1,3,3,2,1,1,3,4,2,3,1980,2,2
1991,1,170846,1,7,7,1,1,1,3,4,2,3,1991,2,2
1991,1,170847,1,1,1,1,1,1,3,4,1,3,1969,2,2
1991,1,170848,2,2,2,2,1,1,3,4,2,3,1988,2,2
1991,1,170849,1,2,2,2,2,2,3,4,1,3,1988,1,2
1991,2,170849,1,4,4,2,1,1,3,4,2,3,1989,2,2
1991,3,170849,6,4,4,2,1,1,3,4,2,3,1992,2,2
1991,1,170850,4,2,2,1,1,1,3,4,2,3,1978,2,2
1991,1,170851,1,2,2,2,1,1,3,4,1,3,1989,2,2
1991,1,170852,1,1,1,1,1,1,3,4,1,3,1990,2,2
1991,1,170853,1,1,1,1,1,1,3,4,2,3,1990,2,2
1991,1,170854,1,3,3,2,1,1,3,4,2,3,1988,2,2
1991,2,170854,1,2,2,2,1,1,3,4,2,3,1991,2,2
1991,1,170855,1,2,2,2,1,1,3,4,1,3,1978,2,2
1991,1,170856,1,4,2,2,1,1,3,4,2,3,1981,2,2
1991,2,170856,2,2,2,2,1,1,3,4,2,3,1987,2,2
1991,1,170857,1,3,3,1,1,1,3,4,2,3,1991,2,2
1991,2,170857,6,2,3,1,1,1,3,4,2,3,1978,2,2
1991,3,170857,6,2,2,2,1,1,3,4,2,3,1977,2,2
1991,1,170858,1,2,2,2,1,1,3,4,2,3,1982,2,2
1991,2,170858,6,2,2,2,1,1,3,4,2,3,1984,2,2
1991,1,170859,9,2,2,2,3,3,3,4,2,3,9999,2,2
1991,1,170860,6,4,4,2,1,1,3,4,2,3,1985,1,2
1991,2,170860,1,2,6,2,1,1,3,4,2,3,1990,2,2
1991,1,170861,1,2,2,2,1,1,3,4,2,3,1989,2,2
1991,2,170861,1,2,2,2,1,1,3,4,2,3,1986,2,2
1991,1,170862,1,3,3,2,1,1,3,4,2,3,1984,2,2
1991,2,170862,2,2,2,1,1,1,3,4,2,3,1989,2,2
1991,1,170863,1,1,1,1,1,1,3,4,2,3,1986,2,2
1991,1,170864,1,2,2,2,1,1,3,4,2,3,1990,2,2
1991,2,170864,1,2,4,2,1,1,3,4,2,3,1989,2,2
1991,3,170864,4,2,2,2,1,1,3,4,2,3,1984,2,2
1991,1,170865,6,2,2,2,1,1,3,4,2,3,1988,1,2
1991,2,170865,1,4,4,2,2,2,3,4,2,3,1979,2,2
1991,1,170866,3,1,1,1,1,1,3,4,1,3,1987,2,2
1991,1,170867,1,2,2,2,1,1,3,4,1,3,1969,2,2
1991,1,170868,7,2,2,2,4,1,3,1,1,3,1986,1,2
1991,1,170869,7,2,2,2,4,2,3,2,2,3,1974,2,2
1991,1,170870,1,2,2,2,1,1,3,4,2,3,1990,2,2
1991,1,170871,2,5,5,2,1,1,3,4,2,3,1975,2,2
1991,2,170871,1,2,2,2,1,1,3,4,2,3,1988,2,2
1991,1,170872,1,5,5,2,1,1,3,4,2,3,1984,2,2
1991,1,170874,1,2,2,2,1,1,3,4,2,3,1981,2,1
1991,1,170875,1,1,1,1,1,1,3,4,2,3,1989,1,2
1991,1,170876,1,3,3,2,1,1,3,4,2,3,1990,2,2
1991,2,170876,1,2,2,2,1,1,3,4,2,3,1986,2,2
1991,1,170877,1,3,3,1,1,1,3,4,2,3,1980,2,2
1991,1,170878,1,2,2,2,1,1,3,4,2,3,1984,2,2
1991,2,170878,1,2,2,2,1,1,3,4,2,3,1986,2,2
1991,1,170880,1,2,2,2,1,1,3,4,2,3,1989,1,2
1991,2,170880,1,4,4,1,1,1,3,4,2,3,1982,1,2
1991,1,170881,2,1,1,1,1,1,3,4,2,3,1988,2,2
1991,1,170882,1,2,2,1,1,1,3,4,2,3,1979,2,2
1991,1,170883,1,2,2,2,1,1,3,4,1,3,1987,2,2
1991,2,170883,7,4,4,2,4,1,3,1,2,3,1988,2,2
1991,1,170884,9,2,2,2,1,1,3,4,2,3,1985,1,2
1991,2,170884,9,4,4,2,1,1,3,4,2,3,1986,2,2
1991,1,170885,8,2,2,2,1,1,3,4,2,1,1989,2,2
1991,2,170885,8,2,2,2,1,1,3,4,2,3,1977,2,2
1991,1,170886,2,2,2,2,1,1,3,4,2,3,1990,2,2
1991,1,170887,1,3,3,2,1,1,3,4,1,3,1982,2,2
1991,1,170888,7,2,2,2,4,2,3,2,1,3,1991,2,2
1991,1,170889,1,2,2,1,1,1,3,4,2,3,1983,2,1
1991,1,170890,4,2,2,2,1,1,3,4,2,3,1986,2,2
1991,1,170891,6,2,2,2,3,3,3,4,2,3,9999,2,2
1991,1,170892,1,1,1,1,1,1,3,4,1,3,1979,2,2
1991,1,170893,7,2,2,2,4,1,3,1,1,3,1986,2,2
1991,1,170894,1,2,2,2,1,1,3,4,2,3,1983,2,2
1991,2,170894,6,2,2,2,1,1,3,4,1,3,1988,2,2
1991,1,170895,1,2,2,2,1,1,3,4,1,3,1981,2,2
1991,1,170896,1,3,3,2,1,1,3,4,1,3,1989,2,2
1991,2,170896,1,2,2,1,1,1,3,4,2,3,1988,2,2
1991,1,170897,1,2,2,2,1,1,3,4,2,3,1983,1,2
1991,2,170897,3,2,2,1,1,1,3,4,2,3,1991,2,2
1991,1,170898,1,2,2,2,1,1,3,4,2,3,1986,2,2
1991,1,170899,1,4,4,2,1,1,3,4,1,3,1987,2,2
1991,1,170900,1,2,2,2,1,1,3,4,1,3,1972,2,2
1991,2,170900,1,2,2,2,1,1,3,4,2,3,1985,2,2
1991,1,170901,2,2,2,1,1,1,3,4,2,3,1989,1,2
1991,2,170901,1,2,2,2,1,1,3,4,2,3,1987,2,2
1991,1,170902,3,1,1,1,2,2,3,4,2,3,1970,2,2
1991,1,170903,1,5,5,2,1,1,3,4,2,3,1980,2,2
1991,1,170904,7,2,2,2,4,1,3,1,1,3,1988,2,2
1991,1,170905,7,2,2,2,4,1,3,1,2,3,1990,2,2
1991,2,170905,9,4,4,2,1,1,3,4,2,3,1967,2,2
1991,1,170906,1,2,2,2,1,1,3,4,1,3,1978,2,2
1991,1,170907,1,3,3,1,1,1,3,4,2,3,1984,2,2
1991,2,170907,2,2,2,2,1,1,3,4,2,3,1984,2,2
1991,1,170908,2,2,2,2,1,1,3,4,2,3,1972,2,2
1991,1,170909,1,5,5,2,1,1,3,4,2,3,1989,2,2
1991,2,170909,6,2,2,2,1,1,3,4,2,3,1986,2,2
1991,3,170909,1,4,2,2,1,1,3,4,2,3,1982,2,2
1991,1,170910,2,2,2,1,1,1,3,4,1,3,1990,2,2
1991,1,170911,7,3,3,2,4,1,3,1,2,3,1989,2,2
1991,2,170911,1,2,2,2,1,1,3,4,2,3,1985,2,2
1991,1,170912,1,2,2,2,1,1,3,4,2,3,1986,2,2
1991,2,170912,2,5,5,1,3,3,3,4,2,3,1983,2,2
1991,1,170913,1,2,2,2,1,1,3,4,2,3,1984,2,2
1991,1,170914,1,2,2,2,2,2,3,4,2,3,1987,2,2
1991,1,170915,1,2,3,2,1,1,3,4,2,3,1982,2,2
1991,1,170916,1,2,2,2,1,1,3,4,2,3,1985,2,1
1991,2,170916,6,2,3,2,1,1,3,4,2,3,1986,2,2
1991,1,170917,1,2,2,2,1,1,3,4,2,3,1983,2,2
1991,2,170917,1,2,2,1,1,1,3,4,2,3,1984,2,2
1991,1,170918,1,3,3,2,1,1,3,4,2,3,1984,2,2
1991,2,170918,6,2,2,2,1,1,3,4,2,3,1978,2,2
1991,1,170919,2,2,3,2,1,1,3,4,2,3,1989,2,2
1991,1,170920,1,2,2,2,1,1,3,4,1,3,1984,2,2
1991,2,170920,4,2,2,2,1,1,3,4,2,3,1984,2,2
1991,1,170921,2,2,2,2,1,1,3,4,1,3,1989,2,2
1991,1,170922,2,2,2,1,1,1,3,4,1,3,1987,2,2
1991,1,170923,1,2,2,2,1,1,3,4,2,3,1985,2,2
1991,1,170924,1,2,2,2,1,1,3,4,2,3,1983,2,2
1991,2,170924,8,4,4,2,1,1,3,4,2,1,1985,2,2
1991,1,170925,6,4,4,2,1,1,3,4,2,3,1985,2,2
1991,2,170925,1,2,2,2,1,1,3,4,2,3,1989,2,2
1991,1,170926,2,5,5,2,1,1,3,4,2,3,1982,1,2
1991,1,170927,1,2,2,2,1,1,3,4,2,3,1990,2,2
1991,2,170927,6,2,3,1,1,1,3,4,2,3,1983,2,2
1991,1,170928,1,2,2,2,1,1,3,4,2,3,1991,2,2
1991,2,170928,2,2,2,2,1,1,3,4,2,3,1988,2,2
1991,1,170929,1,2,2,2,1,1,3,4,2,3,1981,2,2
1991,1,170930,2,2,2,2,1,1,3,4,1,3,1984,2,2
1991,1,170931,7,5,5,2,4,1,3,1,2,3,1980,2,2
1991,1,170932,2,1,1,1,1,1,3,4,2,3,1968,2,2
1991,1,170933,1,6,6,2,1,1,3,4,1,3,1990,2,2
1991,1,170934,1,2,3,2,1,1,3,4,2,3,1988,2,2
1991,1,170935,1,5,5,2,1,1,3,4,1,3,1985,2,2
1991,1,170936,2,2,2,2,1,1,3,4,2,3,1988,2,2
1991,1,170937,1,2,2,2,2,2,3,4,2,3,1982,2,2
1991,1,170938,1,2,6,2,1,1,3,4,1,3,1990,2,2
1991,2,170938,6,5,5,2,1,1,3,4,2,3,1986,2,2
1991,1,170939,1,2,2,2,1,1,3,4,2,3,1987,2,2
1991,1,170940,7,2,2,2,4,2,3,2,1,3,1980,2,2
1991,1,170941,7,2,2,2,4,1,3,1,2,3,1986,2,2
1991,1,170942,2,5,5,1,1,1,3,4,2,3,1989,1,2
1991,1,170943,2,2,2,2,2,2,3,4,2,3,1990,2,2
1991,2,170943,1,2,2,2,1,1,3,4,2,3,1989,2,2
1991,1,170944,1,4,2,1,1,1,3,4,1,3,1989,2,2
1991,2,170944,6,2,2,2,1,1,3,4,2,3,1984,2,2
1991,1,170945,1,3,3,2,1,1,3,4,2,3,1983,2,2
1991,2,170945,7,2,2,2,4,1,3,1,2,3,1989,2,2
1991,1,170946,1,2,2,2,1,1,3,4,2,3,1989,2,2
1991,2,170946,1,2,5,2,1,1,3,4,2,3,1980,2,2
1991,1,170947,1,2,2,2,1,1,3,4,2,3,1983,2,2
1991,1,170948,7,1,1,2,4,2,3,2,2,3,1983,2,2
1991,1,170949,1,3,3,2,1,1,3,4,2,3,1981,2,2
1991,2,170949,1,2,2,2,1,1,3,4,2,3,1982,2,2
1991,1,170950,1,2,2,2,1,1,3,4,2,3,1988,2,2
1991,1,170951,1,1,1,1,1,1,3,4,2,3,1984,2,2
1991,1,170952,1,2,2,2,1,1,3,4,2,3,1978,2,2
1991,2,170952,1,2,2,2,1,1,3,4,2,3,1980,2,2
1991,3,170952,1,2,2,2,1,1,3,4,2,3,1988,2,2
1991,1,170953,1,2,5,2,1,1,3,4,1,3,1992,2,2
1991,1,170954,6,2,2,2,1,1,3,4,2,3,1990,2,2
1991,2,170954,1,2,2,2,1,1,3,4,2,3,1985,2,2
1991,1,170955,1,2,2,2,1,1,3,4,2,3,1982,2,2
1991,1,170956,7,2,2,2,4,1,3,1,2,3,1984,2,2
1991,2,170956,1,2,2,2,1,1,3,4,2,3,1976,2,2
1991,1,170957,1,2,2,2,1,1,3,4,2,3,1984,2,2
1991,2,170957,1,2,2,2,1,1,3,4,2,3,1984,2,2
1991,1,170958,1,2,2,2,1,1,3,4,2,3,1991,2,2
1991,2,170958,7,3,3,2,4,1,3,1,2,3,1976,2,2
1991,1,170959,1,2,4,2,1,1,3,4,2,3,1989,2,2
1991,1,170960,4,2,2,2,1,1,3,4,2,3,1990,2,2
1991,1,170961,1,2,2,1,1,1,3,4,2,3,1989,2,2
1991,1,170962,1,2,2,2,2,2,3,4,1,3,1984,2,2
1991,2,170962,1,2,2,2,1,1,3,4,2,3,1982,2,2
1991,3,170962,1,5,5,2,1,1,3,4,2,3,1984,2,2
1991,4,170962,1,2,2,2,1,1,3,4,2,3,1991,2,2
1991,1,170963,1,2,2,2,2,2,3,4,1,3,1977,2,2
1991,1,170964,1,4,2,2,2,2,3,4,1,3,1973,2,2
1991,1,170965,3,1,1,1,1,1,3,4,2,3,1986,2,2
1991,1,170966,1,1,1,1,2,2,3,4,2,3,1983,2,2
1991,1,170967,1,2,2,2,1,1,3,4,2,3,1987,2,2
1991,1,170968,1,2,2,1,1,1,3,4,1,3,1988,2,2
1991,1,170969,3,2,2,2,1,1,3,4,1,3,1986,2,2
1991,2,170969,6,4,4,2,1,1,3,4,2,3,1983,2,2
1991,1,170970,1,2,2,2,1,1,3,4,1,3,1973,2,2
1991,2,170970,2,2,2,2,1,1,3,4,2,3,1988,2,2
1991,3,170970,2,2,2,2,1,1,3,4,2,3,1986,2,2
1991,1,170971,2,2,2,2,1,1,3,4,2,3,1986,2,2
1991,1,170972,1,2,2,2,1,1,3,4,2,3,1989,2,2
1991,2,170972,1,2,2,2,1,1,3,4,2,3,1975,2,2
1991,1,170973,1,3,3,2,1,1,3,4,1,3,1981,2,2
1991,1,170974,6,2,2,2,1,1,3,4,2,3,1979,2,2
1991,2,170974,4,2,2,2,1,1,3,4,2,3,1989,2,2
1991,1,170975,7,2,2,2,4,2,3,2,2,3,1980,2,2
1991,2,170975,1,2,2,2,1,1,3,4,2,3,1979,2,2
1991,1,170976,1,3,3,2,1,1,3,4,2,3,1982,2,2
1991,2,170976,1,2,2,2,1,1,3,4,2,3,1986,2,2
1991,1,170977,1,2,2,1,1,1,3,4,2,3,1984,2,2
1991,2,170977,1,2,2,2,1,1,3,4,2,3,1982,2,2
1991,1,170978,1,2,2,2,1,1,3,4,2,3,1986,2,2
1991,1,170979,1,1,1,1,1,1,3,4,2,3,1988,2,2
1991,1,170980,2,2,2,2,1,1,3,4,2,3,1988,2,2
1991,2,170980,1,2,2,2,1,1,3,4,2,3,1978,2,2
1991,1,170981,1,2,2,1,1,1,3,4,2,3,1986,2,2
1991,1,170982,8,2,2,2,1,1,3,4,2,3,1976,2,1
1991,1,170983,1,1,1,1,1,1,3,4,2,3,1987,2,2
1991,2,170983,4,5,5,2,1,1,3,4,2,3,1989,2,2
1991,1,170984,4,3,3,2,1,1,3,4,2,3,1987,1,2
1991,2,170984,6,2,2,2,1,1,3,4,2,3,1988,2,2
1991,1,170985,2,1,1,1,1,1,3,4,2,3,1986,2,2
1991,1,170986,1,2,2,2,2,2,3,4,1,3,1982,2,2
1991,1,170987,2,1,1,2,1,1,3,4,2,3,1955,2,2
1991,1,170988,7,2,2,2,4,1,3,1,1,3,1982,2,2
1991,1,170989,1,3,3,2,1,1,3,4,2,3,1990,2,2
1991,1,170990,2,2,2,2,1,1,3,4,2,3,1981,1,2
1991,1,170991,1,2,2,1,1,1,3,4,2,3,1990,2,2
1991,1,170992,2,2,2,2,1,1,3,4,2,3,1981,2,2
1991,2,170992,7,2,2,2,4,1,3,1,2,3,1989,2,2
1991,3,170992,1,2,2,2,1,1,3,4,2,3,1989,2,2
1991,1,170993,2,2,2,1,1,1,3,4,2,3,1979,2,2
1991,1,170994,1,5,3,2,1,1,3,4,2,3,1990,2,2
1991,2,170994,4,2,4,2,1,1,3,4,2,3,1989,2,2
1991,3,170994,1,2,2,2,1,1,3,4,2,3,1986,2,2
1991,1,170995,1,2,2,2,1,1,3,4,2,3,1981,1,2
1991,2,170995,2,5,5,1,1,1,3,4,2,3,1989,2,2
1991,1,170996,4,2,2,2,2,2,3,4,2,3,1980,2,1
1991,1,170997,6,2,2,2,1,1,3,4,1,3,1986,2,2
1991,2,170997,2,2,2,2,1,1,3,4,2,3,1990,2,2
1991,1,170998,1,2,2,2,1,1,3,4,2,3,1986,2,2
1991,2,170998,1,2,2,2,1,1,3,4,2,3,1984,2,2
1991,1,170999,1,3,6,2,2,2,3,4,2,3,1981,2,2
1991,2,170999,6,2,2,2,1,1,3,4,2,3,1981,2,2
1991,3,170999,1,2,4,2,1,1,3,4,2,3,1978,2,2
1991,4,170999,1,5,5,2,1,1,3,4,2,3,1984,2,2
1991,5,170999,6,2,2,2,3,3,3,4,2,3,9999,2,2
1991,1,171000,1,3,3,2,1,1,3,4,2,3,1991,2,2
1991,1,171001,1,2,2,2,1,1,3,4,2,3,1982,1,2
1991,2,171001,6,2,2,2,1,1,3,4,2,3,1985,2,2
1991,1,171002,1,3,3,2,1,1,3,4,2,3,1984,2,2
1991,2,171002,1,2,2,2,1,1,3,4,2,3,1990,2,2
1991,1,171003,1,2,2,2,1,1,3,4,2,3,1990,2,2
1991,1,171004,1,5,5,2,2,2,3,4,2,3,1986,2,2
1991,1,171005,6,5,5,2,1,1,3,4,2,3,1989,2,2
1991,2,171005,1,2,6,2,1,1,3,4,2,3,1984,2,2
1991,1,171006,3,2,2,2,1,1,3,4,2,3,1983,2,2
1991,1,171007,1,1,1,1,1,1,3,4,2,3,1983,2,2
1991,1,171008,1,2,2,2,1,1,3,4,2,3,1985,2,2
1991,2,171008,4,2,2,2,1,1,3,4,2,3,1984,2,2
1991,1,171009,2,2,2,2,1,1,3,4,1,3,1986,2,2
1991,1,171010,1,3,3,2,1,1,3,4,1,3,1980,2,2
1991,1,171011,7,2,2,2,4,1,3,1,2,3,1977,2,2
1991,2,171011,2,2,2,2,1,1,3,4,2,3,1965,2,2
1991,3,171011,7,2,2,2,4,1,3,1,2,3,1976,2,2
1991,4,171011,7,2,2,2,4,2,3,2,2,3,1978,2,2
1991,1,171012,1,4,2,1,1,1,3,4,2,3,1978,2,2
1991,1,171013,6,4,4,2,1,1,3,4,2,3,1977,2,2
1991,1,171014,4,2,2,2,1,1,3,4,2,3,1983,2,2
1991,1,171015,1,2,2,2,1,1,3,4,2,3,1975,2,2
1991,1,171016,1,4,2,2,1,1,3,4,2,3,1990,2,2
1991,2,171016,1,2,2,2,1,1,3,4,2,3,1991,2,2
1991,3,171016,1,2,2,2,1,1,3,4,2,3,1978,2,2
1991,4,171016,1,5,5,2,1,1,3,4,2,3,1991,2,2
1991,1,171017,1,1,1,1,1,1,3,4,2,3,1990,2,2
1991,1,171018,7,2,2,2,4,3,3,3,2,3,1989,2,2
1991,1,171019,1,2,3,1,1,1,3,4,1,3,1980,2,2
1991,1,171020,7,1,1,2,4,2,3,2,2,3,1987,2,2
1991,1,171021,1,7,7,2,3,3,3,4,2,3,9999,2,2
1991,1,171022,1,3,3,2,1,1,3,4,2,3,1978,2,2
1991,1,171023,1,2,2,2,1,1,3,4,2,3,1986,2,2
1991,1,171024,1,2,2,2,1,1,3,4,1,3,1989,2,2
1991,2,171024,1,2,2,2,1,1,3,4,2,3,1986,2,2
1991,1,171025,1,3,3,1,1,1,3,4,2,3,1980,2,2
1991,2,171025,1,2,2,2,1,1,3,4,2,3,1991,2,2
1991,1,171026,1,2,2,2,1,1,3,4,2,3,1986,2,2
1991,1,171027,4,1,1,1,1,1,3,4,1,3,1988,2,2
1991,1,171028,1,2,2,1,1,1,3,4,2,3,1986,2,2
1991,2,171028,1,2,2,2,1,1,3,4,2,3,1987,2,2
1991,1,171029,6,4,4,2,1,1,3,4,2,3,1987,2,2
1991,1,171030,7,3,3,2,4,1,3,1,1,3,1987,2,2
1991,1,171031,2,2,2,1,1,1,3,4,2,3,1988,2,2
1991,1,171032,1,2,2,2,1,1,3,4,1,3,1983,2,2
1991,1,171033,1,2,2,2,1,1,3,4,2,3,1991,2,2
1991,2,171033,1,2,2,2,1,1,3,4,2,3,1990,2,2
1991,1,171034,2,2,2,1,1,1,3,4,2,3,1970,2,2
1991,2,171034,1,3,3,2,1,1,3,4,2,3,1980,2,2
1991,1,171035,1,2,5,2,1,1,3,4,2,3,1989,2,2
1991,2,171035,1,3,3,2,1,1,3,4,2,3,1990,2,2
1991,3,171035,1,2,2,2,1,1,3,4,2,3,1991,2,2
1991,4,171035,4,5,5,2,1,1,3,4,2,3,1978,2,2
1991,1,171036,1,2,2,2,1,1,3,4,2,3,1981,2,2
1991,1,171037,7,5,5,2,4,1,3,1,1,3,1990,1,2
1991,1,171038,1,3,3,2,1,1,3,4,2,3,1976,2,2
1991,1,171039,1,2,2,2,1,1,3,4,2,3,1986,2,2
1991,1,171040,7,1,1,2,4,1,3,1,1,3,1983,1,2
1991,1,171041,2,3,3,2,2,2,3,4,1,3,1989,2,2
1991,1,171042,3,2,5,2,1,1,3,4,1,3,1978,2,1
1991,2,171042,2,5,2,2,1,1,3,4,2,3,1989,2,2
1991,3,171042,2,2,5,2,2,2,3,4,2,3,1991,2,2
1991,4,171042,1,5,5,2,1,1,3,4,2,3,1979,2,2
1991,1,171043,7,2,2,2,4,1,3,1,2,3,1978,1,2
1991,2,171043,7,4,4,2,4,1,3,1,2,3,1989,2,2
1991,1,171044,1,2,2,1,1,1,3,4,2,3,1981,2,2
1991,1,171045,1,2,2,2,1,1,3,4,2,3,1990,2,2
1991,1,171046,1,3,2,2,1,1,3,4,2,3,1985,2,2
1991,2,171046,6,2,2,2,1,1,3,4,2,3,1978,2,2
1991,1,171047,6,4,4,2,1,1,3,4,2,3,1988,2,2
1991,1,171048,1,2,2,2,1,1,3,4,2,3,1982,2,2
1991,1,171049,1,2,6,1,1,1,3,4,1,3,1984,2,2
1991,1,171050,1,3,3,2,1,1,3,4,2,3,1984,2,2
1991,2,171050,6,2,2,2,1,1,3,4,2,3,1991,2,2
1991,1,171051,2,1,1,1,1,1,3,4,2,3,1981,2,2
1991,1,171052,1,2,2,2,1,1,3,4,2,3,1985,2,2
1991,2,171052,4,2,2,2,1,1,3,4,2,3,1991,2,2
1991,1,171053,1,2,2,2,2,2,3,4,1,3,1977,2,2
1991,2,171053,6,4,4,2,1,1,3,4,2,3,1984,2,2
1991,1,171054,1,2,2,2,1,1,3,4,2,3,1979,2,2
1991,2,171054,6,2,2,2,1,1,3,4,2,3,1986,2,2
1991,3,171054,1,2,2,1,1,1,3,4,2,3,1988,2,2
1991,1,171055,1,2,2,2,1,1,3,4,1,3,1989,1,2
1991,2,171055,1,4,4,2,1,1,3,4,2,3,1982,2,2
1991,1,171056,1,2,2,2,3,3,3,4,2,3,1978,2,2
1991,1,171057,1,5,5,2,1,1,3,4,2,3,1986,2,2
1991,2,171057,1,2,2,2,1,1,3,4,2,3,1983,2,2
1991,1,171058,1,5,5,2,2,2,3,4,2,3,1987,2,2
1991,2,171058,1,2,2,2,1,1,3,4,2,3,1987,2,2
1991,1,171059,2,1,1,1,1,1,3,4,1,3,1979,2,2
1991,1,171060,4,2,2,2,1,1,3,4,2,3,1982,2,2
1991,2,171060,2,2,2,2,1,1,3,4,2,3,1989,2,2
1991,1,171061,7,2,2,2,4,1,3,1,1,3,1990,2,2
1991,2,171061,1,5,5,1,1,1,3,4,2,3,1989,2,2
1991,1,171062,1,2,2,2,1,1,3,4,2,3,1978,2,2
1991,1,171063,6,2,2,2,3,3,3,4,1,3,9999,2,2
1991,1,171064,8,2,2,2,1,1,3,4,2,1,1989,2,2
1991,1,171065,6,2,2,1,1,1,3,4,2,3,1977,2,2
1991,1,171066,6,2,2,2,2,2,3,4,2,3,1984,1,2
1991,2,171066,1,2,2,2,1,1,3,4,2,3,1978,2,2
1991,1,171067,8,4,4,2,1,1,3,4,2,3,1991,2,2
1991,1,171068,1,2,2,2,1,1,3,4,2,3,1978,2,2
1991,1,171069,3,1,1,1,1,1,3,4,1,3,1991,2,2
1991,1,171070,1,4,2,2,2,2,3,4,1,3,1981,2,2
1991,2,171070,8,2,2,2,1,1,3,4,2,3,1988,2,2
1991,3,171070,2,2,2,2,1,1,3,4,2,3,1984,2,2
1991,4,171070,4,2,2,2,1,1,3,4,2,3,1979,2,2
1991,1,171071,1,3,3,2,1,1,3,4,2,3,1989,2,2
1991,2,171071,1,2,2,2,1,1,3,4,2,3,1977,2,2
1991,1,171072,1,2,2,1,1,1,3,4,1,3,1986,2,2
1991,2,171072,1,2,2,2,1,1,3,4,2,3,1984,2,2
1991,1,171073,1,5,5,2,1,1,3,4,2,3,1991,2,2
1991,2,171073,4,5,5,2,1,1,3,4,2,3,1987,2,2
1991,1,171074,1,4,2,2,1,1,3,4,2,3,1985,2,2
1991,2,171074,6,4,2,2,1,1,3,4,2,3,1984,2,2
1991,1,171075,4,2,2,2,1,1,3,4,2,3,1990,2,2
1991,1,171076,1,2,2,2,1,1,3,4,2,3,1973,2,2
1991,2,171076,1,3,3,2,1,1,3,4,2,3,1981,2,2
1991,1,171077,4,2,5,1,1,1,3,4,2,3,1985,2,2
1991,2,171077,1,2,2,2,1,1,3,4,2,3,1987,2,2
1991,1,171078,1,2,2,2,1,1,3,4,2,3,1990,2,2
1991,2,171078,1,3,3,2,1,1,3,4,2,3,1986,2,2
1991,1,171079,4,2,2,2,1,1,3,4,2,3,1988,2,2
1991,1,171080,1,2,2,2,1,1,3,4,1,3,1981,2,2
1991,1,171081,1,2,2,2,1,1,3,4,2,3,1989,2,2
1991,1,171082,3,2,2,2,1,1,3,4,1,3,1990,2,2
1991,1,171083,1,2,2,2,1,1,3,4,2,3,1979,2,2
1991,1,171084,2,2,2,1,2,2,3,4,2,3,1974,2,2
1991,1,171085,1,2,2,2,1,1,3,4,2,3,1977,2,2
1991,2,171085,2,2,2,2,1,1,3,4,2,3,1969,2,2
1991,1,171086,1,5,5,2,1,1,3,4,2,3,1986,2,2
1991,2,171086,2,2,2,2,1,1,3,4,2,3,1988,2,2
1991,1,171087,1,5,5,2,1,1,3,4,1,3,1986,2,2
1991,1,171088,7,2,2,2,4,1,3,1,1,3,1985,2,2
1991,1,171089,1,2,2,2,1,1,3,4,2,3,1987,2,2
1991,2,171089,1,2,2,2,1,1,3,4,2,3,1988,2,2
1991,1,171090,1,3,3,1,1,1,3,4,1,3,1982,2,2
1991,1,171091,1,2,2,2,1,1,3,4,2,3,1985,2,2
1991,2,171091,5,2,2,2,1,1,3,4,2,3,1989,2,2
1991,1,171092,1,3,3,2,2,2,3,4,1,3,1969,2,2
1991,1,171093,1,3,3,2,1,1,3,4,2,3,1978,2,2
1991,2,171093,6,2,2,2,1,1,3,4,2,3,1987,2,2
1991,1,171094,4,2,2,2,1,1,3,4,2,3,1985,1,2
1991,2,171094,1,2,2,2,1,1,3,4,2,3,1987,2,2
1991,1,171095,4,2,2,2,1,1,3,4,2,3,1991,2,2
1991,1,171096,6,4,4,2,1,1,3,4,2,3,1989,2,2
1991,1,171097,1,2,6,1,1,1,3,4,1,3,1984,2,2
1991,1,171098,1,1,1,2,2,2,3,4,2,3,1979,2,2
1991,1,171099,1,3,3,2,1,1,3,4,1,3,1969,2,2
1991,2,171099,1,2,2,2,1,1,3,4,2,3,1984,2,2
1991,1,171100,1,2,2,2,1,1,3,4,2,3,1990,2,2
1991,2,171100,1,2,2,2,1,1,3,4,2,3,1984,2,2
1991,1,171101,1,2,2,2,2,2,3,4,1,3,1990,2,2
1991,1,171102,4,2,2,2,2,2,3,4,2,3,1991,2,2
1991,2,171102,1,2,2,2,1,1,3,4,2,3,1984,2,2
1991,1,171103,6,2,2,1,1,1,3,4,1,3,1985,1,2
1991,1,171104,1,2,6,1,1,1,3,4,1,3,1979,2,2
1991,1,171105,1,2,2,1,1,1,3,4,2,3,1985,2,2
1991,1,171106,2,2,2,2,1,1,3,4,2,3,1986,2,2
1991,2,171106,1,2,2,2,1,1,3,4,2,3,1988,2,2
1991,1,171107,1,2,2,2,3,3,3,4,2,3,9999,2,2
1991,1,171108,1,2,2,2,1,1,3,4,2,3,1988,2,2
1991,1,171110,4,2,2,2,1,1,3,4,2,3,1989,1,2
1991,2,171110,1,5,2,1,1,1,3,4,2,3,1986,2,2
1991,1,171111,1,2,2,2,1,1,3,4,2,3,1991,1,2
1991,2,171111,3,2,2,2,1,1,3,4,2,3,1988,2,2
1991,1,171112,1,2,2,1,1,1,3,4,1,3,1991,2,2
1991,1,171113,2,2,2,2,1,1,3,4,2,3,1991,2,2
1991,2,171113,1,5,5,2,1,1,3,4,2,3,1989,2,2
1991,1,171114,1,3,3,2,2,2,3,4,2,3,1989,2,2
1991,1,171115,1,2,2,2,1,1,3,4,2,3,1988,2,2
1991,1,171116,1,2,2,2,1,1,3,4,2,3,1986,2,2
1991,2,171116,1,2,2,2,1,1,3,4,2,3,1988,2,2
1991,1,171117,1,2,2,2,1,1,3,4,2,3,1988,2,2
1991,1,171118,1,2,2,2,1,1,3,4,1,3,1989,2,2
1991,2,171118,1,3,3,2,1,1,3,4,2,3,1984,2,2
1991,1,171119,2,3,3,2,1,1,3,4,2,3,1991,2,2
1991,2,171119,4,2,2,1,1,1,3,4,2,3,1990,2,2
1991,1,171120,1,3,3,2,1,1,3,4,1,3,1989,2,2
1991,2,171120,1,2,2,2,1,1,3,4,2,3,1980,2,2
1991,1,171121,1,2,2,2,1,1,3,4,2,3,1985,2,2
1991,2,171121,1,2,2,2,1,1,3,4,2,3,1982,2,2
1991,1,171122,1,2,2,2,1,1,3,4,2,3,1984,1,2
1991,1,171123,1,2,2,1,1,1,3,4,1,3,1984,2,2
1991,1,171124,1,2,2,2,1,1,3,4,2,3,1983,2,2
1991,1,171125,2,1,1,1,1,1,3,4,2,3,1977,2,2
1991,1,171126,1,1,1,1,1,1,3,4,1,3,1988,2,2
1991,1,171127,1,2,2,2,2,2,3,4,2,3,1985,2,2
1991,1,171128,1,2,2,2,1,1,3,4,2,3,1986,2,2
1991,2,171128,6,2,2,2,1,1,3,4,2,3,1986,2,2
1991,1,171129,1,2,2,1,1,1,3,4,2,3,1983,2,2
1991,2,171129,6,2,2,2,1,1,3,4,2,3,1985,2,2
1991,1,171130,1,5,5,2,1,1,3,4,2,3,1983,2,2
1991,2,171130,6,2,2,2,1,1,3,4,2,3,1990,2,2
1991,1,171131,1,1,1,1,1,1,3,4,2,3,1991,2,2
1991,1,171132,6,2,2,2,1,1,3,4,2,3,1990,1,1
1991,1,171133,4,2,5,1,1,1,3,4,2,3,1986,2,2
1991,1,171134,2,2,2,2,1,1,3,4,2,3,1987,2,2
1991,1,171135,1,2,2,2,1,1,3,4,2,3,1991,2,2
1991,1,171136,1,1,1,2,1,1,3,4,2,3,1978,2,2
1991,1,171137,1,2,2,2,1,1,3,4,2,3,1984,2,2
1991,2,171137,4,2,2,2,1,1,3,4,2,3,1979,2,2
1991,3,171137,3,2,2,2,1,1,3,4,2,3,1991,2,2
1991,1,171138,1,3,3,2,1,1,3,4,1,3,1989,2,2
1991,2,171138,1,2,2,2,1,1,3,4,2,3,1989,2,2
1991,3,171138,1,2,2,2,1,1,3,4,2,3,1990,2,2
1991,4,171138,1,2,2,2,1,1,3,4,2,3,1990,2,2
1991,1,171139,1,2,2,2,1,1,3,4,1,3,1991,2,2
1991,1,171140,1,3,3,2,1,1,3,4,2,3,1991,2,2
1991,2,171140,1,2,2,2,1,1,3,4,2,3,1979,2,2
1991,1,171141,2,2,2,2,1,1,3,4,2,3,1989,2,2
1991,1,171142,1,2,2,2,1,1,3,4,2,3,1988,2,2
1991,1,171143,1,2,6,1,1,1,3,4,1,3,1986,2,2
1991,1,171144,1,2,2,2,1,1,3,4,2,3,1985,2,2
1991,2,171144,1,2,2,2,1,1,3,4,2,3,1988,2,2
1991,1,171145,1,2,2,2,1,1,3,4,2,3,1984,2,2
1991,2,171145,1,2,2,2,1,1,3,4,2,3,1991,2,2
1991,1,171146,1,2,2,2,1,1,3,4,1,3,1988,2,2
1991,2,171146,2,2,2,2,1,1,3,4,2,3,1988,2,2
1991,1,171147,1,2,2,2,1,1,3,4,1,3,1974,2,2
1991,1,171148,1,3,2,2,2,2,3,4,1,3,1980,2,2
1991,2,171148,1,5,5,2,2,2,3,4,2,3,1977,2,2
1991,1,171149,1,2,2,1,1,1,3,4,1,3,1991,2,2
1991,1,171150,1,2,2,2,1,1,3,4,2,3,1991,2,2
1991,2,171150,1,5,5,2,1,1,3,4,2,3,1989,2,2
1991,1,171151,7,1,1,2,4,1,3,1,1,3,1976,2,2
1991,1,171152,2,3,3,2,1,1,3,4,2,3,1981,2,2
1991,2,171152,1,2,4,2,1,1,3,4,1,3,1982,2,2
1991,3,171152,1,2,2,2,1,1,3,4,2,3,1979,2,2
1991,1,171153,1,2,2,2,1,1,3,4,1,3,1980,2,2
1991,1,171154,3,3,3,2,1,1,3,4,2,3,1988,2,2
1991,2,171154,1,2,2,2,1,1,3,4,2,3,1989,2,2
1991,1,171155,1,2,2,1,1,1,3,4,2,3,1991,2,2
1991,2,171155,1,2,2,2,1,1,3,4,2,3,1990,2,2
1991,1,171156,1,5,5,2,2,2,3,4,1,3,1991,2,2
1991,1,171157,2,2,2,2,1,1,3,4,2,3,1989,2,2
1991,1,171158,1,3,3,2,2,2,3,4,1,3,1986,2,2
1991,1,171159,1,2,2,2,3,3,3,4,1,3,1981,2,2
1991,1,171160,1,2,2,2,1,1,3,4,2,3,1991,2,2
1991,2,171160,2,2,2,2,1,1,3,4,2,3,1986,2,2
1991,1,171161,1,2,2,2,3,3,3,4,2,3,9999,2,2
1991,2,171161,1,2,2,2,2,2,3,4,2,3,1991,2,2
1991,3,171161,1,2,2,2,1,1,3,4,2,3,1987,2,2
1991,4,171161,1,2,2,2,1,1,3,4,2,3,1979,2,2
1991,1,171162,1,2,2,2,1,1,3,4,2,3,1981,2,2
1991,1,171163,1,2,2,2,1,1,3,4,2,3,1985,2,2
1991,2,171163,6,4,4,2,1,1,3,4,2,3,1981,2,2
1991,1,171164,1,2,2,2,1,1,3,4,1,3,1983,2,2
1991,2,171164,6,4,4,2,3,3,3,4,2,3,9999,2,2
1991,1,171165,1,5,5,2,1,1,3,4,2,3,1986,2,2
1991,2,171165,4,2,2,2,1,1,3,4,2,3,1988,2,2
1991,1,171166,1,2,2,2,1,1,3,4,1,3,1991,2,2
1991,1,171167,1,2,2,2,1,1,3,4,2,3,1985,2,1
1991,1,171168,1,2,2,2,2,2,3,4,2,3,1981,2,2
1991,2,171168,1,2,2,2,1,1,3,4,2,3,1988,2,2
1991,1,171169,1,1,1,1,1,1,3,4,1,3,1984,2,2
1991,1,171170,9,2,2,2,3,3,3,4,2,3,9999,2,2
1991,1,171171,1,2,2,2,1,1,3,4,2,3,1986,2,2
1991,2,171171,3,2,4,2,1,1,3,4,2,3,1979,2,2
1991,3,171171,1,2,2,2,1,1,3,4,2,3,1981,2,2
1991,1,171172,2,2,2,2,1,1,3,4,2,3,1986,2,2
1991,2,171172,1,3,3,2,1,1,3,4,2,3,1988,2,2
1991,1,171173,1,4,4,2,1,1,3,4,2,3,1975,2,2
1991,1,171174,1,3,3,2,2,2,3,4,1,3,1979,2,2
1991,2,171174,1,5,5,2,1,1,3,4,2,3,1985,2,2
1991,3,171174,1,2,2,2,1,1,3,4,2,3,1986,2,2
1991,1,171175,2,1,1,2,1,1,3,4,2,3,1984,2,2
1991,1,171176,1,2,2,2,1,1,3,4,2,3,1986,2,2
1991,1,171177,9,2,2,2,3,3,3,4,1,3,9999,2,2
1991,1,171178,1,2,2,2,3,3,3,4,2,3,1983,2,2
1991,1,171179,1,2,2,2,2,2,3,4,2,3,1987,2,2
1991,2,171179,1,2,2,2,2,2,3,4,2,3,1979,2,2
1991,1,171180,1,2,2,2,1,1,3,4,1,3,1983,2,2
1991,1,171181,1,2,2,2,1,1,3,4,2,3,1988,2,2
1991,2,171181,4,2,2,2,1,1,3,4,2,3,1988,2,2
1991,1,171182,4,4,4,2,1,1,3,4,2,3,1989,2,2
1991,1,171183,1,2,2,2,1,1,3,4,2,3,1985,2,2
1991,1,171184,6,2,2,2,1,1,3,4,2,3,1989,2,2
1991,2,171184,1,2,2,2,1,1,3,4,2,3,1987,2,2
1991,1,171185,1,2,2,1,1,1,3,4,2,3,1979,2,2
1991,1,171186,2,1,1,2,1,1,3,4,2,3,1990,2,2
1991,1,171187,4,1,1,1,1,1,3,4,2,3,1985,2,2
1991,2,171187,1,6,6,2,1,1,3,4,2,3,1987,2,2
1991,1,171188,1,2,4,1,2,2,3,4,1,3,1978,2,2
1991,1,171189,5,1,1,2,1,1,3,4,2,3,1974,2,2
1991,1,171190,1,2,2,2,1,1,3,4,2,3,1983,1,2
1991,1,171191,1,5,5,2,1,1,3,4,2,3,1985,2,2
1991,2,171191,2,2,2,2,1,1,3,4,2,3,1982,2,2
1991,1,171192,1,3,3,2,1,1,3,4,2,3,1985,2,2
1991,2,171192,1,2,2,2,1,1,3,4,2,3,1985,2,2
1991,3,171192,1,2,2,2,1,1,3,4,2,3,1987,2,2
1991,1,171193,1,2,2,2,1,1,3,4,2,3,1983,2,2
1991,2,171193,1,2,2,2,1,1,3,4,2,3,1985,2,2
1991,1,171194,1,3,3,2,1,1,3,4,2,3,1987,2,2
1991,2,171194,6,2,2,2,1,1,3,4,2,3,1987,2,2
1991,1,171195,2,2,2,2,1,1,3,4,1,3,1985,2,2
1991,1,171196,1,5,5,2,1,1,3,4,2,3,1984,2,2
1991,2,171196,1,2,2,2,1,1,3,4,2,3,1986,2,2
1991,1,171197,6,4,4,2,1,1,3,4,2,3,1987,2,2
1991,2,171197,1,5,5,2,1,1,3,4,2,3,1982,2,2
1991,1,171198,1,5,5,2,1,1,3,4,2,3,1988,2,2
1991,2,171198,2,2,2,2,1,1,3,4,2,3,1975,2,2
1991,1,171199,4,2,2,2,1,1,3,4,2,3,1987,2,2
1991,1,171200,6,5,5,1,1,1,3,4,1,3,1990,2,2
1991,2,171200,2,2,2,2,1,1,3,4,2,3,1988,2,2
1991,3,171200,1,2,2,2,1,1,3,4,2,3,1990,2,2
1991,1,171201,2,2,2,2,1,1,3,4,2,3,1991,2,2
1991,1,171202,1,2,2,2,1,1,3,4,2,3,1983,2,2
1991,2,171202,1,2,2,2,1,1,3,4,2,3,1986,2,2
1991,1,171203,3,3,3,2,1,1,3,4,1,3,1991,2,2
1991,1,171204,1,2,3,2,1,1,3,4,2,3,1985,2,2
1991,1,171205,1,3,3,2,1,1,3,4,2,3,1988,2,2
1991,1,171206,7,2,2,2,4,2,3,2,1,3,1987,2,2
1991,2,171206,2,2,2,2,1,1,3,4,2,3,1988,2,2
1991,1,171207,4,2,2,2,1,1,3,4,2,3,1991,2,2
1991,1,171208,6,2,2,2,1,1,3,4,2,3,1976,2,2
1991,1,171209,1,2,2,2,1,1,3,4,2,3,1981,2,2
1991,2,171209,1,2,2,2,1,1,3,4,2,3,1989,2,2
1991,1,171210,6,1,1,1,1,1,3,4,1,3,1987,2,2
1991,1,171211,3,1,1,1,1,1,3,4,2,3,1976,2,2
1991,1,171212,2,3,3,2,1,1,3,4,2,3,1983,2,2
1991,1,171213,1,5,5,2,1,1,3,4,2,3,1990,2,2
1991,1,171214,1,5,5,2,1,1,3,4,1,3,1982,2,2
1991,2,171214,6,2,2,2,1,1,3,4,2,3,1989,2,2
1991,1,171215,1,2,2,2,1,1,3,4,2,3,1982,2,2
1991,2,171215,1,2,2,2,1,1,3,4,2,3,1983,2,2
1991,1,171216,1,2,2,2,1,1,3,4,2,3,1985,2,2
1991,2,171216,2,2,2,2,1,1,3,4,1,3,1991,2,2
1991,3,171216,2,2,2,2,1,1,3,4,2,3,1987,2,2
1991,1,171217,6,5,5,2,1,1,3,4,2,3,1987,2,2
1991,2,171217,3,6,6,2,1,1,3,4,2,3,1984,2,2
1991,3,171217,1,2,2,2,1,1,3,4,2,3,1988,2,2
1991,1,171218,1,5,5,2,2,2,3,4,1,3,1984,1,2
1991,1,171219,6,2,2,2,1,1,3,4,2,3,1988,2,2
1991,1,171220,2,2,2,2,1,1,3,4,2,3,1987,2,2
1991,2,171220,2,4,4,2,1,1,3,4,2,3,1991,2,2
1991,1,171221,1,2,2,2,1,1,3,4,2,3,1984,2,2
1991,1,171222,1,2,2,2,1,1,3,4,1,3,1988,2,2
1991,1,171223,3,2,2,1,1,1,3,4,2,3,1991,2,2
1991,1,171224,1,2,2,1,1,1,3,4,1,3,1992,2,2
1991,1,171225,1,2,2,2,1,1,3,4,2,3,1981,2,2
1991,1,171226,1,1,1,1,1,1,3,4,1,3,1980,2,2
1991,1,171227,1,2,2,2,1,1,3,4,1,3,1983,2,2
1991,1,171228,2,1,1,1,1,1,3,4,1,3,1988,2,2
1991,1,171229,1,2,2,2,1,1,3,4,1,3,1991,2,2
1991,2,171229,1,2,2,2,1,1,3,4,2,3,1990,2,2
1991,1,171230,3,4,4,2,1,1,3,4,1,3,1991,2,2
1991,1,171231,9,7,7,2,3,3,3,4,2,3,9999,2,2
1991,1,171232,1,2,2,2,1,1,3,4,2,3,1985,2,2
1991,1,171233,6,2,2,2,1,1,3,4,2,3,1990,2,2
1991,2,171233,1,2,2,2,1,1,3,4,2,3,1985,2,2
1991,1,171234,4,5,5,2,1,1,3,4,2,3,1990,2,2
1991,1,171235,1,6,2,1,1,1,3,4,1,3,1990,2,2
1991,1,171236,1,3,3,2,1,1,3,4,2,3,1990,2,2
1991,2,171236,4,2,2,2,1,1,3,4,2,3,1986,2,2
1991,1,171237,1,5,5,2,1,1,3,4,2,3,1988,2,2
1991,1,171238,3,2,2,2,1,1,3,4,2,3,1987,2,2
1991,2,171238,6,2,2,2,1,1,3,4,2,3,1979,2,2
1991,1,171239,1,3,2,2,1,1,3,4,1,3,1984,2,2
1991,2,171239,1,4,4,2,1,1,3,4,2,3,1988,2,2
1991,3,171239,2,2,4,2,1,1,3,4,2,3,1989,2,2
1991,4,171239,1,2,2,2,1,1,3,4,2,3,1990,2,2
1991,1,171240,1,5,5,2,1,1,3,4,1,3,1981,2,2
1991,1,171241,1,2,2,2,1,1,3,4,2,3,1986,2,2
1991,2,171241,8,4,4,2,1,1,3,4,2,3,1979,2,2
1991,1,171242,1,2,2,2,1,1,3,4,2,3,1987,2,2
1991,2,171242,1,2,2,2,1,1,3,4,2,3,1986,2,2
1991,1,171243,1,3,3,2,1,1,3,4,2,3,1989,2,2
1991,2,171243,3,2,2,2,1,1,3,4,2,3,1991,2,2
1991,3,171243,1,2,2,2,1,1,3,4,2,3,1987,2,2
1991,1,171244,1,2,2,2,1,1,3,4,2,3,1976,2,2
1991,2,171244,1,3,3,2,1,1,3,4,2,3,1986,2,2
1991,1,171245,2,2,2,2,1,1,3,4,2,3,1976,2,2
1991,2,171245,1,3,3,2,1,1,3,4,2,3,1987,2,2
1991,1,171246,6,2,2,2,1,1,3,4,2,3,1985,2,2
1991,2,171246,2,2,2,2,1,1,3,4,2,3,1991,2,2
1991,1,171247,1,2,2,2,1,1,3,4,2,3,1986,2,2
1991,2,171247,1,2,2,2,1,1,3,4,2,3,1983,2,2
1991,1,171248,1,2,2,2,3,3,3,4,1,3,1976,2,2
1991,1,171249,1,2,2,2,1,1,3,4,2,3,1988,1,2
1991,2,171249,1,2,2,2,1,1,3,4,2,3,1991,2,2
1991,1,171250,1,5,5,2,1,1,3,4,2,3,1992,2,2
1991,1,171251,1,1,1,1,1,1,3,4,1,3,1984,2,2
1991,1,171252,1,1,1,1,1,1,3,4,1,3,1986,2,2
1991,1,171253,3,5,5,2,3,3,3,4,2,3,1988,2,2
1991,1,171254,1,2,2,2,1,1,3,4,2,3,1986,2,2
1991,2,171254,1,2,2,2,1,1,3,4,2,3,1986,2,2
1991,1,171255,1,1,1,1,1,1,3,4,1,3,1989,2,2
1991,1,171256,1,5,5,2,1,1,3,4,2,3,1986,2,2
1991,2,171256,1,2,2,2,1,1,3,4,2,3,1986,2,2
1991,1,171257,1,5,5,2,1,1,3,4,2,3,1982,2,2
1991,1,171258,1,2,2,2,1,1,3,4,1,3,1990,2,2
1991,1,171259,1,2,2,2,1,1,3,4,2,3,1984,2,2
1991,2,171259,6,2,2,2,1,1,3,4,2,3,1980,2,2
1991,1,171260,1,5,5,2,1,1,3,4,2,3,1981,1,2
1991,2,171260,2,2,2,2,2,2,3,4,1,3,1968,2,2
1991,1,171261,3,2,2,2,1,1,3,4,2,3,1991,2,2
1991,1,171262,1,2,2,2,1,1,3,4,2,3,1987,2,2
1991,1,171263,1,4,5,2,1,1,3,4,1,3,1990,2,2
1991,1,171264,1,3,3,2,2,2,3,4,2,3,1991,2,2
1991,1,171265,2,5,5,2,1,1,3,4,2,3,1989,2,2
1991,2,171265,6,2,2,2,1,1,3,4,2,3,1989,2,2
1991,1,171266,1,5,5,1,1,1,3,4,1,3,1980,2,2
1991,1,171267,1,2,5,2,1,1,3,4,2,3,1990,2,2
1991,1,171268,1,3,3,2,1,1,3,4,2,3,1984,2,2
1991,1,171269,4,2,2,2,2,2,3,4,2,3,1988,2,2
1991,1,171270,1,1,1,1,1,1,3,4,1,3,1986,2,2
1991,1,171271,1,2,2,2,3,3,3,4,2,3,1979,2,2
1991,2,171271,1,2,4,2,2,2,3,4,2,3,1982,2,2
1991,3,171271,1,2,2,2,2,2,3,4,2,3,1986,2,2
1991,1,171272,1,2,2,2,3,3,3,4,2,3,9999,2,2
1991,1,171273,4,2,2,2,3,3,3,4,2,3,9999,2,2
1991,1,171274,1,3,3,2,1,1,3,4,2,3,1980,2,2
1991,2,171274,2,2,2,2,1,1,3,4,2,3,1988,2,2
1991,1,171275,3,2,2,2,1,1,3,4,1,3,1987,2,2
1991,1,171276,3,1,1,1,1,1,3,4,2,3,1976,2,2
1991,1,171277,1,2,2,2,2,2,3,4,2,3,1982,2,2
1991,1,171278,1,2,2,2,1,1,3,4,2,3,1988,2,2
1991,1,171279,1,2,2,2,1,1,3,4,2,3,1980,2,2
1991,1,171280,1,2,2,2,3,3,3,4,2,3,9999,2,2
1991,1,171281,1,3,3,2,1,1,3,4,2,3,1978,1,2
1991,2,171281,6,2,2,1,1,1,3,4,2,3,1986,2,2
1991,1,171282,7,4,4,2,4,1,3,1,2,3,9999,2,2
1991,2,171282,1,2,2,2,1,1,3,4,2,3,1981,2,2
1991,1,171283,1,2,2,2,1,1,3,4,2,3,1987,2,2
1991,1,171284,1,3,3,2,1,1,3,4,1,3,1979,2,2
1991,1,171285,1,5,5,2,1,1,3,4,2,3,1983,2,2
1991,1,171286,2,2,2,2,1,1,3,4,2,3,1977,2,2
1991,2,171286,1,2,2,2,1,1,3,4,2,3,1982,2,2
1991,1,171287,1,2,2,2,1,1,3,4,2,3,1991,2,2
1991,1,171288,1,2,2,2,1,1,3,4,2,3,1985,2,2
1991,1,171289,2,2,2,2,1,1,3,4,2,3,1985,2,2
1991,1,171290,2,2,2,2,1,1,3,4,1,3,1990,2,2
1991,2,171290,1,2,4,2,1,1,3,4,2,3,1986,2,2
1991,3,171290,1,2,2,2,1,1,3,4,2,3,1989,2,2
1991,4,171290,1,2,5,2,1,1,3,4,2,3,1990,2,2
1991,1,171291,4,3,3,2,1,1,3,4,2,3,1990,2,2
1991,2,171291,1,2,2,2,1,1,3,4,2,3,1975,2,2
1991,1,171292,1,3,3,2,2,2,3,4,1,3,1982,2,2
1991,1,171293,6,1,1,2,1,1,3,4,2,3,1985,2,2
1991,1,171294,1,2,2,2,1,1,3,4,2,3,1991,2,2
1991,1,171295,1,2,2,2,1,1,3,4,1,3,1984,2,2
1991,1,171296,1,7,7,1,1,1,3,4,2,3,1974,2,2
1991,1,171297,1,2,2,2,2,2,3,4,2,3,1979,2,2
1991,1,171298,1,2,2,2,1,1,3,4,2,3,1982,2,2
1991,1,171299,1,2,2,2,1,1,3,4,2,3,1989,2,2
1991,1,171300,1,2,2,2,1,1,3,4,2,3,1970,2,2
1991,2,171300,4,4,2,2,1,1,3,4,2,3,1985,2,2
1991,3,171300,1,4,3,2,1,1,3,4,2,3,1989,2,2
1991,1,171301,1,2,2,2,1,1,3,4,1,3,1977,2,2
1991,2,171301,1,5,5,2,1,1,3,4,2,3,1981,2,2
1991,1,171302,1,3,3,2,1,1,3,4,2,3,1989,2,2
1991,2,171302,1,2,2,2,1,1,3,4,1,3,1983,2,2
1991,1,171303,1,2,2,2,1,1,3,4,2,3,1987,2,2
1991,1,171304,9,7,7,2,3,3,3,4,2,3,9999,2,2
1991,1,180001,1,2,2,2,1,1,3,4,2,3,1974,2,2
1991,2,180001,1,2,2,2,1,1,3,4,2,3,1983,2,2
1991,1,180002,6,2,2,2,1,1,3,4,2,3,1990,2,2
1991,2,180002,1,2,2,2,2,2,3,4,2,3,1981,2,2
1991,1,180003,1,2,2,2,1,1,3,4,2,3,1989,2,2
1991,1,180004,2,4,4,2,1,1,3,4,2,3,1977,1,2
1991,2,180004,1,2,2,2,1,1,3,4,2,3,1978,1,2
1991,1,180005,2,2,6,1,2,2,3,4,2,3,1972,2,2
1991,1,180006,1,2,2,2,1,1,3,4,2,3,1985,2,2
1991,2,180006,1,2,2,2,1,1,3,4,2,3,1989,2,2
1991,1,180007,2,2,2,1,1,1,3,4,1,3,1983,2,2
1991,1,180008,6,4,4,2,1,1,3,4,2,3,1974,2,2
1991,2,180008,1,3,3,2,1,1,3,4,2,3,1987,2,2
1991,3,180008,4,2,2,2,1,1,3,4,1,3,1987,2,2
1991,1,180009,1,2,2,2,1,1,3,4,2,3,1990,2,2
1991,2,180009,1,2,2,2,1,1,3,4,2,3,1990,2,2
1991,1,180010,1,2,2,2,3,3,3,4,2,3,1977,2,2
1991,1,180011,1,4,4,2,1,1,3,4,2,3,1979,2,2
1991,1,180012,1,4,2,2,1,1,3,4,2,3,1984,2,2
1991,2,180012,6,2,2,2,1,1,3,4,2,3,1979,2,2
1991,3,180012,6,2,2,2,1,1,3,4,2,3,1989,2,2
1991,4,180012,6,5,5,2,1,1,3,4,2,3,1985,2,2
1991,1,180013,6,4,4,2,1,1,3,4,2,3,1991,2,2
1991,2,180013,1,2,2,2,1,1,3,4,2,3,1979,2,2
1991,1,180014,1,2,2,2,1,1,3,4,2,3,1977,2,2
1991,1,180015,1,3,3,2,1,1,3,4,2,3,1989,2,2
1991,1,180018,2,2,2,2,1,1,3,4,2,3,1988,1,2
1991,1,180019,6,2,2,2,1,1,3,4,2,3,1979,2,2
1991,2,180019,1,3,3,2,1,1,3,4,2,3,1984,2,2
1991,1,180020,1,2,2,2,1,1,3,4,2,3,1987,2,1
1991,1,180021,1,6,6,1,1,1,3,4,1,3,1985,2,2
1991,1,180022,1,2,2,2,1,1,3,4,2,3,1986,2,2
1991,1,180023,1,2,2,1,1,1,3,4,2,3,1971,2,2
1991,1,180024,1,5,5,2,1,1,3,4,1,3,1991,2,2
1991,1,180025,2,4,4,2,1,1,3,4,2,3,1988,2,2
1991,2,180025,8,2,2,2,1,1,3,4,2,3,1981,2,2
1991,1,180026,1,4,4,2,1,1,3,4,1,3,1987,2,2
1991,1,180027,1,2,2,1,2,2,3,4,2,3,1980,1,2
1991,1,180028,2,3,3,2,1,1,3,4,2,3,1986,1,2
1991,2,180028,6,2,2,2,1,1,3,4,2,3,1984,2,2
1991,1,180029,1,2,2,2,1,1,3,4,2,3,1981,2,2
1991,2,180029,1,2,2,2,1,1,3,4,2,3,1989,2,2
1991,1,180030,1,2,2,2,1,1,3,4,1,3,1980,1,2
1991,2,180030,6,4,4,2,1,1,3,4,2,3,1990,2,2
1991,1,180031,4,5,5,1,1,1,3,4,1,3,1974,2,2
1991,1,180032,2,3,3,2,1,1,3,4,2,3,1991,1,2
1991,1,180033,1,2,2,1,1,1,3,4,1,3,1986,2,2
1991,2,180033,6,4,4,2,1,1,3,4,2,3,1984,2,2
1991,1,180034,4,2,2,2,1,1,3,4,2,3,1979,2,2
1991,2,180034,1,3,3,2,1,1,3,4,2,3,1987,2,2
1991,1,180035,1,2,2,1,1,1,3,4,2,3,1983,2,2
1991,1,180036,1,5,5,2,1,1,3,4,1,3,1979,2,2
1991,2,180036,1,2,2,2,1,1,3,4,2,3,1987,2,2
1991,1,180037,1,3,3,2,1,1,3,4,1,3,1988,2,2
1991,2,180037,2,2,2,2,1,1,3,4,2,3,1985,2,2
1991,1,180038,1,4,4,1,1,1,3,4,2,3,1984,2,2
1991,1,180039,3,3,3,1,1,1,3,4,1,3,1988,2,2
1991,2,180039,6,2,2,2,1,1,3,4,2,3,1978,2,2
1991,1,180040,1,5,4,2,2,2,3,4,1,3,1982,2,2
1991,1,180042,1,3,3,2,1,1,3,4,2,3,1983,2,2
1991,2,180042,1,2,2,2,2,2,3,4,2,3,1981,2,2
1991,1,180043,4,2,2,2,1,1,3,4,2,3,1989,1,2
1991,1,180044,1,2,2,2,1,1,3,4,2,3,1990,2,2
1991,2,180044,4,2,2,2,1,1,3,4,2,3,1983,2,2
1991,1,180045,1,2,2,2,1,1,3,4,2,3,1976,1,2
1991,2,180045,9,4,4,1,1,1,3,4,2,3,1970,2,2
1991,1,180046,1,2,2,2,1,1,3,4,2,3,1987,2,2
1991,2,180046,6,2,2,2,1,1,3,4,2,3,1983,2,2
1991,1,180047,1,3,3,2,1,1,3,4,1,3,1979,2,2
1991,2,180047,2,2,2,2,1,1,3,4,2,3,1991,2,2
1991,1,180048,2,2,2,1,1,1,3,4,2,3,1987,2,2
1991,1,180049,1,5,5,2,1,1,3,4,1,3,1985,2,2
1991,2,180049,1,2,2,2,1,1,3,4,2,3,1986,2,2
1991,1,180050,1,2,2,2,1,1,3,4,2,3,1976,2,2
1991,2,180050,1,2,2,2,1,1,3,4,2,3,1989,2,2
1991,1,180051,1,3,3,2,1,1,3,4,2,3,1986,2,2
1991,2,180051,1,2,2,2,1,1,3,4,2,3,1984,2,2
1991,1,180052,1,4,4,2,1,1,3,4,2,3,1987,2,2
1991,2,180052,1,2,2,2,1,1,3,4,2,3,1988,2,2
1991,1,180053,5,3,3,2,1,1,3,4,2,3,1984,2,2
1991,2,180053,6,2,2,2,1,1,3,4,2,3,1976,2,2
1991,1,180054,1,2,2,2,1,1,3,4,2,3,1982,2,2
1991,2,180054,1,2,2,2,1,1,3,4,2,3,1983,2,2
1991,1,180055,1,5,5,2,1,1,3,4,2,3,1984,2,2
1991,1,180056,1,5,5,1,1,1,3,4,2,3,1980,1,2
1991,2,180056,1,2,2,2,1,1,3,4,2,3,1986,2,2
1991,1,180057,1,6,6,1,1,1,3,4,2,3,1978,2,2
1991,1,180058,2,2,2,2,1,1,3,4,2,3,1980,2,2
1991,1,180059,5,2,2,2,1,1,3,4,2,3,1971,2,1
1991,2,180059,1,4,4,2,1,1,3,4,2,3,1985,2,2
1991,3,180059,1,2,2,2,1,1,3,4,2,3,1987,2,2
1991,1,180060,1,2,2,2,1,1,3,4,2,3,1974,2,2
1991,1,180061,1,2,2,2,1,1,3,4,2,3,1984,2,2
1991,1,180062,1,2,2,2,1,1,3,4,1,3,1987,2,1
1991,2,180062,6,4,4,2,1,1,3,4,2,3,1984,2,2
1991,1,180063,1,3,6,1,2,2,3,4,2,3,1977,1,2
1991,1,180064,1,2,2,2,1,1,3,4,2,3,1981,1,2
1991,2,180064,1,4,4,2,1,1,3,4,2,3,1987,2,2
1991,1,180065,1,1,1,1,1,1,3,4,2,3,1984,1,2
1991,1,180066,1,6,6,1,1,1,3,4,1,3,1984,1,2
1991,1,180067,1,2,2,1,1,1,3,4,2,3,1985,2,2
1991,2,180067,1,2,2,2,1,1,3,4,2,3,1982,2,2
1991,1,180068,6,2,2,2,1,1,3,4,2,3,1972,2,2
1991,1,180069,2,1,1,1,2,2,3,4,1,3,1988,2,2
1991,1,180070,1,6,2,2,1,1,3,4,1,3,1984,2,2
1991,1,180071,1,2,2,2,1,1,3,4,2,3,1988,2,2
1991,2,180071,2,2,4,2,2,2,3,4,2,3,1975,2,2
1991,3,180071,1,2,2,2,1,1,3,4,1,3,1985,2,2
1991,1,180072,1,2,6,1,1,1,3,4,2,3,1978,2,2
1991,1,180073,1,2,6,1,1,1,3,4,1,3,1985,2,2
1991,1,180074,1,2,2,2,1,1,3,4,2,3,1978,2,2
1991,2,180074,2,3,3,2,1,1,3,4,2,3,1986,2,2
1991,1,180075,4,2,2,2,1,1,3,4,2,3,1984,1,2
1991,1,180076,1,2,2,2,2,2,3,4,1,3,1980,2,2
1991,1,180077,4,3,3,2,1,1,3,4,2,3,1988,2,2
1991,1,180078,1,2,3,2,1,1,3,4,2,3,1982,1,2
1991,2,180078,1,2,2,2,1,1,3,4,2,3,1985,2,2
1991,1,180079,1,2,2,1,1,1,3,4,1,3,1981,2,2
1991,1,180080,4,2,2,2,1,1,3,4,2,3,1984,2,2
1991,1,180081,2,2,2,2,1,1,3,4,2,3,1987,2,2
1991,2,180081,1,2,2,2,1,1,3,4,2,3,1981,2,2
1991,1,180082,1,2,2,2,1,1,3,4,2,3,1985,2,2
1991,2,180082,1,5,5,2,1,1,3,4,2,3,1972,1,2
1991,1,180083,1,6,6,1,1,1,3,4,2,3,1979,1,2
1991,1,180084,1,4,2,2,1,1,3,4,1,3,1982,2,2
1991,1,180085,2,2,2,1,1,1,3,4,1,3,1976,1,2
1991,1,180086,1,2,2,2,1,1,3,4,1,3,1982,2,2
1991,1,180087,1,2,2,2,1,1,3,4,2,3,1985,2,2
1991,1,180088,1,2,2,2,1,1,3,4,2,3,1985,2,2
1991,1,180089,1,2,2,2,1,1,3,4,1,3,1967,2,2
1991,1,180090,1,2,2,2,1,1,3,4,2,3,1982,2,2
1991,1,180091,1,3,3,2,1,1,3,4,2,3,1979,2,2
1991,2,180091,6,2,2,2,1,1,3,4,2,3,1990,2,2
1991,1,180092,1,3,3,2,1,1,3,4,2,3,1984,2,2
1991,2,180092,1,2,2,2,1,1,3,4,2,3,1981,2,2
1991,1,180093,1,2,2,2,1,1,3,4,1,3,1990,2,2
1991,1,180094,1,2,2,2,1,1,3,4,1,3,1985,2,2
1991,2,180094,6,2,2,2,1,1,3,4,2,3,1990,2,2
1991,1,180095,4,2,2,2,1,1,3,4,1,3,1990,2,2
1991,2,180095,6,2,2,2,1,1,3,4,2,3,1987,2,2
1991,1,180096,1,6,2,2,1,1,3,4,1,3,1974,2,2
1991,2,180096,1,2,2,2,1,1,3,4,2,3,1987,2,2
1991,1,180097,1,2,2,2,1,1,3,4,2,3,1989,2,2
1991,1,180098,1,2,2,2,1,1,3,4,2,3,1986,2,2
1991,2,180098,1,2,2,2,1,1,3,4,2,3,1990,2,2
1991,1,180099,1,2,2,2,1,1,3,4,2,3,1972,2,2
1991,2,180099,2,2,2,2,1,1,3,4,2,3,1988,2,2
1991,1,180100,1,2,2,1,1,1,3,4,2,3,1984,2,1
1991,1,180101,1,2,2,2,1,1,3,4,2,3,1989,1,2
1991,1,180102,2,2,2,2,1,1,3,4,2,3,1977,1,2
1991,2,180102,1,2,2,2,1,1,3,4,2,3,1987,1,2
1991,1,180103,4,2,2,2,1,1,3,4,2,3,1990,2,2
1991,1,180104,1,3,3,2,1,1,3,4,1,3,1981,1,2
1991,1,180105,3,3,3,2,2,2,3,4,2,3,1984,2,2
1991,1,180106,1,3,3,2,1,1,3,4,1,3,1984,2,2
1991,1,180107,6,2,2,2,1,1,3,4,2,3,1989,2,2
1991,2,180107,1,2,2,2,1,1,3,4,2,3,1979,2,2
1991,1,180108,1,2,2,2,1,1,3,4,2,3,1990,2,1
1991,2,180108,6,2,2,2,1,1,3,4,2,3,1988,2,2
1991,1,180109,2,2,2,2,1,1,3,4,2,3,1988,2,2
1991,2,180109,1,5,5,2,1,1,3,4,2,3,1989,2,2
1991,1,180113,1,5,5,2,1,1,3,4,2,3,1987,2,2
1991,2,180113,8,2,2,2,1,1,3,4,2,3,1982,2,2
1991,1,180114,1,2,2,2,2,2,3,4,2,3,1979,1,2
1991,2,180114,6,4,4,2,3,3,3,4,2,3,1973,2,2
1991,1,180115,2,2,2,2,1,1,3,4,2,3,1987,2,2
1991,1,180116,1,2,6,2,1,1,3,4,2,3,1986,1,2
1991,1,180117,3,6,6,1,1,1,3,4,1,3,1989,2,2
1991,1,180118,6,2,2,2,1,1,3,4,2,3,1976,2,2
1991,1,180119,4,2,2,2,1,1,3,4,2,3,1977,2,2
1991,1,180120,4,5,5,2,2,2,3,4,2,3,1988,1,2
1991,1,180121,1,2,2,2,1,1,3,4,2,3,1991,1,2
1991,2,180121,1,5,5,1,1,1,3,4,2,3,1983,2,2
1991,1,180122,2,2,2,2,1,1,3,4,2,3,1972,2,2
1991,1,180123,1,2,2,2,1,1,3,4,2,3,1980,1,2
1991,2,180123,2,2,2,2,1,1,3,4,2,3,1979,2,2
1991,1,180124,1,3,3,2,1,1,3,4,2,3,1981,2,2
1991,2,180124,1,2,2,2,1,1,3,4,2,3,1991,2,2
1991,1,180125,2,1,1,2,1,1,3,4,2,3,1983,2,2
1991,1,180126,2,2,2,1,1,1,3,4,2,3,1972,2,2
1991,1,180127,1,2,2,2,1,1,3,4,2,3,1967,2,2
1991,2,180127,1,2,2,2,1,1,3,4,2,3,1987,2,2
1991,3,180127,2,5,5,2,1,1,3,4,2,3,1988,2,2
1991,1,180128,9,3,5,2,1,1,3,4,2,3,9999,2,2
1991,2,180128,6,2,2,2,1,1,3,4,2,3,1982,2,2
1991,3,180128,1,2,2,2,1,1,3,4,2,3,1988,2,2
1991,4,180128,1,2,2,2,1,1,3,4,2,3,1990,2,2
1991,1,180129,1,2,2,2,1,1,3,4,2,3,1986,2,2
1991,2,180129,1,2,2,2,1,1,3,4,2,3,1988,2,2
1991,1,180130,1,2,2,1,1,1,3,4,1,3,1985,2,2
1991,2,180130,1,5,5,2,1,1,3,4,2,3,1986,2,2
1991,3,180130,1,2,2,2,1,1,3,4,2,3,1988,2,2
1991,1,180131,1,5,5,2,1,1,3,4,2,3,1990,2,2
1991,2,180131,6,2,2,2,1,1,3,4,2,3,1990,2,2
1991,1,180132,2,2,2,2,1,1,3,4,1,3,1990,2,2
1991,1,180133,2,1,1,1,1,1,3,4,1,3,1978,1,2
1991,1,180134,9,2,2,1,2,2,3,4,2,3,1980,2,2
1991,1,180135,1,3,3,2,1,1,3,4,2,3,1975,1,2
1991,2,180135,6,2,6,2,1,1,3,4,2,3,1987,2,2
1991,1,180136,1,2,2,2,1,1,3,4,1,3,1983,2,2
1991,1,180138,2,2,2,2,1,1,3,4,2,3,1986,2,2
1991,2,180138,1,3,3,2,1,1,3,4,2,3,1974,2,2
1991,1,180140,2,5,5,2,1,1,3,4,1,3,1977,1,2
1991,2,180140,2,3,4,2,1,1,3,4,2,3,1986,2,2
1991,3,180140,6,2,2,2,1,1,3,4,2,3,1990,2,2
1991,1,180141,1,2,2,2,2,2,3,4,1,3,1980,2,2
1991,1,180142,4,1,1,1,1,1,3,4,2,2,1990,1,2
1991,1,180143,2,2,2,1,1,1,3,4,1,3,1970,1,2
1991,1,180144,1,2,2,2,1,1,3,4,1,3,1980,2,2
1991,1,180145,6,5,5,2,1,1,3,4,2,3,9999,1,2
1991,2,180145,1,2,2,2,1,1,3,4,2,3,1984,2,2
1991,1,180146,1,2,5,1,1,1,3,4,1,3,1980,2,2
1991,1,180147,4,2,2,1,1,1,3,4,2,3,1979,2,2
1991,1,180148,1,2,2,1,1,1,3,4,1,3,1984,2,2
1991,1,180149,2,2,2,2,1,1,3,4,2,3,1969,2,2
1991,2,180149,2,2,2,2,1,1,3,4,2,3,1979,2,2
1991,1,180150,1,2,2,1,1,1,3,4,1,3,1979,2,2
1991,1,180151,1,2,2,2,1,1,3,4,2,3,1979,1,2
1991,1,180152,1,2,2,2,1,1,3,4,2,3,1987,2,2
1991,2,180152,2,2,2,2,1,1,3,4,2,3,1989,2,2
1991,1,180153,1,5,5,2,1,1,3,4,2,3,1982,2,2
1991,2,180153,2,2,2,2,1,1,3,4,2,3,1989,1,2
1991,1,180154,2,2,2,2,1,1,3,4,1,3,1987,2,2
1991,1,180155,1,2,2,2,1,1,3,4,2,3,1978,2,1
1991,1,180156,1,2,2,2,1,1,3,4,2,3,1990,2,1
1991,1,180157,2,2,2,2,1,1,3,4,2,3,1987,1,2
1991,1,180158,1,2,2,2,1,1,3,4,2,3,1988,1,2
1991,1,180159,2,2,2,2,2,2,3,4,1,3,1973,2,2
1991,1,180161,2,1,1,2,1,1,3,4,2,3,1973,2,2
1991,1,180162,1,2,2,1,1,1,3,4,2,3,1979,1,2
1991,1,180163,1,2,2,2,1,1,3,4,2,3,1990,2,2
1991,2,180163,1,2,2,2,2,2,3,4,2,3,1979,2,2
1991,1,180164,3,4,2,1,1,1,3,4,2,3,1989,2,2
1991,2,180164,1,2,2,1,1,1,3,4,2,3,1984,1,2
1991,1,180165,2,2,2,2,1,1,3,4,2,3,1977,2,2
1991,2,180165,1,5,5,2,1,1,3,4,2,3,1979,2,2
1991,1,180166,2,1,1,1,3,3,3,4,1,3,1972,2,2
1991,1,180167,7,1,1,2,4,2,3,2,2,3,1989,2,2
1991,1,180168,1,5,5,2,1,1,3,4,2,3,1990,2,2
1991,2,180168,1,4,4,2,1,1,3,4,2,3,1990,2,2
1991,1,180169,1,5,5,2,1,1,3,4,2,3,1978,1,2
1991,1,180170,2,2,2,1,1,1,3,4,1,3,1986,2,2
1991,1,180171,1,2,4,1,1,1,3,4,1,3,1990,2,2
1991,1,180172,1,2,2,2,1,1,3,4,1,3,1981,2,2
1991,1,180173,9,5,5,2,1,1,3,4,2,3,1983,2,2
1991,2,180173,6,2,2,2,1,1,3,4,2,3,1981,2,2
1991,3,180173,6,2,2,2,1,1,3,4,2,3,1991,2,2
1991,1,180174,7,2,2,2,4,1,3,1,2,3,1980,2,2
1991,1,180175,1,5,5,2,1,1,3,4,2,3,1986,2,2
1991,2,180175,6,2,2,2,1,1,3,4,2,3,1979,2,2
1991,3,180175,4,2,2,2,1,1,3,4,2,3,1987,2,2
1991,1,180176,1,2,2,2,2,2,3,4,2,3,1982,2,2
1991,2,180176,1,2,2,2,2,2,3,4,2,3,1982,2,2
1991,3,180176,1,2,2,2,1,1,3,4,2,3,1978,2,2
1991,1,180177,6,1,1,1,1,1,3,4,2,3,1984,2,2
1991,1,180178,1,2,2,1,1,1,3,4,1,3,1991,2,2
1991,1,180179,6,2,2,1,1,1,3,4,2,3,1987,2,2
1991,1,180180,2,2,2,2,1,1,3,4,2,3,1982,2,2
1991,2,180180,1,3,6,2,1,1,3,4,1,3,1981,2,2
1991,1,180181,1,2,2,2,1,1,3,4,2,3,1981,2,2
1991,2,180181,4,5,5,2,1,1,3,4,2,3,1989,2,2
1991,3,180181,1,5,5,2,1,1,3,4,2,3,1989,2,2
1991,4,180181,6,2,2,1,1,1,3,4,2,3,1987,2,2
1991,1,180182,3,2,2,2,1,1,3,4,2,3,1985,2,2
1991,2,180182,3,5,5,1,1,1,3,4,2,3,1986,2,2
1991,1,180183,1,2,2,2,1,1,3,4,1,3,1979,2,2
1991,1,180184,1,2,2,2,1,1,3,4,2,3,1981,2,2
1991,1,180186,2,2,2,2,1,1,3,4,2,3,1979,1,2
1991,2,180186,6,2,2,2,1,1,3,4,2,3,1983,2,2
1991,1,180187,1,2,2,1,1,1,3,4,2,3,1982,2,1
1991,2,180187,6,4,4,2,1,1,3,4,2,3,1976,2,2
1991,1,180188,2,2,2,1,2,2,3,4,1,3,1984,2,2
1991,1,180189,1,2,2,2,1,1,3,4,2,3,1975,2,2
1991,2,180189,1,2,2,2,1,1,3,4,2,3,1985,2,2
1991,1,180190,7,2,2,2,4,2,3,2,1,3,1987,2,2
1991,2,180190,4,2,2,2,1,1,3,4,2,3,1975,2,2
1991,1,180191,1,2,2,2,1,1,3,4,2,3,1987,2,2
1991,2,180191,9,3,3,2,1,1,3,4,2,3,1986,2,2
1991,1,180192,2,2,2,2,1,1,3,4,2,3,1989,2,2
1991,1,180193,7,4,4,2,4,1,3,1,2,3,1991,2,2
1991,1,180194,1,3,3,2,2,2,3,4,2,3,1982,1,2
1991,2,180194,2,2,2,2,1,1,3,4,2,3,1987,2,2
1991,1,180195,2,2,2,2,1,1,3,4,2,3,1991,2,2
1991,2,180195,1,4,4,2,1,1,3,4,2,3,1978,2,2
1991,1,180196,1,2,2,2,1,1,3,4,2,3,1984,2,2
1991,2,180196,1,2,2,2,1,1,3,4,2,3,1988,2,2
1991,1,180197,6,4,4,2,1,1,3,4,2,3,1987,2,2
1991,2,180197,1,2,2,2,1,1,3,4,2,3,1981,2,2
1991,1,180198,1,2,2,2,1,1,3,4,2,3,1981,2,2
1991,1,180199,1,2,2,2,1,1,3,4,2,3,1983,2,2
1991,1,180200,1,5,5,1,1,1,3,4,1,3,1991,1,2
1991,1,180201,1,2,2,2,1,1,3,4,2,3,1981,2,2
1991,2,180201,4,2,2,2,1,1,3,4,2,3,1984,2,2
1991,1,180202,1,2,2,2,1,1,3,4,1,3,1987,2,2
1991,1,180203,1,2,2,2,1,1,3,4,2,3,1985,2,2
1991,2,180203,1,5,5,2,1,1,3,4,2,3,1985,2,2
1991,1,180204,2,2,2,2,1,1,3,4,2,3,1987,1,2
1991,1,180205,1,5,5,2,1,1,3,4,2,3,1989,2,2
1991,1,180206,2,2,2,2,1,1,3,4,2,3,1983,2,2
1991,2,180206,4,3,2,1,1,1,3,4,2,2,1990,2,2
1991,3,180206,1,4,4,2,1,1,3,4,2,3,1984,2,2
1991,1,180207,6,3,3,2,1,1,3,4,2,3,1979,2,2
1991,2,180207,1,2,2,2,1,1,3,4,2,3,1979,2,2
1991,1,180208,4,2,2,2,2,2,3,4,2,3,1984,1,2
1991,1,180210,2,5,5,2,1,1,3,4,2,3,1978,1,2
1991,2,180210,4,2,2,2,1,1,3,4,2,3,1989,2,2
1991,1,180211,2,3,3,1,1,1,3,4,2,3,1984,2,2
1991,2,180211,1,2,2,2,1,1,3,4,2,3,1983,2,2
1991,1,180212,1,2,2,1,2,2,3,4,1,3,1989,2,2
1991,1,180213,2,2,2,2,1,1,3,4,2,3,1971,2,2
1991,1,180214,6,4,4,2,1,1,3,4,2,3,1974,2,2
1991,2,180214,2,2,2,2,1,1,3,4,2,3,1980,2,2
1991,1,180215,7,2,2,2,4,2,3,2,2,3,1975,1,2
1991,1,180216,1,2,2,2,1,1,3,4,2,3,1984,2,2
1991,2,180216,1,2,2,2,1,1,3,4,2,3,1985,2,2
1991,1,180217,2,2,2,2,1,1,3,4,2,3,1991,2,2
1991,2,180217,1,3,3,2,1,1,3,4,2,3,1980,1,2
1991,1,180218,1,2,2,1,1,1,3,4,2,3,1979,2,2
1991,2,180218,1,2,2,2,1,1,3,4,2,3,1985,2,2
1991,1,180219,7,2,2,2,4,1,3,1,2,3,1987,2,2
1991,2,180219,6,2,2,2,1,1,3,4,2,3,9999,2,2
1991,1,180220,7,2,2,2,4,2,3,2,1,3,1991,1,2
1991,1,180221,1,2,2,2,1,1,3,4,2,3,1988,2,2
1991,1,180222,1,2,2,2,1,1,3,4,2,3,1986,2,2
1991,2,180222,1,4,4,2,1,1,3,4,2,3,1986,2,2
1991,3,180222,1,2,2,2,1,1,3,4,2,3,1988,2,2
1991,1,180223,1,2,2,2,1,1,3,4,2,3,1981,2,2
1991,1,180224,2,2,2,1,1,1,3,4,2,3,1983,2,2
1991,2,180224,1,3,3,2,1,1,3,4,2,3,1981,2,2
1991,1,180225,1,2,2,1,1,1,3,4,1,3,1983,2,2
1991,1,180226,1,2,2,1,1,1,3,4,2,3,1989,1,2
1991,1,180227,1,2,2,2,2,2,3,4,2,3,1980,2,2
1991,1,180228,1,2,2,2,2,2,3,4,1,3,1982,2,2
1991,1,180229,1,2,2,2,1,1,3,4,1,3,1981,2,2
1991,2,180229,1,2,2,2,1,1,3,4,2,3,1984,2,2
1991,1,180230,2,2,2,2,1,1,3,4,2,3,1979,1,2
1991,2,180230,1,2,2,2,1,1,3,4,2,3,1987,2,2
1991,1,180231,1,2,2,2,1,1,3,4,2,3,1986,2,2
1991,2,180231,3,2,2,2,1,1,3,4,2,3,1989,2,2
1991,1,180232,2,2,2,2,2,2,3,4,2,3,1983,2,2
1991,2,180232,6,2,2,2,1,1,3,4,2,3,1986,2,2
1991,1,180233,1,2,2,1,2,2,3,4,2,3,1978,2,2
1991,1,180234,7,3,3,2,4,2,3,2,2,3,1983,2,2
1991,1,180235,1,2,2,2,1,1,3,4,2,3,1986,1,2
1991,1,180236,6,2,2,2,1,1,3,4,1,3,1991,1,2
1991,2,180236,1,4,4,2,1,1,3,4,2,3,1990,2,2
1991,3,180236,1,4,4,2,1,1,3,4,2,3,1985,2,2
1991,4,180236,1,4,4,2,1,1,3,4,2,3,1985,2,2
1991,5,180236,9,4,4,2,3,3,3,4,2,3,1987,2,2
1991,1,180237,1,2,2,2,2,2,3,4,1,3,1979,2,2
1991,1,180239,1,2,2,1,1,1,3,4,1,3,1982,2,2
1991,1,180240,1,2,2,2,1,1,3,4,2,3,1984,1,1
1991,2,180240,1,4,4,2,1,1,3,4,2,3,1986,2,2
1991,3,180240,4,2,2,2,1,1,3,4,2,3,1986,2,2
1991,1,180241,7,2,2,2,4,1,3,1,2,3,1988,1,2
1991,1,180242,1,2,6,2,1,1,3,4,2,3,1972,2,2
1991,2,180242,9,2,6,2,1,1,3,4,2,3,1975,2,2
1991,1,180243,1,2,2,2,1,1,3,4,1,3,1987,2,2
1991,2,180243,6,4,6,2,1,1,3,4,2,3,1982,2,2
1991,1,180244,2,2,2,2,1,1,3,4,2,3,1990,2,1
1991,1,180245,1,2,2,2,1,1,3,4,2,3,1984,2,2
1991,2,180245,1,2,2,2,1,1,3,4,2,3,1983,2,2
1991,3,180245,1,2,2,2,1,1,3,4,2,3,1980,2,2
1991,1,180246,7,2,2,2,4,1,3,1,1,3,1982,2,2
1991,1,180247,1,2,2,2,1,1,3,4,2,3,1982,2,2
1991,2,180247,1,2,2,2,1,2,3,4,2,3,1975,2,2
1991,1,180248,6,2,2,2,1,1,3,4,1,3,1988,1,2
1991,2,180248,1,4,4,2,1,1,3,4,2,3,1984,2,2
1991,1,180249,2,2,2,1,1,1,3,4,2,3,1976,2,2
1991,1,180250,1,3,3,2,1,1,3,4,2,3,1986,1,2
1991,2,180250,6,2,2,2,1,1,3,4,2,3,1982,2,2
1991,1,180251,1,2,2,2,1,1,3,4,2,3,1980,1,2
1991,1,180252,1,2,2,2,1,1,3,4,2,3,1980,1,2
1991,1,180253,1,2,2,2,1,1,3,4,2,3,1982,2,2
1991,1,180254,7,1,1,2,4,2,3,2,2,3,1978,1,2
1991,1,180255,7,3,3,2,4,2,3,2,2,3,1991,2,2
1991,2,180255,7,5,5,2,4,2,3,2,2,3,1989,2,2
1991,1,180256,2,2,2,2,1,1,3,4,2,3,1986,1,2
1991,1,180257,1,3,3,2,1,1,3,4,2,3,1982,2,2
1991,2,180257,6,5,5,2,1,1,3,4,2,3,1988,2,2
1991,1,180258,1,2,2,2,1,1,3,4,2,3,1979,2,2
1991,2,180258,6,2,2,2,1,1,3,4,2,3,1990,2,2
1991,1,180259,2,2,2,1,1,1,3,4,1,3,1983,2,2
1991,1,180260,1,6,6,2,1,1,3,4,2,3,1983,2,2
1991,1,180261,1,3,3,2,1,1,3,4,2,3,1981,1,2
1991,1,180262,2,2,2,1,1,1,3,4,1,3,1985,2,1
1991,1,180263,7,2,2,2,4,2,3,2,2,3,1987,2,2
1991,1,180264,1,2,2,2,1,1,3,4,1,3,1988,2,2
1991,1,180265,9,7,7,2,3,3,3,4,1,3,9999,2,2
1991,1,180266,1,3,3,2,1,1,3,4,2,3,1979,2,2
1991,2,180266,2,2,2,2,2,2,3,4,2,3,1979,2,2
1991,3,180266,2,2,2,2,1,1,3,4,2,3,1978,2,2
1991,1,180267,1,3,3,2,1,1,3,4,2,3,1984,1,2
1991,2,180267,6,2,2,2,1,1,3,4,2,3,1981,2,2
1991,3,180267,1,2,2,2,1,1,3,4,2,3,1980,2,2
1991,1,180268,6,6,6,2,1,1,3,4,2,3,1988,2,2
1991,2,180268,2,2,2,2,1,1,3,4,2,3,1987,2,2
1991,1,180269,1,2,5,2,1,1,3,4,1,3,1989,2,2
1991,2,180269,6,2,2,2,1,1,3,4,2,3,1985,2,2
1991,1,180270,1,2,2,2,2,2,3,4,2,3,1979,2,2
1991,2,180270,6,2,2,2,1,1,3,4,2,3,1988,2,2
1991,1,180271,2,2,2,2,1,1,3,4,2,3,1989,2,2
1991,2,180271,1,2,2,2,1,1,3,4,2,3,1977,1,2
1991,1,180272,1,2,2,2,1,1,3,4,2,3,1978,1,2
1991,2,180272,1,2,2,2,1,1,3,4,2,3,1986,1,2
1991,1,180273,2,2,2,1,1,1,3,4,2,3,1983,2,2
1991,1,180274,1,2,2,2,1,1,3,4,1,3,1987,1,2
1991,1,180275,4,2,2,2,1,1,3,4,2,3,1976,1,2
1991,1,180276,1,2,2,2,1,1,3,4,2,3,1988,2,2
1991,2,180276,1,5,5,2,1,1,3,4,2,3,1981,2,2
1991,1,180277,2,2,2,2,1,1,3,4,2,3,1980,2,1
1991,2,180277,6,2,2,2,1,1,3,4,2,3,1987,2,2
1991,1,180278,1,2,2,2,1,1,3,4,2,3,1991,1,2
1991,2,180278,2,2,2,2,1,1,3,4,2,3,1973,2,2
1991,1,180279,1,5,5,1,1,1,3,4,2,3,1991,2,2
1991,2,180279,6,2,2,2,1,1,3,4,2,3,1986,2,2
1991,1,180280,9,2,2,1,1,1,3,4,2,3,1978,2,2
1991,1,180281,2,2,2,2,2,2,3,4,1,3,1982,1,2
1991,1,180282,1,2,2,1,1,1,3,4,2,3,1988,1,2
1991,1,180283,2,3,3,2,1,1,3,4,2,3,1985,1,2
1991,1,180284,7,2,2,2,4,2,3,2,2,3,1982,2,2
1991,2,180284,4,3,3,2,1,1,3,4,2,3,1985,1,2
1991,1,180285,7,2,2,2,4,1,3,1,1,3,1991,2,2
1991,1,180286,1,2,2,2,1,1,3,4,1,3,1990,2,2
1991,1,180287,2,2,2,2,1,1,3,4,1,3,1985,2,2
1991,1,180288,1,2,2,2,1,1,3,4,2,3,1986,2,2
1991,2,180288,3,2,2,2,1,1,3,4,2,3,1990,2,2
1991,1,180289,1,2,2,2,1,1,3,4,2,3,1989,1,2
1991,1,180290,6,2,2,2,1,1,3,4,2,3,1986,2,2
1991,2,180290,2,3,3,2,1,1,3,4,2,3,1988,2,2
1991,1,180291,1,2,2,2,1,1,3,4,2,3,1987,2,2
1991,2,180291,1,2,2,2,1,1,3,4,2,3,1984,2,2
1991,1,180292,2,2,2,2,1,1,3,4,2,3,1983,2,2
1991,2,180292,6,2,2,2,1,1,3,4,2,3,1988,2,2
1991,1,180293,7,2,2,2,4,2,3,2,1,3,1981,2,2
1991,1,180294,7,2,2,2,4,2,3,2,2,3,1984,1,2
1991,1,180295,1,5,5,2,1,1,3,4,1,3,1991,2,2
1991,1,180296,1,2,2,2,1,1,3,4,2,3,1991,1,2
1991,2,180296,6,4,4,2,1,1,3,4,2,3,1974,2,2
1991,1,180297,1,2,2,2,1,1,3,4,2,3,1988,1,2
1991,1,180298,2,2,2,2,1,1,3,4,2,3,1982,1,2
1991,1,180299,1,3,3,2,1,1,3,4,2,3,1986,2,2
1991,2,180299,1,2,2,2,1,1,3,4,2,3,1986,2,2
1991,1,180300,1,2,2,1,2,2,3,4,2,3,1977,2,2
1991,1,180301,1,2,2,2,1,1,3,4,2,3,1980,2,2
1991,1,180302,7,2,2,2,4,2,3,2,2,3,1975,1,2
1991,1,180303,6,2,2,1,1,1,3,4,2,3,1988,1,2
1991,1,180304,1,2,2,2,1,1,3,4,2,3,1988,2,2
1991,1,180305,6,2,2,2,1,1,3,4,2,3,1990,2,1
1991,2,180305,1,2,2,2,1,1,3,4,2,3,1985,2,2
1991,1,180306,4,2,2,2,2,2,3,4,2,3,1976,2,2
1991,2,180306,2,2,2,2,1,1,3,4,2,3,1990,2,2
1991,1,180307,1,2,2,2,1,1,3,4,1,3,1984,1,2
1991,1,180308,2,5,5,2,1,1,3,4,2,3,1990,2,2
1991,2,180308,4,2,2,2,1,1,3,4,2,3,1978,2,2
1991,1,180309,6,2,2,2,1,1,3,4,2,3,1989,1,2
1991,2,180309,2,4,4,2,1,1,3,4,2,3,1973,2,2
1991,1,180310,2,2,2,1,1,1,3,4,1,3,1987,2,1
1991,1,180311,1,2,2,2,1,1,3,4,2,3,1989,2,2
1991,2,180311,1,3,3,1,1,1,3,4,2,3,1989,2,2
1991,1,180312,2,1,1,1,1,1,3,4,2,3,1985,2,2
1991,1,180313,2,2,2,2,1,1,3,4,1,3,1988,1,2
1991,1,180314,1,2,2,2,1,1,3,4,2,3,1990,2,2
1991,1,180315,1,5,5,2,1,1,3,4,2,3,1985,2,2
1991,2,180315,2,2,2,2,1,1,3,4,2,3,1990,2,2
1991,1,180316,1,1,1,1,1,1,3,4,1,3,1975,2,2
1991,1,180317,1,3,3,1,1,1,3,4,2,3,1988,1,2
1991,2,180317,4,2,2,2,1,1,3,4,2,3,1988,2,2
1991,1,180318,1,3,3,2,1,1,3,4,1,3,1986,1,2
1991,1,180319,1,2,2,1,2,2,3,4,2,3,1990,2,2
1991,2,180319,1,2,2,2,1,1,3,4,2,3,1982,2,2
1991,1,180320,9,3,3,2,1,1,3,4,1,3,1989,2,2
1991,2,180320,2,2,2,2,1,1,3,4,2,3,1988,2,2
1991,1,180321,1,2,2,2,1,1,3,4,2,3,1986,2,2
1991,1,180322,6,2,2,2,1,1,3,4,2,3,1985,2,2
1991,2,180322,1,5,5,2,1,1,3,4,2,3,1982,1,2
1991,1,180323,1,2,2,2,1,1,3,4,2,3,1988,2,2
1991,1,180324,2,3,3,2,1,1,3,4,2,3,1985,2,2
1991,2,180324,4,2,2,2,1,1,3,4,2,3,1990,2,2
1991,1,180325,1,2,2,2,1,1,3,4,2,3,1970,2,2
1991,1,180326,7,2,2,2,4,1,3,1,1,3,1978,2,2
1991,1,180327,1,1,1,1,1,1,3,4,1,3,1978,2,2
1991,1,180328,8,2,2,2,1,1,3,4,2,1,1974,2,2
1991,1,180329,1,3,3,2,1,1,3,4,2,3,1986,1,2
1991,1,180330,9,6,6,2,1,1,3,4,2,3,1971,2,2
1991,2,180330,9,2,2,2,1,1,3,4,2,3,1984,2,1
1991,1,180331,3,2,2,1,1,1,3,4,1,3,1989,2,2
1991,1,180332,1,2,2,1,1,1,3,4,2,3,1988,2,2
1991,1,180333,1,2,2,2,1,1,3,4,2,3,1987,2,2
1991,1,180334,1,3,3,2,2,2,3,4,2,3,1971,2,2
1991,2,180334,2,2,2,2,1,1,3,4,2,3,1974,2,2
1991,1,180335,3,3,6,1,1,1,3,4,1,3,1984,2,2
1991,1,180336,4,1,1,2,2,2,3,4,2,3,1974,1,2
1991,1,180337,1,2,2,2,1,1,3,4,2,3,1965,2,2
1991,1,180338,6,2,2,2,1,1,3,4,2,3,1987,2,2
1991,2,180338,1,5,5,2,1,1,3,4,2,3,1983,2,2
1991,1,180339,2,2,2,2,1,1,3,4,2,3,1991,2,2
1991,2,180339,1,5,5,2,1,1,3,4,2,3,1979,2,2
1991,1,180340,6,2,2,2,1,1,3,4,2,3,1986,2,2
1991,1,180341,1,2,2,2,1,1,3,4,2,3,1985,2,2
1991,2,180341,6,2,2,2,1,1,3,4,2,3,1986,2,2
1991,1,180342,1,2,2,2,1,1,3,4,2,3,1988,2,2
1991,2,180342,4,3,3,2,1,1,3,4,2,3,1990,2,2
1991,1,180343,1,2,2,2,1,1,3,4,2,3,1983,1,2
1991,1,180344,1,4,6,1,1,1,3,4,1,3,1990,1,2
1991,2,180344,6,2,2,2,3,3,3,4,2,3,9999,2,2
1991,1,180345,2,6,2,2,2,2,3,4,1,3,1983,2,2
1991,1,180346,1,3,3,2,1,1,3,4,1,3,1983,2,2
1991,1,180347,1,3,3,2,1,1,3,4,2,3,1977,2,2
1991,2,180347,7,2,2,2,4,1,3,1,2,3,1986,2,2
1991,1,180348,1,2,2,2,1,1,3,4,2,3,1989,2,2
1991,2,180348,2,2,2,2,1,1,3,4,2,3,1991,2,2
1991,1,180349,7,2,2,2,4,2,3,2,2,3,1991,2,2
1991,2,180349,1,2,2,2,1,1,3,4,2,3,1983,2,2
1991,1,180350,7,2,2,2,4,2,3,2,1,3,1990,2,2
1991,2,180350,4,2,2,1,1,1,3,4,2,3,1986,2,2
1991,1,180351,1,5,5,2,1,1,3,4,2,3,1989,2,2
1991,2,180351,1,2,2,2,1,1,3,4,2,3,1989,2,2
1991,1,180352,1,2,2,2,1,1,3,4,2,3,1987,2,2
1991,2,180352,2,2,2,1,1,1,3,4,2,3,1977,2,2
1991,1,180353,1,6,3,2,1,1,3,4,1,3,1984,2,2
1991,1,180354,2,2,2,2,2,2,3,4,2,3,1973,2,1
1991,1,180355,2,2,2,2,1,1,3,4,2,3,1989,2,2
1991,2,180355,1,3,3,2,2,2,3,4,2,3,1982,1,2
1991,1,180357,4,2,2,2,2,2,3,4,2,3,1983,2,2
1991,2,180357,7,2,2,2,4,1,3,1,2,3,1983,2,2
1991,1,180358,5,3,3,2,1,1,3,4,2,3,1978,1,2
1991,1,180359,7,1,1,2,4,2,3,2,2,3,1981,2,2
1991,1,180360,1,2,2,2,1,1,3,4,2,3,1977,2,1
1991,2,180360,1,3,3,2,1,1,3,4,2,3,1982,2,2
1991,1,180361,9,5,5,2,1,1,3,4,2,3,1990,2,2
1991,2,180361,6,2,2,2,1,1,3,4,2,3,1991,2,2
1991,3,180361,6,2,2,2,1,1,3,4,2,3,1990,2,2
1991,1,180362,2,2,2,2,1,1,3,4,2,3,1989,2,2
1991,2,180362,2,2,2,2,1,1,3,4,2,3,1981,2,2
1991,1,180363,2,2,2,2,1,1,3,4,2,3,1990,2,2
1991,1,180365,1,2,2,2,1,1,3,4,2,3,1980,1,2
1991,2,180365,1,2,2,2,1,1,3,4,2,3,1985,2,2
1991,1,180366,2,2,2,2,1,1,3,4,2,3,1990,2,2
1991,2,180366,2,2,2,2,1,1,3,4,2,3,1987,2,2
1991,1,180367,1,5,5,2,2,2,3,4,2,3,1979,1,2
1991,2,180367,7,2,2,2,4,2,3,2,2,3,1988,2,2
1991,1,180368,2,2,2,2,2,2,3,4,1,3,1979,2,2
1991,1,180369,1,2,2,1,1,1,3,4,1,3,1983,2,2
1991,1,180370,7,2,2,2,4,1,3,1,1,3,1990,2,2
1991,1,180371,2,2,2,2,1,1,3,4,2,3,1990,2,2
1991,2,180371,2,5,5,1,1,1,3,4,2,3,1989,2,2
1991,1,180372,1,2,2,2,1,1,3,4,2,3,1984,2,2
1991,2,180372,1,2,2,2,1,1,3,4,2,3,1981,2,2
1991,3,180372,1,2,2,2,1,1,3,4,2,3,1983,2,2
1991,1,180373,1,2,2,2,1,1,3,4,2,3,1987,2,2
1991,1,180374,1,2,2,2,1,1,3,4,2,3,1985,2,2
1991,2,180374,1,2,2,2,1,1,3,4,2,3,1991,2,2
1991,1,180375,1,5,5,2,1,1,3,4,1,3,1986,2,2
1991,1,180376,1,2,2,2,1,1,3,4,1,3,1970,2,2
1991,1,180377,4,4,4,2,1,1,3,4,2,3,1988,2,2
1991,2,180377,7,2,2,2,4,1,3,1,2,3,1972,2,2
1991,1,180378,7,2,2,2,4,1,3,1,2,3,1981,2,2
1991,1,180379,1,2,2,2,1,1,3,4,2,3,1982,2,2
1991,1,180380,2,2,2,1,1,1,3,4,2,3,1967,1,2
1991,1,180381,2,2,2,2,1,1,3,4,2,3,1987,2,1
1991,1,180382,7,2,2,2,4,1,3,1,2,3,1985,2,2
1991,2,180382,2,5,5,2,1,1,3,4,2,3,1991,1,2
1991,1,180383,3,2,2,1,1,1,3,4,2,3,1989,2,2
1991,1,180384,2,2,2,2,1,1,3,4,2,3,1963,2,1
1991,1,180385,1,2,2,2,1,1,3,4,2,3,1989,1,2
1991,1,180386,1,6,6,1,1,1,3,4,2,3,1982,2,2
1991,1,180387,2,2,2,2,1,1,3,4,2,3,1989,2,2
1991,2,180387,1,5,5,2,1,1,3,4,2,3,1983,2,2
1991,1,180388,1,2,2,2,1,1,3,4,1,3,1990,2,2
1991,1,180389,1,2,2,2,1,1,3,4,2,3,1988,1,2
1991,2,180389,1,2,2,2,1,1,3,4,2,3,1973,2,2
1991,1,180390,1,2,2,2,1,1,3,4,2,3,1986,2,2
1991,2,180390,1,2,2,2,1,1,3,4,2,3,1977,2,2
1991,1,180392,2,2,2,2,1,1,3,4,2,3,1986,2,2
1991,1,180393,1,6,6,1,1,1,3,4,2,3,1979,2,2
1991,1,180394,1,2,2,2,2,2,3,4,2,3,1986,2,2
1991,2,180394,2,2,2,2,1,1,3,4,2,3,1977,2,2
1991,1,180396,2,2,2,2,1,1,3,4,2,3,1986,2,2
1991,1,180397,6,4,4,2,1,1,3,4,2,3,1991,2,2
1991,2,180397,1,2,2,2,1,1,3,4,2,3,1956,1,2
1991,1,180398,1,5,5,2,1,1,3,4,1,3,1983,1,2
1991,1,180399,6,4,4,2,1,1,3,4,2,3,1989,2,2
1991,2,180399,1,6,6,2,1,1,3,4,2,3,1984,2,2
1991,1,180400,1,2,2,2,1,1,3,4,2,3,1975,1,2
1991,2,180400,1,2,2,2,2,2,3,4,2,3,1985,2,2
1991,1,180401,1,2,2,2,1,1,3,4,2,3,1988,1,2
1991,2,180401,1,4,4,2,1,1,3,4,2,3,1979,2,2
1991,3,180401,7,2,2,2,4,1,3,1,2,3,1980,2,2
1991,1,180402,2,2,2,2,1,1,3,4,2,3,1981,2,2
1991,1,180403,7,2,2,2,4,2,3,2,2,3,1979,2,1
1991,1,180404,2,2,2,2,1,1,3,4,2,3,1977,2,2
1991,1,180405,1,2,2,2,1,1,3,4,2,3,1986,2,2
1991,1,180406,1,4,4,1,1,1,3,4,1,3,1977,2,2
1991,1,180407,1,2,2,2,1,1,3,4,2,3,1983,2,2
1991,1,180408,1,2,2,2,1,1,3,4,2,3,1984,1,2
1991,2,180408,1,4,4,2,1,1,3,4,2,3,1985,2,2
1991,3,180408,1,5,5,2,1,1,3,4,2,3,1986,2,2
1991,1,180409,1,6,6,1,2,2,3,4,2,3,1991,2,1
1991,1,180410,4,2,2,2,1,1,3,4,2,3,1990,2,1
1991,1,180411,1,5,5,2,1,1,3,4,2,3,1989,2,2
1991,2,180411,1,2,2,2,1,1,3,4,2,3,1986,2,2
1991,1,180412,1,5,5,2,1,1,3,4,2,3,1988,1,2
1991,2,180412,1,2,2,2,2,2,3,4,2,3,1985,1,2
1991,1,180413,3,2,2,2,1,1,3,4,2,3,1991,2,2
1991,1,180414,7,2,2,2,4,2,3,2,1,3,1987,2,2
1991,2,180414,6,3,3,2,1,1,3,4,2,3,1991,2,2
1991,1,180415,1,2,2,2,1,1,3,4,2,3,1987,2,1
1991,2,180415,1,2,2,2,1,1,3,4,2,3,1990,2,2
1991,1,180417,1,6,6,1,1,1,3,4,1,3,1984,2,2
1991,1,180419,1,2,2,2,1,1,3,4,1,3,1979,1,2
1991,2,180419,1,3,3,2,1,1,3,4,2,3,1984,2,2
1991,3,180419,1,2,2,2,1,1,3,4,2,3,1990,2,2
1991,1,180420,1,3,3,2,1,1,3,4,1,3,1984,2,2
1991,1,180421,1,2,2,2,1,1,3,4,2,3,1985,2,2
1991,2,180421,1,5,5,2,1,1,3,4,2,3,1990,2,2
1991,1,180422,6,2,2,2,1,1,3,4,1,3,1989,1,2
1991,2,180422,6,4,4,2,1,1,3,4,2,3,1988,2,2
1991,1,180423,1,2,2,2,1,1,3,4,1,3,1982,2,2
1991,1,180424,1,2,2,2,1,1,3,4,2,3,1979,2,2
1991,1,180425,6,2,2,1,1,1,3,4,2,3,1984,2,2
1991,2,180425,2,3,3,2,1,1,3,4,2,3,1988,2,2
1991,1,180426,3,1,1,1,1,1,3,4,1,3,1984,2,2
1991,1,180427,1,2,2,1,1,1,3,4,2,3,1981,2,2
1991,2,180427,1,2,2,2,1,1,3,4,2,3,1984,2,2
1991,1,180428,1,1,1,1,1,1,3,4,1,3,1986,2,2
1991,1,180429,1,2,2,2,1,1,3,4,2,3,1981,2,1
1991,1,180430,1,5,5,1,1,1,3,4,2,3,1982,2,2
1991,2,180430,7,2,2,2,4,2,3,2,1,3,1983,2,2
1991,1,180431,7,2,2,2,4,2,3,2,2,3,1979,1,2
1991,2,180431,1,4,4,2,3,3,3,4,2,3,1981,2,2
1991,1,180432,7,2,2,2,4,2,3,2,1,3,1983,2,2
1991,1,180433,2,2,2,2,1,1,3,4,2,3,1984,2,2
1991,2,180433,3,2,2,1,1,1,3,4,2,3,1988,2,2
1991,1,180435,3,5,5,1,1,1,3,4,2,3,1981,2,2
1991,1,180436,1,2,2,2,1,1,3,4,2,3,1985,2,1
1991,1,180437,2,2,2,1,1,1,3,4,2,3,1987,2,2
1991,1,180438,1,3,3,1,1,1,3,4,1,3,1984,2,2
1991,1,180439,9,2,2,1,1,1,3,4,1,3,1967,2,2
1991,1,180440,1,2,2,2,2,2,3,4,2,3,1988,2,2
1991,2,180440,1,5,5,2,1,1,3,4,2,3,1989,2,2
1991,1,180441,1,2,2,2,1,1,3,4,2,3,1988,2,2
1991,1,180442,1,2,2,2,1,1,3,4,2,3,1988,2,2
1991,2,180442,1,2,2,2,1,1,3,4,2,3,1983,2,2
1991,1,180443,1,3,6,1,1,1,3,4,2,3,1991,2,2
1991,1,180444,1,2,2,2,1,1,3,4,2,3,1990,2,2
1991,2,180444,2,2,2,2,1,1,3,4,2,3,1983,2,2
1991,1,180445,6,2,2,2,1,1,3,4,2,3,1988,2,2
1991,1,180446,1,2,2,1,1,1,3,4,2,3,1989,2,2
1991,2,180446,1,2,2,2,1,1,3,4,2,3,1984,2,2
1991,1,180447,2,2,2,1,1,1,3,4,1,3,1988,2,2
1991,1,180448,1,3,3,2,1,1,3,4,2,3,1989,2,2
1991,2,180448,1,2,2,2,1,1,3,4,2,3,1976,2,2
1991,1,180449,1,2,2,2,1,1,3,4,2,3,1981,2,2
1991,2,180449,1,2,2,2,1,1,3,4,2,3,1979,2,2
1991,1,180450,2,2,2,2,1,1,3,4,2,3,1981,2,2
1991,2,180450,2,2,2,2,1,1,3,4,2,3,1989,2,2
1991,1,180451,2,2,2,1,1,1,3,4,1,3,1989,2,2
1991,1,180452,7,2,2,2,4,1,3,1,1,3,1982,2,2
1991,1,180453,1,2,2,2,1,1,3,4,2,3,1982,1,2
1991,2,180453,3,2,2,2,2,2,3,4,2,3,1970,2,2
1991,1,180454,1,2,2,2,1,1,3,4,2,3,1985,2,2
1991,2,180454,1,2,2,2,2,2,3,4,2,3,1977,1,2
1991,3,180454,2,2,2,2,1,1,3,4,2,3,1968,2,2
1991,1,180455,1,3,3,2,1,1,3,4,2,3,1987,1,2
1991,1,180456,1,1,1,1,1,1,3,4,1,3,1986,2,2
1991,1,180457,2,2,2,1,2,2,3,4,1,3,1982,2,2
1991,1,180458,7,2,2,2,4,1,3,1,1,3,1982,2,2
1991,2,180458,1,4,4,2,2,2,3,4,2,3,1981,2,2
1991,1,180459,1,6,4,2,1,1,3,4,2,3,1989,2,2
1991,1,180461,1,5,5,2,1,1,3,4,2,3,1985,2,2
1991,2,180461,4,2,2,2,1,1,3,4,2,3,1985,2,2
1991,1,180463,2,2,2,2,1,1,3,4,2,3,1982,1,2
1991,2,180463,6,2,2,2,1,1,3,4,2,3,1989,2,2
1991,1,180464,1,2,2,2,1,1,3,4,2,3,1985,1,2
1991,2,180464,1,2,2,2,1,1,3,4,2,3,1976,2,2
1991,1,180465,2,2,2,1,1,1,3,4,1,3,1986,2,2
1991,1,180466,7,2,2,2,4,1,3,1,1,3,9999,1,2
1991,1,180467,1,4,4,1,1,1,3,4,1,3,1986,2,2
1991,1,180468,1,2,2,2,1,1,3,4,2,3,1985,2,2
1991,2,180468,1,2,2,2,1,1,3,4,2,3,1984,2,1
1991,1,180469,1,2,6,2,1,1,3,4,2,3,1977,2,2
1991,1,180470,4,2,2,2,1,1,3,4,2,3,1991,1,2
1991,2,180470,1,3,3,2,1,1,3,4,2,3,1986,2,2
1991,1,180471,4,4,4,1,1,1,3,4,2,3,1983,1,2
1991,2,180471,2,2,2,2,1,1,3,4,2,3,1976,2,2
1991,1,180473,2,2,2,2,1,1,3,4,2,3,1971,1,2
1991,2,180473,7,2,2,2,4,1,3,1,2,3,1976,2,2
1991,1,180474,1,2,2,2,1,1,3,4,2,3,1989,2,2
1991,1,180475,1,2,2,2,1,1,3,4,2,3,1987,1,2
1991,2,180475,9,4,4,2,1,1,3,4,2,3,1957,2,2
1991,1,180476,9,1,1,2,1,1,3,4,2,3,9999,2,2
1991,1,180477,7,2,2,2,4,2,3,2,2,3,1989,1,2
1991,2,180477,2,2,2,2,1,1,3,4,2,3,1986,2,2
1991,1,180478,7,3,3,2,4,2,3,2,2,3,1987,2,2
1991,2,180478,1,2,2,2,1,1,3,4,2,3,1989,2,2
1991,1,180479,1,2,2,2,1,1,3,4,2,3,1991,1,2
1991,2,180479,2,2,2,2,1,1,3,4,2,3,1991,2,2
1991,1,180480,1,2,2,2,2,2,3,4,2,3,1980,2,2
1991,2,180480,1,2,2,2,1,1,3,4,2,3,1984,2,2
1991,1,180481,2,2,2,2,1,1,3,4,2,3,1991,2,2
1991,1,180482,7,2,2,2,4,2,3,2,2,3,1976,2,2
1991,1,180483,7,1,1,2,4,2,3,2,1,3,1985,2,2
1991,1,180484,7,2,2,2,4,2,3,2,2,3,1989,2,2
1991,2,180484,9,2,2,2,3,3,3,4,1,3,9999,2,2
1991,1,180485,1,5,5,2,1,1,3,4,1,3,1929,2,2
1991,1,180486,1,2,2,2,1,1,3,4,1,3,1981,2,2
1991,1,180487,2,2,2,1,1,1,3,4,1,3,1988,2,2
1991,1,180488,1,4,4,2,1,1,3,4,2,3,1982,2,1
1991,1,180489,1,2,2,2,1,1,3,4,2,3,1978,1,2
1991,2,180489,6,4,4,2,1,1,3,4,2,3,1986,2,2
1991,1,180490,1,2,2,2,1,1,3,4,2,3,1985,2,2
1991,2,180490,2,2,2,2,1,1,3,4,2,3,1969,2,2
1991,1,180491,1,3,3,1,1,1,3,4,2,3,1986,2,2
1991,2,180491,1,2,2,2,1,1,3,4,2,3,1989,2,2
1991,1,180492,1,2,2,2,1,1,3,4,2,3,1990,2,2
1991,1,180493,1,2,2,2,1,1,3,4,2,3,1988,1,2
1991,1,180494,1,2,2,2,1,1,3,4,1,3,1978,2,2
1991,2,180494,1,2,2,2,1,1,3,4,2,3,1985,2,2
1991,1,180495,7,2,2,2,4,2,3,2,1,3,1985,2,2
1991,1,180496,1,2,2,2,1,1,3,4,2,3,1977,1,2
1991,2,180496,2,4,4,1,2,2,3,4,2,3,1984,2,2
1991,3,180496,1,4,4,2,1,1,3,4,2,3,1988,2,2
1991,4,180496,1,5,5,2,1,1,3,4,2,3,1989,2,2
1991,1,180497,1,3,3,2,1,1,3,4,2,3,1989,2,2
1991,2,180497,2,2,2,2,1,1,3,4,2,3,1978,2,2
1991,1,180498,1,2,2,2,1,1,3,4,2,3,1965,2,2
1991,2,180498,2,2,2,1,1,1,3,4,2,3,1987,2,2
1991,3,180498,1,2,2,2,1,1,3,4,2,3,1981,2,2
1991,1,180499,1,2,2,2,1,1,3,4,2,3,1989,2,2
1991,2,180499,1,2,2,2,1,1,3,4,2,3,1983,2,2
1991,1,180500,7,2,2,2,4,2,3,2,2,3,1982,1,2
1991,1,180501,1,2,2,2,1,1,3,4,2,3,1980,2,2
1991,2,180501,2,4,4,2,1,1,3,4,2,3,1989,2,2
1991,1,180502,1,2,2,1,1,1,3,4,2,3,1985,2,2
1991,2,180502,1,2,2,2,1,1,3,4,2,3,1985,2,2
1991,1,180503,2,2,2,2,1,1,3,4,2,3,1989,1,2
1991,1,180504,1,2,2,2,1,1,3,4,1,3,1990,1,2
1991,1,180505,1,1,1,1,2,2,3,4,1,3,1986,2,2
1991,1,180506,7,1,1,2,4,1,3,1,1,3,1990,2,2
1991,1,180507,1,2,2,2,1,1,3,4,1,3,1976,2,2
1991,2,180507,1,2,2,2,1,1,3,4,2,3,1987,2,2
1991,1,180508,1,2,2,1,1,1,3,4,1,3,1980,1,2
1991,1,180509,2,2,2,2,1,1,3,4,2,3,1990,2,2
1991,1,180510,1,3,3,2,1,1,3,4,2,3,1989,1,2
1991,2,180510,2,2,2,2,1,1,3,4,2,3,1988,2,2
1991,1,180511,9,2,2,1,2,2,3,4,2,3,1972,1,2
1991,2,180511,1,2,2,2,1,1,3,4,2,3,1982,2,2
1991,1,180512,1,2,2,2,1,1,3,4,2,3,1980,2,2
1991,1,180513,1,2,2,2,1,1,3,4,2,3,1985,2,2
1991,1,180515,1,5,5,2,1,1,3,4,2,3,1980,2,2
1991,2,180515,1,2,2,2,1,1,3,4,2,3,1990,2,2
1991,1,180516,1,3,3,2,1,1,3,4,2,3,1986,2,2
1991,2,180516,1,2,2,2,1,1,3,4,2,3,1987,2,2
1991,1,180517,1,2,2,2,1,1,3,4,2,3,1978,2,2
1991,2,180517,7,2,2,2,4,2,3,2,2,3,1985,2,2
1991,1,180518,7,2,2,2,4,2,3,2,1,3,1980,1,2
1991,1,180519,1,5,5,2,1,1,3,4,2,3,1973,1,2
1991,2,180519,6,2,2,2,1,1,3,4,2,3,1989,2,2
1991,3,180519,2,4,4,2,1,1,3,4,2,3,1980,2,2
1991,4,180519,4,2,2,2,1,1,3,4,2,3,1990,2,2
1991,5,180519,1,2,2,2,1,1,3,4,2,3,1989,2,2
1991,6,180519,2,7,7,2,3,3,3,4,2,3,9999,2,2
1991,1,180520,2,2,2,1,1,1,3,4,2,3,1984,2,2
1991,2,180520,2,2,2,2,1,1,3,4,2,3,1990,1,2
1991,1,180524,1,2,2,2,1,1,3,4,2,3,1986,2,1
1991,2,180524,1,2,2,2,1,1,3,4,2,3,1980,2,2
1991,1,180525,7,2,2,2,4,2,3,2,2,3,9999,2,2
1991,2,180525,1,2,2,2,1,1,3,4,2,3,1980,2,2
1991,1,180526,3,4,4,2,1,1,3,4,2,3,1978,2,2
1991,2,180526,1,2,2,2,1,1,3,4,2,3,1983,2,2
1991,1,180527,1,5,5,2,1,1,3,4,2,3,1986,1,2
1991,2,180527,6,3,3,2,1,1,3,4,2,3,1980,2,2
1991,1,180528,1,2,2,2,1,1,3,4,2,3,1979,2,2
1991,2,180528,1,5,5,2,1,1,3,4,2,3,1974,2,2
1991,1,180529,4,5,5,2,2,2,3,4,2,3,1977,2,2
1991,1,180530,1,4,4,2,1,1,3,4,2,3,1965,2,2
1991,2,180530,2,2,2,2,1,1,3,4,2,3,1983,2,2
1991,3,180530,6,2,2,2,1,1,3,4,2,3,1990,2,2
1991,1,180531,1,2,2,2,2,2,3,4,2,3,1979,1,1
1991,1,180532,7,2,2,2,4,2,3,2,2,3,1979,1,2
1991,1,180533,1,2,2,2,2,2,3,4,1,3,1984,2,2
1991,1,180534,2,2,2,2,1,1,3,4,2,3,1991,2,2
1991,1,180535,4,6,5,1,1,1,3,4,2,3,1988,2,1
1991,1,180536,1,3,3,2,1,1,3,4,2,3,1985,2,2
1991,2,180536,2,2,2,2,1,1,3,4,2,3,1987,2,2
1991,1,180537,2,2,2,2,1,1,3,4,2,3,1980,2,2
1991,1,180538,2,2,2,2,1,1,3,4,1,3,1983,2,2
1991,2,180538,1,5,5,1,1,1,3,4,1,3,1984,2,2
1991,1,180539,4,2,2,2,1,1,3,4,2,3,1989,2,2
1991,2,180539,9,2,2,2,2,2,3,4,2,3,1977,2,2
1991,1,180540,1,2,2,2,1,1,3,4,2,3,1984,2,2
1991,2,180540,1,2,2,1,1,1,3,4,2,3,1985,2,2
1991,1,180541,6,2,2,2,1,1,3,4,2,3,1988,1,2
1991,2,180541,1,2,2,2,1,1,3,4,2,3,1984,2,2
1991,1,180542,6,1,1,1,1,1,3,4,2,3,1986,1,2
1991,1,180543,1,2,2,2,1,1,3,4,2,3,1986,2,2
1991,2,180543,1,2,2,2,2,2,3,4,2,3,1980,2,2
1991,1,180544,1,2,2,1,1,1,3,4,2,3,1984,2,2
1991,1,180545,2,5,5,2,1,1,3,4,2,3,1983,2,2
1991,1,180546,9,1,1,1,2,2,3,4,2,3,9999,1,2
1991,1,180547,7,2,2,2,4,2,3,2,1,3,1991,2,2
1991,1,180548,2,2,2,2,2,2,3,4,2,3,1978,2,2
1991,2,180548,1,3,3,2,1,1,3,4,2,3,1983,2,2
1991,1,180549,1,2,2,2,2,2,3,4,2,3,1981,2,2
1991,1,180550,2,2,2,2,1,1,3,4,2,3,1987,2,2
1991,2,180550,6,2,2,2,1,1,3,4,2,3,1970,2,2
1991,1,180551,1,5,5,2,1,1,3,4,1,3,1981,2,2
1991,1,180552,9,3,3,2,1,1,3,4,1,3,1989,2,2
1991,2,180552,1,2,2,2,1,1,3,4,2,3,1990,2,2
1991,1,180553,1,6,3,2,1,1,3,4,1,3,1985,2,2
1991,1,180554,7,2,2,2,4,1,3,1,1,3,1990,2,2
1991,1,180555,2,1,1,2,1,1,3,4,2,3,1980,1,2
1991,1,180556,2,3,3,2,1,1,3,4,2,3,1985,2,2
1991,1,180557,2,7,2,2,1,1,3,4,2,3,1974,2,2
1991,2,180557,4,2,2,2,1,1,3,4,2,3,1987,2,2
1991,1,180558,1,2,2,2,1,1,3,4,2,3,1985,2,2
1991,1,180559,7,2,2,2,4,1,3,1,2,3,1970,1,2
1991,1,180560,1,1,1,1,1,1,3,4,2,3,1989,2,2
1991,1,180561,2,2,2,2,1,1,3,4,2,3,1991,2,1
1991,2,180561,2,2,2,2,1,1,3,4,2,3,1987,2,2
1991,1,180562,1,2,2,1,1,1,3,4,2,3,1980,1,2
1991,1,180563,1,5,5,2,2,2,3,4,2,3,1979,2,2
1991,2,180563,7,2,2,2,4,1,3,1,2,3,1989,2,2
1991,1,180564,4,2,2,1,1,1,3,4,2,3,1979,1,2
1991,1,180565,9,2,2,2,1,1,3,4,1,3,1986,1,1
1991,2,180565,6,4,4,2,1,1,3,4,2,3,1991,2,2
1991,1,180566,1,6,6,2,1,1,3,4,2,3,1984,1,2
1991,1,180567,1,2,2,2,1,1,3,4,2,3,1975,2,2
1991,2,180567,6,4,4,1,1,1,3,4,2,3,1984,2,2
1991,1,180568,1,5,5,2,1,1,3,4,2,3,1985,1,2
1991,2,180568,1,2,2,2,1,1,3,4,2,3,1978,2,2
1991,1,180569,2,1,1,2,1,1,3,4,2,3,1978,1,2
1991,1,180570,2,3,3,2,1,1,3,4,2,3,1986,2,2
1991,1,180572,1,3,3,2,1,1,3,4,1,3,1974,1,2
1991,1,180573,3,1,1,1,1,1,3,4,2,3,1968,1,2
1991,1,180574,1,2,2,2,1,1,3,4,2,3,1984,1,2
1991,1,180575,1,2,2,2,1,1,3,4,2,3,1991,2,2
1991,2,180575,1,2,2,2,1,1,3,4,2,3,1983,2,2
1991,1,180576,1,2,2,2,2,2,3,4,1,3,1989,2,2
1991,2,180576,1,4,4,2,1,1,3,4,2,3,1977,2,2
1991,1,180577,3,2,2,2,1,1,3,4,2,3,1988,2,2
1991,1,180578,7,2,2,2,4,1,3,1,2,3,1984,2,2
1991,2,180578,1,3,3,2,1,1,3,4,2,3,1981,2,2
1991,1,180579,1,2,2,2,1,1,3,4,2,3,1986,2,2
1991,1,180580,2,2,2,1,1,1,3,4,2,3,1988,2,2
1991,1,180581,6,2,2,2,1,1,3,4,2,3,1978,1,2
1991,2,180581,9,2,2,2,1,1,3,4,2,3,1984,2,2
1991,1,180582,1,3,3,2,2,2,3,4,1,3,1988,2,2
1991,1,180583,1,2,2,2,1,1,3,4,2,3,1990,2,2
1991,2,180583,7,5,5,2,4,2,3,2,2,3,1986,1,2
1991,1,180584,1,2,2,2,1,1,3,4,2,3,1980,2,2
1991,1,180585,2,2,2,2,1,1,3,4,1,3,1976,1,2
1991,1,180586,1,3,3,1,1,1,3,4,1,3,1988,2,2
1991,1,180587,1,5,5,2,1,1,3,4,2,3,1984,2,2
1991,1,180588,7,2,2,2,4,2,3,2,1,3,1962,2,2
1991,1,180589,2,2,2,2,1,1,3,4,2,3,1983,2,2
1991,2,180589,2,2,2,2,2,2,3,4,2,3,1988,2,2
1991,1,180590,1,2,2,2,2,2,3,4,2,3,1986,2,2
1991,1,180591,5,3,3,2,1,1,3,4,2,3,1977,1,2
1991,2,180591,2,2,2,2,2,2,3,4,2,3,1989,2,2
1991,1,180592,1,2,4,2,1,1,3,4,2,3,1968,1,2
1991,2,180592,1,3,3,2,1,1,3,4,2,3,1973,2,2
1991,3,180592,1,2,2,2,1,1,3,4,2,3,1984,1,2
1991,1,180593,9,3,3,2,1,1,3,4,2,3,1986,1,2
1991,2,180593,2,2,2,2,1,1,3,4,2,3,1980,2,2
1991,3,180593,2,2,2,2,1,1,3,4,2,3,1990,2,2
1991,1,180594,1,2,2,2,1,1,3,4,1,3,1984,2,2
1991,1,180595,1,1,1,1,1,1,3,4,1,3,1976,2,2
1991,1,180596,4,2,2,1,1,1,3,4,2,3,1982,2,2
1991,1,180597,1,2,2,1,1,1,3,4,2,3,1991,2,2
1991,1,180598,3,2,2,2,1,1,3,4,2,3,1984,2,2
1991,2,180598,1,2,2,2,1,1,3,4,2,3,1980,1,2
1991,1,180601,7,2,2,2,4,1,3,1,2,3,1985,2,2
1991,2,180601,1,2,2,2,1,1,3,4,2,3,1990,2,2
1991,1,180602,1,1,1,2,1,1,3,4,2,3,1976,2,2
1991,1,180603,1,4,4,2,1,1,3,4,2,3,1983,2,2
1991,2,180603,1,2,2,2,1,1,3,4,2,3,1984,1,2
1991,1,180604,1,2,2,2,1,1,3,4,2,3,1981,1,2
1991,1,180605,1,2,2,2,1,1,3,4,2,3,1977,1,2
1991,1,180606,2,2,2,2,1,1,3,4,2,3,1983,1,2
1991,2,180606,1,5,5,2,1,1,3,4,2,3,1985,1,2
1991,1,180607,6,2,2,2,1,1,3,4,2,3,1977,2,2
1991,2,180607,6,2,2,2,1,1,3,4,2,3,1989,2,2
1991,3,180607,6,2,2,2,1,1,3,4,2,3,1990,2,2
1991,1,180608,1,2,2,2,1,1,3,4,1,3,1989,1,2
1991,2,180608,2,4,2,2,3,3,3,4,2,3,1979,2,2
1991,3,180608,2,4,4,2,3,3,3,4,2,3,1977,2,2
1991,1,180609,2,2,2,2,1,1,3,4,1,3,1988,2,2
1991,1,180611,1,2,2,2,1,1,3,4,1,3,1991,2,2
1991,1,180612,6,2,2,2,1,2,3,4,2,3,1989,2,2
1991,1,180613,1,2,2,2,1,1,3,4,2,3,1979,2,2
1991,2,180613,1,2,2,2,1,1,3,4,2,3,1982,2,2
1991,1,180614,1,4,4,1,1,1,3,4,1,3,1981,2,2
1991,1,180615,9,2,2,1,2,2,3,4,1,3,1980,2,2
1991,1,180616,1,1,1,1,2,2,3,4,1,3,1984,2,2
1991,1,180617,1,2,2,2,2,2,3,4,1,3,1971,2,2
1991,1,180618,1,2,2,1,2,2,3,4,2,3,1986,1,2
1991,1,180619,6,2,2,2,1,1,3,4,2,3,1990,2,2
1991,1,180620,7,2,2,2,4,1,3,1,1,3,1990,2,2
1991,1,180621,1,2,2,2,1,1,3,4,2,3,1984,2,2
1991,2,180621,1,2,2,2,1,1,3,4,2,3,1982,2,1
1991,1,180622,1,3,3,2,2,2,3,4,1,3,1987,2,2
1991,2,180622,1,2,2,2,1,1,3,4,2,3,1990,2,2
1991,1,180623,1,5,5,2,1,1,3,4,2,3,1986,2,2
1991,2,180623,4,2,2,2,1,1,3,4,2,3,1984,2,2
1991,1,180624,2,2,2,1,1,1,3,4,1,3,1990,2,2
1991,1,180625,3,2,2,2,1,1,3,4,2,3,1990,2,2
1991,1,180626,1,4,4,2,1,1,3,4,1,3,1967,2,1
1991,1,180627,1,2,2,2,1,1,3,4,2,3,1984,2,2
1991,2,180627,6,2,2,2,1,1,3,4,2,3,1983,2,2
1991,1,180628,1,4,4,1,1,1,3,4,1,3,1978,2,2
1991,1,180629,1,2,2,2,1,1,3,4,2,3,1990,1,2
1991,1,180630,1,2,2,2,1,1,3,4,2,3,1984,2,2
1991,2,180630,1,2,2,2,1,1,3,4,2,3,1984,2,2
1991,1,180631,2,1,1,1,1,1,3,4,1,3,1963,2,2
1991,1,180632,1,3,3,2,1,1,3,4,2,3,1980,1,2
1991,2,180632,1,2,2,2,1,1,3,4,2,3,1989,2,2
1991,1,180633,2,2,2,2,1,1,3,4,2,3,1977,2,2
1991,1,180634,1,3,3,2,1,1,3,4,2,3,1977,1,2
1991,2,180634,2,2,2,2,1,1,3,4,1,3,1991,2,2
1991,1,180635,1,2,2,2,1,1,3,4,2,3,1979,2,1
1991,2,180635,1,2,2,2,1,1,3,4,2,3,1991,2,2
1991,1,180636,7,7,7,2,4,1,3,1,1,3,1985,2,2
1991,1,180637,6,2,2,2,1,1,3,4,2,3,1989,2,2
1991,2,180637,1,2,2,2,1,1,3,4,2,3,1984,2,2
1991,1,180638,1,2,2,2,1,1,3,4,2,3,1988,2,2
1991,2,180638,4,4,4,1,1,1,3,4,2,3,1988,2,2
1991,1,180639,6,2,2,2,1,1,3,4,2,3,1988,2,2
1991,1,180640,4,3,3,2,1,1,3,4,2,3,1988,2,2
1991,1,180641,1,6,6,1,2,2,3,4,1,3,1986,2,2
1991,1,180642,1,2,2,2,1,1,3,4,2,3,1984,2,2
1991,2,180642,2,2,2,2,1,1,3,4,2,3,1991,2,2
1991,1,180643,1,2,2,2,1,1,3,4,2,3,1979,2,2
1991,2,180643,2,3,3,2,1,1,3,4,2,3,1988,2,2
1991,1,180644,1,5,5,2,1,1,3,4,2,3,1982,2,2
1991,2,180644,6,2,2,2,1,1,3,4,2,3,1988,2,2
1991,1,180645,7,2,2,2,4,2,3,2,1,3,1982,2,2
1991,1,180646,7,2,2,2,4,2,3,2,1,3,1984,2,2
1991,1,180647,7,2,2,2,4,2,3,2,1,3,1983,1,2
1991,1,180648,9,1,1,1,1,1,3,4,2,3,1986,2,1
1991,1,180649,7,2,2,2,4,2,3,2,1,3,1982,2,2
1991,1,180651,7,3,3,2,4,2,3,2,2,3,1976,2,2
1991,2,180651,4,2,2,1,1,1,3,4,2,3,1990,2,2
1991,1,180652,1,2,2,2,2,2,3,4,2,3,1986,2,2
1991,1,180653,2,6,6,1,2,2,3,4,1,3,1983,2,2
1991,1,180655,6,6,6,1,1,1,3,4,2,3,1987,2,2
1991,1,180656,3,6,6,1,1,1,3,4,2,3,1988,1,2
1991,1,180657,2,4,4,1,1,1,3,4,1,3,1985,2,2
1991,1,180658,2,2,2,2,1,1,3,4,1,3,1988,2,2
1991,1,180659,1,5,5,2,1,1,3,4,1,3,1986,2,2
1991,1,180660,2,2,2,2,1,1,3,4,2,3,1991,2,1
1991,1,180661,7,2,2,2,4,1,3,1,2,3,1984,2,2
1991,2,180661,1,2,2,2,1,1,3,4,2,3,1990,1,2
1991,1,180662,1,3,3,1,1,1,3,4,2,3,1981,2,2
1991,2,180662,2,2,2,2,1,1,3,4,2,3,1988,2,2
1991,1,180663,1,2,2,2,2,2,3,4,1,3,1989,2,2
1991,1,180664,6,2,2,2,1,1,3,4,2,3,1989,2,2
1991,1,180665,1,2,2,2,1,1,3,4,1,3,1989,2,2
1991,1,180666,1,3,3,2,1,1,3,4,2,3,1984,2,2
1991,2,180666,6,2,2,2,1,1,3,4,2,3,1980,2,2
1991,1,180667,1,5,5,2,1,1,3,4,2,3,1980,2,2
1991,2,180667,1,2,2,2,1,1,3,4,2,3,1978,2,2
1991,1,180668,9,3,3,2,1,1,3,4,2,3,1979,2,2
1991,1,180669,4,6,6,1,1,1,3,4,2,3,1987,2,1
1991,1,180670,4,2,2,2,1,1,3,4,2,3,1989,2,2
1991,1,180671,1,2,2,2,1,1,3,4,1,3,1982,2,2
1991,1,180672,1,2,2,2,2,2,3,4,1,3,1982,2,2
1991,2,180672,6,4,4,2,1,2,3,4,2,3,1990,2,2
1991,1,180673,1,4,4,2,1,1,3,4,2,3,1982,2,2
1991,2,180673,2,2,2,2,1,1,3,4,1,3,1979,2,2
1991,1,180674,1,2,2,1,1,1,3,4,1,3,1966,2,2
1991,1,180676,1,2,2,1,1,1,3,4,2,3,1991,2,2
1991,1,180677,1,2,2,2,1,1,3,4,2,3,1979,2,2
1991,1,180678,1,2,2,1,1,1,3,4,1,3,1985,2,2
1991,1,180680,1,3,3,2,1,1,3,4,2,3,1979,2,2
1991,2,180680,7,2,2,2,4,2,3,2,2,3,1986,2,2
1991,1,180681,1,2,2,2,1,1,3,4,2,3,1986,2,2
1991,1,180682,2,6,2,2,1,1,3,4,2,3,1987,2,2
1991,1,180683,1,2,5,2,1,1,3,4,1,3,1983,2,2
1991,1,180684,1,2,2,2,1,1,3,4,2,3,1978,2,2
1991,2,180684,8,2,2,2,1,1,3,4,2,3,1985,2,2
1991,1,180685,1,2,2,2,1,1,3,4,1,3,1985,2,2
1991,1,180686,1,5,5,1,1,1,3,4,1,3,1984,2,2
1991,1,180687,2,2,2,1,1,1,3,4,1,3,1984,2,1
1991,1,180688,2,2,2,2,1,1,3,4,1,3,1976,2,2
1991,1,180690,2,2,2,1,1,1,3,4,1,3,1974,2,2
1991,1,180691,1,2,2,2,1,1,3,4,2,3,1984,2,2
1991,1,180692,1,2,2,2,1,1,3,4,2,3,1981,2,2
1991,2,180692,1,2,2,2,1,1,3,4,2,3,1983,2,2
1991,3,180692,4,5,5,2,1,1,3,4,2,3,1984,2,2
1991,1,180693,7,2,2,2,4,2,3,2,1,3,1979,2,2
1991,2,180693,7,3,3,2,4,1,3,1,2,3,1986,2,2
1991,3,180693,6,4,4,2,1,1,3,4,2,3,1987,2,2
1991,1,180694,6,4,4,2,1,1,3,4,2,3,1986,2,2
1991,2,180694,6,2,2,2,1,1,3,4,2,3,1987,2,2
1991,3,180694,1,2,2,2,1,1,3,4,2,3,1991,2,2
1991,1,180695,3,2,2,2,1,1,3,4,2,3,1985,1,2
1991,1,180696,1,2,2,2,1,1,3,4,2,3,1978,2,2
1991,1,180697,1,2,2,2,1,1,3,4,2,3,1987,2,2
1991,2,180697,1,3,3,2,1,1,3,4,2,3,1984,2,2
1991,3,180697,1,2,2,2,1,1,3,4,2,3,1983,2,2
1991,4,180697,1,4,4,2,1,1,3,4,2,3,1985,2,2
1991,5,180697,2,4,4,2,1,1,3,4,2,3,1984,2,2
1991,1,180698,2,1,1,1,1,1,3,4,2,3,1979,2,2
1991,1,180699,1,1,1,1,1,1,3,4,2,3,1981,1,2
1991,1,180700,9,4,4,1,1,1,3,4,2,3,1990,2,2
1991,1,180701,1,2,2,2,1,1,3,4,2,3,1984,2,1
1991,2,180701,6,2,2,2,1,1,3,4,2,3,1989,2,2
1991,1,180702,1,2,2,2,1,1,3,4,1,3,1977,2,2
1991,2,180702,1,5,5,1,1,1,3,4,2,3,1980,2,2
1991,1,180703,9,2,2,2,1,1,3,4,2,3,1987,2,2
1991,2,180703,7,4,4,2,4,1,3,1,2,3,1985,2,2
1991,1,180704,1,2,2,2,1,1,3,4,2,3,1984,2,2
1991,1,180705,1,2,2,2,1,1,3,4,2,3,1982,1,2
1991,2,180705,2,2,2,2,1,1,3,4,2,3,1982,2,2
1991,1,180706,2,2,2,2,1,1,3,4,2,3,1990,2,2
1991,2,180706,6,2,2,1,1,1,3,4,2,3,1984,2,2
1991,1,180707,1,2,2,2,1,1,3,4,2,3,1988,2,2
1991,1,180708,1,2,2,2,1,1,3,4,1,3,1981,1,2
1991,1,180709,2,3,3,2,1,1,3,4,2,3,1989,2,2
1991,2,180709,6,2,2,2,1,1,3,4,2,3,1977,2,2
1991,1,180710,1,2,2,2,1,1,3,4,2,3,1990,2,2
1991,1,180711,1,2,2,2,1,1,3,4,2,3,1989,1,2
1991,2,180711,6,4,4,2,1,1,3,4,2,3,1989,2,2
1991,1,180712,7,2,2,2,4,1,3,1,2,3,1989,2,2
1991,2,180712,4,2,2,2,1,1,3,4,2,3,1978,1,2
1991,1,180713,1,2,2,2,1,1,3,4,2,3,1986,2,2
1991,2,180713,6,2,2,2,1,1,3,4,2,3,1985,2,2
1991,3,180713,1,4,4,2,1,1,3,4,2,3,1991,2,2
1991,1,180714,1,2,2,2,1,1,3,4,2,3,1990,2,2
1991,1,180715,1,4,4,2,1,1,3,4,1,3,1984,2,2
1991,1,180716,2,2,2,2,1,1,3,4,2,3,1977,2,2
1991,1,180717,2,4,4,2,1,1,3,4,2,3,1986,2,2
1991,2,180717,7,2,2,2,4,1,3,1,2,3,1981,2,2
1991,1,180718,1,2,2,2,1,1,3,4,2,3,1978,2,1
1991,1,180719,7,2,2,2,4,2,3,2,1,3,1982,2,2
1991,1,180720,7,2,2,2,4,1,3,1,2,3,1984,2,2
1991,1,180721,1,2,2,2,1,1,3,4,2,3,1978,2,2
1991,2,180721,1,5,5,2,2,2,3,4,2,3,1984,2,2
1991,1,180723,1,2,2,2,1,1,3,4,2,3,1981,2,2
1991,2,180723,1,2,2,2,1,1,3,4,2,3,1989,2,2
1991,1,180724,1,2,2,2,1,1,3,4,2,3,1983,2,2
1991,1,180725,1,2,2,1,1,1,3,4,2,3,1986,2,2
1991,2,180725,6,2,2,2,1,1,3,4,2,3,1988,2,2
1991,1,180726,1,2,2,2,1,1,3,4,2,3,1986,2,2
1991,2,180726,1,2,2,2,1,1,3,4,2,3,1978,2,2
1991,1,180727,1,2,2,2,1,1,3,4,2,3,1985,2,2
1991,2,180727,6,2,2,2,1,1,3,4,2,3,1989,2,2
1991,3,180727,1,2,2,2,1,1,3,4,2,3,1979,2,2
1991,4,180727,1,2,2,2,1,1,3,4,2,3,1984,2,2
1991,1,180728,1,2,2,2,1,1,3,4,2,3,1985,1,2
1991,2,180728,1,2,2,2,1,1,3,4,2,3,1991,2,2
1991,1,180729,1,2,2,2,2,2,3,4,2,3,1977,2,2
1991,2,180729,2,2,2,2,1,1,3,4,2,3,1986,2,2
1991,1,180730,6,4,4,2,1,1,3,4,2,3,1988,2,2
1991,2,180730,4,2,2,2,1,1,3,4,2,3,1991,2,2
1991,1,180731,1,2,2,2,1,1,3,4,2,3,1975,2,2
1991,2,180731,1,2,2,2,2,2,3,4,2,3,1981,2,2
1991,1,180732,1,2,2,1,1,1,3,4,2,3,1979,2,2
1991,2,180732,1,2,2,2,2,2,3,4,1,3,1990,2,2
1991,1,180733,1,1,1,1,1,1,3,4,1,3,1988,2,2
1991,1,180734,1,2,2,2,1,1,3,4,2,3,1989,2,2
1991,1,180735,1,2,2,2,1,1,3,4,2,3,1986,2,2
1991,1,180736,1,2,2,2,1,1,3,4,2,3,1979,2,2
1991,1,180737,7,4,4,2,4,2,3,2,2,3,1982,2,2
1991,2,180737,4,2,2,2,1,1,3,4,2,3,1989,2,2
1991,1,180738,2,2,2,2,1,1,3,4,1,3,1988,1,2
1991,2,180738,1,4,4,1,1,1,3,4,2,3,1978,2,2
1991,1,180739,6,2,2,2,1,1,3,4,1,3,1979,2,2
1991,2,180739,6,4,4,1,2,2,3,4,2,3,1990,2,2
1991,1,180740,1,1,1,1,1,1,3,4,2,3,1983,2,2
1991,1,180741,1,2,2,1,1,1,3,4,2,3,1987,2,2
1991,1,180742,6,4,4,2,1,1,3,4,2,3,1977,2,2
1991,2,180742,1,2,2,2,1,1,3,4,2,3,1987,2,2
1991,1,180743,1,2,2,2,1,1,3,4,2,3,1986,2,1
1991,1,180744,1,3,3,2,1,1,3,4,2,3,1986,2,2
1991,2,180744,1,2,2,2,1,1,3,4,2,3,1987,2,2
1991,3,180744,1,2,2,2,1,1,3,4,2,3,1977,2,2
1991,1,180745,1,2,2,1,1,1,3,4,2,3,1984,2,2
1991,1,180746,1,2,2,2,1,1,3,4,2,3,1985,2,2
1991,2,180746,1,2,2,2,2,2,3,4,2,3,1976,2,2
1991,1,180747,1,5,5,2,1,1,3,4,1,3,1985,2,2
1991,1,180748,1,2,2,2,1,1,3,4,2,3,1991,2,2
1991,1,180749,2,1,1,1,2,2,3,4,2,3,1977,1,2
1991,1,180750,9,7,7,2,3,3,3,4,2,3,9999,2,2
1991,1,180751,6,2,2,1,1,1,3,4,2,3,1989,2,1
1991,1,180752,2,2,2,2,1,1,3,4,2,3,1978,2,2
1991,2,180752,1,5,5,2,1,1,3,4,2,3,1990,2,2
1991,1,180753,2,2,2,1,1,1,3,4,1,3,1978,2,2
1991,1,180754,3,2,2,2,1,2,3,4,2,3,1985,2,2
1991,1,180755,1,6,6,1,1,1,3,4,2,3,1985,2,2
1991,1,180756,6,2,2,2,1,1,3,4,2,3,1979,2,2
1991,2,180756,1,5,5,2,1,1,3,4,2,3,1983,2,2
1991,3,180756,1,5,5,2,1,1,3,4,2,3,1988,2,2
1991,1,180757,6,2,2,2,1,1,3,4,2,3,1989,2,1
1991,1,180758,7,2,2,2,4,2,3,2,1,3,1986,1,2
1991,1,180759,7,2,2,2,4,1,3,1,1,3,1991,2,2
1991,1,180760,1,2,2,2,1,1,3,4,2,3,1983,2,2
1991,2,180760,1,2,2,2,1,1,3,4,2,3,1980,2,2
1991,1,180761,1,2,2,2,1,1,3,4,2,3,1984,2,2
1991,2,180761,2,2,2,2,1,1,3,4,2,3,1983,2,2
1991,1,180762,6,4,4,2,1,1,3,4,2,3,1984,2,2
1991,2,180762,1,6,6,2,1,1,3,4,2,3,1988,1,2
1991,1,180763,6,2,2,1,1,1,3,4,2,3,1992,1,2
1991,1,180764,1,2,2,2,1,1,3,4,2,3,1980,1,2
1991,2,180764,6,2,2,2,1,1,3,4,2,3,1992,2,2
1991,1,180765,2,2,2,2,1,1,3,4,2,3,1983,2,1
1991,1,180766,4,2,2,2,1,1,3,4,2,3,1977,2,2
1991,1,180767,4,2,2,2,1,1,3,4,2,3,1979,1,2
1991,1,180768,2,2,2,2,1,1,3,4,2,3,1979,2,2
1991,1,180769,2,4,4,2,1,1,3,4,2,3,1976,2,2
1991,2,180769,1,2,2,2,1,1,3,4,2,3,1985,1,1
1991,1,180770,1,2,2,1,1,1,3,4,2,3,1980,2,2
1991,1,180771,1,6,6,2,1,1,3,4,2,3,1984,2,1
1991,1,180772,1,5,5,2,2,2,3,4,1,3,1972,2,2
1991,1,180773,9,7,7,2,3,3,3,4,2,3,9999,2,2
1991,1,180774,1,3,3,1,1,1,3,4,1,3,1975,2,2
1991,1,180775,9,4,4,2,1,1,3,4,2,3,1982,2,2
1991,2,180775,4,2,2,2,1,1,3,4,2,3,1988,1,2
1991,3,180775,1,2,2,2,1,1,3,4,2,3,1976,2,2
1991,4,180775,1,2,2,2,1,1,3,4,2,3,1985,2,2
1991,1,180776,6,2,2,2,1,1,3,4,2,3,1984,2,2
1991,2,180776,9,5,5,2,1,1,3,4,1,3,9999,2,2
1991,1,180777,4,2,2,2,1,1,3,4,2,3,1985,2,2
1991,2,180777,1,3,3,2,1,1,3,4,1,3,1984,2,2
1991,1,180778,1,2,2,2,1,1,3,4,1,3,1982,2,2
1991,2,180778,6,2,2,2,1,1,3,4,2,3,1988,2,2
1991,1,180779,1,1,1,1,1,1,3,4,1,3,1983,1,2
1991,1,180780,1,5,5,2,1,1,3,4,2,3,1981,2,2
1991,1,180781,1,2,2,2,1,1,3,4,2,3,1985,2,2
1991,1,180782,1,2,2,1,1,1,3,4,2,3,1982,2,2
1991,1,180783,9,2,2,2,3,3,3,4,2,3,9999,2,2
1991,1,180784,1,2,2,2,1,1,3,4,2,3,1981,2,2
1991,2,180784,2,2,2,2,1,1,3,4,2,3,1987,2,2
1991,1,180785,6,5,5,1,1,1,3,4,2,3,1983,1,2
1991,1,180786,9,2,2,2,1,1,3,4,2,3,1978,2,2
1991,1,180787,1,6,6,2,1,1,3,4,2,3,1971,1,2
1991,1,180788,1,2,2,2,1,1,3,4,2,3,1990,2,2
1991,1,180789,3,2,2,2,1,1,3,4,2,3,1984,1,2
1991,2,180789,8,4,4,2,1,1,3,4,2,1,1988,2,2
1991,1,180790,1,5,5,2,1,1,3,4,2,3,1987,2,2
1991,2,180790,6,2,2,2,1,1,3,4,2,3,1978,2,2
1991,1,180791,1,5,5,2,1,1,3,4,1,3,1986,2,2
1991,1,180792,1,2,2,2,1,1,3,4,2,3,1988,1,2
1991,1,180793,2,3,3,2,1,1,3,4,2,3,1989,2,2
1991,2,180793,2,2,2,2,1,1,3,4,2,3,1986,2,2
1991,1,180794,1,2,2,2,1,1,3,4,2,3,1986,2,1
1991,2,180794,6,4,4,2,1,1,3,4,2,3,1986,2,2
1991,1,180795,1,5,5,2,1,1,3,4,2,3,1977,2,2
1991,2,180795,1,2,2,2,1,1,3,4,2,3,1983,2,2
1991,1,180796,9,3,3,2,1,1,3,4,2,3,1984,2,2
1991,2,180796,1,2,2,2,1,1,3,4,2,3,1984,2,2
1991,1,180797,1,2,2,2,1,1,3,4,2,3,1981,2,2
1991,2,180797,1,3,3,2,1,1,3,4,2,3,1987,2,2
1991,1,180798,1,3,3,2,1,1,3,4,2,3,1984,2,2
1991,1,180799,1,2,4,1,1,1,3,4,1,3,1979,2,2
1991,1,180800,1,2,2,2,2,2,3,4,2,3,1979,2,2
1991,1,180801,1,2,2,2,1,1,3,4,2,3,1986,2,2
1991,2,180801,2,2,2,2,1,1,3,4,2,3,1978,2,2
1991,1,180802,2,2,2,2,1,1,3,4,2,3,1978,2,2
1991,1,180803,6,2,2,2,1,1,3,4,1,3,1992,1,2
1991,2,180803,6,4,4,2,1,1,3,4,2,3,1988,2,2
1991,3,180803,1,4,4,2,1,1,3,4,2,3,1987,2,2
1991,4,180803,1,4,4,2,1,1,3,4,2,3,1984,2,2
1991,5,180803,1,4,4,2,1,1,3,4,2,3,1990,2,2
1991,6,180803,1,4,4,2,1,1,3,4,2,3,1990,2,2
1991,1,180804,1,2,2,2,1,1,3,4,2,3,1973,1,2
1991,2,180804,6,6,4,2,1,1,3,4,2,3,1991,2,2
1991,3,180804,6,2,2,2,1,1,3,4,2,3,1988,2,2
1991,4,180804,1,4,4,2,1,1,3,4,2,3,1986,2,2
1991,1,180805,1,5,6,2,3,3,3,4,2,3,1973,2,2
1991,1,180806,2,2,2,2,1,1,3,4,2,3,1985,2,2
1991,2,180806,7,2,2,2,4,2,3,2,2,3,9999,2,2
1991,1,180807,1,2,2,2,1,1,3,4,2,3,1984,2,2
1991,1,180808,2,2,2,2,1,1,3,4,2,3,1987,2,2
1991,1,180809,6,1,1,1,1,1,3,4,2,3,1987,2,1
1991,1,180810,9,2,2,2,1,1,3,4,2,3,1987,2,2
1991,1,180811,1,2,2,2,1,1,3,4,2,3,1985,2,2
1991,2,180811,1,5,5,2,1,1,3,4,2,3,1985,2,2
1991,1,180812,2,1,1,1,1,1,3,4,2,3,1972,1,1
1991,1,180813,1,4,4,1,1,1,3,4,1,3,1990,2,2
1991,1,180814,1,4,4,1,1,1,3,4,1,3,1986,2,2
1991,2,180814,2,4,4,2,1,1,3,4,2,3,1990,2,2
1991,1,180815,1,2,2,2,2,2,3,4,1,3,1989,2,2
1991,1,180816,4,2,2,1,1,1,3,4,2,3,1988,2,2
1991,2,180816,1,2,2,2,1,1,3,4,2,3,1986,2,2
1991,1,180817,2,2,2,2,1,1,3,4,2,3,1991,1,2
1991,2,180817,2,4,4,1,1,1,3,4,2,3,1990,2,2
1991,1,180818,1,2,2,2,1,1,3,4,2,3,1988,2,2
1991,2,180818,1,6,6,2,1,1,3,4,2,3,1988,2,2
1991,1,180819,1,2,2,1,1,1,3,4,1,3,1979,2,2
1991,2,180819,1,2,2,2,2,2,3,4,2,3,1974,2,2
1991,1,180820,1,2,2,2,1,1,3,4,2,3,1983,1,2
1991,1,180821,1,4,4,2,1,1,3,4,1,3,1985,2,2
1991,1,180822,1,2,2,2,1,1,3,4,2,3,1985,1,2
1991,2,180822,6,4,4,2,1,1,3,4,2,3,1985,2,2
1991,1,180823,2,5,5,2,1,1,3,4,2,3,1973,2,2
1991,1,180824,1,5,5,2,1,1,3,4,2,3,1986,1,2
1991,2,180824,6,4,4,2,1,1,3,4,2,3,1985,2,2
1991,1,180825,4,2,2,2,1,1,3,4,2,3,1986,2,2
1991,1,180826,1,2,2,2,1,1,3,4,2,3,1984,2,2
1991,1,180827,3,6,4,1,1,1,3,4,2,3,1986,1,2
1991,1,180828,1,3,3,2,1,1,3,4,2,3,1988,1,2
1991,2,180828,6,2,2,1,1,1,3,4,2,3,1987,2,2
1991,1,180829,1,3,3,2,1,1,3,4,1,3,1980,2,1
1991,1,180830,1,2,2,2,1,1,3,4,1,3,1981,2,2
1991,1,180831,4,2,2,2,1,1,3,4,2,3,1992,2,2
1991,1,180832,4,2,2,2,1,1,3,4,2,3,1987,2,2
1991,2,180832,1,2,2,2,1,1,3,4,2,3,1990,2,2
1991,3,180832,1,2,2,2,1,1,3,4,2,3,1983,2,2
1991,1,180833,1,2,2,1,1,1,3,4,1,3,1975,2,2
1991,2,180833,2,5,5,2,1,1,3,4,2,3,1985,2,2
1991,1,180834,3,2,2,2,1,1,3,4,2,3,1991,2,2
1991,2,180834,2,5,5,2,1,1,3,4,2,3,1989,2,2
1991,3,180834,1,4,4,2,1,1,3,4,2,3,1988,2,2
1991,1,180835,1,5,3,2,1,1,3,4,2,3,1984,2,2
1991,2,180835,1,5,5,2,1,1,3,4,2,3,1981,2,2
1991,1,180836,2,2,2,1,1,1,3,4,2,3,1985,2,2
1991,1,180837,2,2,2,2,1,1,3,4,2,3,1981,2,2
1991,2,180837,1,3,3,2,1,1,3,4,2,3,1983,2,2
1991,1,180838,1,3,3,2,1,1,3,4,2,3,1976,1,2
1991,1,180839,1,5,5,2,1,1,3,4,2,3,1973,1,2
1991,2,180839,2,2,2,2,1,1,3,4,2,3,1984,2,2
1991,1,180841,2,2,2,2,1,1,3,4,2,3,1983,1,2
1991,1,180842,3,2,6,1,1,1,3,4,1,3,1989,2,2
1991,2,180842,1,6,6,2,1,1,3,4,2,3,1991,2,2
1991,1,180843,2,2,2,1,2,2,3,4,2,3,1969,2,2
1991,1,180844,1,2,2,2,1,1,3,4,2,3,1986,2,2
1991,2,180844,1,3,3,1,1,1,3,4,2,3,1987,2,2
1991,1,180845,1,4,4,2,1,1,3,4,2,3,1987,2,2
1991,2,180845,1,2,2,2,1,1,3,4,1,3,1990,2,2
1991,1,180846,1,4,4,2,1,1,3,4,2,3,1987,2,2
1991,1,180847,2,1,1,1,1,1,3,4,2,3,1986,2,2
1991,1,180848,6,5,5,2,1,1,3,4,2,3,1982,2,2
1991,2,180848,4,2,2,2,1,1,3,4,2,3,1987,2,2
1991,1,180849,1,2,4,2,2,2,3,4,2,3,1989,2,2
1991,2,180849,6,5,5,2,1,1,3,4,2,3,1984,2,2
1991,3,180849,1,2,2,2,1,1,3,4,2,3,1986,2,2
1991,4,180849,1,5,5,2,1,1,3,4,2,3,1989,2,2
1991,1,180850,1,2,2,2,1,1,3,4,2,3,1990,2,2
1991,2,180850,1,2,2,2,1,1,3,4,2,3,1990,2,2
1991,1,180851,6,3,3,2,1,1,3,4,2,3,1988,2,2
1991,2,180851,1,6,6,2,1,1,3,4,2,3,1983,2,2
1991,1,180852,1,2,2,2,1,1,3,4,1,3,1980,2,2
1991,2,180852,1,2,2,2,1,1,3,4,2,3,1984,2,2
1991,1,180853,1,2,2,2,1,1,3,4,1,3,1987,2,2
1991,1,180854,1,2,2,2,1,1,3,4,1,3,1981,2,2
1991,2,180854,1,2,2,2,1,1,3,4,2,3,1979,2,2
1991,1,180855,1,3,3,2,1,1,3,4,2,3,1985,1,2
1991,2,180855,1,2,2,2,1,1,3,4,2,3,1988,2,2
1991,1,180856,4,2,2,2,2,2,3,4,2,3,1975,2,2
1991,1,180857,1,2,2,2,1,1,3,4,2,3,1987,2,2
1991,1,180858,1,2,2,2,1,1,3,4,2,3,1988,2,2
1991,1,180859,2,2,2,1,2,2,3,4,2,3,1991,1,2
1991,1,180860,4,2,6,2,1,1,3,4,2,3,1989,2,2
1991,1,180861,1,2,2,2,1,1,3,4,2,3,1988,2,1
1991,2,180861,2,2,2,1,1,1,3,4,2,3,1988,2,2
1991,1,180862,4,2,2,1,1,1,3,4,2,3,1991,2,1
1991,1,180863,1,2,2,2,1,1,3,4,2,3,1982,2,2
1991,2,180863,2,2,2,2,1,1,3,4,2,3,1979,2,2
1991,1,180864,6,1,1,1,2,2,3,4,2,3,1982,2,1
1991,1,180865,4,2,2,2,1,1,3,4,2,3,1978,2,2
1991,2,180865,1,5,5,2,1,1,3,4,2,3,1986,2,2
1991,1,180866,1,5,5,2,1,1,3,4,2,3,1981,2,2
1991,2,180866,2,2,2,2,1,1,3,4,2,3,1986,2,2
1991,1,180867,1,2,2,1,1,1,3,4,1,3,1979,1,2
1991,1,180868,1,2,2,2,1,1,3,4,2,3,1989,2,2
1991,2,180868,6,2,2,2,2,2,3,4,2,3,1988,2,2
1991,1,180869,2,2,2,2,1,1,3,4,2,3,1984,1,2
1991,2,180869,1,4,4,2,1,1,3,4,2,3,1973,2,2
1991,1,180870,2,2,2,2,1,1,3,4,2,3,1990,2,2
1991,1,180871,4,2,2,2,1,1,3,4,2,3,1989,2,2
1991,1,180872,1,2,2,2,1,1,3,4,2,3,1972,2,2
1991,1,180873,1,2,2,1,1,1,3,4,1,3,1983,1,2
1991,1,180874,1,5,5,2,1,1,3,4,2,3,1986,2,2
1991,2,180874,1,2,2,2,1,1,3,4,2,3,1989,2,2
1991,1,180875,2,2,2,1,2,2,3,4,2,3,1987,2,2
1991,1,180876,1,4,4,2,3,3,3,4,2,3,1985,2,2
1991,2,180876,1,2,2,2,1,1,3,4,2,3,1990,2,2
1991,3,180876,6,2,2,2,1,1,3,4,2,3,1989,2,2
1991,1,180877,1,4,4,2,1,1,3,4,2,3,1989,2,2
1991,1,180878,1,3,3,2,1,1,3,4,2,3,1991,2,2
1991,1,180879,1,2,2,1,1,1,3,4,1,3,1978,2,2
1991,1,180880,1,2,2,2,1,1,3,4,2,3,1977,2,2
1991,1,180881,1,2,2,2,1,1,3,4,2,3,1986,2,2
1991,2,180881,6,2,2,2,1,1,3,4,2,3,1988,2,2
1991,1,180882,2,2,2,2,1,1,3,4,2,3,1988,2,2
1991,1,180883,1,3,3,2,1,1,3,4,1,3,1985,2,2
1991,1,180884,4,5,5,2,1,1,3,4,2,3,1988,2,2
1991,2,180884,6,2,2,2,1,1,3,4,2,3,1988,2,2
1991,1,180885,1,2,2,2,1,1,3,4,1,3,1988,2,2
1991,1,180886,1,2,2,2,1,1,3,4,2,3,1985,1,2
1991,1,180887,1,2,2,2,1,1,3,4,2,3,1975,1,2
1991,1,180888,1,2,2,2,1,1,3,4,2,3,1984,2,2
1991,2,180888,1,2,2,2,1,1,3,4,2,3,1989,2,2
1991,1,180889,1,3,3,2,1,1,3,4,1,3,1978,2,2
1991,1,180890,1,5,5,1,2,2,3,4,1,3,1985,2,2
1991,1,180891,2,2,2,1,1,1,3,4,2,3,1989,2,2
1991,1,180892,2,2,2,2,1,1,3,4,2,3,1989,1,2
1991,1,180893,1,2,2,1,1,1,3,4,2,3,1985,2,2
1991,1,180894,1,2,2,2,1,1,3,4,2,3,1988,2,2
1991,1,180895,1,2,2,2,2,2,3,4,2,3,1988,2,2
1991,2,180895,6,2,4,2,1,1,3,4,2,3,1989,2,2
1991,1,180896,1,3,3,2,1,1,3,4,1,3,1982,2,2
1991,1,180897,2,2,2,1,1,1,3,4,2,3,1989,2,2
1991,2,180897,1,2,2,2,1,1,3,4,2,3,1986,2,2
1991,1,180898,1,3,3,1,2,2,3,4,1,3,1990,2,2
1991,1,180899,1,4,4,1,2,2,3,4,1,3,1981,2,2
1991,1,180900,9,7,7,2,3,3,3,4,2,3,9999,2,2
1991,1,180901,1,2,2,1,1,1,3,4,2,3,1986,2,2
1991,1,180902,6,2,2,2,1,1,3,4,2,3,1983,2,2
1991,2,180902,1,2,2,2,1,1,3,4,1,3,1989,1,2
1991,1,180903,2,2,2,1,1,1,3,4,1,3,1987,1,2
1991,1,180904,1,2,2,1,2,2,3,4,1,3,1991,1,2
1991,1,180905,3,2,2,2,1,1,3,4,1,3,1977,2,2
1991,1,180906,1,3,3,1,1,1,3,4,2,3,1980,2,2
1991,1,180907,1,2,2,2,1,1,3,4,1,3,1984,2,2
1991,2,180907,1,2,2,2,1,1,3,4,2,3,1978,2,2
1991,1,180908,1,2,4,1,1,1,3,4,2,3,1986,2,2
1991,1,180909,1,2,2,2,2,2,3,4,2,3,1977,2,2
1991,1,180910,1,2,2,2,1,1,3,4,2,3,1989,2,2
1991,2,180910,3,2,2,2,1,1,3,4,2,3,1989,2,2
1991,3,180910,2,2,2,2,1,1,3,4,2,3,1991,2,2
1991,1,180911,6,2,2,1,1,1,3,4,2,3,1985,1,2
1991,1,180912,1,2,2,1,1,1,3,4,1,3,1981,2,2
1991,1,180913,1,3,3,1,1,1,3,4,1,3,1989,2,2
1991,1,180914,1,2,2,2,1,1,3,4,2,3,1986,2,2
1991,1,180915,1,2,2,1,1,1,3,4,2,3,1985,2,2
1991,1,180916,2,2,2,2,1,1,3,4,2,3,1992,1,2
1991,1,180917,2,2,2,2,1,1,3,4,2,3,1987,1,2
1991,1,180918,2,2,2,2,1,1,3,4,2,3,1979,2,2
1991,2,180918,1,3,3,2,1,1,3,4,1,3,1982,2,2
1991,1,180919,1,2,2,2,1,1,3,4,2,3,1980,2,2
1991,1,180920,9,6,6,2,3,3,3,4,2,3,9999,1,2
1991,1,180921,1,4,4,2,1,1,3,4,2,3,1983,1,2
1991,2,180921,6,2,2,1,1,1,3,4,2,3,1989,2,2
1991,1,180922,7,2,2,2,4,1,3,1,1,3,1978,2,2
1991,1,180923,1,2,2,2,1,1,3,4,2,3,1987,2,2
1991,2,180923,1,3,3,2,1,1,3,4,2,3,1986,2,2
1991,1,180924,1,2,2,2,1,1,3,4,2,3,1987,2,2
1991,1,180925,4,2,2,2,1,1,3,4,2,3,1981,2,2
1991,2,180925,1,2,2,2,1,1,3,4,2,3,1978,2,2
1991,3,180925,1,2,2,2,1,1,3,4,2,3,1984,2,2
1991,1,180926,3,1,1,1,1,2,3,4,1,3,1990,2,2
1991,1,180927,1,2,2,2,1,1,3,4,2,3,1979,2,2
1991,2,180927,1,5,5,2,1,1,3,4,2,3,1981,2,2
1991,1,180928,1,3,3,2,1,1,3,4,2,3,1970,2,2
1991,2,180928,4,2,2,1,1,1,3,4,2,3,1983,2,2
1991,1,180929,1,3,3,2,1,1,3,4,2,3,1984,2,2
1991,1,180930,1,4,4,1,1,1,3,4,1,3,1973,2,2
1991,1,180931,1,2,2,2,1,1,3,4,2,3,1985,1,2
1991,2,180931,1,2,2,2,1,1,3,4,2,3,1987,2,2
1991,1,180932,2,1,1,1,1,1,3,4,1,3,1990,2,2
1991,1,180933,2,7,7,2,1,1,3,4,2,3,1975,2,2
1991,2,180933,2,2,2,2,1,1,3,4,2,3,1988,2,2
1991,1,180934,1,2,2,2,1,1,3,4,1,3,1991,2,2
1991,2,180934,1,2,2,2,1,1,3,4,2,3,1987,2,2
1991,1,180935,9,3,3,2,1,1,3,4,2,3,1983,2,2
1991,2,180935,4,2,2,1,1,1,3,4,2,3,1978,2,2
1991,1,180936,4,2,2,1,2,2,3,4,2,3,1984,1,2
1991,1,180938,1,6,6,1,1,1,3,4,1,3,1983,2,2
1991,1,180939,2,1,1,2,3,3,3,4,2,3,9999,2,2
1991,1,180940,2,2,2,1,1,1,3,4,1,3,1986,2,2
1991,1,180941,1,2,2,2,1,1,3,4,2,3,1988,2,2
1991,1,190001,1,3,2,2,1,1,3,4,2,3,1983,2,2
1991,1,190002,1,2,2,1,2,2,3,4,1,3,1988,2,2
1991,1,190003,2,2,2,1,1,1,3,4,2,3,1990,2,2
1991,2,190003,6,2,2,2,1,1,3,4,2,3,1985,2,2
1991,1,190004,1,2,2,2,1,1,3,4,2,3,1970,2,2
1991,1,190005,1,2,2,2,1,1,3,4,2,3,1988,2,2
1991,2,190005,1,2,2,2,1,1,3,4,2,3,1972,2,2
1991,1,190006,2,2,2,2,1,1,3,4,2,3,1989,2,2
1991,2,190006,1,3,3,2,1,1,3,4,2,3,1988,2,2
1991,1,190007,1,3,3,2,1,1,3,4,1,3,1986,2,2
1991,2,190007,1,2,2,2,1,1,3,4,2,3,1986,2,2
1991,1,190008,1,2,2,2,1,1,3,4,2,3,1983,2,2
1991,2,190008,1,5,5,2,2,2,3,4,2,3,1989,2,2
1991,1,190009,1,2,2,2,1,1,3,4,2,3,1982,2,2
1991,2,190009,1,2,2,2,1,1,3,4,2,3,1986,2,2
1991,1,190010,1,2,2,2,2,2,3,4,2,3,1977,2,2
1991,2,190010,1,2,2,2,2,2,3,4,2,3,1982,2,2
1991,1,190011,1,1,1,2,1,1,3,4,2,3,1977,2,2
1991,1,190012,2,4,4,2,1,1,3,4,2,3,1985,2,2
1991,2,190012,1,2,2,2,1,1,3,4,1,3,1975,2,2
1991,1,190013,1,5,5,2,1,1,3,4,2,3,1974,2,2
1991,2,190013,1,2,2,2,1,1,3,4,2,3,1977,2,2
1991,1,190014,1,2,2,2,1,1,3,4,2,3,1985,2,2
1991,1,190015,6,2,2,2,1,1,3,4,2,3,1988,2,2
1991,2,190015,1,3,3,2,1,1,3,4,2,3,1983,2,2
1991,1,190016,2,2,2,2,3,3,3,4,2,3,1982,2,2
1991,2,190016,2,2,2,2,1,1,3,4,2,3,1976,2,2
1991,1,190017,1,3,3,1,1,1,3,4,2,3,1984,2,2
1991,1,190018,1,2,2,2,1,1,3,4,2,3,1988,2,2
1991,2,190018,1,2,2,2,1,1,3,4,2,3,1977,2,2
1991,1,190019,6,4,4,2,1,1,3,4,2,3,1970,2,2
1991,1,190020,1,2,2,2,1,1,3,4,1,3,1981,2,2
1991,2,190020,6,4,4,2,1,1,3,4,2,3,1991,2,2
1991,1,190021,9,2,2,1,1,1,3,4,2,3,9999,2,2
1991,2,190021,3,2,2,2,1,1,3,4,2,3,1985,2,2
1991,1,190022,1,2,2,2,1,1,3,4,2,3,1985,2,2
1991,1,190023,2,2,2,2,1,1,3,4,2,3,1975,2,2
1991,1,190024,1,5,5,2,1,1,3,4,2,3,1989,2,2
1991,2,190024,1,2,2,2,1,1,3,4,2,3,1980,2,2
1991,1,190025,1,2,2,2,1,1,3,4,2,3,1981,2,2
1991,2,190025,1,2,2,2,2,2,3,4,2,3,1989,2,2
1991,1,190026,1,3,3,2,1,1,3,4,2,3,1983,2,2
1991,2,190026,1,2,2,2,1,1,3,4,2,3,1976,2,2
1991,1,190027,1,2,2,2,1,1,3,4,2,3,1980,2,2
1991,1,190028,8,2,2,2,1,1,3,4,2,1,1975,2,2
1991,1,190029,1,2,2,2,2,2,3,4,1,3,1979,2,2
1991,2,190029,2,2,2,2,1,1,3,4,2,3,1977,2,2
1991,1,190030,1,2,2,2,1,1,3,4,2,3,1976,2,2
1991,2,190030,1,2,2,2,1,1,3,4,2,3,1989,2,2
1991,1,190031,1,1,1,1,2,2,3,4,2,3,1980,2,2
1991,1,190032,1,1,1,1,1,1,3,4,1,3,1978,2,2
1991,1,190033,1,4,4,2,1,1,3,4,2,3,1989,2,2
1991,1,190034,1,5,5,2,2,2,3,4,2,3,1986,2,2
1991,1,190035,1,2,2,2,1,1,3,4,2,3,1987,2,2
1991,1,190036,4,2,2,2,1,1,3,4,2,3,1976,2,2
1991,2,190036,6,2,2,2,1,1,3,4,2,3,1990,2,2
1991,1,190037,2,1,1,1,2,2,3,4,2,3,1960,2,2
1991,1,190038,3,2,2,2,1,1,3,4,2,3,1991,2,2
1991,2,190038,1,3,3,2,1,1,3,4,2,3,1986,2,2
1991,1,190039,1,5,5,2,2,2,3,4,2,3,1979,2,2
1991,2,190039,1,2,2,2,1,1,3,4,2,3,1983,2,2
1991,1,190040,1,2,2,2,1,1,3,4,2,3,1979,2,2
1991,2,190040,1,3,3,1,1,1,3,4,2,3,1986,2,2
1991,1,190041,4,5,5,2,1,1,3,4,2,3,1985,2,2
1991,2,190041,6,2,2,2,1,1,3,4,2,3,1985,2,2
1991,1,190042,1,2,2,1,1,1,3,4,2,3,1978,2,2
1991,1,190043,1,2,2,1,1,1,3,4,2,3,1986,2,2
1991,1,190044,1,3,3,2,1,1,3,4,2,3,1986,2,2
1991,2,190044,6,2,2,2,1,1,3,4,2,3,1977,2,2
1991,1,190045,1,2,2,2,1,1,3,4,2,3,1978,2,2
1991,1,190046,1,1,1,1,2,2,3,4,2,3,1982,2,2
1991,1,190047,2,2,2,1,1,1,3,4,2,3,1987,2,2
1991,1,190048,1,2,2,2,1,1,3,4,2,3,1984,2,2
1991,2,190048,1,3,3,2,1,1,3,4,2,3,1979,2,2
1991,1,190049,2,1,1,1,1,1,3,4,2,3,1991,2,2
1991,1,190050,1,1,1,1,1,1,3,4,2,3,1983,2,2
1991,1,190051,1,2,2,2,1,1,3,4,2,3,1989,2,2
1991,1,190052,2,2,2,2,1,1,3,4,2,3,1989,2,2
1991,1,190053,9,2,2,2,2,1,3,4,1,3,1989,2,2
1991,2,190053,1,2,2,2,2,2,3,4,2,3,1981,2,2
1991,1,190054,1,1,1,1,1,1,3,4,2,3,1991,2,2
1991,1,190055,1,1,1,1,1,1,3,4,2,3,1982,2,2
1991,1,190056,6,2,2,1,1,1,3,4,2,3,1988,2,2
1991,1,190057,1,2,2,2,1,1,3,4,2,3,1979,2,2
1991,2,190057,1,2,2,2,2,2,3,4,2,3,1978,2,2
1991,1,190058,4,2,2,2,1,1,3,4,2,3,1985,2,2
1991,2,190058,1,3,3,2,1,1,3,4,2,3,1988,2,2
1991,1,190059,6,6,6,2,1,1,3,4,2,3,1972,2,2
1991,1,190060,1,2,2,1,2,2,3,4,2,3,1974,2,2
1991,2,190060,1,2,2,2,1,1,3,4,2,3,1987,2,2
1991,3,190060,1,2,2,2,1,1,3,4,2,3,1985,2,2
1991,1,190061,1,2,2,2,1,1,3,4,2,3,1986,1,2
1991,1,190062,1,5,5,2,1,1,3,4,2,3,1987,2,2
1991,2,190062,1,2,2,2,1,1,3,4,2,3,1973,2,2
1991,1,190063,1,3,3,2,1,1,3,4,1,3,1967,2,2
1991,2,190063,1,2,2,2,1,1,3,4,2,3,1984,2,2
1991,3,190063,1,2,2,2,1,1,3,4,2,3,1987,2,2
1991,1,190064,1,2,2,1,1,1,3,4,2,3,1978,2,2
1991,1,190065,4,2,2,2,1,1,3,4,2,3,1973,2,2
1991,2,190065,2,5,5,2,1,1,3,4,2,3,1985,2,2
1991,1,190066,2,1,1,1,1,1,3,4,2,3,1988,2,2
1991,1,190067,7,1,1,2,4,1,3,1,1,3,1982,2,2
1991,1,190068,1,5,5,2,2,2,3,4,2,3,1982,2,2
1991,1,190069,1,5,5,2,1,1,3,4,2,3,1990,2,2
1991,2,190069,2,2,2,2,1,1,3,4,2,3,1991,2,2
1991,1,190070,1,1,1,1,1,1,3,4,2,3,1987,2,2
1991,1,190071,2,2,2,1,1,1,3,4,1,3,1986,2,2
1991,1,190072,1,2,2,2,1,1,3,4,1,3,1977,2,2
1991,2,190072,1,3,3,2,1,1,3,4,2,3,1987,2,2
1991,1,190073,2,2,2,2,1,1,3,4,2,3,1984,2,2
1991,1,190074,7,4,4,2,4,1,3,1,2,3,1988,2,2
1991,2,190074,1,2,2,2,1,1,3,4,2,3,1990,1,2
1991,1,190075,6,2,4,2,1,1,3,4,2,3,1988,2,2
1991,2,190075,4,2,2,2,1,1,3,4,2,3,1991,2,2
1991,1,190076,1,3,3,2,1,1,3,4,2,3,1988,2,2
1991,2,190076,1,2,2,2,1,1,3,4,2,3,1984,2,2
1991,1,190077,1,3,3,2,1,1,3,4,2,3,1988,2,1
1991,1,190078,3,1,1,1,1,1,3,4,2,3,1987,2,2
1991,1,190079,1,2,2,2,1,1,3,4,2,3,1980,2,2
1991,1,190080,1,2,2,2,1,1,3,4,2,3,1980,2,2
1991,1,190081,6,2,5,2,1,1,3,4,2,3,1989,2,2
1991,2,190081,1,2,2,2,1,1,3,4,2,3,1991,2,2
1991,1,190082,1,1,1,1,1,1,3,4,2,3,1989,2,2
1991,1,190083,1,3,3,2,2,2,3,4,2,3,1974,2,2
1991,2,190083,1,2,2,2,1,1,3,4,2,3,1976,2,2
1991,1,190084,2,2,2,1,1,1,3,4,2,3,1970,2,2
1991,1,190085,1,2,2,2,1,1,3,4,2,3,1987,2,2
1991,2,190085,1,2,2,2,1,1,3,4,2,3,1987,2,2
1991,1,190086,1,2,2,2,1,1,3,4,2,3,1989,2,2
1991,1,190087,6,2,2,2,3,3,3,4,2,3,1983,2,2
1991,2,190087,6,2,2,2,1,1,3,4,2,3,1991,2,2
1991,3,190087,1,5,5,2,1,1,3,4,2,3,1978,2,2
1991,1,190088,1,2,2,1,1,1,3,4,2,3,1988,2,2
1991,1,190089,1,3,3,2,1,1,3,4,2,3,1980,2,2
1991,2,190089,3,2,2,2,1,1,3,4,2,3,1990,2,2
1991,1,190090,1,2,2,2,1,1,3,4,2,3,1983,2,2
1991,2,190090,2,2,2,2,1,1,3,4,2,3,1990,2,2
1991,1,190091,1,6,6,2,1,1,3,4,2,3,1986,2,2
1991,1,190092,2,1,1,2,2,2,3,4,2,3,1982,2,2
1991,1,190093,1,1,1,1,1,2,3,4,1,3,1989,2,2
1991,1,190094,2,2,2,1,1,1,3,4,2,3,1971,2,2
1991,2,190094,1,2,2,2,1,1,3,4,2,3,1990,2,2
1991,3,190094,1,2,2,2,1,1,3,4,2,3,1990,2,2
1991,1,190095,1,2,2,2,1,1,3,4,2,3,1974,2,2
1991,2,190095,6,2,2,2,1,1,3,4,2,3,1986,2,2
1991,1,190096,1,2,2,2,1,1,3,4,1,3,1984,2,2
1991,1,190097,1,2,2,2,1,1,3,4,2,3,1990,2,2
1991,1,190098,7,1,1,2,4,1,3,1,2,3,1983,2,2
1991,1,190099,2,1,1,2,1,1,3,4,2,3,1978,1,2
1991,1,190100,1,2,2,2,1,1,3,4,2,3,1981,2,2
1991,1,190101,1,3,3,2,1,1,3,4,2,3,1986,2,2
1991,2,190101,2,2,2,2,1,1,3,4,2,3,1990,2,2
1991,1,190102,1,3,3,2,1,1,3,4,2,3,1980,1,2
1991,2,190102,2,2,2,2,1,1,3,4,2,3,1979,2,2
1991,1,190103,1,2,2,2,1,1,3,4,2,3,1981,2,2
1991,1,190104,1,2,2,2,1,1,3,4,2,3,1979,2,1
1991,1,190105,1,2,2,2,1,1,3,4,2,3,1985,2,2
1991,1,190106,7,2,2,2,4,2,3,2,1,3,1989,2,2
1991,2,190106,1,4,4,2,1,1,3,4,2,3,1982,2,2
1991,1,190107,1,2,2,2,1,1,3,4,2,3,1990,2,2
1991,2,190107,6,6,6,2,1,1,3,4,2,3,1989,2,2
1991,1,190108,6,2,2,2,1,1,3,4,2,3,1989,2,2
1991,1,190109,9,7,7,2,3,3,3,4,2,3,9999,2,2
1991,1,190110,1,2,2,2,1,1,3,4,2,3,1988,1,1
1991,1,190111,1,1,1,1,1,1,3,4,2,3,1978,2,2
1991,1,190112,1,2,2,2,1,1,3,4,2,3,1984,2,2
1991,2,190112,1,2,2,2,1,1,3,4,2,3,1986,2,2
1991,1,190113,1,2,2,2,1,1,3,4,2,3,1978,2,2
1991,2,190113,1,3,3,1,1,1,3,4,2,3,1977,2,2
1991,1,190114,1,5,5,2,1,1,3,4,2,3,1990,2,2
1991,2,190114,6,2,2,2,1,1,3,4,2,3,1984,2,2
1991,1,190115,1,2,2,2,1,1,3,4,1,3,1979,2,2
1991,2,190115,1,4,4,2,1,1,3,4,2,3,1980,2,2
1991,3,190115,1,4,4,2,1,1,3,4,2,3,1985,2,2
1991,4,190115,1,4,4,2,1,1,3,4,2,3,1989,2,2
1991,5,190115,1,4,4,2,1,1,3,4,2,3,1990,2,2
1991,1,190116,1,1,1,1,1,1,3,4,2,3,1987,2,2
1991,1,190117,1,2,2,2,1,1,3,4,1,3,1989,2,2
1991,1,190118,1,2,2,1,1,1,3,4,2,3,1983,2,2
1991,2,190118,1,2,2,2,1,1,3,4,2,3,1983,2,2
1991,1,190119,9,3,2,2,1,1,3,4,2,3,9999,2,2
1991,2,190119,6,2,2,1,1,1,3,4,2,3,1984,2,2
1991,1,190120,6,5,5,2,2,2,3,4,2,3,1968,2,2
1991,1,190121,1,2,2,2,1,1,3,4,2,3,1990,2,2
1991,2,190121,2,2,2,2,1,1,3,4,2,3,1972,2,2
1991,3,190121,1,2,2,2,1,1,3,4,2,3,1989,2,2
1991,1,190122,7,2,2,2,4,1,3,1,2,3,1989,1,2
1991,2,190122,1,4,4,2,1,1,3,4,2,3,1986,2,2
1991,1,190123,1,1,1,1,1,1,3,4,2,3,1981,2,2
1991,1,190124,2,3,3,2,1,1,3,4,1,3,1978,2,2
1991,1,190125,2,1,1,1,1,1,3,4,1,3,1966,2,2
1991,1,190126,1,2,2,2,1,1,3,4,2,3,1977,2,2
1991,2,190126,6,2,2,2,1,1,3,4,2,3,1987,2,2
1991,1,190127,1,5,5,2,1,1,3,4,2,3,1986,1,2
1991,2,190127,1,2,2,2,1,1,3,4,2,3,1979,2,2
1991,1,190128,1,5,5,2,1,1,3,4,2,3,1976,2,2
1991,2,190128,3,2,2,1,1,1,3,4,2,3,1984,2,2
1991,1,190129,1,3,3,2,1,1,3,4,2,3,1980,2,2
1991,2,190129,3,2,2,2,1,1,3,4,2,3,1991,2,2
1991,1,190131,7,1,1,2,4,1,3,1,2,3,1972,2,2
1991,1,190132,1,1,1,1,3,3,3,4,2,3,1990,2,2
1991,1,190133,7,2,2,2,4,1,3,1,2,3,1983,2,2
1991,1,190134,9,1,1,1,1,1,3,4,2,3,9999,1,2
1991,1,190135,1,3,3,2,1,1,3,4,2,3,1986,2,2
1991,2,190135,2,2,2,2,1,1,3,4,2,3,1981,2,2
1991,1,190136,6,2,2,2,1,1,3,4,2,3,1990,2,2
1991,2,190136,9,4,4,2,1,1,3,4,2,3,9999,2,2
1991,1,190137,1,3,3,2,1,1,3,4,2,3,1989,2,2
1991,2,190137,1,2,2,2,1,1,3,4,2,3,1968,2,2
1991,1,190138,2,6,6,2,2,2,3,4,2,3,1977,1,2
1991,1,190139,4,2,2,2,1,1,3,4,2,3,1980,2,2
1991,1,190140,9,1,1,1,1,1,3,4,2,3,9999,2,2
1991,1,190141,2,3,2,2,1,1,3,4,2,3,1984,2,2
1991,2,190141,2,2,2,2,1,1,3,4,2,3,1988,2,2
1991,1,190142,1,2,2,2,1,1,3,4,2,3,1980,2,2
1991,2,190142,2,2,2,2,1,1,3,4,2,3,1986,2,2
1991,1,190143,1,5,5,2,1,1,3,4,2,3,1991,2,2
1991,2,190143,1,2,2,2,1,1,3,4,2,3,1990,2,2
1991,3,190143,3,4,4,2,1,1,3,4,2,3,1984,2,2
1991,1,190144,3,2,2,2,1,1,3,4,2,3,1991,2,2
1991,1,190145,1,5,5,2,1,1,3,4,2,3,1989,2,2
1991,2,190145,1,2,2,2,1,1,3,4,2,3,1976,2,2
1991,1,190146,1,2,2,2,2,2,3,4,2,3,1988,2,2
1991,2,190146,6,2,2,2,1,1,3,4,2,3,1989,2,2
1991,1,190147,1,2,2,2,1,1,3,4,2,3,1984,2,1
1991,1,190148,2,1,1,1,1,1,3,4,2,3,1977,2,2
1991,1,190149,2,1,1,2,1,1,3,4,1,3,1975,2,2
1991,1,190150,1,2,2,1,1,1,3,4,2,3,1984,2,2
1991,1,190151,1,2,2,2,1,1,3,4,2,3,1984,2,2
1991,2,190151,1,5,5,2,1,1,3,4,2,3,1981,2,2
1991,1,190152,1,2,2,2,1,1,3,4,2,3,1986,1,2
1991,2,190152,2,2,2,1,1,1,3,4,2,3,1987,2,2
1991,1,190153,6,2,2,1,1,1,3,4,2,3,1986,2,2
1991,2,190153,1,3,3,2,1,1,3,4,2,3,1984,2,2
1991,1,190154,1,3,3,2,1,1,3,4,2,3,1985,2,2
1991,2,190154,6,2,2,2,1,1,3,4,2,3,1981,2,2
1991,1,190155,1,2,2,2,1,1,3,4,2,3,1980,2,2
1991,2,190155,1,3,3,2,1,1,3,4,2,3,1985,2,2
1991,1,190156,7,1,1,2,4,1,3,1,2,3,1989,2,2
1991,1,190157,1,2,2,2,2,2,3,4,2,3,1979,2,2
1991,2,190157,1,2,2,2,1,1,3,4,2,3,1986,2,2
1991,1,190158,1,2,2,1,1,1,3,4,2,3,1984,2,2
1991,1,190159,1,2,2,2,1,1,3,4,2,3,1980,2,2
1991,1,190160,7,3,2,2,4,2,3,2,2,3,1984,2,2
1991,1,190161,9,2,2,1,1,1,3,4,2,3,1963,2,2
1991,1,190162,1,2,2,2,1,1,3,4,2,3,1985,2,2
1991,2,190162,6,3,3,1,1,1,3,4,2,3,1989,2,2
1991,1,190163,1,2,2,2,1,1,3,4,1,3,1991,2,2
1991,2,190163,7,4,4,2,4,1,3,1,2,3,1991,2,2
1991,1,190164,1,2,2,2,1,1,3,4,2,3,1986,2,2
1991,2,190164,1,3,3,2,1,1,3,4,2,3,1990,2,2
1991,1,190165,7,2,2,2,4,2,3,2,1,3,1990,2,2
1991,2,190165,1,5,5,2,2,2,3,4,2,3,1974,2,2
1991,1,190166,4,1,1,1,1,1,3,4,2,3,1980,2,2
1991,1,190167,7,2,2,2,4,1,3,1,2,3,1978,2,2
1991,1,190168,2,1,1,1,1,1,3,4,2,3,1976,2,2
1991,1,190169,2,2,2,2,2,2,3,4,2,3,1958,2,2
1991,2,190169,7,5,5,2,4,2,3,2,1,3,1991,2,2
1991,1,190170,4,1,1,1,1,1,3,4,2,3,1979,2,2
1991,1,190171,6,2,2,1,1,2,3,4,2,3,1989,2,2
1991,1,190172,1,1,1,1,1,1,3,4,2,3,1989,2,2
1991,1,190173,3,2,2,2,1,1,3,4,2,3,1976,2,2
1991,2,190173,1,5,5,2,1,1,3,4,2,3,1979,2,2
1991,1,190174,6,2,2,1,1,1,3,4,2,3,1979,2,1
1991,1,190175,7,2,2,2,4,1,3,1,2,3,1981,2,2
1991,2,190175,2,5,5,2,2,2,3,4,2,3,1989,2,2
1991,1,190176,1,2,2,2,1,1,3,4,2,3,1986,2,1
1991,2,190176,6,5,5,2,1,1,3,4,2,3,1978,2,2
1991,1,190177,1,1,1,1,1,1,3,4,2,3,1984,2,2
1991,1,190178,1,3,3,2,1,1,3,4,2,3,1984,2,2
1991,2,190178,1,2,2,2,1,1,3,4,2,3,1985,2,2
1991,1,190179,2,2,2,2,1,1,3,4,2,3,1978,2,2
1991,2,190179,6,2,2,2,1,1,3,4,2,3,1989,2,2
1991,1,190180,9,7,7,2,3,3,3,4,2,3,9999,2,2
1991,1,190181,1,2,2,2,1,1,3,4,2,3,1989,2,2
1991,1,190182,1,5,5,2,1,1,3,4,2,3,1983,2,2
1991,2,190182,4,2,2,2,1,1,3,4,2,3,1990,2,2
1991,1,190183,7,4,4,2,4,1,3,1,2,3,1984,2,2
1991,2,190183,6,6,6,2,1,1,3,4,2,3,1976,2,2
1991,1,190184,1,2,2,2,1,1,3,4,2,3,1978,2,2
1991,2,190184,2,2,2,2,2,2,3,4,2,3,1988,2,2
1991,1,190185,3,1,1,1,1,1,3,4,1,3,1979,2,2
1991,1,190186,2,2,2,2,1,1,3,4,2,3,1984,2,2
1991,2,190186,2,5,5,2,1,1,3,4,2,3,1990,2,2
1991,1,190187,2,2,2,1,1,1,3,4,2,3,1990,2,2
1991,1,190188,2,4,4,2,1,1,3,4,2,3,1978,2,2
1991,2,190188,6,2,2,2,1,1,3,4,2,3,1989,2,2
1991,1,190189,1,2,2,1,2,2,3,4,2,3,1991,2,2
1991,2,190189,3,2,2,2,1,1,3,4,2,3,1983,2,2
1991,1,190190,1,2,2,1,1,1,3,4,2,3,1979,2,2
1991,1,190191,1,2,2,2,1,1,3,4,2,3,1980,1,2
1991,2,190191,1,3,3,1,1,1,3,4,2,3,1985,2,2
1991,1,190192,1,2,2,2,2,2,3,4,2,3,1982,2,2
1991,1,190193,1,1,1,1,1,1,3,4,2,3,1982,2,2
1991,1,190194,1,3,3,1,1,1,3,4,1,3,1979,2,2
1991,1,190195,6,4,4,2,1,1,3,4,2,3,1985,2,2
1991,2,190195,6,2,2,2,1,1,3,4,2,3,1979,1,2
1991,3,190195,1,2,2,2,1,1,3,4,2,3,1990,2,2
1991,1,190196,3,1,1,1,1,1,3,4,2,3,1984,2,2
1991,1,190197,2,1,1,2,1,1,3,4,2,3,1973,2,2
1991,1,190198,1,1,1,1,1,1,3,4,1,3,1979,2,2
1991,1,190199,1,3,3,2,1,1,3,4,2,3,1984,2,2
1991,1,190200,3,2,2,1,1,1,3,4,2,3,1984,2,2
1991,1,190201,1,3,3,2,1,1,3,4,2,3,1984,2,2
1991,2,190201,1,2,2,2,1,1,3,4,2,3,1982,2,2
1991,1,190202,7,2,2,2,4,1,3,1,2,3,1979,2,2
1991,1,190203,6,2,2,2,1,1,3,4,2,3,1988,2,2
1991,2,190203,1,5,5,2,1,1,3,4,2,3,1979,2,2
1991,1,190204,1,3,3,1,1,1,3,4,1,3,1984,2,2
1991,1,190205,7,2,2,2,4,1,3,1,1,3,1978,2,2
1991,1,190206,2,2,2,2,1,1,3,4,2,3,1984,2,2
1991,2,190206,1,5,5,1,1,1,3,4,2,3,1982,2,2
1991,1,190207,2,2,2,2,1,1,3,4,2,3,1988,2,2
1991,1,190208,7,2,2,2,4,1,3,1,2,3,1978,2,2
1991,1,190209,2,4,4,2,1,1,3,4,2,3,1977,2,2
1991,2,190209,7,2,2,2,4,2,3,2,1,3,1986,2,2
1991,1,190210,7,2,2,2,4,1,3,1,2,3,1979,1,2
1991,2,190210,2,3,3,2,1,1,3,4,2,3,1990,1,2
1991,1,190211,4,1,1,1,1,1,3,4,2,3,1978,2,2
1991,1,190212,2,2,2,2,1,1,3,4,2,3,1990,2,2
1991,1,190213,7,1,1,2,4,2,3,2,2,3,1990,2,2
1991,1,190214,1,2,2,2,1,1,3,4,2,3,1979,2,2
1991,2,190214,1,2,2,2,1,1,3,4,2,3,1989,2,2
1991,1,190215,1,2,2,2,1,1,3,4,2,3,1987,2,2
1991,2,190215,6,2,2,2,1,1,3,4,2,3,1979,2,2
1991,1,190216,9,2,2,1,1,1,3,4,2,3,1981,2,2
1991,1,190217,1,2,2,2,1,1,3,4,1,3,1977,2,2
1991,2,190217,1,4,4,1,1,1,3,4,2,3,1983,2,2
1991,1,190218,1,2,2,2,2,2,3,4,2,3,1988,2,2
1991,2,190218,1,2,2,2,1,1,3,4,2,3,1984,2,2
1991,1,190219,1,2,2,2,2,2,3,4,2,3,1979,2,2
1991,2,190219,2,2,2,2,1,1,3,4,2,3,1980,2,2
1991,1,190220,4,2,2,2,1,1,3,4,2,3,1979,2,2
1991,1,190221,9,1,1,1,1,1,3,4,2,3,9999,2,2
1991,1,190222,1,1,1,1,1,1,3,4,2,3,1987,2,2
1991,1,190223,1,2,2,2,1,1,3,4,2,3,1988,2,2
1991,2,190223,1,4,4,2,1,1,3,4,2,3,1984,2,2
1991,3,190223,6,2,2,2,1,1,3,4,2,3,1980,2,2
1991,1,190224,1,1,1,1,1,1,3,4,1,3,1979,2,2
1991,1,190225,9,7,7,2,3,3,3,4,2,3,9999,2,2
1991,1,190226,6,2,2,2,1,1,3,4,2,3,1978,2,2
1991,2,190226,6,2,2,2,2,2,3,4,2,3,1975,2,2
1991,1,190227,1,1,1,1,1,1,3,4,2,3,1980,2,2
1991,1,190228,9,1,1,1,1,1,3,4,2,3,1964,2,2
1991,1,190229,1,2,2,2,2,2,3,4,1,3,1981,2,2
1991,1,190230,1,2,2,2,1,1,3,4,2,3,1981,2,2
1991,1,190231,7,2,2,2,4,2,3,2,2,3,1978,2,2
1991,1,190232,2,3,3,2,1,1,3,4,2,3,1975,2,1
1991,1,190233,8,2,2,2,1,1,3,4,2,3,1978,2,2
1991,2,190233,1,3,4,2,1,1,3,4,2,3,1979,2,2
1991,1,190234,1,6,6,2,1,1,3,4,2,3,1989,2,2
1991,1,190235,1,1,1,1,1,1,3,4,2,3,1976,2,2
1991,1,190236,6,1,1,1,1,1,3,4,2,3,1986,2,2
1991,1,190237,1,1,1,1,1,1,3,4,2,3,1980,2,2
1991,1,190238,1,2,2,2,1,1,3,4,2,3,1989,2,2
1991,2,190238,4,2,2,1,1,1,3,4,2,3,1988,2,2
1991,1,190239,1,2,2,2,1,1,3,4,2,3,1979,2,2
1991,2,190239,2,2,2,2,2,2,3,4,2,3,1989,2,2
1991,1,190240,1,2,2,1,1,1,3,4,2,3,1979,2,2
1991,1,190241,2,2,2,2,1,1,3,4,1,3,1989,2,2
1991,2,190241,7,2,2,2,4,2,3,2,2,3,1975,2,2
1991,1,190242,1,1,1,1,2,2,3,4,2,3,1989,2,2
1991,1,190243,2,3,3,1,1,1,3,4,2,3,1988,2,2
1991,1,190244,1,2,2,2,1,1,3,4,2,3,1987,2,2
1991,2,190244,6,5,5,2,1,1,3,4,2,3,1988,2,2
1991,1,190245,1,2,2,2,1,1,3,4,2,3,1985,2,2
1991,2,190245,6,2,2,1,1,1,3,4,2,3,1978,2,2
1991,1,190246,3,2,2,1,1,1,3,4,2,3,1986,2,2
1991,1,190247,2,1,1,1,1,1,3,4,2,3,1989,2,2
1991,1,190248,1,1,1,1,1,1,3,4,2,3,1978,2,2
1991,1,190249,4,2,2,2,1,1,3,4,2,3,1990,2,2
1991,2,190249,1,2,2,2,1,1,3,4,2,3,1989,2,2
1991,3,190249,4,2,2,2,1,1,3,4,2,3,1988,2,2
1991,4,190249,4,4,4,2,1,1,3,4,2,3,1969,2,2
1991,1,190250,9,7,7,2,3,3,3,4,2,3,9999,2,2
1991,1,190251,6,2,2,2,1,1,3,4,2,3,1974,2,2
1991,2,190251,2,2,2,2,1,1,3,4,2,3,1980,2,2
1991,1,190252,1,4,4,2,1,1,3,4,2,3,1982,2,2
1991,2,190252,7,2,2,2,4,2,3,2,1,3,1980,2,2
1991,1,190253,1,3,3,2,1,1,3,4,2,3,1990,2,2
1991,2,190253,1,2,2,2,1,1,3,4,2,3,1990,2,2
1991,1,190254,7,2,2,2,4,1,3,1,2,3,1985,2,2
1991,1,190255,1,3,3,2,1,1,3,4,2,3,1983,2,2
1991,2,190255,7,2,2,2,4,1,3,1,2,3,1987,2,2
1991,1,190256,2,1,1,1,1,1,3,4,2,3,1974,2,2
1991,1,190257,1,2,2,2,2,2,3,4,2,3,1980,2,2
1991,2,190257,7,5,5,2,4,1,3,1,2,3,1986,2,2
1991,1,190258,7,1,1,2,4,1,3,1,2,3,1991,2,2
1991,1,190259,1,2,2,2,1,1,3,4,2,3,1988,2,2
1991,2,190259,2,3,3,2,1,1,3,4,2,3,1989,2,2
1991,3,190259,1,2,2,2,1,1,3,4,2,3,1978,2,2
1991,1,190260,2,1,1,1,1,1,3,4,2,3,1979,1,2
1991,1,190261,1,2,2,2,1,1,3,4,2,3,1981,1,2
1991,1,190262,1,2,2,1,1,1,3,4,2,3,1986,2,2
1991,1,190263,1,6,6,1,2,2,3,4,1,3,1980,2,2
1991,1,190264,2,2,2,1,1,1,3,4,2,3,1988,2,2
1991,1,190265,1,2,2,2,2,2,3,4,2,3,1982,2,2
1991,2,190265,7,3,3,2,4,1,3,1,2,3,1983,2,2
1991,3,190265,1,2,2,2,1,1,3,4,2,3,1986,2,2
1991,1,190266,1,2,2,2,1,1,3,4,2,3,1968,2,2
1991,2,190266,2,2,2,2,1,1,3,4,2,3,1986,2,2
1991,1,190267,7,2,2,2,4,1,3,1,2,3,1988,2,2
1991,1,190268,5,1,1,1,1,1,3,4,2,3,1984,2,2
1991,1,190269,1,2,2,2,1,1,3,4,2,3,1989,2,2
1991,2,190269,1,2,2,2,1,1,3,4,2,3,1981,2,2
1991,1,190270,7,1,1,2,4,1,3,1,1,3,1984,2,2
1991,1,190271,6,2,2,2,1,1,3,4,2,3,1989,2,2
1991,2,190271,1,2,2,2,1,1,3,4,2,3,1985,2,2
1991,1,190272,7,2,2,2,4,1,3,1,2,3,1974,2,2
1991,1,190273,1,3,3,2,1,1,3,4,2,3,1979,2,2
1991,2,190273,9,2,2,2,1,1,3,4,2,3,1987,2,2
1991,1,190274,1,1,1,2,2,2,3,4,1,3,1979,2,2
1991,1,190275,6,3,3,2,1,1,3,4,2,3,1990,1,2
1991,1,190276,1,2,2,2,1,1,3,4,2,3,1991,2,2
1991,1,190277,1,2,2,2,1,1,3,4,2,3,1985,2,2
1991,1,190278,2,2,2,2,1,1,3,4,2,3,1990,2,2
1991,2,190278,1,5,5,2,1,1,3,4,2,3,1986,2,2
1991,1,190279,5,2,2,2,1,1,3,4,2,3,1985,1,2
1991,1,190280,1,2,2,2,1,1,3,4,2,3,1988,2,2
1991,2,190280,1,3,3,2,1,1,3,4,2,3,1988,1,2
1991,1,190281,3,6,6,2,1,1,3,4,2,3,1988,2,2
1991,1,190282,7,2,2,2,4,2,3,2,1,3,1980,2,2
1991,1,190283,5,2,2,2,1,1,3,4,2,3,1968,2,2
1991,1,190284,1,2,2,2,1,1,3,4,2,3,1983,2,2
1991,1,190285,1,3,3,2,1,1,3,4,2,3,1986,2,2
1991,1,190286,7,6,6,2,4,2,3,2,1,3,1991,2,2
1991,1,190287,1,2,2,2,1,1,3,4,2,3,1983,2,2
1991,2,190287,1,5,5,2,1,1,3,4,2,3,1986,2,2
1991,1,190288,9,2,2,1,1,1,3,4,2,3,1975,2,2
1991,2,190288,2,5,5,1,1,1,3,4,2,3,1986,2,2
1991,1,190289,1,2,2,2,1,1,3,4,2,3,1984,2,2
1991,1,190290,4,2,2,1,1,1,3,4,2,3,1976,2,2
1991,1,190291,6,3,3,2,1,1,3,4,2,3,1974,2,2
1991,2,190291,2,2,2,2,1,1,3,4,2,3,1986,2,2
1991,1,190292,1,3,3,2,1,1,3,4,2,3,1982,2,2
1991,2,190292,6,2,2,2,1,1,3,4,2,3,1973,2,2
1991,1,190293,1,2,2,2,1,1,3,4,2,3,1978,2,2
1991,1,190294,1,1,1,1,3,3,3,4,2,3,1987,2,2
1991,1,190295,2,2,2,2,1,1,3,4,2,3,1975,2,2
1991,1,190296,1,5,5,2,1,1,3,4,2,3,1986,2,2
1991,2,190296,1,2,2,1,2,2,3,4,2,3,1979,2,2
1991,1,190297,6,2,2,2,1,1,3,4,2,3,1989,2,2
1991,1,190298,3,1,1,1,1,1,3,4,2,3,1984,2,2
1991,1,190299,6,2,2,2,1,1,3,4,2,3,1984,2,2
1991,2,190299,1,5,5,2,1,1,3,4,2,3,1987,2,2
1991,1,190300,6,2,2,2,1,1,3,4,1,3,1986,2,2
1991,2,190300,1,2,2,2,1,1,3,4,2,3,1985,2,2
1991,3,190300,1,2,2,2,1,1,3,4,2,3,1988,2,2
1991,4,190300,1,2,2,2,1,1,3,4,2,3,1983,2,2
1991,1,190301,2,2,2,2,1,1,3,4,2,3,1990,2,2
1991,2,190301,1,5,5,2,1,1,3,4,2,3,1980,2,2
1991,1,190302,2,3,3,2,1,1,3,4,2,3,1989,2,2
1991,2,190302,6,2,2,2,1,1,3,4,2,3,1982,2,2
1991,1,190303,2,2,2,2,1,1,3,4,2,3,1987,2,2
1991,1,190304,1,1,1,1,1,1,3,4,2,3,1984,2,2
1991,1,190305,1,2,2,2,1,1,3,4,2,3,1983,2,2
1991,1,190306,4,2,2,2,2,2,3,4,2,3,1976,1,2
1991,1,190307,1,2,2,2,1,1,3,4,1,3,1987,2,2
1991,1,190308,1,2,2,2,2,2,3,4,2,3,1981,2,2
1991,2,190308,8,2,2,2,1,1,3,4,2,1,1984,2,2
1991,1,190309,9,1,1,1,2,1,3,4,2,3,9999,2,2
1991,1,190310,1,3,3,1,1,1,3,4,2,3,1984,2,2
1991,2,190310,1,2,2,2,1,1,3,4,2,3,1984,2,2
1991,1,190311,7,2,2,2,4,2,3,2,2,3,1982,1,2
1991,2,190311,9,6,6,2,1,1,3,4,2,3,1975,1,2
1991,1,190312,1,2,2,2,1,1,3,4,2,3,1962,2,2
1991,1,190313,2,4,4,1,1,1,3,4,2,3,1984,2,2
1991,1,190314,6,1,1,2,1,1,3,4,2,3,1990,2,2
1991,1,190315,1,1,1,1,1,1,3,4,2,3,1981,2,2
1991,1,190316,1,1,1,1,1,1,3,4,2,3,1979,2,2
1991,1,190317,7,1,1,2,4,2,3,2,1,3,1985,2,2
1991,1,190318,2,2,2,2,1,1,3,4,2,3,1979,2,2
1991,2,190318,1,5,5,2,1,1,3,4,2,3,1969,2,2
1991,1,190319,1,1,1,1,1,1,3,4,1,3,1984,2,2
1991,1,190320,3,2,2,1,1,1,3,4,2,3,1989,2,2
1991,1,190321,6,2,2,2,1,1,3,4,2,3,1977,2,2
1991,2,190321,1,3,3,2,1,1,3,4,2,3,1979,2,2
1991,1,190322,1,2,2,2,1,1,3,4,2,3,1984,2,2
1991,2,190322,1,2,2,2,1,1,3,4,2,3,1981,2,2
1991,1,190323,1,2,2,2,1,1,3,4,2,3,1985,1,2
1991,1,190324,1,2,2,1,2,2,3,4,2,3,1976,2,2
1991,1,190325,1,5,5,2,1,1,3,4,2,3,1989,2,2
1991,2,190325,6,2,2,2,1,1,3,4,2,3,1986,2,2
1991,1,190326,1,2,2,2,1,1,3,4,2,3,1981,2,2
1991,2,190326,1,3,3,2,1,1,3,4,2,3,1991,2,2
1991,1,190327,1,5,5,2,1,1,3,4,2,3,1987,2,2
1991,2,190327,1,2,2,2,1,1,3,4,2,3,1987,2,2
1991,1,190328,1,4,4,2,2,2,3,4,2,3,1985,2,2
1991,2,190328,3,2,2,2,1,1,3,4,2,3,1986,1,2
1991,3,190328,1,2,2,2,1,1,3,4,2,3,1980,2,2
1991,1,190329,7,6,6,2,4,2,3,2,2,3,1982,1,2
1991,1,190330,3,2,2,2,1,1,3,4,2,3,1978,2,2
1991,1,190331,7,2,2,2,4,1,3,1,1,3,1957,2,2
1991,1,190332,1,4,4,2,1,1,3,4,2,3,1979,2,2
1991,2,190332,6,2,2,2,1,1,3,4,2,3,1987,2,2
1991,1,190333,4,1,1,1,1,1,3,4,2,3,1986,2,2
1991,1,190334,1,2,2,2,1,1,3,4,2,3,1985,2,2
1991,1,190335,2,1,1,1,1,1,3,4,2,3,1973,2,2
1991,1,190336,1,2,2,2,1,1,3,4,2,3,1979,2,2
1991,2,190336,2,2,2,2,1,1,3,4,2,3,1980,2,2
1991,1,190337,4,2,2,2,1,1,3,4,2,3,1986,1,2
1991,1,190338,3,2,2,2,1,1,3,4,1,3,1990,1,2
1991,1,190339,1,3,3,2,1,1,3,4,2,3,1982,2,2
1991,1,190340,1,2,2,2,1,1,3,4,2,3,1984,2,2
1991,2,190340,1,2,2,2,1,1,3,4,2,3,1989,2,2
1991,1,190341,6,2,2,2,1,1,3,4,2,3,1978,2,2
1991,2,190341,6,2,2,2,1,1,3,4,2,3,1987,2,2
1991,1,190342,1,5,5,2,1,1,3,4,2,3,1979,2,2
1991,2,190342,2,2,2,2,1,1,3,4,2,3,1979,2,2
1991,1,190343,2,2,2,2,1,1,3,4,2,3,1987,2,2
1991,2,190343,1,5,5,2,1,1,3,4,2,3,1981,2,2
1991,1,190344,3,2,2,2,1,1,3,4,2,3,1985,2,2
1991,2,190344,1,2,2,2,1,1,3,4,2,3,1985,2,2
1991,1,190345,2,2,2,2,1,1,3,4,2,3,1990,2,1
1991,2,190345,1,2,2,2,1,1,3,4,2,3,1991,2,2
1991,1,190346,2,4,4,1,1,1,3,4,2,3,1986,2,2
1991,1,190347,1,1,1,1,1,1,3,4,1,3,1984,2,2
1991,1,190348,7,2,2,2,4,2,3,2,1,3,1989,2,2
1991,1,190349,1,2,2,2,1,1,3,4,2,3,1987,1,2
1991,2,190349,1,2,2,2,1,1,3,4,2,3,1988,2,2
1991,3,190349,3,2,2,2,1,1,3,4,2,3,1989,2,2
1991,1,190350,1,2,2,2,1,1,3,4,2,3,1988,2,2
1991,2,190350,1,2,2,2,1,1,3,4,2,3,1979,2,2
1991,3,190350,2,5,5,2,1,1,3,4,2,3,1977,2,2
1991,1,190351,6,5,5,2,1,1,3,4,2,3,1987,2,2
1991,2,190351,1,2,2,2,1,1,3,4,2,3,1983,2,2
1991,1,190352,1,2,2,2,1,1,3,4,2,3,1975,2,2
1991,2,190352,1,2,2,2,2,2,3,4,2,3,1990,2,2
1991,3,190352,6,2,2,1,1,1,3,4,2,3,1989,2,2
1991,1,190353,6,2,2,2,1,1,3,4,1,3,1983,2,2
1991,2,190353,4,5,5,2,1,1,3,4,2,3,1990,2,2
1991,1,190354,1,2,2,2,1,1,3,4,2,3,1990,2,2
1991,2,190354,1,3,3,2,1,1,3,4,2,3,1978,2,2
1991,1,190355,1,2,2,2,1,1,3,4,2,3,1990,2,2
1991,2,190355,1,2,2,2,1,1,3,4,2,3,1979,2,2
1991,1,190356,1,5,5,2,1,1,3,4,2,3,1989,2,2
1991,2,190356,6,2,2,2,1,1,3,4,2,3,1989,2,2
1991,3,190356,1,2,2,2,1,1,3,4,2,3,1990,2,2
1991,1,190357,4,2,2,2,1,1,3,4,2,3,1992,2,2
1991,2,190357,1,2,2,2,1,1,3,4,2,3,1979,2,2
1991,1,190358,2,2,2,2,1,1,3,4,2,3,1985,2,2
1991,1,190359,1,2,2,2,1,1,3,4,2,3,1988,2,2
1991,1,190360,3,1,1,1,1,1,3,4,2,3,1987,2,2
1991,1,190361,6,2,2,1,1,1,3,4,1,3,1979,2,2
1991,1,190362,1,2,2,2,1,1,3,4,2,3,1990,2,2
1991,2,190362,1,2,2,2,1,1,3,4,2,3,1989,2,2
1991,1,190363,1,2,2,1,1,1,3,4,2,3,1985,2,2
1991,1,190364,1,2,2,2,1,1,3,4,1,3,1981,2,2
1991,2,190364,1,2,2,2,1,1,3,4,2,3,1989,2,2
1991,1,190365,2,2,2,1,1,1,3,4,2,3,1979,1,2
1991,1,190366,3,2,2,1,1,2,3,4,2,3,1979,2,2
1991,1,190367,6,1,1,1,1,2,3,4,2,3,1986,1,2
1991,1,190368,1,2,2,2,1,1,3,4,2,3,1990,2,2
1991,2,190368,1,3,3,2,1,1,3,4,2,3,1981,2,2
1991,1,190369,1,2,2,2,1,1,3,4,2,3,1988,2,2
1991,2,190369,1,3,3,2,1,1,3,4,2,3,1979,2,2
1991,1,190370,1,5,5,2,1,1,3,4,2,3,1985,2,2
1991,2,190370,2,2,2,2,1,1,3,4,2,3,1989,2,2
1991,1,190371,1,3,3,2,1,1,3,4,1,3,1976,2,2
1991,2,190371,1,2,2,2,1,1,3,4,2,3,1978,2,2
1991,1,190372,1,2,2,2,1,1,3,4,2,3,1985,2,2
1991,2,190372,6,2,2,1,1,1,3,4,2,3,1980,2,2
1991,1,190373,1,5,5,2,1,1,3,4,1,3,1989,2,2
1991,1,190374,1,1,1,1,1,1,3,4,2,3,1981,2,2
1991,1,190375,4,4,4,2,1,1,3,4,2,3,1986,2,2
1991,2,190375,4,2,2,2,2,2,3,4,2,3,1982,2,2
1991,1,190376,1,3,3,2,1,1,3,4,2,3,1985,2,2
1991,1,190377,3,1,1,1,2,2,3,4,2,3,1983,2,2
1991,1,190378,2,1,1,1,1,1,3,4,2,3,1976,1,2
1991,1,190379,1,5,5,1,1,1,3,4,2,3,1989,2,2
1991,1,190380,1,2,2,2,1,1,3,4,2,3,1978,2,2
1991,2,190380,1,3,3,2,1,1,3,4,2,3,1990,2,2
1991,1,190381,1,3,3,2,1,1,3,4,2,3,1988,2,2
1991,2,190381,1,2,2,2,1,1,3,4,2,3,1982,2,2
1991,1,190382,1,3,3,2,1,1,3,4,1,3,1989,2,2
1991,2,190382,1,2,2,2,1,1,3,4,2,3,1991,2,2
1991,1,190383,1,3,2,2,1,1,3,4,2,3,1989,2,2
1991,2,190383,2,2,2,2,1,1,3,4,2,3,1984,2,2
1991,1,190384,1,2,2,2,1,1,3,4,1,3,1988,2,2
1991,2,190384,1,2,2,2,1,1,3,4,2,3,1982,2,2
1991,1,190385,1,3,3,2,1,1,3,4,2,3,1988,2,2
1991,2,190385,1,2,2,2,1,1,3,4,2,3,1991,2,2
1991,1,190386,1,1,1,1,1,1,3,4,2,3,1986,2,2
1991,1,190387,1,3,3,2,1,1,3,4,2,3,1989,2,2
1991,2,190387,3,2,2,2,1,1,3,4,2,3,1989,2,2
1991,1,190388,1,2,2,2,1,1,3,4,2,3,1980,2,2
1991,2,190388,1,2,2,2,1,1,3,4,2,3,1988,2,2
1991,1,190389,6,2,2,2,1,1,3,4,2,3,1981,2,2
1991,2,190389,1,3,3,2,1,1,3,4,2,3,1979,2,2
1991,1,190390,4,2,2,2,2,2,3,4,2,3,1983,2,2
1991,1,190391,1,5,5,2,1,1,3,4,2,3,1987,2,2
1991,2,190391,6,2,2,2,1,1,3,4,2,3,1988,2,2
1991,1,190392,1,2,2,2,1,1,3,4,2,3,1987,2,2
1991,2,190392,6,2,2,2,1,1,3,4,2,3,1986,2,2
1991,1,190393,1,3,3,2,1,1,3,4,2,3,1980,2,2
1991,2,190393,1,2,2,2,1,1,3,4,2,3,1979,2,2
1991,1,190394,1,2,2,2,2,2,3,4,1,3,1974,2,2
1991,1,190395,1,1,1,1,2,2,3,4,2,3,1981,2,2
1991,1,190396,1,2,2,2,1,1,3,4,2,3,1991,1,2
1991,2,190396,6,2,2,2,1,1,3,4,2,3,1989,2,2
1991,1,190397,6,2,2,2,1,1,3,4,2,3,1992,2,1
1991,1,190398,1,2,2,2,1,1,3,4,2,3,1985,2,2
1991,2,190398,2,2,2,2,1,1,3,4,2,3,1984,2,2
1991,1,190399,4,1,1,1,1,1,3,4,2,3,1978,2,2
1991,1,190400,1,2,2,2,1,1,3,4,1,3,1985,2,2
1991,2,190400,1,4,4,2,1,1,3,4,2,3,1991,2,2
1991,3,190400,1,2,2,2,1,1,3,4,2,3,1976,2,2
1991,1,190401,1,2,2,2,1,1,3,4,2,3,1976,2,2
1991,2,190401,1,2,2,2,1,1,3,4,2,3,1978,2,2
1991,3,190401,4,2,2,1,1,1,3,4,2,3,1981,2,2
1991,1,190402,1,1,1,2,1,1,3,4,2,3,1977,2,2
1991,1,190403,6,2,2,2,1,1,3,4,2,3,1987,2,2
1991,2,190403,1,5,5,2,1,1,3,4,2,3,1979,2,2
1991,1,190404,9,1,1,1,1,1,3,4,2,3,1980,1,2
1991,1,190405,1,3,3,2,1,1,3,4,2,3,1985,2,2
1991,2,190405,6,2,2,2,1,1,3,4,2,3,1990,2,2
1991,1,190406,7,2,2,2,4,1,3,1,2,3,1975,2,2
1991,2,190406,1,4,4,2,1,1,3,4,2,3,1991,2,2
1991,1,190408,1,2,2,2,1,1,3,4,2,3,1983,2,2
1991,1,190409,6,2,2,2,1,1,3,4,2,3,1988,2,2
1991,2,190409,3,2,2,2,1,1,3,4,2,3,1988,2,2
1991,1,190410,2,3,3,2,1,1,3,4,1,3,1984,2,2
1991,2,190410,6,2,2,1,1,1,3,4,2,3,1988,2,2
1991,1,190411,1,3,3,2,1,1,3,4,1,3,1984,2,2
1991,1,190412,1,2,2,2,1,1,3,4,2,3,1989,2,2
1991,2,190412,1,3,3,2,1,1,3,4,2,3,1988,2,2
1991,1,190413,1,2,2,2,1,1,3,4,2,3,1986,2,2
1991,2,190413,1,2,2,2,1,1,3,4,2,3,1987,2,2
1991,1,190414,1,3,3,2,1,1,3,4,1,3,1979,2,2
1991,2,190414,6,2,2,2,1,1,3,4,2,3,1983,2,2
1991,1,190415,6,3,3,2,1,1,3,4,1,3,1985,2,2
1991,2,190415,3,2,2,1,1,1,3,4,2,3,1990,2,2
1991,3,190415,6,2,2,2,1,1,3,4,2,3,1990,2,2
1991,1,190416,1,2,2,2,1,1,3,4,2,3,1987,2,2
1991,1,190417,6,2,2,2,1,1,3,4,2,3,1986,2,2
1991,2,190417,1,2,2,2,1,1,3,4,2,3,1981,2,2
1991,1,190418,1,2,2,2,1,1,3,4,2,3,1986,2,2
1991,2,190418,2,2,2,2,1,1,3,4,2,3,1962,2,2
1991,1,190419,1,4,4,1,1,1,3,4,2,3,1975,2,2
1991,1,190420,2,2,2,2,1,1,3,4,2,3,1991,2,2
1991,2,190420,1,2,2,2,1,1,3,4,2,3,1987,2,2
1991,1,190421,1,3,3,2,1,1,3,4,2,3,1979,2,2
1991,2,190421,2,2,2,2,1,1,3,4,2,3,1992,2,2
1991,1,190422,2,1,1,1,1,1,3,4,2,3,1988,1,2
1991,1,190423,4,2,2,2,1,1,3,4,2,3,1983,2,2
1991,2,190423,1,5,5,2,1,1,3,4,2,3,1977,2,2
1991,3,190423,6,2,2,2,1,1,3,4,2,3,1988,2,2
1991,4,190423,4,2,2,2,1,1,3,4,2,3,1990,2,2
1991,5,190423,4,3,3,2,1,1,3,4,2,3,1978,2,2
1991,1,190424,1,5,5,2,1,1,3,4,2,3,1981,1,2
1991,2,190424,6,2,2,2,1,1,3,4,2,3,1979,2,2
1991,1,190425,1,2,2,2,3,3,3,4,2,3,9999,1,2
1991,1,200001,2,2,2,2,1,1,3,4,2,3,1983,2,2
1991,2,200001,1,3,3,2,1,1,3,4,2,3,1988,2,2
1991,1,200002,4,2,2,2,1,1,3,4,2,3,1982,2,2
1991,2,200002,1,2,2,2,2,2,3,4,2,3,1979,2,2
1991,1,200003,2,2,2,1,1,1,3,4,1,3,1988,2,2
1991,1,200004,2,2,2,2,1,1,3,4,2,3,1989,2,2
1991,2,200004,1,2,2,2,1,1,3,4,1,3,1973,2,2
1991,1,200005,6,5,2,2,1,1,3,4,1,3,1985,2,2
1991,2,200005,1,3,3,2,1,1,3,4,1,3,1981,2,2
1991,3,200005,6,2,2,2,1,1,3,4,2,3,1988,2,2
1991,1,200006,1,5,5,2,1,1,3,4,1,3,1981,2,2
1991,1,200007,2,5,5,1,1,1,3,4,1,3,1988,2,2
1991,1,200008,1,2,3,2,1,1,3,4,2,3,1979,2,1
1991,2,200008,1,2,2,2,1,1,3,4,2,3,1975,2,2
1991,1,200009,1,2,2,2,1,1,3,4,2,3,1988,2,2
1991,1,200010,3,2,2,2,1,1,3,4,2,3,1987,2,2
1991,2,200010,1,5,5,2,1,1,3,4,2,3,1982,2,2
1991,1,200012,7,1,1,2,4,1,3,1,1,3,1977,2,2
1991,1,200013,4,2,2,2,1,1,3,4,2,3,1976,2,2
1991,2,200013,6,2,2,2,1,1,3,4,2,3,1985,2,2
1991,1,200014,1,2,4,2,1,1,3,4,2,3,1965,2,2
1991,1,200015,4,2,4,2,1,1,3,4,1,3,1978,2,2
1991,1,200016,2,2,2,2,1,1,3,4,2,3,1978,2,2
1991,1,200017,4,2,2,1,1,1,3,4,2,3,1990,2,1
1991,1,200018,1,2,2,2,1,1,3,4,2,3,1985,2,2
1991,1,200020,1,2,2,2,2,2,3,4,2,3,1978,2,2
1991,1,200021,1,3,3,1,1,1,3,4,1,3,1980,2,2
1991,1,200023,1,2,2,2,1,1,3,4,2,3,1978,2,2
1991,2,200023,1,5,5,2,1,1,3,4,2,3,1980,2,2
1991,1,200024,1,2,2,2,1,1,3,4,2,3,1984,2,2
1991,2,200024,1,2,2,2,1,1,3,4,2,3,1978,2,2
1991,1,200025,1,1,1,2,1,1,3,4,2,3,1984,2,2
1991,1,200026,1,1,1,1,2,1,3,4,2,3,1988,2,2
1991,1,200027,9,1,1,1,1,1,3,4,2,3,1969,2,2
1991,1,200028,1,1,1,1,1,1,3,4,2,3,1981,2,2
1991,1,200029,1,5,5,2,1,1,3,4,1,3,1964,2,2
1991,1,200030,3,7,7,1,1,1,3,4,2,3,1990,2,2
1991,1,200031,4,4,4,2,1,1,3,4,2,3,1977,2,2
1991,2,200031,2,2,2,2,1,1,3,4,2,3,1984,2,2
1991,1,200032,1,3,3,2,1,1,3,4,1,3,1988,2,2
1991,1,200033,2,2,2,2,2,2,3,4,2,3,1984,2,2
1991,2,200033,1,2,2,2,1,1,3,4,2,3,1988,2,2
1991,1,200034,1,4,4,1,3,3,3,4,2,3,1980,2,2
1991,1,200035,2,2,2,2,1,1,3,4,2,3,1986,2,2
1991,2,200035,1,4,4,1,1,1,3,4,1,3,1990,2,2
1991,1,200036,3,2,2,2,1,1,3,4,2,3,1984,2,2
1991,1,200037,2,2,2,2,1,1,3,4,2,3,1977,2,2
1991,2,200037,6,2,2,2,1,1,3,4,2,3,1982,2,2
1991,3,200037,1,5,3,2,1,1,3,4,2,3,1988,2,2
1991,1,200038,1,5,5,2,1,1,3,4,2,3,1980,2,2
1991,2,200038,6,2,2,2,1,1,3,4,2,3,1988,2,2
1991,1,200039,1,1,1,1,1,1,3,4,1,3,1978,2,2
1991,1,200040,1,2,2,2,1,1,3,4,2,3,1982,2,2
1991,2,200040,6,2,2,2,1,1,3,4,2,3,1984,2,2
1991,1,200041,2,1,1,1,1,1,3,4,1,3,1989,2,2
1991,1,200042,2,2,2,2,1,1,3,4,2,3,1990,2,1
1991,1,200044,1,2,2,2,2,2,3,4,1,3,1982,2,2
1991,1,200045,1,4,4,2,1,1,3,4,2,3,1973,2,1
1991,2,200045,6,5,5,2,1,1,3,4,2,3,1979,2,2
1991,1,200047,1,2,2,1,1,1,3,4,2,3,1981,2,1
1991,1,200048,1,2,2,2,1,1,3,4,2,3,1985,2,2
1991,2,200048,1,2,2,2,1,1,3,4,2,3,1986,2,2
1991,1,200049,4,2,2,1,1,1,3,4,2,3,1977,2,2
1991,1,200050,1,2,2,2,1,1,3,4,1,3,1979,2,2
1991,1,200051,2,2,2,2,1,1,3,4,2,3,1991,2,2
1991,2,200051,1,3,2,2,1,1,3,4,2,3,1977,2,2
1991,1,200052,7,2,2,2,4,1,3,1,2,3,1985,2,2
1991,2,200052,1,5,5,2,1,1,3,4,2,3,1979,2,2
1991,1,200053,1,5,5,2,1,1,3,4,2,3,1979,2,2
1991,2,200053,6,2,2,2,1,1,3,4,2,3,1984,2,2
1991,1,200054,1,3,3,2,1,1,3,4,2,3,1990,2,2
1991,2,200054,1,2,2,2,1,1,3,4,2,3,1985,2,2
1991,1,200055,1,3,2,1,1,1,3,4,1,3,1979,2,2
1991,1,200056,1,2,2,2,1,1,3,4,2,3,1983,2,2
1991,2,200056,1,2,2,2,1,1,3,4,2,3,1988,2,2
1991,1,200058,2,2,2,2,1,1,3,4,2,3,1987,2,2
1991,2,200058,1,5,5,2,2,2,3,4,2,3,1978,2,2
1991,1,200059,2,2,2,2,1,1,3,4,2,3,1986,2,2
1991,2,200059,1,5,5,2,1,1,3,4,2,3,1989,2,2
1991,1,200060,1,2,2,2,2,2,3,4,1,3,1983,2,2
1991,1,200061,1,3,2,2,1,1,3,4,2,3,1982,2,2
1991,1,200062,2,2,2,2,1,1,3,4,2,3,1986,2,2
1991,2,200062,2,2,2,2,1,1,3,4,2,3,1989,2,2
1991,1,200063,2,3,3,1,1,1,3,4,2,3,1989,2,2
1991,1,200064,1,2,2,2,2,2,3,4,1,3,1980,2,2
1991,1,200065,3,3,3,1,1,1,3,4,1,3,1988,2,2
1991,1,200066,6,2,5,2,1,1,3,4,2,3,1988,2,2
1991,2,200066,1,5,5,2,1,1,3,4,2,3,1985,2,2
1991,1,200067,1,2,2,2,1,1,3,4,2,3,1987,2,2
1991,2,200067,2,2,2,2,1,1,3,4,2,3,1988,2,2
1991,1,200068,2,2,2,2,1,1,3,4,2,3,1982,2,2
1991,2,200068,9,2,2,2,1,1,3,4,2,3,1976,2,2
1991,1,200069,2,2,2,2,2,2,3,4,2,3,1986,2,2
1991,2,200069,6,2,2,2,1,1,3,4,2,3,1988,2,2
1991,1,200070,7,2,2,2,4,2,3,2,1,3,1987,2,2
1991,1,200071,7,2,2,2,4,1,3,1,2,3,1978,2,2
1991,2,200071,2,5,5,2,1,1,3,4,2,3,1976,1,2
1991,1,200072,7,2,2,2,4,2,3,2,2,3,1978,2,2
1991,1,200073,1,3,3,2,1,1,3,4,2,3,1973,2,2
1991,2,200073,1,2,2,2,1,1,3,4,2,3,1986,2,2
1991,1,200074,2,2,2,2,1,1,3,4,1,3,1988,2,2
1991,1,200075,6,2,2,2,1,1,3,4,1,3,1977,2,2
1991,2,200075,7,4,4,2,4,1,3,1,2,3,1987,2,2
1991,1,200076,7,2,5,2,4,1,3,1,2,3,1979,2,2
1991,2,200076,2,5,5,2,1,1,3,4,2,3,1987,2,2
1991,1,200077,2,2,5,2,1,1,3,4,1,3,1975,2,2
1991,2,200077,2,5,5,2,1,1,3,4,2,3,1988,2,2
1991,1,200078,2,4,5,1,1,1,3,4,2,3,1988,2,2
1991,1,200079,3,2,2,2,1,1,3,4,2,3,1975,2,2
1991,2,200079,2,2,2,2,1,1,3,4,2,3,1976,1,2
1991,1,200080,1,3,3,2,1,1,3,4,2,3,1973,2,2
1991,2,200080,2,2,2,2,1,1,3,4,2,3,1972,2,2
1991,1,200081,2,2,2,2,1,1,3,4,2,3,1985,1,2
1991,2,200081,1,3,3,2,2,2,3,4,2,3,1988,2,2
1991,1,200082,2,2,2,2,1,1,3,4,2,3,1985,2,2
1991,2,200082,2,5,5,2,1,1,3,4,2,3,1985,2,2
1991,1,200083,1,2,3,1,1,1,3,4,2,3,1978,2,2
1991,1,200084,6,2,2,2,1,1,3,4,2,3,1985,2,2
1991,2,200084,1,5,5,2,1,1,3,4,2,3,1991,2,2
1991,1,200085,6,2,2,2,1,1,3,4,2,3,1979,2,2
1991,2,200085,1,5,5,2,1,1,3,4,2,3,1977,2,2
1991,1,200086,1,2,2,2,1,1,3,4,2,3,1978,2,2
1991,1,200087,2,2,2,2,1,1,3,4,2,3,1991,1,2
1991,2,200087,2,3,5,2,1,1,3,4,2,3,1988,1,2
1991,1,200088,1,1,1,1,1,1,3,4,1,3,1988,2,2
1991,1,200089,1,1,1,1,1,1,3,4,2,3,1987,2,2
1991,1,200090,6,5,4,2,1,1,3,4,2,3,1978,2,2
1991,2,200090,1,2,5,2,1,1,3,4,2,3,1980,1,2
1991,1,200091,2,2,2,2,1,1,3,4,2,3,1990,2,2
1991,2,200091,1,5,5,2,1,1,3,4,2,3,1968,2,2
1991,1,200092,2,3,3,2,1,1,3,4,2,3,1978,2,2
1991,2,200092,6,2,2,2,1,1,3,4,2,3,1979,2,2
1991,3,200092,2,3,3,2,1,1,3,4,2,3,1987,2,2
1991,1,200093,2,2,2,2,2,2,3,4,2,3,1989,2,2
1991,2,200093,1,2,2,2,1,1,3,4,2,3,1982,2,2
1991,1,200094,2,2,2,1,1,1,3,4,2,3,1986,2,2
1991,1,200095,1,2,2,2,1,1,3,4,2,3,1991,2,2
1991,2,200095,1,2,2,2,1,1,3,4,2,3,1979,2,2
1991,1,200096,2,2,2,2,1,1,3,4,2,3,1982,2,2
1991,2,200096,1,3,3,2,1,1,3,4,2,3,1983,2,2
1991,1,200097,1,2,2,1,1,1,3,4,2,3,1973,2,2
1991,1,200098,1,2,2,2,1,1,3,4,2,3,1982,2,2
1991,2,200098,2,5,5,2,1,1,3,4,2,3,1982,2,2
1991,1,200099,3,2,2,2,1,1,3,4,2,3,1986,2,2
1991,1,200100,1,2,5,1,1,1,3,4,1,3,1988,2,2
1991,1,200101,1,2,2,2,1,1,3,4,2,3,1990,2,2
1991,2,200101,6,4,4,2,1,1,3,4,2,3,1985,2,2
1991,1,200102,2,2,2,2,1,1,3,4,2,3,1976,2,2
1991,1,200103,2,2,2,2,1,1,3,4,2,3,1980,2,2
1991,2,200103,4,5,5,2,1,1,3,4,2,3,1965,2,2
1991,1,200104,1,2,2,2,1,1,3,4,2,3,1989,2,2
1991,2,200104,3,2,2,2,1,1,3,4,1,3,1991,2,2
1991,3,200104,1,2,2,2,1,1,3,4,2,3,1984,1,2
1991,1,200106,1,2,2,2,1,1,3,4,2,3,1969,2,2
1991,2,200106,1,5,5,2,1,1,3,4,2,3,1989,2,2
1991,1,200107,7,2,3,2,4,2,3,2,1,3,1990,2,2
1991,2,200107,1,2,2,2,1,1,3,4,2,3,1984,2,2
1991,1,200108,6,2,6,2,1,1,3,4,1,3,1978,2,2
1991,2,200108,1,4,6,2,1,1,3,4,2,3,1975,2,2
1991,3,200108,7,4,4,2,4,1,3,1,2,3,1982,2,2
1991,4,200108,2,4,4,2,1,1,3,4,2,3,1976,2,2
1991,1,200109,4,2,2,2,1,1,3,4,2,3,1988,2,2
1991,2,200109,1,2,2,2,1,1,3,4,2,3,1988,2,2
1991,1,200110,7,2,2,2,4,1,3,1,2,3,1982,2,2
1991,1,200111,1,2,2,2,2,2,3,4,2,3,1990,2,2
1991,1,200112,1,1,1,1,1,1,3,4,1,3,1987,2,2
1991,1,200113,1,2,2,2,1,1,3,4,1,3,1990,2,2
1991,1,200114,1,1,1,1,1,1,3,4,1,3,1988,2,2
1991,1,200116,1,2,2,2,2,2,3,4,1,3,1976,2,2
1991,1,200118,7,2,2,2,4,2,3,2,2,3,1990,2,2
1991,1,200119,1,2,2,2,1,1,3,4,2,3,1975,2,2
1991,2,200119,1,2,2,2,1,1,3,4,2,3,1986,2,2
1991,1,200120,1,2,5,2,1,1,3,4,2,3,1983,2,2
1991,1,200121,2,2,2,1,1,1,3,4,2,3,1987,2,2
1991,2,200121,3,3,3,2,1,1,3,4,2,3,1957,2,2
1991,1,200122,4,2,2,2,2,2,3,4,1,3,1979,2,2
1991,1,200123,1,2,2,1,1,1,3,4,2,3,1983,2,2
1991,1,200124,1,2,2,2,1,1,3,4,2,3,1981,2,2
1991,2,200124,1,2,2,2,1,1,3,4,2,3,1980,2,2
1991,1,200125,7,2,2,2,4,2,3,2,1,3,1984,2,2
1991,2,200125,1,2,2,2,1,1,3,4,2,3,1989,2,2
1991,1,200126,1,2,2,2,1,1,3,4,2,3,1990,2,2
1991,2,200126,1,2,2,2,1,1,3,4,2,3,1988,2,2
1991,1,200127,2,3,3,1,1,1,3,4,2,3,1980,2,2
1991,2,200127,2,2,2,2,1,1,3,4,2,3,1990,2,2
1991,1,200128,9,7,7,2,3,3,3,4,2,3,9999,2,2
1991,1,200129,7,2,2,2,4,2,3,2,1,3,1985,2,2
1991,2,200129,1,5,5,2,1,1,3,4,2,3,1986,2,2
1991,1,200130,7,2,2,2,4,1,3,1,2,3,1984,2,2
1991,1,200131,7,7,7,2,4,2,3,2,1,3,1981,2,2
1991,1,200132,1,3,3,2,1,1,3,4,1,3,1980,2,2
1991,1,200133,2,2,2,2,1,1,3,4,2,3,1982,2,2
1991,2,200133,1,5,5,2,1,1,3,4,2,3,1976,2,2
1991,1,200134,3,2,2,2,1,1,3,4,2,3,1979,2,2
1991,1,200135,2,2,2,1,1,1,3,4,2,3,1991,2,2
1991,1,200136,1,2,2,1,2,2,3,4,2,3,1982,2,2
1991,1,200137,7,2,2,2,4,1,3,1,1,3,1980,2,2
1991,1,200138,7,1,1,2,4,1,3,1,1,3,1989,2,2
1991,1,200139,1,2,3,2,1,1,3,4,1,3,1992,2,1
1991,1,200140,1,4,4,2,2,2,3,4,2,3,1986,2,2
1991,2,200140,7,2,2,2,4,2,3,2,1,3,1982,2,2
1991,3,200140,7,2,2,2,4,1,3,1,1,3,1988,2,2
1991,1,200141,1,2,3,2,1,1,3,4,2,3,1991,2,2
1991,1,200142,1,2,2,1,1,1,3,4,2,3,1980,2,2
1991,1,200143,2,2,2,2,1,1,3,4,2,3,1983,2,2
1991,1,200144,1,2,2,2,1,1,3,4,1,3,1981,2,2
1991,2,200144,6,2,2,2,1,1,3,4,2,3,1971,2,2
1991,1,200145,7,2,2,2,4,2,3,2,2,3,1981,2,2
1991,2,200145,3,3,3,2,1,1,3,4,2,3,1989,2,2
1991,1,200146,2,2,2,2,1,1,3,4,2,3,1984,2,2
1991,2,200146,2,2,3,2,1,1,3,4,2,3,1983,2,2
1991,1,200147,1,2,4,1,2,2,3,4,2,3,1978,2,2
1991,1,200148,2,4,4,2,1,1,3,4,2,3,1973,2,2
1991,2,200148,1,2,2,2,1,1,3,4,2,3,1986,2,2
1991,1,200149,4,2,2,1,1,1,3,4,1,3,1977,2,2
1991,2,200149,2,6,6,2,2,2,3,4,2,3,1989,2,2
1991,1,200150,3,1,1,1,1,1,3,4,1,3,1988,2,2
1991,1,200151,7,2,2,2,4,1,3,1,2,3,1970,2,2
1991,1,200152,1,5,3,2,1,1,3,4,2,3,1991,2,1
1991,1,200153,7,2,3,2,4,1,3,1,2,3,1976,2,2
1991,1,200154,6,2,7,1,1,1,3,4,2,3,1975,2,2
1991,2,200154,1,5,6,1,1,1,3,4,2,3,1975,2,2
1991,1,200156,1,2,2,2,1,1,3,4,2,3,1987,2,2
1991,1,200157,1,1,1,1,1,1,3,4,1,3,1980,2,2
1991,1,200158,1,5,5,2,2,2,3,4,1,3,1981,2,2
1991,1,200160,7,3,4,2,4,1,3,1,1,3,1982,2,2
1991,1,200161,2,2,2,1,1,1,3,4,2,3,1976,2,2
1991,2,200161,2,5,5,2,1,1,3,4,2,3,1985,2,2
1991,1,200162,1,5,5,1,1,1,3,4,2,3,1981,2,2
1991,1,200163,1,2,2,2,2,2,3,4,1,3,1988,2,2
1991,2,200163,2,2,2,2,1,1,3,4,2,3,1973,2,2
1991,1,200164,1,2,2,2,1,1,3,4,1,3,1983,2,2
1991,1,200165,2,1,1,1,1,1,3,4,1,3,1991,2,2
1991,1,200166,1,2,2,1,1,1,3,4,2,3,1989,2,2
1991,1,200167,3,2,2,1,1,1,3,4,1,3,1989,2,2
1991,1,200168,2,2,3,2,1,1,3,4,2,3,1983,2,2
1991,1,200169,7,1,1,2,4,1,3,1,2,3,1970,2,2
1991,1,200170,4,2,2,1,1,1,3,4,1,3,1978,2,2
1991,1,200171,4,1,1,1,1,1,3,4,1,3,1989,2,2
1991,1,200172,1,2,2,2,3,3,3,4,2,3,1983,2,2
1991,1,200173,1,2,2,2,1,1,3,4,2,3,1986,2,2
1991,2,200173,1,2,2,2,1,1,3,4,2,3,1979,2,2
1991,1,200174,1,1,1,1,1,1,3,4,1,3,1965,2,2
1991,1,200175,1,1,1,1,2,2,3,4,2,3,1977,2,2
1991,1,200176,1,3,3,2,1,1,3,4,1,3,1989,2,2
1991,1,200177,1,2,2,2,1,1,3,4,2,3,1990,2,2
1991,1,200178,1,5,5,1,1,1,3,4,2,3,1989,2,2
1991,1,200179,1,2,2,2,1,1,3,4,2,3,1989,2,2
1991,2,200179,2,2,2,2,1,1,3,4,2,3,1988,2,2
1991,1,200180,1,2,2,2,2,2,3,4,2,3,1980,2,2
1991,1,200182,2,2,2,2,1,1,3,4,2,3,1973,2,2
1991,1,200183,6,2,2,2,1,1,3,4,2,3,1988,2,2
1991,2,200183,3,2,2,2,1,1,3,4,2,3,1971,2,2
1991,1,200184,1,2,3,1,1,1,3,4,1,3,1972,2,2
1991,1,200185,1,4,4,2,1,1,3,4,2,3,1979,2,2
1991,2,200185,7,2,2,2,4,1,3,1,1,3,1985,2,2
1991,1,200186,5,1,1,2,2,2,3,4,2,3,1979,2,2
1991,1,200187,2,2,2,1,1,1,3,4,2,3,1988,2,1
1991,1,200188,7,3,3,2,4,1,3,1,2,3,1978,2,2
1991,1,200189,7,2,3,2,4,1,3,1,2,3,1981,2,1
1991,1,200190,3,2,2,2,1,1,3,4,2,3,1988,2,2
1991,2,200190,4,2,2,2,1,1,3,4,2,3,1976,2,2
1991,1,200191,2,2,2,2,1,1,3,4,2,3,1976,2,2
1991,1,200192,7,3,3,2,4,1,3,1,1,3,1973,2,2
1991,1,200193,1,1,1,1,2,2,3,4,1,3,1984,2,2
1991,1,200194,1,2,2,2,1,1,3,4,1,3,1990,2,2
1991,1,200195,1,2,2,1,1,1,3,4,2,3,1976,2,2
1991,1,200196,4,2,2,2,1,1,3,4,2,3,1990,2,2
1991,2,200196,1,2,2,2,1,1,3,4,2,3,1988,2,2
1991,1,200197,6,5,5,2,1,1,3,4,2,3,1988,2,2
1991,2,200197,4,3,3,2,1,1,3,4,2,3,1991,2,2
1991,1,200198,6,4,4,2,1,1,3,4,2,3,1990,2,2
1991,2,200198,1,2,2,2,1,1,3,4,2,3,1985,2,2
1991,1,200199,4,1,1,1,1,1,3,4,2,3,1984,2,2
1991,1,200200,2,1,1,2,1,1,3,4,2,3,1984,2,2
1991,1,200201,1,2,2,2,1,1,3,4,2,3,1976,2,2
1991,1,200202,2,5,5,1,1,1,3,4,2,3,1977,2,2
1991,1,200203,1,2,3,1,2,2,3,4,2,3,1986,2,2
1991,1,200204,2,5,5,1,1,1,3,4,2,3,1985,2,1
1991,1,200205,1,2,2,2,1,1,3,4,2,3,1965,2,2
1991,2,200205,1,5,5,2,1,1,3,4,1,3,1986,2,2
1991,1,200206,1,5,5,2,1,1,3,4,2,3,1986,2,2
1991,2,200206,6,2,2,2,1,1,3,4,2,3,1988,2,2
1991,1,200207,7,3,4,2,4,2,3,2,2,3,1984,2,2
1991,2,200207,1,2,2,2,1,1,3,4,2,3,1985,2,2
1991,1,200208,2,2,2,1,1,1,3,4,2,3,1982,2,2
1991,1,200209,1,2,2,1,2,2,3,4,2,3,1986,2,2
1991,1,200210,4,2,2,2,1,1,3,4,1,3,1983,2,2
1991,2,200210,2,5,5,2,1,1,3,4,1,3,1989,2,2
1991,1,200211,1,2,2,2,2,2,3,4,1,3,1976,2,2
1991,1,200212,1,2,2,2,1,1,3,4,2,3,1978,1,2
1991,1,200213,2,2,2,2,1,1,3,4,2,3,1978,1,2
1991,1,200214,2,1,1,2,2,2,3,4,2,3,1976,2,2
1991,1,200215,7,2,2,2,4,1,3,1,2,3,1979,2,2
1991,2,200215,2,2,2,2,1,1,3,4,2,3,1980,2,2
1991,1,200217,1,4,5,2,1,1,3,4,2,3,1984,2,2
1991,1,200218,1,2,2,2,1,1,3,4,2,3,1978,2,2
1991,2,200218,1,2,2,2,1,1,3,4,2,3,1984,2,2
1991,1,200219,1,2,2,2,1,1,3,4,2,3,1981,2,2
1991,2,200219,6,2,2,2,1,1,3,4,2,3,1983,2,2
1991,1,200220,1,2,2,2,1,1,3,4,2,3,1981,2,2
1991,1,200221,6,3,3,2,1,1,3,4,2,3,1979,2,2
1991,2,200221,2,2,2,2,1,1,3,4,2,3,1983,2,2
1991,1,200222,1,5,5,2,1,1,3,4,2,3,1979,2,2
1991,2,200222,2,2,2,2,1,1,3,4,2,3,1986,2,2
1991,1,200223,1,3,3,1,1,1,3,4,2,3,1985,2,1
1991,1,200225,2,2,2,2,1,1,3,4,2,3,1988,2,2
1991,2,200225,2,5,5,2,1,1,3,4,2,3,1988,2,2
1991,1,200226,2,2,2,2,1,1,3,4,2,3,1977,2,2
1991,1,200227,6,2,2,1,1,1,3,4,2,3,1979,2,2
1991,1,200228,1,3,3,1,1,1,3,4,1,3,1991,2,2
1991,1,200229,7,2,2,2,4,1,3,1,2,3,1990,2,2
1991,1,200230,7,2,2,2,4,2,3,2,1,3,1974,2,2
1991,2,200230,4,2,2,2,1,1,3,4,2,3,1989,2,2
1991,1,200232,7,2,2,2,4,2,3,2,1,3,1979,2,2
1991,2,200232,4,2,5,2,1,1,3,4,2,3,1983,2,2
1991,1,200233,6,2,2,2,1,1,3,4,2,3,1991,2,2
1991,2,200233,1,2,2,2,1,1,3,4,2,3,1978,2,2
1991,1,200234,1,2,3,1,2,2,3,4,1,3,1986,2,2
1991,1,200235,1,2,5,2,2,2,3,4,2,3,1978,2,2
1991,1,200236,1,2,2,2,1,1,3,4,1,3,1990,1,2
1991,1,200237,3,2,2,2,2,2,3,4,2,3,1990,2,2
1991,2,200237,6,3,3,2,1,1,3,4,2,3,1990,2,2
1991,1,200238,6,2,2,1,1,1,3,4,1,3,1979,2,2
1991,1,200239,7,2,2,2,4,1,3,1,2,3,1984,2,1
1991,1,200240,1,2,5,1,1,1,3,4,1,3,1983,2,2
1991,1,200241,2,3,3,2,1,1,3,4,2,3,1991,2,2
1991,1,200242,6,2,2,2,1,1,3,4,2,3,1988,2,2
1991,2,200242,1,3,3,2,1,1,3,4,2,3,1986,2,2
1991,1,200243,3,2,2,2,1,1,3,4,2,3,1987,2,2
1991,2,200243,1,2,2,2,1,1,3,4,2,3,1988,2,2
1991,1,200244,1,4,4,2,1,1,3,4,1,3,1989,2,2
1991,2,200244,1,2,2,1,1,1,3,4,2,3,1979,2,2
1991,1,200245,7,5,5,2,4,1,3,1,1,3,1985,2,2
1991,1,200246,2,2,2,2,2,2,3,4,2,3,1950,2,2
1991,2,200246,1,5,5,2,1,1,3,4,2,3,1988,2,2
1991,1,200247,1,4,4,2,1,1,3,4,1,3,1976,2,2
1991,1,200248,1,1,1,1,1,1,3,4,1,3,1991,2,2
1991,1,200249,6,2,2,2,1,1,3,4,2,3,1988,2,2
1991,2,200249,1,3,3,2,1,1,3,4,2,3,1990,2,2
1991,1,200250,3,2,2,2,1,1,3,4,2,3,1988,2,2
1991,2,200250,1,5,5,2,1,1,3,4,2,3,1989,2,2
1991,1,200251,6,3,3,2,1,1,3,4,2,3,1965,2,2
1991,2,200251,1,2,2,2,1,1,3,4,2,3,1985,2,2
1991,1,200252,7,3,3,2,4,1,3,1,2,3,1984,2,2
1991,1,200253,1,2,2,2,2,2,3,4,2,3,1984,2,2
1991,2,200253,6,3,3,2,1,1,3,4,2,3,1986,2,2
1991,1,200254,2,1,1,1,1,1,3,4,1,3,1982,2,2
1991,1,200255,2,5,2,2,1,1,3,4,1,3,1974,2,2
1991,1,200256,2,2,2,2,1,1,3,4,2,3,1990,2,2
1991,2,200256,1,2,2,2,1,1,3,4,2,3,1981,2,2
1991,1,200259,3,1,1,1,1,1,3,4,1,3,1984,2,2
1991,1,200260,1,2,2,1,1,1,3,4,2,3,1982,2,2
1991,1,200261,1,3,2,1,1,1,3,4,2,3,1985,2,2
1991,2,200261,1,2,2,2,1,1,3,4,2,3,1989,2,2
1991,1,200262,2,2,2,2,1,1,3,4,2,3,1982,2,2
1991,1,200263,2,2,2,2,1,1,3,4,2,3,1982,2,2
1991,2,200263,1,2,2,2,1,1,3,4,2,3,1987,2,2
1991,1,200264,2,2,5,1,1,1,3,4,1,3,1986,2,2
1991,1,200265,2,2,2,2,1,1,3,4,2,3,1975,2,2
1991,2,200265,9,4,4,2,1,1,3,4,2,3,9999,2,2
1991,1,200266,2,2,2,2,1,1,3,4,2,3,1969,2,2
1991,1,200267,1,5,5,2,1,1,3,4,2,3,1986,2,2
1991,2,200267,7,2,2,2,4,2,3,2,2,3,1980,2,2
1991,1,200268,1,2,2,2,2,2,3,4,2,3,1970,2,2
1991,1,200269,6,2,2,2,1,1,3,4,2,3,1990,2,2
1991,2,200269,1,5,5,2,1,1,3,4,2,3,1991,2,2
1991,1,200270,1,1,1,1,1,1,3,4,2,3,1990,2,1
1991,1,200271,2,2,2,2,1,1,3,4,2,3,1984,2,2
1991,2,200271,1,5,5,2,1,1,3,4,2,3,1982,2,2
1991,1,200272,1,1,1,1,1,1,3,4,2,3,1981,2,2
1991,1,200273,1,3,3,2,1,1,3,4,2,3,1984,2,2
1991,2,200273,1,2,2,2,1,1,3,4,2,3,1978,2,2
1991,3,200273,1,2,2,2,1,1,3,4,2,3,1978,2,2
1991,1,200274,4,2,2,2,1,1,3,4,1,3,1991,2,2
1991,2,200274,1,3,3,2,1,1,3,4,2,3,1970,2,2
1991,1,200275,1,4,4,2,1,1,3,4,2,3,1989,2,2
1991,2,200275,2,2,2,2,1,1,3,4,2,3,1990,2,2
1991,1,200276,2,2,2,1,1,1,3,4,1,3,1973,2,2
1991,1,200277,1,2,2,2,1,1,3,4,1,3,1968,2,2
1991,1,200278,6,5,5,2,1,1,3,4,2,3,1980,2,2
1991,1,200279,1,2,2,2,1,1,3,4,2,3,1983,2,2
1991,2,200279,1,5,5,2,1,1,3,4,2,3,1985,2,2
1991,1,200280,1,2,2,2,1,1,3,4,2,3,1975,2,1
1991,1,200281,1,2,2,2,1,1,3,4,2,3,1989,2,2
1991,2,200281,1,2,2,1,1,1,3,4,2,3,1986,2,2
1991,1,200282,7,2,2,2,4,1,3,1,2,3,1990,2,2
1991,1,200283,1,2,2,2,1,1,3,4,2,3,1978,2,2
1991,2,200283,1,5,5,2,1,1,3,4,2,3,1976,2,2
1991,1,200284,1,2,2,2,1,1,3,4,2,3,1981,2,2
1991,1,200285,2,2,2,2,1,1,3,4,2,3,1969,2,2
1991,2,200285,7,2,2,2,4,1,3,1,1,3,1991,2,2
1991,1,200286,1,5,5,2,1,1,3,4,2,3,1978,2,2
1991,1,200288,2,2,2,2,1,1,3,4,2,3,1984,2,2
1991,2,200288,9,4,4,2,1,1,3,4,2,3,9999,2,2
1991,1,200289,1,1,1,1,1,1,3,4,2,3,1972,2,2
1991,1,200290,1,2,2,2,2,2,3,4,2,3,1978,1,2
1991,1,200291,1,3,3,2,1,1,3,4,2,3,1976,2,2
1991,2,200291,1,2,2,2,1,1,3,4,2,3,1990,2,2
1991,1,200292,3,2,2,2,1,1,3,4,2,3,1989,2,2
1991,2,200292,2,3,3,2,1,1,3,4,2,3,1991,2,2
1991,1,200293,1,5,5,2,1,1,3,4,2,3,1980,2,2
1991,2,200293,7,2,2,2,4,2,3,2,2,3,1985,2,2
1991,1,200294,3,3,3,2,2,2,3,4,2,3,1975,2,2
1991,2,200294,4,5,5,2,1,1,3,4,2,3,1979,2,2
1991,1,200295,6,1,1,1,1,1,3,4,2,3,1981,2,2
1991,1,200296,7,2,2,2,4,1,3,1,2,3,1991,2,2
1991,2,200296,1,3,3,2,1,1,3,4,2,3,1984,2,2
1991,1,200297,1,5,4,2,1,1,3,4,2,3,1989,2,2
1991,2,200297,7,2,2,2,4,1,3,1,1,3,1989,2,2
1991,1,200298,2,2,2,1,1,1,3,4,2,3,1982,2,1
1991,1,200299,1,2,2,2,1,1,3,4,2,3,1985,2,2
1991,2,200299,2,2,2,2,1,1,3,4,2,3,1990,2,2
1991,1,200300,2,1,1,1,1,1,3,4,1,3,1969,2,2
1991,1,200301,1,4,3,1,1,1,3,4,2,3,1990,2,2
1991,1,200302,1,2,2,1,1,1,3,4,2,3,1973,2,2
1991,1,200303,4,2,2,2,1,1,3,4,2,3,1977,2,2
1991,2,200303,2,2,2,2,2,2,3,4,2,3,1985,2,2
1991,1,200304,3,2,2,2,1,1,3,4,2,3,1977,2,2
1991,2,200304,1,3,3,2,1,1,3,4,2,3,1964,2,2
1991,1,200305,1,5,5,2,1,1,3,4,2,3,1987,2,2
1991,2,200305,6,2,2,1,1,1,3,4,2,3,1990,2,2
1991,1,200306,1,2,3,1,2,2,3,4,1,3,1976,2,2
1991,1,200307,2,2,2,2,1,1,3,4,2,3,1984,2,2
1991,2,200307,1,2,2,2,1,1,3,4,2,3,1986,2,2
1991,1,200308,1,2,2,2,1,1,3,4,2,3,1983,2,2
1991,2,200308,6,5,5,2,1,1,3,4,2,3,1975,2,2
1991,1,200309,1,2,2,1,1,1,3,4,1,3,1977,2,2
1991,1,200310,7,2,2,2,4,1,3,1,2,3,1973,2,2
1991,1,200311,1,3,2,2,1,1,3,4,2,3,1987,2,2
1991,2,200311,6,2,5,2,1,1,3,4,2,3,1981,2,2
1991,1,200312,2,2,2,2,1,1,3,4,2,3,1982,2,1
1991,1,200313,2,2,2,2,1,1,3,4,2,3,1986,2,2
1991,1,200315,2,1,1,1,1,1,3,4,1,3,1990,2,2
1991,1,200316,1,3,3,2,1,1,3,4,2,3,1964,2,2
1991,2,200316,6,3,3,2,1,1,3,4,2,3,1991,2,2
1991,1,200317,1,3,3,2,1,1,3,4,1,3,1988,2,2
1991,2,200317,2,2,2,2,1,1,3,4,2,3,1988,2,2
1991,1,200318,5,2,2,2,1,1,3,4,1,3,1982,2,2
1991,1,200319,1,3,3,2,1,1,3,4,1,3,1985,2,2
1991,2,200319,1,2,2,2,1,1,3,4,2,3,1982,2,2
1991,1,200320,4,1,1,1,1,1,3,4,1,3,1991,2,2
1991,1,200321,1,2,2,1,1,1,3,4,1,3,1984,2,2
1991,1,200322,1,3,3,2,1,1,3,4,2,3,1965,2,2
1991,1,200323,1,2,2,1,1,1,3,4,1,3,1984,2,2
1991,2,200323,1,2,2,2,2,2,3,4,2,3,1990,2,2
1991,1,200324,6,2,2,2,1,1,3,4,2,3,1991,2,2
1991,2,200324,1,3,3,2,1,1,3,4,2,3,1988,2,2
1991,1,200325,4,2,2,2,1,1,3,4,2,3,1990,2,2
1991,2,200325,1,3,3,2,1,1,3,4,2,3,1978,2,2
1991,1,200326,1,2,2,2,1,1,3,4,2,3,1984,2,2
1991,1,200327,3,2,2,1,1,1,3,4,2,3,1986,2,2
1991,1,200328,6,2,2,2,1,1,3,4,1,3,1991,2,2
1991,2,200328,1,2,2,2,1,1,3,4,2,3,1985,2,2
1991,1,200329,1,5,5,2,1,1,3,4,1,3,1988,2,2
1991,1,200330,1,2,2,2,1,1,3,4,2,3,1984,2,2
1991,2,200330,1,2,2,2,1,1,3,4,1,3,1979,2,2
1991,1,200331,7,5,5,2,4,1,3,1,2,3,1981,2,2
1991,1,200332,1,2,2,2,1,1,3,4,2,3,1972,2,2
1991,1,200333,1,2,2,1,1,1,3,4,1,3,1974,2,2
1991,1,200334,7,2,2,2,4,1,3,1,2,3,1980,2,2
1991,1,200335,1,2,2,2,1,1,3,4,2,3,1983,2,2
1991,1,200336,1,2,2,2,1,1,3,4,2,3,1977,2,2
1991,1,200338,1,2,3,1,1,1,3,4,1,3,1988,2,2
1991,1,200339,1,2,2,2,1,1,3,4,2,3,1986,2,2
1991,2,200339,1,2,2,2,1,1,3,4,2,3,1977,2,2
1991,1,200340,4,2,2,1,1,1,3,4,2,3,1991,2,2
1991,1,200341,2,2,3,2,2,2,3,4,1,3,1972,2,2
1991,1,200342,1,2,2,2,1,1,3,4,2,3,1979,2,2
1991,1,200343,3,1,1,1,1,1,3,4,1,3,1986,2,2
1991,1,200344,4,2,2,2,1,1,3,4,2,3,1989,2,2
1991,1,200345,1,2,2,2,2,2,3,4,2,3,1979,2,2
1991,1,200346,1,2,2,2,1,1,3,4,1,3,1991,2,2
1991,1,200348,1,3,3,2,1,1,3,4,2,3,1989,2,2
1991,2,200348,1,2,2,2,1,1,3,4,2,3,1989,2,2
1991,1,200349,1,5,5,1,2,2,3,4,2,3,1988,2,2
1991,1,200350,2,2,2,2,1,1,3,4,2,3,1972,2,2
1991,2,200350,1,3,3,2,1,1,3,4,2,3,1989,2,2
1991,1,200351,3,2,2,2,1,1,3,4,2,3,1985,2,2
1991,1,200352,1,2,2,2,1,1,3,4,1,3,1991,2,2
1991,2,200352,1,3,3,2,1,1,3,4,2,3,1988,2,2
1991,1,200353,1,2,2,2,1,1,3,4,2,3,1988,2,2
1991,2,200353,1,5,2,2,1,1,3,4,2,3,1989,2,2
1991,1,200354,2,2,2,2,1,1,3,4,2,3,1985,2,2
1991,2,200354,1,5,5,2,1,1,3,4,2,3,1984,2,2
1991,1,200356,2,2,2,2,1,1,3,4,2,3,1967,2,2
1991,2,200356,1,5,5,2,1,1,3,4,2,3,1988,2,2
1991,3,200356,3,2,2,2,1,1,3,4,2,3,1976,2,2
1991,1,200357,1,2,5,2,1,1,3,4,2,3,1989,2,2
1991,2,200357,1,2,2,2,1,1,3,4,2,3,1991,2,1
1991,1,200358,1,2,2,2,1,1,3,4,1,3,1984,2,2
1991,1,200359,1,2,2,1,1,1,3,4,2,3,1988,2,2
1991,2,200359,1,2,2,1,1,1,3,4,2,3,1982,2,2
1991,1,200361,1,2,5,2,1,1,3,4,1,3,1984,2,2
1991,1,200362,2,2,2,2,1,1,3,4,2,3,1981,2,2
1991,1,200363,1,2,2,2,1,1,3,4,2,3,1982,2,2
1991,1,200364,3,2,2,1,1,1,3,4,2,3,1984,2,2
1991,1,200365,1,2,3,1,1,1,3,4,2,3,1978,2,2
1991,1,200366,1,2,2,2,1,1,3,4,2,3,1990,2,2
1991,2,200366,2,2,2,2,1,1,3,4,2,3,1987,2,2
1991,1,200367,1,2,2,2,1,1,3,4,2,3,1992,2,2
1991,1,200368,1,2,2,2,1,1,3,4,1,3,1987,2,2
1991,1,200369,1,2,2,2,1,1,3,4,2,3,1978,2,2
1991,1,200370,3,2,2,2,1,1,3,4,1,3,1986,2,2
1991,1,200371,1,1,1,1,1,1,3,4,2,3,1975,2,2
1991,1,200372,1,2,2,1,2,2,3,4,1,3,1983,2,2
1991,1,200374,2,4,4,2,3,3,3,4,2,3,1985,2,2
1991,1,210001,2,2,2,1,1,1,3,4,1,3,1990,2,2
1991,1,210003,1,2,2,2,1,1,3,4,2,3,1979,2,2
1991,1,210004,1,6,6,1,1,1,3,4,1,3,1989,2,2
1991,1,210005,2,7,7,1,1,1,3,4,1,3,1973,2,2
1991,1,210006,1,2,2,2,1,1,3,4,2,3,1987,2,1
1991,2,210006,4,2,2,2,1,1,3,4,2,3,1989,2,2
1991,1,210007,1,2,2,2,1,1,3,4,2,3,1977,2,2
1991,2,210007,2,2,2,2,1,1,3,4,2,3,1987,2,2
1991,1,210008,3,2,2,2,2,2,3,4,2,3,1987,2,2
1991,1,210009,3,2,2,2,1,1,3,4,1,3,1987,2,2
1991,2,210009,4,2,2,2,1,1,3,4,2,3,1979,2,2
1991,1,210010,1,2,2,2,1,1,3,4,2,3,1977,2,2
1991,1,210011,1,2,2,2,1,1,3,4,1,3,1976,2,2
1991,1,210013,4,2,2,2,1,1,3,4,1,3,1990,2,2
1991,2,210013,2,4,4,2,1,1,3,4,2,3,1987,2,2
1991,3,210013,3,2,2,2,3,3,3,4,2,3,1984,2,2
1991,1,210014,4,2,2,2,1,1,3,4,2,3,1983,2,2
1991,2,210014,1,3,3,2,1,1,3,4,2,3,1987,2,2
1991,1,210015,1,3,3,1,1,1,3,4,2,3,1981,2,2
1991,1,210016,2,2,2,1,3,3,3,4,2,3,1990,2,1
1991,1,210017,4,2,5,2,1,1,3,4,1,3,1985,2,2
1991,2,210017,6,2,2,2,1,1,3,4,2,3,1987,2,2
1991,1,210018,1,2,2,2,1,1,3,4,1,3,1985,2,2
1991,1,210019,1,3,3,2,1,1,3,4,2,3,1989,2,2
1991,2,210019,1,2,2,2,1,1,3,4,2,3,1981,2,2
1991,1,210020,1,4,4,1,1,1,3,4,1,3,1991,2,2
1991,1,210021,2,2,2,1,3,3,3,4,2,3,1978,2,2
1991,1,210022,1,2,2,2,1,1,3,4,2,3,1979,2,2
1991,2,210022,2,2,2,2,1,1,3,4,2,3,1989,2,2
1991,1,210023,2,2,2,1,1,1,3,4,1,3,1977,2,2
1991,1,210024,1,5,5,2,1,1,3,4,1,3,1983,2,2
1991,2,210024,1,2,2,2,1,1,3,4,2,3,1987,2,2
1991,1,210025,1,2,2,2,1,1,3,4,1,3,1988,2,2
1991,2,210025,3,2,2,2,1,1,3,4,2,3,1988,2,2
1991,1,210026,1,7,7,1,1,1,3,4,1,3,1988,2,2
1991,1,210027,1,5,5,2,1,1,3,4,2,3,1972,1,2
1991,2,210027,2,2,2,2,1,1,3,4,2,3,1989,2,2
1991,1,210028,3,2,2,1,3,3,3,4,2,3,1983,2,2
1991,1,210029,2,2,2,2,1,1,3,4,2,3,1986,2,2
1991,2,210029,1,2,2,2,1,1,3,4,2,3,1990,2,2
1991,1,210030,1,2,2,2,1,1,3,4,2,3,1986,2,2
1991,1,210031,1,4,4,2,1,1,3,4,1,3,1985,2,2
1991,2,210031,1,2,2,2,1,1,3,4,2,3,1986,2,2
1991,1,210032,1,2,2,2,1,1,3,4,2,3,1989,1,2
1991,1,210034,4,4,4,1,1,1,3,4,2,3,1988,2,2
1991,2,210034,4,3,3,1,3,3,3,4,2,3,1990,2,2
1991,1,210035,2,2,2,1,1,1,3,4,2,3,1985,2,2
1991,1,210036,1,6,6,1,2,2,3,4,1,3,1974,2,2
1991,1,210037,1,3,3,2,1,1,3,4,2,3,1980,2,2
1991,2,210037,3,2,2,2,1,1,3,4,2,3,1990,2,2
1991,1,210038,1,2,2,2,2,2,3,4,1,3,1976,2,2
1991,2,210038,1,5,5,2,1,1,3,4,2,3,1985,2,2
1991,1,210039,1,2,2,1,1,1,3,4,2,3,1990,2,2
1991,1,210040,1,2,2,2,1,1,3,4,1,3,1975,2,2
1991,1,210041,1,3,3,1,1,1,3,4,2,3,1986,2,2
1991,2,210041,1,2,2,2,3,3,3,4,2,3,1984,2,2
1991,1,210042,6,5,5,2,1,1,3,4,2,3,1981,2,2
1991,2,210042,2,2,2,2,1,1,3,4,2,3,1983,2,2
1991,1,210043,2,2,2,2,1,1,3,4,2,3,1978,2,2
1991,2,210043,1,5,5,2,1,1,3,4,2,3,1985,2,2
1991,3,210043,6,4,4,2,1,1,3,4,2,3,1989,2,2
1991,4,210043,3,2,2,2,1,1,3,4,2,3,1985,2,2
1991,5,210043,1,2,2,2,1,1,3,4,2,3,1986,2,2
1991,1,210044,2,2,2,1,1,1,3,4,2,3,1968,1,2
1991,2,210044,1,4,4,2,1,1,3,4,2,3,1983,2,2
1991,3,210044,1,4,4,2,1,1,3,4,2,3,1983,2,2
1991,1,210045,1,1,1,1,1,1,3,4,1,3,1983,2,2
1991,1,210046,1,1,1,1,1,1,3,4,1,3,1979,2,2
1991,1,210047,1,2,2,2,1,1,3,4,2,3,1977,2,2
1991,1,210048,2,6,6,2,3,3,3,4,2,3,1976,2,2
1991,1,210049,2,2,2,2,1,1,3,4,2,3,1986,2,2
1991,1,210050,1,3,3,2,2,2,3,4,2,3,1969,2,2
1991,2,210050,6,2,2,2,1,1,3,4,2,3,1986,2,2
1991,1,210051,2,5,5,2,2,2,3,4,1,3,1991,2,2
1991,1,210052,1,3,3,2,1,1,3,4,1,3,1987,2,2
1991,1,210053,2,2,2,2,1,1,3,4,2,3,1981,2,2
1991,1,210054,1,2,3,1,1,1,3,4,1,3,1977,2,2
1991,2,210054,4,4,4,2,1,1,3,4,2,3,1976,2,2
1991,1,210056,1,3,3,2,2,2,3,4,2,3,1982,2,2
1991,2,210056,6,5,5,2,2,2,3,4,2,3,1991,2,2
1991,1,210057,2,2,2,1,2,2,3,4,1,3,1974,2,2
1991,2,210057,2,2,2,1,2,2,3,4,2,3,1988,2,2
1991,1,210058,1,2,2,1,1,1,3,4,2,3,1979,2,2
1991,1,210059,2,4,4,2,3,3,3,4,2,3,1977,2,2
1991,2,210059,5,2,2,2,1,1,3,4,2,3,1990,2,2
1991,1,210060,6,2,2,2,1,1,3,4,2,3,1983,1,2
1991,2,210060,1,5,5,2,1,1,3,4,2,3,1980,2,2
1991,3,210060,1,2,2,2,1,1,3,4,2,3,1977,2,2
1991,1,210061,1,2,2,2,1,1,3,4,2,3,1971,1,2
1991,1,210062,2,5,5,2,1,1,3,4,1,3,1987,2,2
1991,1,210063,2,2,2,1,1,1,3,4,2,3,1984,1,2
1991,1,210064,1,2,2,2,1,1,3,4,2,3,1987,2,1
1991,2,210064,6,4,4,2,1,1,3,4,2,3,1989,2,2
1991,1,210065,1,2,2,1,1,1,3,4,2,3,1984,2,2
1991,1,210066,3,2,2,1,1,1,3,4,1,3,1985,2,2
1991,1,210067,4,2,2,2,1,1,3,4,2,3,1990,2,2
1991,2,210067,6,2,2,2,1,1,3,4,2,3,1985,2,2
1991,1,210068,1,2,2,2,1,1,3,4,2,3,1980,2,2
1991,2,210068,1,2,2,2,1,1,3,4,2,3,1980,2,2
1991,1,210069,2,2,2,2,1,1,3,4,1,3,1986,2,2
1991,1,210070,1,2,2,2,3,3,3,4,1,3,1975,2,2
1991,2,210070,1,2,2,2,1,1,3,4,2,3,1979,2,2
1991,1,210071,1,2,2,1,1,1,3,4,2,3,1980,1,2
1991,1,210072,1,5,5,2,1,1,3,4,2,3,1983,1,2
1991,2,210072,2,2,2,2,1,1,3,4,2,3,1991,2,2
1991,1,210073,1,2,5,2,1,1,3,4,2,3,1985,2,2
1991,1,210074,1,2,2,2,1,1,3,4,1,3,1984,2,2
1991,2,210074,1,5,5,2,1,1,3,4,1,3,1985,2,2
1991,1,210075,2,2,2,2,1,1,3,4,2,3,1984,2,2
1991,2,210075,6,2,2,2,1,1,3,4,2,3,1977,2,2
1991,3,210075,1,2,2,2,1,1,3,4,2,3,1982,2,2
1991,1,210076,1,2,2,2,2,2,3,4,2,3,1984,2,2
1991,1,210077,2,1,1,1,1,1,3,4,2,3,1967,2,1
1991,1,210078,1,2,2,2,1,1,3,4,2,3,1988,1,2
1991,2,210078,6,4,4,2,1,1,3,4,2,3,1987,2,2
1991,1,210079,1,2,2,2,1,1,3,4,2,3,1982,2,1
1991,2,210079,1,2,2,2,1,1,3,4,2,3,1986,2,2
1991,1,210080,1,5,5,2,1,1,3,4,2,3,1973,2,2
1991,2,210080,2,2,2,2,1,1,3,4,2,3,1988,2,2
1991,1,210081,7,7,7,2,4,2,3,2,2,3,1969,1,2
1991,2,210081,1,2,2,2,1,1,3,4,2,3,1985,2,2
1991,1,210082,1,2,2,2,1,1,3,4,2,3,1986,2,2
1991,1,210083,1,2,2,2,1,1,3,4,2,3,1988,1,2
1991,1,210084,2,2,2,1,1,1,3,4,1,3,1991,2,2
1991,1,210085,2,2,2,1,1,1,3,4,2,3,1989,2,1
1991,1,210086,1,5,5,2,1,1,3,4,2,3,1986,2,2
1991,2,210086,6,2,2,2,1,1,3,4,2,3,1990,2,2
1991,1,210087,1,5,5,2,1,1,3,4,2,3,1989,2,2
1991,2,210087,2,2,2,2,1,1,3,4,1,3,1987,2,2
1991,1,210088,2,2,2,1,2,2,3,4,2,3,1975,2,2
1991,1,210089,1,5,5,1,1,1,3,4,2,3,1976,2,2
1991,1,210090,1,2,2,2,3,3,3,4,1,3,1978,2,2
1991,2,210090,6,2,2,2,1,1,3,4,2,3,1987,2,2
1991,1,210091,1,3,3,2,1,1,3,4,2,3,1977,2,2
1991,2,210091,6,2,2,2,1,1,3,4,2,3,1974,2,2
1991,1,210092,1,2,2,2,1,1,3,4,1,3,1990,2,2
1991,1,210093,2,2,2,1,1,1,3,4,1,3,1989,1,2
1991,1,210094,2,2,2,2,1,1,3,4,1,3,1986,2,2
1991,1,210095,3,2,2,2,1,1,3,4,2,3,1988,2,2
1991,1,210096,2,2,2,2,1,1,3,4,2,3,1971,2,2
1991,2,210096,4,2,2,1,1,1,3,4,2,3,1990,2,2
1991,1,210098,2,2,2,2,1,1,3,4,2,3,1989,2,1
1991,2,210098,6,4,4,2,1,1,3,4,2,3,1984,2,2
1991,1,210099,1,2,2,2,1,1,3,4,2,3,1990,1,2
1991,1,210100,6,2,2,2,1,1,3,4,2,3,1986,2,2
1991,1,210101,6,2,2,2,1,1,3,4,2,3,1989,2,2
1991,1,210102,1,2,2,2,1,1,3,4,2,3,1984,2,2
1991,2,210102,1,2,2,2,1,1,3,4,2,3,1970,2,2
1991,1,210103,3,2,2,1,1,1,3,4,2,3,1978,2,2
1991,1,210104,1,2,2,2,1,1,3,4,1,3,1989,2,2
1991,2,210104,1,3,3,2,1,1,3,4,2,3,1980,2,2
1991,1,210105,2,4,4,1,2,2,3,4,1,3,1989,2,2
1991,1,210106,1,2,2,2,1,1,3,4,1,3,1984,2,2
1991,1,210107,2,2,2,2,1,1,3,4,2,3,1988,2,2
1991,1,210108,1,3,3,2,1,1,3,4,1,3,1989,2,2
1991,1,210109,1,1,1,1,1,1,3,4,2,3,1987,1,2
1991,1,210110,1,2,2,2,1,1,3,4,2,3,1969,1,2
1991,2,210110,6,5,5,2,2,2,3,4,2,3,1981,2,2
1991,1,210111,1,3,3,2,1,1,3,4,2,3,1986,1,2
1991,2,210111,1,2,2,2,1,1,3,4,2,3,1977,2,2
1991,1,210112,7,5,5,2,4,2,3,2,2,3,1988,2,2
1991,2,210112,2,2,2,2,1,1,3,4,2,3,1989,2,2
1991,1,210113,2,1,1,2,1,1,3,4,2,3,1976,2,2
1991,1,210114,1,2,2,2,1,1,3,4,1,3,1979,2,2
1991,1,210115,1,2,2,2,1,1,3,4,2,3,1984,1,2
1991,2,210115,1,2,2,2,1,1,3,4,1,3,1982,1,2
1991,1,210116,1,2,2,2,1,1,3,4,2,3,1981,2,2
1991,2,210116,1,2,2,2,1,1,3,4,2,3,1981,2,2
1991,1,210117,1,2,2,2,1,1,3,4,2,3,1989,2,2
1991,1,210118,1,2,2,2,3,3,3,4,2,3,1986,2,1
1991,1,210119,1,3,3,2,1,1,3,4,2,3,1985,2,2
1991,2,210119,4,2,2,2,1,1,3,4,2,3,1982,2,2
1991,1,210120,2,3,3,2,1,1,3,4,2,3,1986,2,2
1991,2,210120,8,2,2,2,1,1,3,4,2,3,1970,2,2
1991,1,210121,1,5,5,2,1,1,3,4,2,3,1981,2,2
1991,2,210121,1,2,2,2,1,1,3,4,2,3,1984,2,2
1991,1,210122,9,1,1,2,1,1,3,4,2,3,1957,2,2
1991,1,210123,1,2,2,2,1,1,3,4,2,3,1988,2,2
1991,1,210124,9,1,1,2,3,3,3,4,2,3,9999,2,2
1991,1,210126,1,3,3,2,1,1,3,4,1,3,1990,2,2
1991,1,210127,1,5,5,2,1,1,3,4,2,3,1986,2,2
1991,2,210127,6,2,2,2,1,1,3,4,2,3,1982,2,2
1991,1,210128,1,2,2,2,1,1,3,4,2,3,1991,2,2
1991,1,210129,1,3,3,2,1,1,3,4,1,3,1986,2,2
1991,2,210129,1,2,2,2,1,1,3,4,2,3,1989,2,2
1991,1,210130,1,2,2,1,1,1,3,4,2,3,1982,2,1
1991,1,210131,1,2,2,1,1,1,3,4,1,3,1970,2,2
1991,1,210132,1,2,2,1,1,1,3,4,2,3,1989,1,2
1991,1,210133,1,2,2,2,1,1,3,4,1,3,1977,2,2
1991,1,210134,1,2,2,1,3,3,3,4,1,3,1976,2,2
1991,1,210135,2,2,2,2,1,1,3,4,2,3,1989,2,2
1991,2,210135,1,5,5,2,1,1,3,4,2,3,1991,2,2
1991,1,210136,1,6,6,1,1,1,3,4,2,3,1989,2,2
1991,1,210137,1,2,2,2,2,2,3,4,2,3,1983,1,2
1991,1,210138,1,2,2,2,1,1,3,4,1,3,1985,2,2
1991,1,210139,1,5,2,2,2,2,3,4,2,3,1984,2,2
1991,2,210139,1,2,2,2,1,1,3,4,2,3,1987,2,2
1991,3,210139,1,2,2,2,1,1,3,4,2,3,1980,2,2
1991,1,210140,2,2,2,1,2,2,3,4,1,3,1973,2,2
1991,1,210141,1,2,2,1,1,1,3,4,2,3,1987,2,2
1991,1,210142,1,2,2,1,1,1,3,4,2,3,1983,2,2
1991,1,210143,3,1,1,1,2,2,3,4,1,3,1973,2,2
1991,1,210144,9,1,1,1,1,1,3,4,1,3,1976,2,2
1991,1,210145,1,2,2,2,1,1,3,4,2,3,1980,1,2
1991,2,210145,1,2,2,2,1,1,3,4,2,3,1982,2,2
1991,1,210146,1,2,2,1,1,1,3,4,1,3,1988,2,2
1991,1,210148,1,6,6,2,1,1,3,4,2,3,1985,1,2
1991,1,210149,1,2,2,1,2,2,3,4,1,3,1983,2,2
1991,1,210150,3,2,2,1,1,1,3,4,2,3,1976,1,2
1991,2,210150,1,2,2,2,1,1,3,4,2,3,1981,2,2
1991,3,210150,2,6,6,2,1,1,3,4,2,3,1988,2,2
1991,1,210151,1,2,2,1,1,1,3,4,2,3,1991,1,2
1991,1,210152,1,2,2,2,1,1,3,4,2,3,1984,1,2
1991,2,210152,6,3,3,2,1,1,3,4,2,3,1989,2,2
1991,1,210153,1,1,1,1,1,1,3,4,2,3,1986,2,2
1991,1,210154,1,2,2,2,1,1,3,4,2,3,1982,1,2
1991,2,210154,1,2,2,2,1,1,3,4,2,3,1989,2,2
1991,1,210155,1,3,3,2,1,1,3,4,1,3,1978,2,2
1991,1,210156,1,5,5,2,1,1,3,4,2,3,1986,2,2
1991,2,210156,7,2,2,2,4,1,3,1,1,3,1986,2,2
1991,1,210157,1,2,2,2,1,1,3,4,1,3,1979,2,2
1991,1,210158,1,2,2,1,1,1,3,4,1,3,1982,1,2
1991,2,210158,2,2,2,2,1,1,3,4,2,3,1983,2,2
1991,1,210159,2,2,2,2,1,1,3,4,2,3,1989,2,2
1991,2,210159,6,2,2,2,1,1,3,4,2,3,1985,2,2
1991,1,210160,3,3,2,1,1,1,3,4,2,3,1986,2,2
1991,1,210161,6,3,3,2,1,1,3,4,1,3,1988,2,2
1991,1,210162,7,2,2,2,4,2,3,2,2,3,1978,2,2
1991,1,210163,1,2,2,2,2,2,3,4,2,3,1983,2,2
1991,1,210165,2,3,3,2,1,1,3,4,2,3,1965,2,2
1991,2,210165,1,2,2,2,1,1,3,4,2,3,1981,2,2
1991,3,210165,1,4,4,2,1,1,3,4,2,3,1990,2,2
1991,4,210165,1,2,2,2,1,1,3,4,2,3,1981,2,2
1991,1,210166,1,2,2,2,1,1,3,4,1,3,1983,2,2
1991,1,210167,1,2,2,2,1,1,3,4,2,3,1981,1,2
1991,2,210167,1,2,2,2,1,1,3,4,2,3,1985,2,2
1991,1,210168,1,2,2,2,1,1,3,4,2,3,1984,1,2
1991,2,210168,1,2,2,2,1,1,3,4,2,3,1989,2,2
1991,1,210169,1,2,2,2,1,1,3,4,2,3,1991,2,2
1991,1,210170,1,2,2,2,1,1,3,4,2,3,1978,2,2
1991,2,210170,1,2,2,2,1,1,3,4,2,3,1980,2,2
1991,1,210171,6,1,1,1,1,1,3,4,2,3,1989,1,2
1991,1,210172,6,6,6,2,1,1,3,4,2,3,1968,2,2
1991,1,210173,1,2,2,2,2,2,3,4,1,3,1979,2,2
1991,1,210174,1,2,2,1,1,1,3,4,1,3,1989,2,2
1991,1,210175,6,2,2,1,2,2,3,4,2,3,1979,1,2
1991,1,210176,3,6,6,1,1,1,3,4,1,3,1978,2,2
1991,1,210177,1,5,5,2,1,1,3,4,1,3,1985,2,2
1991,1,210178,3,2,2,2,1,1,3,4,2,3,1990,1,2
1991,2,210178,6,4,4,2,1,1,3,4,2,3,1985,2,2
1991,1,210179,4,2,2,2,1,1,3,4,2,3,1989,1,2
1991,1,210181,1,2,5,1,1,1,3,4,1,3,1983,2,2
1991,1,210182,1,2,2,2,1,1,3,4,2,3,1984,2,2
1991,2,210182,2,2,2,2,1,1,3,4,2,3,1977,2,2
1991,1,210183,1,5,5,2,1,1,3,4,2,3,1987,2,2
1991,2,210183,1,2,2,2,1,1,3,4,2,3,1987,1,2
1991,1,210184,1,6,6,1,1,1,3,4,1,3,1984,2,2
1991,1,210185,1,2,2,2,1,1,3,4,2,3,1982,2,2
1991,2,210185,1,4,4,2,1,1,3,4,2,3,1978,2,2
1991,1,210186,1,2,5,2,1,1,3,4,1,3,1988,1,2
1991,1,210187,1,1,1,1,1,1,3,4,2,3,1990,2,1
1991,1,210188,2,2,2,1,1,1,3,4,2,3,1986,2,2
1991,1,210191,1,2,2,2,1,1,3,4,2,3,1985,2,2
1991,1,210192,2,2,2,2,1,1,3,4,2,3,1979,2,2
1991,2,210192,6,2,2,2,1,1,3,4,2,3,1991,2,2
1991,1,210193,1,6,6,2,3,3,3,4,2,3,1977,2,2
1991,1,210194,1,2,2,2,1,1,3,4,1,3,1989,2,2
1991,1,210195,1,3,3,2,1,1,3,4,2,3,1987,2,2
1991,1,210196,2,2,2,2,1,1,3,4,2,3,1989,1,2
1991,2,210196,4,2,2,2,1,1,3,4,2,3,1979,2,2
1991,1,210197,1,2,2,2,1,1,3,4,2,3,1965,2,2
1991,1,210198,2,2,2,2,1,1,3,4,2,3,1990,1,2
1991,1,210199,1,1,1,1,2,2,3,4,1,3,1979,2,2
1991,1,210200,1,2,2,2,2,2,3,4,2,3,1979,2,2
1991,2,210200,2,2,2,2,1,1,3,4,2,3,1989,2,2
1991,1,210201,1,2,2,2,1,1,3,4,2,3,1976,2,2
1991,2,210201,2,2,2,2,1,1,3,4,2,3,1991,2,2
1991,1,210202,2,5,5,2,1,1,3,4,2,3,1988,2,2
1991,2,210202,7,2,2,2,4,1,3,1,1,3,1981,2,2
1991,1,210203,1,3,3,2,1,1,3,4,2,3,1984,2,2
1991,2,210203,6,2,2,2,1,1,3,4,2,3,1981,2,2
1991,1,210205,1,2,2,2,1,1,3,4,1,3,1988,2,2
1991,1,210206,2,2,2,2,1,1,3,4,1,3,1987,2,2
1991,1,210207,1,2,2,2,2,2,3,4,1,3,1974,1,2
1991,2,210207,1,5,5,2,1,1,3,4,2,3,1980,2,2
1991,1,210209,1,1,1,2,1,1,3,4,2,3,1984,2,2
1991,1,210210,1,4,4,2,1,1,3,4,1,3,1989,1,2
1991,2,210210,1,2,2,2,1,1,3,4,2,3,1984,2,2
1991,1,210211,1,2,2,2,1,1,3,4,2,3,1986,2,1
1991,1,210212,1,2,2,2,1,1,3,4,2,3,1990,2,2
1991,2,210212,1,6,6,2,1,1,3,4,2,3,1975,1,2
1991,1,210213,2,3,3,1,1,1,3,4,2,3,1990,2,2
1991,1,210214,1,2,2,2,1,1,3,4,2,3,1988,2,2
1991,2,210214,1,2,2,2,1,1,3,4,2,3,1983,2,2
1991,1,210215,1,2,2,1,2,2,3,4,1,3,1985,2,2
1991,2,210215,1,2,2,2,1,1,3,4,2,3,1990,2,2
1991,1,210216,1,4,4,1,1,1,3,4,1,3,1991,2,2
1991,1,210217,1,2,2,1,1,1,3,4,1,3,1982,2,2
1991,1,210218,1,5,5,1,3,3,3,4,1,3,1980,2,2
1991,1,210220,4,2,2,2,2,2,3,4,1,3,1989,2,2
1991,2,210220,1,2,2,2,1,1,3,4,2,3,1983,2,2
1991,1,210221,2,2,2,2,1,1,3,4,2,3,1988,2,1
1991,1,210222,1,2,2,2,1,1,3,4,2,3,1983,2,2
1991,2,210222,2,2,2,2,1,1,3,4,2,3,1983,2,2
1991,1,210223,1,5,5,1,1,1,3,4,2,3,1985,2,2
1991,1,210224,1,2,2,2,1,1,3,4,2,3,1985,2,2
1991,2,210224,6,2,2,2,1,1,3,4,2,3,1982,2,2
1991,1,210225,2,1,1,1,1,1,3,4,1,3,1977,2,2
1991,1,210226,1,5,5,2,1,1,3,4,2,3,1983,2,2
1991,1,210227,1,4,4,2,1,1,3,4,2,3,1984,2,2
1991,2,210227,1,2,2,2,1,1,3,4,2,3,1989,2,2
1991,1,210228,1,2,2,1,1,1,3,4,1,3,1990,2,2
1991,1,210229,1,5,5,2,1,1,3,4,1,3,1978,2,2
1991,1,210230,1,5,5,2,1,1,3,4,2,3,1991,1,2
1991,2,210230,4,2,2,2,1,1,3,4,2,3,1989,2,2
1991,1,210231,9,1,1,1,1,1,3,4,2,3,1974,2,2
1991,1,210233,1,2,2,2,1,1,3,4,2,3,1987,2,2
1991,1,210234,2,2,2,2,1,1,3,4,2,3,1984,2,2
1991,1,210235,9,2,2,1,1,1,3,4,2,3,9999,2,2
1991,1,210236,1,1,1,1,1,1,3,4,2,3,1975,2,2
1991,1,210237,1,5,5,2,1,1,3,4,2,3,1980,1,2
1991,2,210237,1,2,2,2,1,1,3,4,2,3,1991,2,2
1991,1,210238,2,2,2,1,1,1,3,4,2,3,1983,2,2
1991,1,210239,2,2,2,2,1,1,3,4,2,3,1974,2,2
1991,1,210241,1,2,2,1,1,1,3,4,1,3,1985,2,2
1991,2,210241,1,2,2,2,1,1,3,4,2,3,1981,2,2
1991,1,210242,3,2,2,1,1,1,3,4,1,3,1978,2,2
1991,1,210243,7,2,2,2,4,1,3,1,1,3,1980,2,2
1991,2,210243,1,2,2,2,2,2,3,4,2,3,1984,2,2
1991,1,210244,1,2,2,1,1,1,3,4,2,3,1980,1,2
1991,1,210245,1,2,2,1,1,1,3,4,2,3,1981,1,2
1991,1,210246,2,2,2,2,1,1,3,4,2,3,1986,2,2
1991,2,210246,1,2,2,2,1,1,3,4,2,3,1991,2,2
1991,1,210247,1,5,5,2,1,1,3,4,2,3,1983,2,2
1991,2,210247,6,2,2,2,1,1,3,4,2,3,1989,2,2
1991,3,210247,1,2,2,2,1,1,3,4,2,3,1990,2,2
1991,4,210247,2,4,4,2,1,1,3,4,2,3,1990,2,2
1991,1,210248,1,2,2,2,1,1,3,4,1,3,1987,2,2
1991,2,210248,1,2,2,2,1,1,3,4,2,3,1983,2,2
1991,1,210249,6,1,1,1,1,1,3,4,2,3,1991,2,2
1991,1,210250,1,2,2,2,1,1,3,4,2,3,1979,2,2
1991,2,210250,8,2,2,2,1,1,3,4,2,1,1986,2,2
1991,1,210252,6,2,2,1,1,1,3,4,2,3,1989,1,2
1991,1,210253,1,3,3,2,1,1,3,4,1,3,1982,2,2
1991,2,210253,1,2,2,2,1,1,3,4,2,3,1984,2,2
1991,1,210254,7,2,2,2,4,2,3,2,1,3,1982,2,2
1991,2,210254,2,2,2,2,1,1,3,4,2,3,1970,2,2
1991,1,210255,2,2,2,2,1,1,3,4,2,3,1988,1,2
1991,2,210255,6,2,2,2,1,1,3,4,2,3,1983,2,2
1991,1,210256,1,2,2,1,1,1,3,4,2,3,1980,2,2
1991,2,210256,1,2,2,2,1,1,3,4,2,3,1988,2,2
1991,1,210257,1,2,2,1,2,2,3,4,2,3,1982,2,2
1991,2,210257,1,2,2,2,1,1,3,4,2,3,1984,2,2
1991,1,210258,1,4,4,2,1,1,3,4,2,3,1984,2,2
1991,2,210258,4,2,2,2,1,1,3,4,1,3,1985,2,2
1991,1,210259,1,2,2,2,1,1,3,4,1,3,1985,2,2
1991,1,210260,6,2,2,2,1,1,3,4,2,3,1986,2,2
1991,1,210261,4,1,1,1,1,1,3,4,1,3,1980,2,2
1991,1,210262,2,2,2,2,1,1,3,4,2,3,1988,2,2
1991,2,210262,6,2,2,2,1,1,3,4,2,3,1988,2,2
1991,1,210263,1,3,3,2,1,1,3,4,1,3,1978,2,2
1991,1,210264,1,2,2,2,1,1,3,4,2,3,1979,2,2
1991,1,210265,2,3,3,1,1,1,3,4,2,3,1984,2,2
1991,2,210265,1,2,2,2,1,1,3,4,2,3,1987,2,2
1991,1,210266,1,5,5,2,1,1,3,4,1,3,1985,2,2
1991,1,210267,1,5,5,2,2,2,3,4,1,3,1990,2,2
1991,1,210268,2,2,2,1,1,1,3,4,1,3,1985,2,2
1991,1,210269,1,3,3,2,2,2,3,4,1,3,1985,2,2
1991,1,210270,1,2,2,2,1,1,3,4,2,3,1983,1,2
1991,2,210270,1,2,2,2,1,1,3,4,2,3,1987,2,2
1991,1,210271,1,3,3,1,1,1,3,4,1,3,1977,2,2
1991,1,210272,1,2,2,2,1,1,3,4,2,3,1977,2,2
1991,1,210273,1,2,2,2,1,1,3,4,2,3,1986,1,2
1991,1,210274,1,5,5,2,3,3,3,4,1,3,1985,1,2
1991,2,210274,1,2,2,2,1,1,3,4,2,3,1990,2,2
1991,1,210275,2,1,1,1,1,1,3,4,2,3,1979,2,2
1991,1,210276,1,2,2,1,2,2,3,4,2,3,1987,2,2
1991,1,210277,1,2,2,2,1,1,3,4,1,3,1978,2,2
1991,2,210277,1,5,5,2,1,1,3,4,2,3,1975,2,2
1991,3,210277,1,5,5,2,1,1,3,4,2,3,1982,2,2
1991,1,210278,1,2,2,1,1,1,3,4,1,3,1983,2,2
1991,1,210279,2,2,2,1,1,1,3,4,2,3,1971,2,2
1991,1,210280,2,4,4,1,1,1,3,4,2,3,1991,2,2
1991,2,210280,1,2,4,2,1,1,3,4,2,3,1973,2,2
1991,1,210281,1,2,2,2,1,1,3,4,2,3,1991,2,1
1991,1,210282,2,2,2,2,1,1,3,4,2,3,1978,2,2
1991,2,210282,1,2,2,2,1,1,3,4,2,3,1982,2,2
1991,1,210283,1,2,2,1,1,1,3,4,2,3,1984,2,2
1991,1,210284,1,4,4,2,1,1,3,4,2,3,1980,1,2
1991,2,210284,7,2,2,2,4,1,3,1,2,3,1986,2,2
1991,1,210285,2,2,2,2,1,1,3,4,2,3,1985,2,2
1991,2,210285,2,2,2,2,1,1,3,4,2,3,1977,2,2
1991,1,210287,1,4,4,1,2,2,3,4,1,3,1981,2,2
1991,2,210287,2,2,2,2,1,1,3,4,2,3,1991,2,2
1991,1,210288,1,3,3,2,2,2,3,4,2,3,1983,1,2
1991,2,210288,1,2,2,2,1,1,3,4,2,3,1990,2,2
1991,1,210289,2,2,2,2,1,1,3,4,1,3,1988,2,2
1991,1,210290,3,2,2,2,1,1,3,4,2,3,1987,2,2
1991,2,210290,6,2,2,2,1,1,3,4,2,3,1985,2,2
1991,3,210290,2,5,5,2,1,1,3,4,2,3,1990,2,2
1991,1,210291,1,5,5,2,1,1,3,4,2,3,1988,2,2
1991,2,210291,6,2,2,2,1,1,3,4,2,3,1987,2,2
1991,1,210292,1,2,2,1,1,1,3,4,1,3,1989,2,2
1991,1,210293,3,2,2,2,1,1,3,4,1,3,1980,2,2
1991,2,210293,2,2,2,2,1,1,3,4,2,3,1985,2,2
1991,1,210294,1,2,2,2,1,1,3,4,2,3,1977,2,2
1991,2,210294,1,2,2,2,1,1,3,4,2,3,1989,2,2
1991,1,210295,1,2,2,2,1,1,3,4,2,3,1989,2,2
1991,2,210295,1,2,2,2,1,1,3,4,2,3,1976,2,2
1991,1,210296,1,1,1,1,1,1,3,4,2,3,1982,2,2
1991,1,210297,1,2,2,2,1,1,3,4,1,3,1984,2,2
1991,1,210298,2,1,1,1,1,1,3,4,2,3,1988,2,2
1991,1,210299,1,2,2,1,1,1,3,4,1,3,1990,2,2
1991,1,210300,6,1,1,1,1,1,3,4,2,3,1986,2,2
1991,1,210301,2,4,4,1,1,1,3,4,2,3,1985,2,2
1991,1,210302,6,2,2,2,2,2,3,4,2,3,1984,2,1
1991,1,210303,1,2,2,2,1,1,3,4,2,3,1985,2,2
1991,2,210303,6,2,2,2,1,1,3,4,2,3,1988,2,2
1991,3,210303,2,2,2,2,1,1,3,4,2,3,1991,2,2
1991,1,210304,7,3,3,2,4,1,3,1,2,3,1985,2,2
1991,2,210304,2,2,2,2,1,1,3,4,2,3,1986,2,2
1991,1,210305,1,1,1,1,1,1,3,4,1,3,1990,2,2
1991,1,210306,2,2,2,1,1,1,3,4,2,3,1986,1,2
1991,2,210306,6,5,5,2,1,1,3,4,2,3,1982,2,2
1991,1,210307,1,3,3,2,1,1,3,4,2,3,1988,2,2
1991,2,210307,3,2,2,2,1,1,3,4,2,3,1987,2,2
1991,1,210308,1,6,2,2,1,1,3,4,2,3,1985,2,2
1991,1,210309,1,2,2,1,2,2,3,4,1,3,1986,2,2
1991,1,210310,1,2,2,1,1,1,3,4,2,3,1983,1,2
1991,1,210311,3,1,1,2,1,1,3,4,2,3,1985,2,2
1991,1,210312,6,2,2,2,1,1,3,4,2,3,1991,1,2
1991,1,210313,1,5,5,1,3,3,3,4,1,3,1989,2,2
1991,1,210314,1,2,2,2,1,1,3,4,2,3,1991,2,2
1991,2,210314,1,5,5,2,1,1,3,4,2,3,1990,2,2
1991,1,210315,1,5,5,2,1,1,3,4,2,3,1977,1,2
1991,2,210315,7,2,2,2,4,2,3,2,2,3,1976,2,2
1991,1,210316,3,2,2,1,1,1,3,4,2,3,1979,2,2
1991,1,210317,2,2,2,1,1,1,3,4,1,3,1986,2,2
1991,1,210318,2,2,2,1,2,2,3,4,2,3,1980,1,2
1991,1,210319,7,2,2,2,4,1,3,1,1,3,1973,2,2
1991,2,210319,2,2,2,2,1,1,3,4,2,3,1989,2,2
1991,1,210320,1,5,5,2,1,1,3,4,2,3,1981,2,2
1991,2,210320,6,2,2,2,1,1,3,4,2,3,1984,2,2
1991,1,210321,1,3,3,2,1,1,3,4,1,3,1980,2,2
1991,2,210321,1,2,2,2,1,1,3,4,2,3,1988,2,2
1991,1,210322,1,2,2,2,1,1,3,4,2,3,1984,2,1
1991,1,210323,7,1,1,2,4,2,3,2,1,3,1980,2,2
1991,1,210324,1,2,2,2,1,1,3,4,2,3,1979,2,2
1991,2,210324,6,2,2,2,1,1,3,4,2,3,1985,2,2
1991,1,210325,1,5,5,2,1,1,3,4,2,3,1982,2,2
1991,2,210325,2,2,2,2,1,1,3,4,2,3,1991,2,2
1991,1,210326,9,1,1,1,2,1,3,4,2,3,1975,2,2
1991,1,210327,6,3,3,1,1,1,3,4,2,3,1985,2,2
1991,1,210328,1,2,2,2,1,1,3,4,1,3,1990,2,2
1991,2,210328,6,2,2,1,1,1,3,4,2,3,1988,2,2
1991,1,210329,3,2,2,2,1,1,3,4,2,3,1979,2,2
1991,1,210330,6,4,4,2,3,3,3,4,2,3,1990,2,2
1991,2,210330,4,2,2,2,1,1,3,4,2,3,1990,2,2
1991,1,210331,1,2,2,2,1,1,3,4,1,3,1983,2,2
1991,2,210331,2,2,2,2,1,1,3,4,2,3,1988,2,2
1991,1,210332,2,2,2,1,1,1,3,4,1,3,1991,2,2
1991,1,210333,3,2,2,2,1,1,3,4,1,3,1990,2,2
1991,2,210333,6,4,4,2,1,1,3,4,2,3,1990,2,2
1991,3,210333,1,4,4,2,3,3,3,4,2,3,1991,2,2
1991,1,210334,3,2,2,2,1,1,3,4,2,3,1991,2,2
1991,2,210334,9,2,2,2,2,2,3,4,1,3,1988,2,2
1991,1,210335,1,5,5,2,1,1,3,4,2,3,1987,1,2
1991,2,210335,2,2,2,2,1,1,3,4,2,3,1980,2,2
1991,1,210336,2,2,5,2,1,1,3,4,2,3,1978,2,2
1991,1,210337,1,2,2,1,1,1,3,4,1,3,1990,2,2
1991,1,210338,1,1,1,1,1,1,3,4,2,3,1979,2,2
1991,1,210339,2,2,2,1,1,1,3,4,1,3,1972,2,2
1991,1,210340,1,2,2,2,1,1,3,4,2,3,1980,1,2
1991,2,210340,4,2,2,2,1,1,3,4,2,3,1986,2,2
1991,1,210341,1,2,2,2,1,1,3,4,1,3,1982,2,2
1991,1,210342,7,2,2,2,4,1,3,1,1,3,1988,2,2
1991,2,210342,1,2,2,2,2,2,3,4,2,3,1973,2,2
1991,1,210343,2,2,2,2,1,1,3,4,2,3,1988,2,2
1991,2,210343,1,2,2,2,1,1,3,4,1,3,1984,2,2
1991,1,210344,1,2,2,1,1,1,3,4,1,3,1987,2,2
1991,1,210345,1,1,1,1,1,1,3,4,1,3,1990,2,2
1991,1,210346,2,2,2,2,1,1,3,4,2,3,1973,1,2
1991,1,210347,1,2,2,2,1,1,3,4,2,3,1987,1,2
1991,2,210347,1,2,2,2,1,1,3,4,1,3,1988,2,2
1991,1,210348,2,2,2,2,1,1,3,4,2,3,1976,2,2
1991,2,210348,7,2,2,2,4,1,3,1,2,3,1984,2,2
1991,1,210349,1,2,2,1,1,1,3,4,1,3,1987,2,2
1991,2,210349,8,2,2,2,1,1,3,4,2,1,1984,2,2
1991,1,210350,4,2,2,2,1,1,3,4,2,3,1990,2,2
1991,2,210350,1,2,2,2,2,2,3,4,2,3,1982,2,2
1991,1,210351,1,2,2,2,1,1,3,4,2,3,1988,2,1
1991,1,210352,1,1,1,1,1,1,3,4,1,3,1981,2,2
1991,1,210354,3,1,1,2,1,1,3,4,2,3,1980,2,2
1991,1,210355,1,2,2,2,1,1,3,4,2,3,1982,2,2
1991,2,210355,1,5,5,2,1,1,3,4,2,3,1989,2,2
1991,3,210355,4,2,2,2,1,1,3,4,2,3,1988,2,2
1991,1,210356,6,2,2,2,1,1,3,4,2,3,1987,1,2
1991,2,210356,1,4,4,2,1,1,3,4,2,3,1985,2,2
1991,1,210357,2,2,2,2,1,1,3,4,2,3,1985,1,2
1991,2,210357,3,4,4,1,1,1,3,4,2,3,1987,2,2
1991,3,210357,1,2,2,2,1,1,3,4,2,3,1977,2,2
1991,1,210358,1,2,2,2,1,1,3,4,2,3,1989,1,2
1991,2,210358,1,2,2,2,1,1,3,4,2,3,1986,2,2
1991,1,210360,1,2,2,2,1,1,3,4,2,3,1976,2,2
1991,2,210360,1,2,2,2,1,1,3,4,2,3,1987,2,2
1991,1,210361,3,6,6,2,1,1,3,4,2,3,1978,2,2
1991,1,210363,1,6,6,1,3,3,3,4,2,3,1989,2,2
1991,1,210364,3,2,2,1,1,1,3,4,2,3,1986,1,2
1991,2,210364,1,2,2,2,1,1,3,4,2,3,1979,2,2
1991,1,210365,2,2,2,2,2,2,3,4,2,3,1980,2,2
1991,2,210365,1,5,5,2,1,1,3,4,2,3,1989,2,2
1991,3,210365,2,5,5,2,1,1,3,4,2,3,1991,2,2
1991,1,210366,1,5,5,2,2,2,3,4,1,3,1981,2,2
1991,2,210366,2,2,2,2,1,1,3,4,2,3,1989,2,2
1991,1,210367,1,2,2,2,1,1,3,4,2,3,1977,2,2
1991,1,210368,6,2,2,2,1,1,3,4,1,3,1982,2,2
1991,2,210368,2,5,5,2,1,1,3,4,2,3,1987,2,2
1991,3,210368,2,2,2,2,1,1,3,4,2,3,1988,2,2
1991,4,210368,2,4,4,2,1,1,3,4,2,3,1986,2,2
1991,1,210369,1,2,2,2,1,1,3,4,2,3,1983,2,2
1991,2,210369,6,2,2,2,1,1,3,4,2,3,1977,2,2
1991,1,210370,1,2,2,2,1,1,3,4,2,3,1973,1,2
1991,2,210370,3,4,4,2,1,1,3,4,2,3,1988,2,2
1991,1,210371,2,2,2,2,1,1,3,4,1,3,1981,2,2
1991,1,210372,1,2,2,2,1,1,3,4,2,3,1984,2,2
1991,2,210372,2,2,2,2,1,1,3,4,2,3,1991,2,2
1991,1,210373,1,5,5,2,1,1,3,4,1,3,1980,2,2
1991,2,210373,1,2,2,2,1,1,3,4,2,3,1989,2,2
1991,1,210374,6,7,7,1,1,1,3,4,2,3,1979,2,2
1991,2,210374,6,6,6,1,1,1,3,4,2,3,1979,2,2
1991,1,210376,1,2,2,1,1,1,3,4,2,3,1987,2,2
1991,1,210377,7,2,2,2,4,1,3,1,1,3,1990,2,2
1991,1,210378,2,2,2,2,1,1,3,4,2,3,1972,2,2
1991,2,210378,3,2,2,2,1,1,3,4,2,3,1989,2,2
1991,1,210379,2,2,2,1,2,2,3,4,2,3,1968,2,2
1991,1,210380,1,7,7,1,3,3,3,4,1,3,1979,2,2
1991,2,210380,1,7,7,1,1,1,3,4,1,3,1979,2,2
1991,1,210381,2,2,2,2,1,1,3,4,1,3,1976,1,2
1991,1,210382,1,2,2,2,1,1,3,4,2,3,1985,2,2
1991,2,210382,4,2,2,1,1,1,3,4,2,3,1984,2,2
1991,1,210383,1,2,2,2,2,2,3,4,2,3,1980,2,2
1991,2,210383,1,5,5,2,1,1,3,4,2,3,1991,2,2
1991,1,210384,1,2,2,2,2,2,3,4,2,3,1984,1,2
1991,2,210384,3,2,2,2,1,1,3,4,2,3,1985,2,2
1991,1,210385,1,5,5,2,1,1,3,4,1,3,1991,2,2
1991,1,210386,1,2,2,2,1,1,3,4,1,3,1981,2,2
1991,1,210387,1,2,2,1,2,2,3,4,1,3,1972,1,2
1991,1,210388,1,2,2,1,1,1,3,4,2,3,1990,2,1
1991,1,210390,6,5,5,2,1,1,3,4,2,3,1979,2,2
1991,1,210391,1,2,2,2,1,1,3,4,1,3,1985,2,2
1991,1,210392,1,2,2,2,3,3,3,4,1,3,1982,2,2
1991,1,210393,2,3,3,2,1,1,3,4,2,3,1985,1,2
1991,2,210393,1,2,2,2,1,1,3,4,2,3,1984,2,2
1991,1,210394,1,5,5,2,1,1,3,4,2,3,1986,2,2
1991,2,210394,6,2,2,1,1,1,3,4,2,3,1981,2,2
1991,1,210395,2,2,2,2,2,2,3,4,2,3,1978,1,2
1991,2,210395,1,2,2,2,1,1,3,4,2,3,1988,2,2
1991,1,210396,1,5,5,2,1,1,3,4,2,3,1984,2,2
1991,2,210396,1,2,2,2,1,1,3,4,2,3,1981,2,2
1991,1,210397,1,4,4,1,1,1,3,4,1,3,1982,2,2
1991,1,210398,1,3,3,2,2,2,3,4,1,3,1985,2,2
1991,2,210398,1,2,2,2,1,1,3,4,2,3,1977,2,2
1991,1,210399,1,3,3,2,1,1,3,4,2,3,1987,2,2
1991,2,210399,1,2,2,2,1,1,3,4,2,3,1990,2,2
1991,1,210400,1,2,2,2,1,1,3,4,2,3,1984,2,2
1991,1,210401,1,2,2,2,1,1,3,4,1,3,1991,2,2
1991,2,210401,1,2,2,2,1,1,3,4,2,3,1981,2,2
1991,1,210402,7,2,2,2,4,2,3,2,1,3,1974,2,2
1991,2,210402,4,2,2,2,1,1,3,4,2,3,1987,2,2
1991,3,210402,1,2,2,1,1,1,3,4,2,3,1981,2,2
1991,1,210403,1,3,3,2,1,1,3,4,2,3,1984,1,2
1991,2,210403,6,2,2,2,1,1,3,4,2,3,1975,2,2
1991,1,210404,1,1,1,1,1,1,3,4,1,3,1986,2,2
1991,1,210405,4,2,2,2,1,1,3,4,1,3,1977,2,2
1991,1,210406,6,6,6,2,1,1,3,4,2,3,1978,2,2
1991,1,210407,3,2,2,2,1,1,3,4,2,3,1988,1,2
1991,2,210407,2,2,2,2,1,1,3,4,2,3,1985,2,2
1991,1,210408,1,2,2,2,1,1,3,4,2,3,1985,1,2
1991,1,210409,4,3,3,1,1,1,3,4,2,3,1988,2,1
1991,1,210410,1,2,2,2,1,1,3,4,1,3,1989,2,2
1991,2,210410,1,2,2,2,1,1,3,4,2,3,1990,2,2
1991,1,210411,1,1,1,1,1,1,3,4,1,3,1984,2,2
1991,1,210412,9,2,2,2,1,1,3,4,1,3,9999,2,2
1991,1,210413,1,4,2,2,1,1,3,4,1,3,1987,2,2
1991,1,210414,1,2,2,2,2,2,3,4,2,3,1977,1,2
1991,1,210416,2,1,1,1,1,1,3,4,2,3,1986,1,2
1991,1,210417,7,2,2,2,4,2,3,2,2,3,1987,2,2
1991,1,210418,2,4,4,1,1,1,3,4,2,3,1978,2,2
1991,2,210418,3,4,4,2,1,1,3,4,2,3,1985,2,2
1991,1,210419,1,2,2,2,2,2,3,4,1,3,1980,2,2
1991,1,210420,1,2,2,2,2,2,3,4,1,3,1987,2,2
1991,1,210421,1,2,2,2,1,1,3,4,2,3,1988,2,2
1991,1,210422,1,5,5,2,1,1,3,4,2,3,1990,2,2
1991,2,210422,1,2,2,2,1,1,3,4,2,3,1978,2,2
1991,1,210423,1,2,2,2,1,1,3,4,2,3,1990,2,2
1991,2,210423,1,2,2,2,1,1,3,4,2,3,1986,2,2
1991,1,210424,9,1,1,2,3,3,3,4,2,3,9999,2,2
1991,2,210424,6,2,2,2,1,1,3,4,2,3,1986,2,2
1991,1,210425,1,5,5,2,1,1,3,4,2,3,1985,2,2
1991,1,210426,1,2,2,1,1,1,3,4,1,3,1988,2,2
1991,1,210428,1,2,2,2,1,1,3,4,2,3,1975,2,2
1991,1,210429,1,2,2,2,1,1,3,4,2,3,1984,2,2
1991,1,210430,7,2,2,2,4,2,3,2,1,3,1974,2,2
1991,2,210430,1,2,2,2,1,1,3,4,2,3,1991,2,2
1991,1,210431,4,2,2,1,1,1,3,4,1,3,1987,2,2
1991,1,210433,1,4,2,2,1,1,3,4,2,3,1991,2,2
1991,2,210433,2,2,2,2,1,1,3,4,2,3,1981,2,2
1991,3,210433,4,2,3,2,1,1,3,4,2,3,1987,2,2
1991,4,210433,1,2,2,2,1,1,3,4,2,3,1991,2,2
1991,1,210435,7,7,7,2,4,2,3,2,1,3,1979,2,2
1991,1,210436,6,2,2,2,1,1,3,4,2,3,1970,2,2
1991,1,210437,1,3,3,2,1,1,3,4,2,3,1979,2,2
1991,1,210438,6,2,2,1,1,1,3,4,2,3,1979,2,2
1991,1,210440,2,2,2,2,1,1,3,4,2,3,1986,2,2
1991,1,210441,1,2,2,2,1,1,3,4,2,3,1988,2,2
1991,2,210441,6,2,2,2,1,1,3,4,2,3,1984,2,2
1991,1,210442,2,2,2,2,1,1,3,4,1,3,1988,2,2
1991,1,210443,2,2,2,2,2,2,3,4,2,3,1986,2,1
1991,1,210444,2,1,1,1,1,1,3,4,2,3,1968,2,2
1991,1,210445,3,2,2,1,1,1,3,4,1,3,1989,2,2
1991,1,210446,1,2,2,2,1,1,3,4,2,3,1984,2,2
1991,2,210446,1,6,6,2,1,1,3,4,2,3,1983,2,2
1991,1,210447,1,3,3,2,1,1,3,4,2,3,1990,1,2
1991,1,210448,1,2,2,2,1,1,3,4,2,3,1987,2,2
1991,2,210448,2,5,5,1,1,1,3,4,2,3,1977,2,2
1991,1,210449,1,2,2,2,1,1,3,4,2,3,1978,2,1
1991,1,210450,1,2,2,2,2,2,3,4,1,3,1985,2,2
1991,2,210450,1,5,5,2,1,1,3,4,2,3,1987,2,2
1991,3,210450,6,2,2,2,1,1,3,4,2,3,1990,2,2
1991,4,210450,1,4,4,2,1,1,3,4,2,3,1987,2,2
1991,1,210451,1,1,1,2,1,1,3,4,2,3,1978,2,2
1991,1,210452,1,2,2,2,1,1,3,4,2,3,1984,2,2
1991,1,210453,1,6,6,1,1,1,3,4,1,3,1982,2,2
1991,1,210454,6,2,2,2,1,1,3,4,2,3,1980,1,2
1991,1,210455,7,2,2,2,4,1,3,1,2,3,1973,2,2
1991,2,210455,2,2,2,2,1,1,3,4,2,3,1981,2,2
1991,1,210456,7,7,7,2,4,2,3,2,2,3,1975,2,2
1991,1,210457,2,3,3,2,1,1,3,4,2,3,1985,2,2
1991,2,210457,2,2,2,2,1,1,3,4,2,3,1971,2,2
1991,1,210458,1,2,2,2,2,2,3,4,1,3,1981,2,2
1991,2,210458,2,2,2,2,1,1,3,4,2,3,1986,2,2
1991,1,210459,1,2,2,2,1,1,3,4,2,3,1989,1,2
1991,2,210459,2,3,3,2,1,1,3,4,2,3,1987,2,2
1991,1,210460,1,2,2,2,1,1,3,4,1,3,1988,1,2
1991,1,210461,4,2,2,2,1,1,3,4,2,3,1990,2,2
1991,1,210462,2,3,3,2,1,1,3,4,1,3,1977,2,2
1991,1,210463,1,6,5,1,2,2,3,4,1,3,1982,2,2
1991,1,210464,1,3,3,2,1,1,3,4,2,3,1986,2,2
1991,2,210464,6,2,2,2,1,1,3,4,2,3,1974,2,2
1991,1,210465,1,5,5,2,1,1,3,4,2,3,1982,2,2
1991,2,210465,6,5,5,2,1,1,3,4,2,3,1990,2,2
1991,3,210465,1,2,2,2,1,1,3,4,2,3,1986,2,2
1991,1,210466,1,2,2,2,1,1,3,4,2,3,1991,2,1
1991,1,210467,1,2,2,2,1,1,3,4,2,3,1991,1,2
1991,1,210468,1,2,2,2,1,1,3,4,2,3,1984,2,2
1991,1,210469,1,5,5,2,1,1,3,4,2,3,1984,2,2
1991,2,210469,1,2,2,2,1,1,3,4,2,3,1989,2,2
1991,1,210470,1,2,2,2,2,2,3,4,1,3,1991,2,2
1991,2,210470,4,2,2,2,1,1,3,4,2,3,1984,2,2
1991,1,210471,2,2,2,1,1,1,3,4,1,3,1979,2,2
1991,1,210472,1,2,2,1,1,1,3,4,2,3,1989,1,2
1991,1,210473,1,2,2,2,2,2,3,4,2,3,1983,1,2
1991,1,210474,1,5,5,1,1,1,3,4,1,3,1983,2,2
1991,1,210475,7,1,1,2,4,1,3,1,1,3,1989,2,2
1991,1,210476,2,2,2,2,1,1,3,4,2,3,1981,2,2
1991,2,210476,1,2,2,2,1,1,3,4,2,3,1986,2,2
1991,1,210477,2,2,2,2,1,1,3,4,2,3,1982,2,2
1991,1,210478,1,3,3,2,1,1,3,4,2,3,1988,2,2
1991,1,210479,6,2,2,2,1,1,3,4,2,3,1988,1,2
1991,2,210479,2,2,2,2,1,1,3,4,2,3,1990,2,2
1991,1,210480,1,2,2,1,1,1,3,4,2,3,1981,2,2
1991,1,210481,2,2,2,2,1,1,3,4,2,3,1985,1,2
1991,2,210481,1,3,3,2,1,1,3,4,2,3,1985,2,2
1991,1,210482,1,3,3,1,2,2,3,4,1,3,1979,2,2
1991,1,210483,1,5,5,2,1,1,3,4,2,3,1981,1,2
1991,2,210483,1,2,2,2,1,1,3,4,2,3,1986,2,2
1991,1,210484,1,5,5,2,1,1,3,4,2,3,1981,1,2
1991,2,210484,1,2,2,2,1,1,3,4,2,3,1986,2,2
1991,1,210485,1,2,2,2,2,2,3,4,2,3,1977,2,1
1991,1,210486,1,2,2,1,1,1,3,4,2,3,1984,1,2
1991,1,210487,2,2,2,1,1,1,3,4,2,3,1988,2,2
1991,2,210487,1,4,4,2,1,1,3,4,2,3,1979,2,2
1991,1,210488,2,2,2,2,1,1,3,4,2,3,1985,2,2
1991,1,210489,1,2,2,2,1,1,3,4,1,3,1983,2,2
1991,1,210490,1,2,2,2,1,1,3,4,2,3,1988,1,2
1991,2,210490,3,2,2,2,1,1,3,4,2,3,1990,2,2
1991,1,210491,1,5,5,2,1,1,3,4,2,3,1981,2,2
1991,1,210492,2,2,2,2,3,3,3,4,2,3,1974,1,2
1991,1,210494,1,2,2,2,1,1,3,4,2,3,1989,2,2
1991,2,210494,2,4,4,2,1,1,3,4,2,3,1980,2,2
1991,3,210494,1,2,2,2,1,1,3,4,2,3,1986,2,2
1991,4,210494,2,2,2,2,1,1,3,4,2,3,1988,2,2
1991,1,210495,1,2,2,2,1,1,3,4,2,3,1978,2,2
1991,2,210495,6,2,2,2,1,1,3,4,2,3,1981,2,2
1991,1,210496,1,3,3,2,1,1,3,4,2,3,1987,1,2
1991,1,210497,5,2,2,2,3,3,3,4,2,3,1982,2,2
1991,1,210498,2,2,2,1,1,1,3,4,2,3,1964,1,2
1991,2,210498,1,2,2,2,1,1,3,4,2,3,1990,2,2
1991,3,210498,2,2,2,2,1,1,3,4,2,3,1985,2,2
1991,1,210499,1,2,2,2,1,1,3,4,1,3,1981,1,2
1991,1,210500,6,3,3,2,1,1,3,4,2,3,1988,2,2
1991,1,210501,1,5,5,2,1,1,3,4,1,3,1980,2,2
1991,2,210501,4,2,2,2,1,1,3,4,2,3,1989,2,2
1991,1,210502,1,2,2,2,1,1,3,4,2,3,1985,2,2
1991,1,210503,1,2,2,2,1,1,3,4,1,3,1989,2,2
1991,2,210503,2,2,2,2,1,1,3,4,2,3,1985,2,2
1991,1,210504,1,6,6,2,1,1,3,4,2,3,1974,2,2
1991,1,210505,1,2,6,1,1,1,3,4,1,3,1979,2,2
1991,1,210506,1,3,6,1,1,1,3,4,1,3,1988,2,2
1991,1,210507,1,2,2,2,1,1,3,4,2,3,1987,2,2
1991,1,210508,5,2,2,2,1,1,3,4,2,3,1979,2,2
1991,1,210509,1,4,4,1,1,1,3,4,2,3,1987,1,2
1991,1,210510,1,2,2,2,2,2,3,4,1,3,1979,2,2
1991,2,210510,6,2,2,2,1,1,3,4,2,3,1973,2,2
1991,1,210512,3,2,3,2,2,2,3,4,1,3,1986,2,2
1991,2,210512,2,2,2,2,1,1,3,4,2,3,1982,2,2
1991,1,210513,6,4,4,2,1,1,3,4,2,3,1977,2,2
1991,2,210513,1,2,2,2,1,1,3,4,2,3,1980,2,2
1991,1,210514,1,2,2,2,1,2,3,4,2,3,1991,2,2
1991,2,210514,3,4,4,2,1,1,3,4,2,3,1970,2,2
1991,1,210516,1,2,2,2,1,1,3,4,2,3,1990,2,2
1991,1,210517,2,2,2,2,1,1,3,4,2,3,1989,2,2
1991,2,210517,1,5,5,2,1,1,3,4,2,3,1975,2,2
1991,1,210518,2,2,2,2,1,1,3,4,2,3,1989,2,2
1991,2,210518,1,2,2,2,1,1,3,4,2,3,1989,2,2
1991,1,210519,1,2,2,1,1,1,3,4,1,3,1972,2,2
1991,1,210520,1,2,5,2,1,1,3,4,2,3,1979,1,2
1991,1,210521,1,2,2,2,1,1,3,4,1,3,1977,1,2
1991,2,210521,1,6,4,2,3,3,3,4,2,3,1985,2,2
1991,1,210522,2,1,1,2,1,1,3,4,2,3,1971,1,2
1991,1,210523,2,2,2,1,1,1,3,4,1,3,1985,2,2
1991,1,210524,2,2,2,2,1,1,3,4,2,3,1978,2,2
1991,2,210524,7,3,3,2,4,2,3,2,2,3,1976,2,2
1991,1,210525,3,2,2,1,1,1,3,4,1,3,1980,2,2
1991,1,210526,1,2,5,2,1,1,3,4,2,3,1986,2,2
1991,1,210527,2,2,2,2,1,1,3,4,1,3,1974,1,2
1991,1,210528,6,5,5,2,1,1,3,4,1,3,1982,2,2
1991,2,210528,1,2,2,2,1,1,3,4,2,3,1985,2,2
1991,3,210528,2,5,5,2,1,1,3,4,2,3,1988,2,2
1991,1,210529,1,1,1,1,3,3,3,4,1,3,1985,2,2
1991,1,210530,7,2,2,2,4,2,3,2,2,3,1978,2,2
1991,2,210530,2,2,2,2,1,1,3,4,2,3,1981,2,2
1991,1,210531,1,2,2,2,1,1,3,4,2,3,1984,2,2
1991,2,210531,2,2,2,2,1,1,3,4,2,3,1984,2,2
1991,1,210532,1,3,3,2,1,1,3,4,2,3,1987,2,2
1991,1,210533,2,5,5,2,1,1,3,4,1,3,1990,2,2
1991,1,210534,1,2,2,1,3,3,3,4,2,3,1985,2,2
1991,1,210535,1,2,2,2,1,1,3,4,1,3,1977,2,2
1991,2,210535,2,2,2,2,1,1,3,4,2,3,1989,2,2
1991,3,210535,1,2,2,2,1,1,3,4,2,3,1988,2,2
1991,1,210536,4,2,2,2,1,1,3,4,2,3,1989,2,2
1991,2,210536,7,2,2,2,4,1,3,1,1,3,1985,2,2
1991,1,210537,1,3,3,2,2,2,3,4,2,3,1985,2,2
1991,2,210537,6,2,2,2,1,2,3,4,2,3,1987,2,2
1991,1,210538,1,2,2,2,1,1,3,4,2,3,1974,1,2
1991,2,210538,4,2,2,2,1,1,3,4,2,3,1986,2,2
1991,1,210539,1,5,5,2,1,1,3,4,2,3,1985,2,2
1991,2,210539,2,2,2,2,1,1,3,4,2,3,1983,2,2
1991,1,210540,1,1,1,1,2,2,3,4,2,3,1985,2,2
1991,1,210541,1,3,3,1,1,1,3,4,2,3,1981,2,2
1991,1,210542,3,2,2,2,1,1,3,4,2,3,1978,2,2
1991,2,210542,6,4,4,2,1,2,3,4,2,3,1987,2,2
1991,1,210543,1,4,4,2,2,2,3,4,1,3,1985,2,2
1991,1,210544,1,1,1,1,2,2,3,4,2,3,1972,2,2
1991,1,210545,1,5,5,2,1,1,3,4,2,3,1987,2,2
1991,2,210545,2,2,2,2,1,1,3,4,2,3,1988,2,2
1991,1,210546,2,2,2,1,1,1,3,4,2,3,1975,2,2
1991,2,210546,1,2,2,2,1,1,3,4,2,3,1983,2,2
1991,1,210547,1,2,2,2,1,1,3,4,2,3,1979,2,2
1991,2,210547,2,2,2,2,1,1,3,4,2,3,1984,2,2
1991,1,210548,2,2,2,1,1,1,3,4,2,3,1983,1,2
1991,2,210548,2,2,2,2,1,1,3,4,2,3,1973,2,2
1991,1,210549,6,2,2,2,1,2,3,4,1,3,1985,2,2
1991,1,210550,1,5,5,2,1,1,3,4,1,3,1960,2,2
1991,1,210551,1,1,1,1,1,1,3,4,1,3,1991,1,2
1991,1,210552,1,3,3,2,1,1,3,4,2,3,1987,2,2
1991,2,210552,1,2,2,2,1,1,3,4,2,3,1989,2,2
1991,1,210553,1,2,2,2,1,1,3,4,2,3,1980,2,2
1991,2,210553,1,2,2,2,1,1,3,4,2,3,1981,2,2
1991,1,210554,2,3,3,2,1,1,3,4,1,3,1984,2,2
1991,2,210554,6,2,2,2,1,1,3,4,2,3,1977,2,2
1991,1,210555,1,2,2,1,1,1,3,4,2,3,1972,2,1
1991,1,210556,2,2,2,2,1,1,3,4,2,3,1989,2,2
1991,1,210557,7,2,2,2,4,2,3,2,1,3,1985,2,2
1991,1,210558,6,2,2,2,1,1,3,4,2,3,1987,2,2
1991,2,210558,1,4,4,2,3,3,3,4,2,3,1991,2,2
1991,1,210559,1,2,2,2,1,1,3,4,2,3,1981,2,2
1991,2,210559,1,2,2,2,1,1,3,4,2,3,1987,2,2
1991,1,210560,1,2,2,2,2,2,3,4,2,3,1980,2,2
1991,1,210561,1,2,2,2,1,1,3,4,2,3,1981,2,2
1991,2,210561,2,2,2,2,1,1,3,4,2,3,1979,2,2
1991,1,210562,2,2,2,1,1,1,3,4,1,3,1991,2,2
1991,1,210563,1,2,2,2,1,1,3,4,2,3,1986,2,2
1991,2,210563,1,2,2,2,1,1,3,4,2,3,1980,2,2
1991,1,210564,1,2,2,2,1,1,3,4,2,3,1989,1,2
1991,2,210564,1,4,4,2,1,1,3,4,2,3,1988,2,2
1991,1,210565,1,2,2,2,1,1,3,4,2,3,1987,2,2
1991,1,210566,2,5,5,2,1,1,3,4,2,3,1988,2,2
1991,1,210567,1,2,2,1,1,1,3,4,2,3,1990,2,2
1991,1,210568,1,2,2,1,3,3,3,4,1,3,1989,2,2
1991,1,210569,3,1,1,1,1,1,3,4,2,3,1983,2,2
1991,1,210570,1,1,1,1,1,1,3,4,1,3,1984,2,2
1991,1,210571,1,2,2,2,1,1,3,4,1,3,1972,2,2
1991,1,210572,1,5,5,2,2,2,3,4,2,3,1985,2,2
1991,2,210572,6,2,2,1,1,1,3,4,2,3,1987,2,2
1991,1,210573,7,2,2,2,4,2,3,2,1,3,1980,2,2
1991,1,210574,1,2,2,2,1,1,3,4,2,3,1976,2,1
1991,1,210575,2,2,2,2,1,1,3,4,2,3,1966,2,2
1991,1,210576,2,2,2,2,1,1,3,4,2,3,1990,1,2
1991,2,210576,6,4,4,2,1,1,3,4,2,3,1972,2,2
1991,1,210577,1,5,5,2,1,1,3,4,2,3,1984,2,2
1991,1,210578,1,2,2,2,1,1,3,4,2,3,1988,2,2
1991,1,210579,3,2,2,1,1,1,3,4,1,3,1990,2,2
1991,1,210580,2,6,6,1,1,1,3,4,2,3,1979,2,1
1991,1,210581,1,2,2,1,1,1,3,4,1,3,1990,2,2
1991,1,210582,1,2,2,2,1,1,3,4,1,3,1979,2,2
1991,2,210582,2,4,4,2,1,1,3,4,2,3,1986,2,2
1991,3,210582,1,2,2,2,1,1,3,4,2,3,1985,2,2
1991,1,210583,1,2,2,2,1,1,3,4,2,3,1985,2,2
1991,1,210584,2,2,2,2,2,2,3,4,2,3,1981,2,2
1991,1,210586,9,1,1,1,1,2,3,4,2,3,1960,2,2
1991,1,210587,1,2,2,2,1,1,3,4,2,3,1991,1,2
1991,1,210589,2,2,2,1,2,2,3,4,2,3,1984,1,2
1991,1,210590,1,5,5,2,1,1,3,4,2,3,1988,2,2
1991,2,210590,1,2,2,2,1,1,3,4,2,3,1988,2,2
1991,1,210591,1,2,2,2,1,1,3,4,2,3,1986,1,2
1991,2,210591,2,2,2,2,1,1,3,4,2,3,1988,2,2
1991,1,210592,9,7,7,2,3,3,3,4,2,3,9999,2,2
1991,1,210593,2,3,3,2,1,1,3,4,1,3,1968,2,2
1991,1,210594,1,2,2,1,1,1,3,4,2,3,1982,2,1
1991,1,210595,2,1,1,1,1,1,3,4,2,3,1976,2,2
1991,1,210596,1,3,3,2,1,1,3,4,2,3,1990,1,2
1991,2,210596,2,2,2,2,1,1,3,4,2,3,1986,2,2
1991,1,210597,1,2,2,2,1,1,3,4,2,3,1986,2,2
1991,1,210598,6,5,5,1,1,1,3,4,2,3,1970,2,2
1991,2,210598,1,2,2,2,1,1,3,4,2,3,1989,2,2
1991,1,210599,2,2,2,1,1,1,3,4,2,3,1988,1,2
1991,1,210600,4,4,4,2,3,3,3,4,2,3,9999,2,2
1991,1,210601,9,6,6,2,2,2,3,4,1,3,9999,2,2
1991,1,210602,1,5,5,2,1,1,3,4,1,3,1973,2,2
1991,1,210603,2,3,3,2,1,1,3,4,2,3,1976,1,2
1991,2,210603,6,2,2,2,1,1,3,4,2,3,1988,2,2
1991,1,210604,6,1,1,1,2,2,3,4,2,3,1985,2,2
1991,1,210605,1,2,2,2,1,1,3,4,2,3,1989,2,2
1991,2,210605,2,5,5,2,1,1,3,4,2,3,1977,2,2
1991,1,210606,1,5,5,1,1,1,3,4,2,3,1988,2,2
1991,1,210607,3,2,2,1,1,1,3,4,1,3,1981,2,2
1991,1,210608,2,3,3,2,1,1,3,4,1,3,1986,2,2
1991,1,210609,1,2,5,2,1,1,3,4,1,3,1991,2,2
1991,1,210610,1,2,2,2,2,2,3,4,1,3,1982,2,2
1991,1,210611,6,5,5,2,1,1,3,4,2,3,1986,2,2
1991,2,210611,1,2,2,2,2,2,3,4,2,3,1979,2,2
1991,1,210612,3,2,2,2,1,1,3,4,2,3,1986,1,2
1991,2,210612,6,2,2,2,1,1,3,4,2,3,1978,2,2
1991,1,210613,1,2,2,2,2,2,3,4,1,3,1979,2,2
1991,1,210614,1,2,2,2,1,1,3,4,2,3,1976,2,2
1991,1,210616,1,1,1,1,1,1,3,4,1,3,1987,2,2
1991,1,210617,4,2,2,2,1,1,3,4,2,3,1982,2,2
1991,1,210618,1,2,2,2,1,1,3,4,2,3,1979,2,2
1991,2,210618,6,2,2,2,1,1,3,4,2,3,1977,2,2
1991,1,210619,1,2,2,2,1,1,3,4,2,3,1986,2,1
1991,2,210619,2,2,2,2,1,1,3,4,2,3,1986,2,2
1991,1,210620,2,2,2,2,1,1,3,4,1,3,1982,2,2
1991,1,210621,2,1,1,1,1,1,3,4,1,3,1985,1,2
1991,1,210622,4,2,2,1,1,1,3,4,1,3,1990,2,2
1991,1,210623,1,2,2,2,1,1,3,4,2,3,1985,2,1
1991,1,210624,2,2,2,1,1,1,3,4,1,3,1989,2,2
1991,1,210625,2,2,2,2,1,1,3,4,2,3,1979,1,2
1991,1,210626,1,5,5,2,1,1,3,4,2,3,1982,2,2
1991,1,210627,2,2,2,2,2,2,3,4,2,3,1974,2,2
1991,1,210628,1,5,5,2,1,1,3,4,1,3,1984,2,2
1991,1,210629,1,2,2,1,1,1,3,4,2,3,1989,2,2
1991,1,210630,1,2,2,2,1,1,3,4,2,3,1974,1,2
1991,1,210631,1,2,2,2,1,1,3,4,2,3,1980,2,2
1991,2,210631,1,2,2,1,1,1,3,4,2,3,1976,2,2
1991,1,210632,2,2,2,1,1,1,3,4,1,3,1974,2,1
1991,1,210633,2,3,3,1,1,1,3,4,2,3,1988,1,2
1991,2,210633,6,2,2,2,1,1,3,4,2,3,1978,2,2
1991,1,210634,2,2,2,2,1,1,3,4,2,3,1986,2,2
1991,2,210634,1,5,5,2,1,1,3,4,2,3,1977,2,2
1991,3,210634,2,7,7,2,1,1,3,4,2,3,1991,2,2
1991,1,210635,7,1,1,2,4,2,3,2,2,3,1974,2,2
1991,1,210636,1,2,2,1,1,1,3,4,2,3,1985,2,2
1991,1,210637,6,2,2,2,1,1,3,4,2,3,1991,1,2
1991,2,210637,9,4,4,1,1,1,3,4,2,3,1982,2,2
1991,1,210638,1,2,2,2,1,1,3,4,2,3,1980,2,2
1991,1,210639,1,2,2,1,1,1,3,4,2,3,1979,2,2
1991,1,210640,1,2,2,1,1,1,3,4,2,3,1984,2,2
1991,1,210641,1,2,2,2,1,1,3,4,2,3,1984,2,2
1991,1,210643,2,1,1,1,3,3,3,4,2,3,1991,1,2
1991,1,210644,1,2,2,2,3,3,3,4,1,3,1979,2,2
1991,2,210644,1,2,2,2,1,1,3,4,2,3,1978,2,2
1991,3,210644,4,4,4,2,1,1,3,4,2,3,1989,2,2
1991,1,210645,1,5,5,2,1,1,3,4,2,3,1982,1,2
1991,2,210645,4,2,2,2,1,1,3,4,2,3,1989,2,2
1991,1,210646,1,2,2,2,1,1,3,4,2,3,1986,2,2
1991,1,210647,1,2,2,1,1,1,3,4,2,3,1981,2,2
1991,1,210648,2,1,1,1,1,1,3,4,1,3,1989,2,2
1991,1,210649,2,2,2,2,1,1,3,4,2,3,1988,2,2
1991,1,210650,1,2,2,2,2,2,3,4,1,3,1979,2,2
1991,2,210650,1,2,2,2,1,1,3,4,2,3,1986,2,2
1991,1,210651,1,5,5,2,1,1,3,4,2,3,1984,2,2
1991,2,210651,1,2,2,2,1,1,3,4,2,3,1968,2,2
1991,1,210652,1,2,2,2,1,1,3,4,2,3,1980,1,2
1991,1,210653,1,2,2,2,1,1,3,4,2,3,1987,1,2
1991,1,210654,6,1,1,1,1,1,3,4,1,3,1976,2,2
1991,1,210655,1,1,1,1,1,1,3,4,2,3,1987,2,2
1991,1,210656,1,2,2,2,1,1,3,4,2,3,1985,2,2
1991,2,210656,1,2,2,2,1,1,3,4,1,3,1983,2,2
1991,1,210657,1,2,2,2,1,1,3,4,2,3,1983,2,2
1991,2,210657,2,2,2,1,1,1,3,4,2,3,1977,2,2
1991,1,210658,3,2,2,2,1,1,3,4,2,3,1987,2,2
1991,1,210659,1,3,3,2,1,1,3,4,2,3,1984,2,2
1991,2,210659,1,2,2,2,1,1,3,4,2,3,1988,2,2
1991,1,210660,1,2,5,2,1,1,3,4,1,3,1991,2,2
1991,1,210661,1,2,2,1,1,1,3,4,1,3,1987,2,2
1991,1,210662,2,2,2,1,1,1,3,4,2,3,1991,2,1
1991,1,210663,1,7,7,1,1,1,3,4,1,3,1986,2,2
1991,1,210664,2,5,5,2,2,2,3,4,2,3,1975,2,2
1991,1,210665,2,1,1,1,1,1,3,4,1,3,1988,2,2
1991,1,210666,2,2,2,2,3,3,3,4,1,3,1972,2,2
1991,1,210667,1,2,2,1,2,2,3,4,1,3,1988,2,2
1991,1,210668,1,2,2,2,1,1,3,4,2,3,1989,2,2
1991,2,210668,1,2,2,2,1,1,3,4,2,3,1987,2,2
1991,1,210669,1,2,2,1,2,2,3,4,2,3,1988,2,2
1991,1,210670,2,2,2,1,1,1,3,4,2,3,1987,2,1
1991,1,210671,1,2,2,2,2,2,3,4,2,3,1981,2,2
1991,2,210671,1,2,2,2,1,1,3,4,2,3,1976,2,2
1991,1,210672,6,1,1,1,2,2,3,4,2,3,1990,2,1
1991,1,210673,7,2,2,2,4,1,3,1,2,3,1992,2,2
1991,1,210674,2,2,2,1,1,1,3,4,1,3,1978,2,2
1991,2,210674,1,2,2,2,1,1,3,4,2,3,1984,2,2
1991,1,210675,2,2,2,2,1,1,3,4,2,3,1978,2,2
1991,1,210676,2,2,2,2,3,3,3,4,2,3,1990,2,2
1991,2,210676,2,2,2,2,1,1,3,4,2,3,1986,2,2
1991,1,210677,2,2,2,2,1,1,3,4,2,3,1978,2,2
1991,2,210677,1,2,2,2,1,1,3,4,2,3,1986,2,2
1991,1,210678,1,2,2,2,1,1,3,4,2,3,1983,2,2
1991,2,210678,1,2,2,2,1,1,3,4,2,3,1987,2,2
1991,1,210679,1,5,5,2,1,1,3,4,2,3,1984,2,2
1991,1,210680,1,3,3,2,1,1,3,4,1,3,1991,2,2
1991,1,210681,1,2,2,2,1,1,3,4,2,3,1984,2,2
1991,2,210681,1,3,3,2,1,1,3,4,2,3,1991,2,2
1991,1,210682,1,2,2,2,1,1,3,4,1,3,1985,2,2
1991,2,210682,8,2,2,2,1,1,3,4,2,1,1987,2,2
1991,1,210683,2,2,2,1,1,1,3,4,2,3,1985,2,2
1991,1,210684,2,1,1,1,1,1,3,4,2,3,1987,2,2
1991,1,210685,3,2,2,2,1,1,3,4,2,3,1988,2,2
1991,2,210685,5,2,2,2,1,1,3,4,2,3,1984,2,2
1991,3,210685,2,2,2,2,1,1,3,4,2,3,1973,2,2
1991,4,210685,2,2,2,2,1,1,3,4,2,3,1987,2,2
1991,5,210685,6,2,2,2,1,1,3,4,2,3,1978,2,2
1991,1,210686,1,2,2,2,1,1,3,4,2,3,1987,2,2
1991,1,210687,2,1,1,1,1,1,3,4,1,3,1967,2,2
1991,1,210688,2,2,2,2,2,2,3,4,1,3,1974,2,2
1991,2,210688,1,5,5,2,1,1,3,4,2,3,1979,2,2
1991,1,210689,2,3,3,2,2,2,3,4,2,3,1987,2,2
1991,1,210690,1,2,2,2,1,1,3,4,2,3,1978,2,1
1991,1,210691,1,2,2,1,1,1,3,4,1,3,1976,2,2
1991,1,210692,2,2,2,2,1,1,3,4,2,3,1983,2,2
1991,1,210693,1,4,4,1,1,1,3,4,1,3,1979,2,2
1991,1,210694,2,2,2,2,1,1,3,4,1,3,1976,2,2
1991,1,210695,1,2,2,2,1,1,3,4,2,3,1991,2,2
1991,2,210695,6,2,2,2,1,1,3,4,2,3,1988,2,2
1991,1,210696,1,7,7,1,1,1,3,4,1,3,1989,1,2
1991,2,210696,2,4,4,2,1,1,3,4,2,3,1988,2,2
1991,1,210697,2,2,2,2,1,1,3,4,1,3,1986,2,2
1991,1,210698,2,2,2,2,1,1,3,4,2,3,1978,1,2
1991,2,210698,1,2,2,2,1,1,3,4,2,3,1985,2,2
1991,1,210700,2,4,4,2,3,3,3,4,2,3,1976,2,2
1991,2,210700,1,2,2,2,1,1,3,4,2,3,1991,2,2
1991,1,210701,2,5,5,2,1,1,3,4,1,3,1988,2,2
1991,2,210701,6,2,2,2,1,1,3,4,2,3,1987,2,2
1991,1,210702,3,1,1,1,1,1,3,4,2,3,1985,2,2
1991,1,210703,2,1,1,1,1,1,3,4,1,3,1987,2,2
1991,1,210704,1,4,4,2,1,1,3,4,2,3,1990,2,2
1991,2,210704,4,2,2,2,1,1,3,4,2,3,1973,2,2
1991,1,210705,1,5,5,2,1,1,3,4,2,3,1989,2,1
1991,1,210706,1,7,2,2,1,1,3,4,1,3,1990,2,2
1991,1,210707,1,2,2,2,2,2,3,4,2,3,1982,2,2
1991,2,210707,6,3,3,2,1,1,3,4,2,3,1988,2,2
1991,1,210708,4,1,1,1,1,1,3,4,1,3,1990,2,2
1991,1,210709,2,2,2,1,1,1,3,4,1,3,1991,2,2
1991,2,210709,1,5,5,2,1,1,3,4,2,3,1982,2,2
1991,1,210710,1,4,5,2,1,1,3,4,1,3,1981,2,2
1991,1,210711,2,2,2,1,1,1,3,4,1,3,1987,2,2
1991,1,210712,4,2,2,2,1,1,3,4,2,3,1985,1,2
1991,2,210712,4,2,2,2,1,1,3,4,2,3,1991,2,2
1991,1,210713,1,1,1,1,1,1,3,4,2,3,1974,2,2
1991,1,210714,1,2,2,2,1,1,3,4,2,3,1986,2,2
1991,1,210715,6,5,4,2,1,1,3,4,1,3,1986,2,2
1991,2,210715,6,4,4,2,1,1,3,4,2,3,1991,1,2
1991,3,210715,6,4,4,2,1,1,3,4,2,3,1989,1,2
1991,4,210715,1,2,6,2,1,1,3,4,1,3,1974,2,2
1991,5,210715,2,2,2,2,1,1,3,4,1,3,1990,2,2
1991,6,210715,1,2,2,2,1,1,3,4,1,3,1986,2,2
1991,7,210715,1,2,2,2,1,1,3,4,1,3,1991,2,2
1991,8,210715,1,2,2,2,1,1,3,4,1,3,1987,2,2
1991,9,210715,1,2,2,2,1,1,3,4,1,3,1991,2,2
1991,10,210715,1,2,2,2,2,2,3,4,1,3,1990,2,2
1991,11,210715,1,2,2,2,1,1,3,4,1,3,1991,2,2
1991,1,210716,1,2,2,2,1,1,3,4,2,3,1988,2,2
1991,2,210716,1,2,2,2,1,1,3,4,2,3,1988,2,2
1991,1,210717,1,3,3,1,1,1,3,4,2,3,1982,2,2
1991,1,210718,1,2,2,2,1,1,3,4,1,3,1982,2,2
1991,2,210718,6,4,4,2,1,1,3,4,2,3,1986,2,2
1991,3,210718,1,2,2,2,1,1,3,4,2,3,1989,2,2
1991,1,210719,1,5,5,2,3,3,3,4,1,3,1979,2,2
1991,2,210719,4,2,2,2,1,1,3,4,2,3,1984,2,2
1991,1,210720,1,2,2,2,2,2,3,4,1,3,1987,2,2
1991,1,210721,1,5,5,2,1,1,3,4,1,3,1980,2,2
1991,1,210722,6,2,2,1,1,1,3,4,2,3,1980,2,2
1991,1,210723,2,1,1,1,1,1,3,4,1,3,1982,2,2
1991,1,210724,1,5,5,2,1,1,3,4,1,3,1991,2,2
1991,2,210724,9,4,4,2,1,1,3,4,2,3,9999,2,2
1991,1,210725,1,5,5,2,1,1,3,4,1,3,1980,2,2
1991,1,210726,1,4,2,1,1,1,3,4,1,3,1988,2,2
1991,1,210727,1,1,1,1,1,1,3,4,2,3,1966,1,2
1991,1,210728,2,2,2,1,1,1,3,4,2,3,1982,2,2
1991,1,210729,1,2,4,2,3,3,3,4,2,3,1978,2,2
1991,2,210729,6,2,2,2,1,1,3,4,2,3,1986,2,2
1991,1,210730,1,2,2,1,1,1,3,4,1,3,1990,2,2
1991,1,210731,1,2,2,2,1,1,3,4,2,3,1984,2,2
1991,2,210731,1,2,2,2,1,1,3,4,2,3,1985,2,2
1991,1,210732,1,2,2,2,1,1,3,4,1,3,1979,2,2
1991,1,210733,1,7,5,2,1,1,3,4,2,3,1990,1,2
1991,1,210734,1,2,2,2,1,1,3,4,1,3,1988,2,2
1991,1,210735,1,5,6,2,1,1,3,4,1,3,1985,2,2
1991,1,210736,1,7,7,2,3,3,3,4,2,3,1985,2,2
1991,1,210737,1,2,2,2,1,1,3,4,2,3,1992,2,2
1991,1,210738,1,2,2,1,1,1,3,4,1,3,1992,2,2
1991,2,210738,1,2,2,2,1,1,3,4,2,3,1980,2,2
1991,1,210739,1,7,4,1,1,1,3,4,1,3,1985,2,2
1991,1,210740,1,2,2,2,3,3,3,4,2,3,1987,2,2
1991,1,210741,2,2,2,2,1,1,3,4,2,3,1990,2,2
1991,2,210741,2,2,2,2,1,1,3,4,2,3,1989,2,2
1991,1,210742,2,2,2,2,1,1,3,4,2,3,1969,1,2
1991,2,210742,1,4,4,2,1,1,3,4,2,3,1991,2,2
1991,3,210742,1,2,2,2,1,1,3,4,2,3,1988,2,2
1991,1,210743,1,2,2,1,1,1,3,4,2,3,1985,1,2
1991,1,210744,1,2,2,2,1,1,3,4,2,3,1986,1,2
1991,1,210745,1,4,4,2,1,1,3,4,1,3,1988,2,2
1991,2,210745,1,2,2,2,1,1,3,4,2,3,1989,2,2
1991,3,210745,1,2,2,2,1,1,3,4,2,3,1989,2,2
1991,1,210746,1,4,4,2,1,1,3,4,2,3,1989,2,2
1991,1,210747,2,2,2,2,1,1,3,4,2,3,1982,2,2
1991,2,210747,1,2,2,2,2,2,3,4,2,3,1976,2,2
1991,1,210748,1,5,5,2,1,1,3,4,2,3,1982,2,2
1991,2,210748,2,2,2,2,1,1,3,4,2,3,1991,2,2
1991,1,210749,1,2,2,2,1,1,3,4,2,3,1981,2,2
1991,2,210749,1,2,2,2,1,1,3,4,2,3,1977,2,2
1991,3,210749,4,2,2,2,1,1,3,4,2,3,1991,2,2
1991,1,210750,2,3,3,1,1,1,3,4,2,3,1988,2,2
1991,2,210750,7,2,2,2,4,2,3,2,1,3,1979,2,2
1991,3,210750,1,2,2,2,1,1,3,4,2,3,1990,1,2
1991,4,210750,1,5,5,2,2,2,3,4,2,3,1982,1,2
1991,1,210751,4,2,2,2,1,1,3,4,2,3,1989,2,2
1991,1,210752,1,2,2,1,1,1,3,4,1,3,1978,2,2
1991,1,210753,1,2,2,2,1,1,3,4,2,3,1982,2,2
1991,2,210753,1,2,2,2,1,1,3,4,2,3,1991,2,2
1991,1,210754,1,2,2,2,1,1,3,4,1,3,1965,2,2
1991,2,210754,1,5,5,2,1,1,3,4,2,3,1975,2,2
1991,1,210755,6,4,4,2,3,3,3,4,2,3,1987,2,2
1991,2,210755,1,2,2,2,1,1,3,4,2,3,1981,2,2
1991,1,210756,1,2,2,1,1,1,3,4,2,3,1974,1,2
1991,1,210757,2,2,2,2,1,1,3,4,2,3,1988,2,2
1991,2,210757,4,2,2,2,1,1,3,4,2,3,1990,2,2
1991,1,210758,1,2,2,2,1,1,3,4,2,3,1989,2,2
1991,1,220001,1,2,2,2,1,1,3,4,2,3,1988,2,2
1991,1,220002,1,2,6,1,1,1,3,4,1,3,1989,2,2
1991,2,220002,6,5,2,2,1,1,3,4,2,3,1981,2,2
1991,3,220002,4,2,6,2,1,1,3,4,2,3,1987,2,2
1991,1,220003,2,2,2,2,1,1,3,4,2,3,1977,2,2
1991,2,220003,6,4,4,2,1,1,3,4,2,3,1989,2,2
1991,1,220004,1,2,2,2,1,1,3,4,2,3,1985,2,2
1991,1,220005,1,2,2,2,1,1,3,4,2,3,1990,2,2
1991,1,220006,2,3,6,1,1,1,3,4,1,3,1985,2,2
1991,1,220007,2,2,2,2,1,1,3,4,2,3,1987,1,2
1991,2,220007,1,2,2,2,2,2,3,4,2,3,1979,2,2
1991,1,220008,2,5,5,2,1,1,3,4,2,3,1984,2,2
1991,1,220009,1,2,2,2,1,1,3,4,2,3,1989,2,2
1991,1,220010,1,3,3,2,1,1,3,4,2,3,1990,2,2
1991,2,220010,1,2,2,2,1,1,3,4,2,3,1986,2,2
1991,1,220011,1,2,2,2,1,1,3,4,2,3,1979,2,1
1991,1,220012,1,3,3,2,1,1,3,4,2,3,1983,2,2
1991,2,220012,2,2,2,2,1,1,3,4,2,3,1990,2,2
1991,1,220013,2,2,6,1,1,1,3,4,1,3,1985,2,2
1991,1,220014,1,2,2,2,1,1,3,4,2,3,1987,1,2
1991,2,220014,1,4,2,2,1,1,3,4,2,3,1988,2,2
1991,3,220014,1,4,4,2,1,1,3,4,2,3,1984,2,2
1991,1,220016,1,2,2,2,1,1,3,4,2,3,1981,2,2
1991,1,220017,1,2,2,2,1,1,3,4,1,3,1976,2,2
1991,2,220017,6,5,5,2,1,1,3,4,2,3,1984,2,2
1991,1,220018,1,2,6,1,1,1,3,4,1,3,1988,2,2
1991,1,220020,1,2,2,2,1,1,3,4,2,3,1983,2,2
1991,1,220021,2,2,2,2,1,1,3,4,2,3,1989,2,2
1991,2,220021,2,2,2,2,1,1,3,4,2,3,1985,2,2
1991,1,220022,1,2,2,2,1,1,3,4,2,3,1990,2,2
1991,1,220023,1,2,2,2,1,1,3,4,2,3,1979,2,2
1991,2,220023,6,2,2,2,1,1,3,4,2,3,1982,2,2
1991,1,220024,2,2,2,2,1,1,3,4,1,3,1987,2,2
1991,1,220025,2,2,2,2,1,1,3,4,1,3,1986,2,2
1991,1,220026,2,6,2,2,1,1,3,4,2,3,1986,2,2
1991,1,220027,1,3,3,2,1,1,3,4,2,3,1989,2,2
1991,2,220027,6,2,2,2,1,1,3,4,2,3,1976,2,2
1991,1,220028,1,6,2,2,1,1,3,4,2,3,1985,1,2
1991,1,220029,1,6,6,1,1,1,3,4,1,3,1989,2,2
1991,1,220030,2,2,6,1,1,1,3,4,1,3,1989,2,2
1991,1,220031,1,2,2,2,1,1,3,4,2,3,1984,2,2
1991,2,220031,2,2,2,2,1,1,3,4,2,3,1987,2,2
1991,1,220032,1,2,2,2,1,1,3,4,2,3,1984,2,2
1991,2,220032,2,2,2,2,1,1,3,4,2,3,1980,2,2
1991,1,220033,1,2,2,2,1,1,3,4,2,3,1986,2,2
1991,1,220034,1,2,2,2,1,1,3,4,1,3,1986,2,2
1991,2,220034,2,2,2,2,1,1,3,4,2,3,1990,2,2
1991,1,220035,2,2,6,1,1,1,3,4,2,3,1973,2,2
1991,1,220036,1,2,2,2,1,1,3,4,2,3,1991,2,2
1991,2,220036,1,2,2,2,1,1,3,4,2,3,1988,2,2
1991,1,220037,2,2,5,1,1,1,3,4,1,3,1988,2,2
1991,1,220038,2,2,6,1,2,2,3,4,2,3,1988,2,2
1991,2,220038,2,5,5,2,1,1,3,4,2,3,1981,2,2
1991,1,220039,1,2,2,2,1,1,3,4,1,3,1986,1,2
1991,2,220039,3,4,6,2,1,1,3,4,2,3,1985,2,2
1991,1,220040,4,2,6,1,1,1,3,4,2,3,1988,2,2
1991,1,220041,1,5,5,2,1,1,3,4,2,3,1989,2,2
1991,2,220041,6,2,2,2,1,1,3,4,2,3,1990,2,2
1991,1,220042,3,2,2,1,1,1,3,4,2,3,1988,2,2
1991,2,220042,6,5,5,2,1,1,3,4,2,3,1989,2,2
1991,1,220043,1,2,5,2,2,2,3,4,2,3,1979,2,2
1991,1,220044,1,3,3,1,1,1,3,4,1,3,1990,2,2
1991,1,220045,2,2,2,2,1,1,3,4,2,3,1990,2,2
1991,1,220046,1,3,3,2,1,1,3,4,2,3,1989,2,2
1991,2,220046,2,2,2,2,1,1,3,4,2,3,1988,2,2
1991,1,220047,2,2,2,1,1,1,3,4,1,3,1986,2,2
1991,1,220048,1,4,6,1,1,1,3,4,1,3,1985,2,2
1991,1,220049,1,2,2,2,1,1,3,4,2,3,1977,2,2
1991,2,220049,6,2,2,2,1,1,3,4,2,3,1986,2,2
1991,1,220050,2,2,2,2,1,1,3,4,2,3,1982,1,2
1991,1,220051,1,2,2,2,1,1,3,4,2,3,1976,2,2
1991,1,220052,2,2,2,2,1,1,3,4,2,3,1988,2,2
1991,2,220052,1,2,2,2,1,1,3,4,2,3,1980,2,2
1991,1,220053,4,1,1,1,1,1,3,4,1,3,1991,2,2
1991,1,220054,2,2,6,1,1,1,3,4,2,3,1989,2,2
1991,1,220055,1,1,1,1,1,1,3,4,1,3,1989,2,2
1991,1,220056,1,2,2,2,1,1,3,4,2,3,1985,2,2
1991,1,220057,2,2,2,2,1,1,3,4,2,3,1978,2,2
1991,1,220058,2,2,2,2,1,1,3,4,2,3,1985,2,2
1991,1,220059,1,5,5,2,1,1,3,4,1,3,1988,1,2
1991,2,220059,2,2,2,2,1,1,3,4,2,3,1983,2,2
1991,1,220060,1,3,3,2,2,2,3,4,1,3,1978,2,2
1991,1,220061,1,2,2,2,1,1,3,4,2,3,1983,2,2
1991,2,220061,2,2,2,2,1,1,3,4,2,3,1986,2,2
1991,1,220062,1,5,5,2,1,1,3,4,1,3,1978,2,2
1991,2,220062,1,2,2,2,1,1,3,4,2,3,1990,2,2
1991,1,220063,1,1,1,2,1,1,3,4,2,3,1981,2,2
1991,1,220064,1,2,2,2,1,1,3,4,2,3,1977,2,2
1991,2,220064,2,2,2,2,1,1,3,4,2,3,1988,2,2
1991,1,220065,3,5,5,2,1,1,3,4,2,3,1987,2,1
1991,1,220066,7,2,2,2,4,2,3,2,1,3,1979,2,2
1991,1,220067,1,2,2,2,1,1,3,4,2,3,1985,2,2
1991,2,220067,2,2,2,2,1,1,3,4,2,3,1990,2,2
1991,1,220068,1,2,2,2,1,1,3,4,2,3,1985,2,2
1991,2,220068,1,5,5,2,2,2,3,4,2,3,1979,2,2
1991,1,220069,1,3,3,2,1,1,3,4,1,3,1985,2,2
1991,1,220070,1,2,2,2,1,1,3,4,2,3,1986,2,2
1991,1,220071,2,3,3,2,1,1,3,4,2,3,1985,2,2
1991,2,220071,3,3,3,2,1,1,3,4,2,3,1985,2,2
1991,1,220072,1,2,2,2,1,1,3,4,2,3,1986,2,2
1991,1,220073,1,2,2,2,2,2,3,4,2,3,1978,2,2
1991,1,220074,1,2,6,1,2,2,3,4,1,3,1991,2,2
1991,1,220075,1,2,6,1,1,1,3,4,1,3,1978,2,2
1991,1,220076,1,2,2,2,1,1,3,4,1,3,1982,2,2
1991,2,220076,1,3,3,2,3,3,3,4,2,3,1988,2,2
1991,1,220077,1,5,6,1,1,1,3,4,1,3,1983,1,2
1991,2,220077,7,2,2,2,4,2,3,2,2,3,1978,1,2
1991,1,220078,6,2,6,1,1,1,3,4,2,3,1990,2,2
1991,1,220079,1,2,2,2,1,1,3,4,1,3,1990,2,2
1991,1,220080,2,2,2,2,1,1,3,4,2,3,1976,2,2
1991,2,220080,2,2,2,2,1,1,3,4,2,3,1979,2,2
1991,1,220081,1,5,5,2,1,1,3,4,2,3,1989,2,2
1991,1,220082,1,2,2,2,1,1,3,4,2,3,1980,2,2
1991,1,220083,2,3,2,2,1,1,3,4,1,3,1989,2,2
1991,1,220084,1,7,7,1,1,1,3,4,1,3,1978,2,2
1991,1,220085,1,2,6,1,1,1,3,4,2,3,1980,2,2
1991,1,220086,2,2,2,2,2,2,3,4,2,3,1973,2,2
1991,2,220086,1,3,3,2,1,1,3,4,2,3,1985,2,2
1991,3,220086,1,2,2,2,1,1,3,4,2,3,1988,2,2
1991,1,220087,2,2,2,2,1,1,3,4,2,3,1986,2,2
1991,1,220089,1,2,6,1,1,1,3,4,2,3,1990,2,1
1991,1,220090,1,2,6,1,1,1,3,4,2,3,1988,2,2
1991,1,220091,2,2,6,1,1,1,3,4,2,3,1978,2,2
1991,2,220091,1,2,2,2,1,1,3,4,2,3,1976,2,2
1991,1,220092,2,2,2,2,1,1,3,4,2,3,1988,2,2
1991,1,220093,2,2,6,2,1,1,3,4,2,3,1983,2,2
1991,1,220094,3,2,6,1,1,1,3,4,2,3,1986,1,2
1991,1,220095,1,5,4,2,1,1,3,4,2,3,1989,2,2
1991,1,220096,1,5,5,2,1,1,3,4,2,3,1980,2,2
1991,2,220096,6,2,2,2,1,1,3,4,2,3,1981,2,2
1991,1,220097,1,5,5,2,1,1,3,4,2,3,1989,2,2
1991,2,220097,1,2,3,2,1,1,3,4,2,3,1988,2,2
1991,3,220097,1,2,5,2,1,1,3,4,2,3,1988,2,2
1991,1,220098,1,2,6,2,2,2,3,4,2,3,1987,2,2
1991,1,220099,1,2,6,2,1,1,3,4,2,3,1988,2,2
1991,1,220100,1,6,6,2,1,1,3,4,2,3,1985,2,2
1991,2,220100,6,2,6,2,1,1,3,4,2,3,1982,2,2
1991,1,220101,1,5,5,2,1,1,3,4,2,3,1987,1,2
1991,2,220101,1,2,2,2,1,1,3,4,2,3,1982,2,2
1991,1,220102,1,4,4,2,1,1,3,4,2,3,1980,2,2
1991,2,220102,2,2,2,2,1,1,3,4,2,3,1984,2,2
1991,1,220103,3,5,3,2,1,1,3,4,2,3,1990,2,2
1991,1,220104,1,2,6,1,2,2,3,4,2,3,1984,2,2
1991,1,220105,2,5,5,2,1,1,3,4,2,3,1981,1,2
1991,2,220105,6,2,2,2,1,1,3,4,2,3,1972,2,2
1991,1,220106,1,3,6,1,1,1,3,4,1,3,1989,1,2
1991,1,220107,1,2,2,2,1,1,3,4,2,3,1980,2,2
1991,2,220107,2,2,2,2,1,1,3,4,2,3,1981,2,2
1991,3,220107,2,3,3,2,1,1,3,4,2,3,1976,2,2
1991,1,220108,2,3,3,2,1,1,3,4,2,3,1990,1,2
1991,2,220108,6,2,2,2,1,1,3,4,2,3,1983,2,2
1991,1,220109,7,2,2,2,4,2,3,2,2,3,1983,2,2
1991,2,220109,1,2,6,2,1,1,3,4,2,3,1988,2,2
1991,1,220110,2,2,2,2,1,1,3,4,2,3,1990,2,2
1991,2,220110,4,2,2,2,1,1,3,4,2,3,1982,2,2
1991,1,220111,9,4,4,2,1,1,3,4,2,3,1980,2,2
1991,2,220111,2,2,2,2,1,1,3,4,2,3,1982,1,2
1991,1,220112,1,2,2,2,1,1,3,4,2,3,1982,2,1
1991,1,220113,2,2,6,1,1,1,3,4,2,3,1965,2,2
1991,1,220114,2,3,3,2,1,1,3,4,2,3,1989,1,2
1991,2,220114,4,2,2,2,1,1,3,4,2,3,1990,2,2
1991,1,220115,1,1,1,1,1,1,3,4,1,3,1991,1,2
1991,1,220116,1,5,5,2,1,1,3,4,1,3,1969,2,2
1991,1,220119,1,5,5,2,3,3,3,4,1,3,1981,2,2
1991,1,220120,1,2,2,2,1,1,3,4,2,3,1990,1,2
1991,1,220121,2,2,5,2,1,1,3,4,1,3,9999,2,2
1991,1,220122,3,5,5,2,1,1,3,4,2,3,1983,1,2
1991,2,220122,7,2,2,2,4,2,3,2,2,3,1981,1,2
1991,1,220123,7,2,2,2,4,2,3,2,1,3,1980,1,2
1991,2,220123,6,4,4,2,1,1,3,4,2,3,1989,2,2
1991,1,220124,4,2,2,2,1,1,3,4,2,3,1982,1,2
1991,1,220125,6,2,2,2,1,1,3,4,1,3,1987,1,2
1991,2,220125,4,2,2,2,1,1,3,4,2,3,1976,2,2
1991,3,220125,6,5,2,2,1,1,3,4,2,3,1988,2,2
1991,1,220126,1,2,2,2,1,1,3,4,2,3,1977,1,2
1991,2,220126,1,3,3,2,1,1,3,4,2,3,1980,2,2
1991,1,220127,1,3,6,1,1,1,3,4,1,3,1989,2,2
1991,1,220129,6,5,5,2,1,2,3,4,2,3,1968,2,2
1991,2,220129,2,2,6,2,1,1,3,4,1,3,1989,2,2
1991,1,220130,6,6,6,2,1,1,3,4,2,3,1987,1,2
1991,2,220130,1,4,4,2,1,1,3,4,2,3,1981,2,2
1991,1,220131,1,2,4,2,1,1,3,4,2,3,1982,2,2
1991,1,220133,6,5,5,2,1,1,3,4,2,3,1990,2,2
1991,1,220134,3,2,2,1,1,1,3,4,1,3,1975,2,2
1991,2,220134,2,2,2,2,1,1,3,4,2,3,1986,2,2
1991,1,220135,2,2,2,2,1,1,3,4,2,3,1984,2,2
1991,1,220137,2,2,2,2,1,1,3,4,2,3,1979,1,2
1991,2,220137,2,2,2,2,1,1,3,4,2,3,1990,2,2
1991,1,220138,1,2,6,1,3,3,3,4,1,3,1978,2,2
1991,1,220139,2,2,6,1,1,1,3,4,2,3,1988,2,2
1991,1,220140,2,2,2,2,1,1,3,4,2,3,1983,2,2
1991,1,220141,1,2,3,2,1,1,3,4,2,3,1990,1,2
1991,2,220141,2,2,4,2,1,1,3,4,2,3,1989,2,2
1991,1,220142,2,2,6,1,1,1,3,4,2,3,1990,2,1
1991,1,220143,1,3,3,2,1,1,3,4,2,3,1983,2,2
1991,2,220143,1,2,2,2,1,1,3,4,2,3,1986,2,2
1991,1,220144,1,2,2,2,1,1,3,4,2,3,1986,1,2
1991,2,220144,1,2,2,2,1,1,3,4,2,3,1988,2,2
1991,1,220145,2,1,1,1,1,1,3,4,1,3,1988,2,2
1991,1,220146,2,2,6,1,1,1,3,4,1,3,1984,2,2
1991,1,220147,2,2,2,2,1,1,3,4,2,3,1989,2,2
1991,2,220147,2,2,2,2,1,1,3,4,2,3,1980,2,2
1991,1,220148,1,2,2,2,1,1,3,4,2,3,1988,2,2
1991,1,220149,1,2,3,2,1,1,3,4,2,3,1988,1,2
1991,2,220149,6,5,6,2,1,1,3,4,2,3,1974,2,2
1991,1,220150,1,5,5,2,1,1,3,4,2,3,1984,2,2
1991,2,220150,3,2,2,2,1,1,3,4,2,3,1988,2,2
1991,1,220151,4,3,6,1,1,1,3,4,2,3,1990,1,2
1991,2,220151,2,2,2,2,1,1,3,4,2,3,1978,2,2
1991,3,220151,2,2,2,2,1,1,3,4,2,3,1986,2,2
1991,1,220152,2,2,6,2,3,3,3,4,2,3,1987,2,2
1991,1,220153,1,2,2,1,1,1,3,4,1,3,1980,2,1
1991,1,220154,1,2,6,1,1,1,3,4,1,3,1991,2,2
1991,1,220155,1,5,5,2,1,1,3,4,2,3,1979,2,2
1991,2,220155,2,2,2,2,1,1,3,4,2,3,1981,2,2
1991,1,220156,1,2,2,2,1,1,3,4,2,3,1988,2,2
1991,1,220157,1,2,2,1,2,2,3,4,1,3,1982,2,2
1991,1,220158,2,1,1,1,1,1,3,4,1,3,1991,2,2
1991,1,220159,1,2,6,2,1,1,3,4,2,3,1986,1,2
1991,1,220160,1,2,6,1,1,1,3,4,2,3,1981,2,2
1991,1,220162,2,2,2,2,1,1,3,4,2,3,1983,2,2
1991,1,220163,6,2,2,2,2,2,3,4,1,3,1988,2,2
1991,2,220163,2,4,4,2,1,1,3,4,2,3,1991,2,2
1991,1,220164,2,2,2,2,1,1,3,4,2,3,1981,2,2
1991,1,220165,1,5,5,2,1,1,3,4,2,3,1991,2,2
1991,2,220165,2,2,2,2,1,1,3,4,2,3,1980,2,2
1991,1,220166,6,4,4,2,1,1,3,4,2,3,1978,2,2
1991,2,220166,2,2,2,2,1,1,3,4,2,3,1991,1,2
1991,1,220167,2,2,6,1,1,1,3,4,2,3,1986,2,2
1991,1,220168,2,2,5,2,1,1,3,4,2,3,1990,1,2
1991,1,220169,1,5,5,2,1,1,3,4,2,3,1988,2,2
1991,2,220169,3,2,2,2,1,1,3,4,2,3,1988,2,2
1991,1,220170,4,4,4,2,1,1,3,4,2,3,1984,2,2
1991,2,220170,6,2,2,2,1,1,3,4,2,3,1978,2,2
1991,1,220171,2,2,2,2,1,1,3,4,2,3,1983,2,2
1991,2,220171,6,2,2,2,1,1,3,4,2,3,1977,2,2
1991,3,220171,1,2,2,2,1,1,3,4,2,3,1990,2,2
1991,1,220173,9,2,2,2,1,1,3,4,2,3,1990,2,2
1991,2,220173,1,3,3,2,1,1,3,4,2,3,1990,1,2
1991,1,220174,2,2,2,2,1,1,3,4,2,3,1990,1,2
1991,2,220174,6,2,2,2,1,1,3,4,2,3,1979,2,2
1991,1,220175,2,6,6,2,2,2,3,4,2,3,1985,2,2
1991,2,220175,6,5,5,2,1,1,3,4,2,3,1984,2,2
1991,1,220176,7,2,2,2,4,1,3,1,2,3,1987,2,2
1991,1,220178,2,2,2,2,2,2,3,4,1,3,1978,2,2
1991,1,220179,2,5,5,2,1,1,3,4,2,3,1988,2,2
1991,2,220179,1,2,2,2,2,2,3,4,2,3,1984,2,2
1991,1,220180,2,2,2,1,1,1,3,4,2,3,1987,2,2
1991,1,220181,2,2,2,2,1,1,3,4,2,3,1990,1,2
1991,2,220181,3,3,3,2,1,1,3,4,2,3,1990,2,2
1991,1,220182,2,2,2,2,1,1,3,4,2,3,1985,2,2
1991,1,220183,2,2,6,1,2,2,3,4,2,3,1988,1,2
1991,1,220184,1,5,5,2,1,1,3,4,2,3,1988,2,2
1991,2,220184,1,2,2,2,1,1,3,4,2,3,1984,2,2
1991,1,220185,2,2,2,2,1,1,3,4,2,3,1980,2,2
1991,1,220186,1,2,2,1,1,1,3,4,2,3,1989,2,2
1991,1,220187,2,2,6,1,2,2,3,4,1,3,1989,2,2
1991,1,220188,2,5,5,1,1,1,3,4,2,3,1989,2,2
1991,2,220188,4,2,2,2,1,1,3,4,2,3,1988,2,2
1991,1,220189,1,2,2,2,1,1,3,4,2,3,1986,2,2
1991,1,220190,1,3,3,2,1,1,3,4,2,3,1989,2,2
1991,2,220190,2,2,2,2,1,1,3,4,2,3,1989,2,2
1991,1,220191,1,3,3,2,1,1,3,4,2,3,1988,2,2
1991,2,220191,1,6,6,2,1,1,3,4,2,3,1984,2,2
1991,1,220192,1,2,2,2,1,1,3,4,2,3,1991,2,2
1991,1,220193,2,5,6,1,1,1,3,4,2,3,1988,2,2
1991,1,220194,1,2,2,2,1,1,3,4,2,3,1989,2,2
1991,1,220195,2,6,6,1,1,1,3,4,2,3,1991,2,2
1991,1,220196,1,2,2,2,1,1,3,4,2,3,1974,2,2
1991,2,220196,1,2,2,2,1,1,3,4,2,3,1980,2,2
1991,1,220197,1,5,5,2,1,1,3,4,2,3,1991,2,2
1991,2,220197,2,2,2,2,1,1,3,4,2,3,1986,2,2
1991,1,220198,2,7,7,2,1,1,3,4,2,3,1975,2,2
1991,1,220199,2,2,2,2,1,1,3,4,2,3,1988,2,1
1991,2,220199,6,5,5,1,1,1,3,4,2,3,1967,2,2
1991,1,220200,1,2,2,2,1,1,3,4,2,3,1984,2,2
1991,1,220201,1,2,2,2,1,1,3,4,2,3,1982,2,1
1991,2,220201,1,2,2,2,1,1,3,4,2,3,1977,2,2
1991,1,220202,1,2,2,2,1,1,3,4,2,3,1980,2,2
1991,1,220203,2,2,2,2,1,1,3,4,2,3,1975,2,2
1991,1,220204,1,3,3,2,1,1,3,4,2,3,1977,2,2
1991,2,220204,1,2,2,2,1,1,3,4,2,3,1978,2,2
1991,1,220205,6,2,2,2,1,1,3,4,2,3,1989,2,2
1991,2,220205,1,5,5,2,1,1,3,4,2,3,1989,1,2
1991,1,220208,6,2,2,2,2,1,3,4,1,3,1991,1,2
1991,2,220208,7,2,2,2,4,1,3,1,2,3,1981,2,2
1991,3,220208,1,4,4,2,1,1,3,4,2,3,1969,2,2
1991,1,220209,3,2,2,2,1,1,3,4,2,3,1986,2,2
1991,1,220210,7,2,2,2,4,1,3,1,2,3,1973,2,2
1991,1,220211,3,2,6,1,1,1,3,4,1,3,1988,2,2
1991,1,220212,2,2,6,1,1,1,3,4,2,3,1987,1,2
1991,1,220213,2,2,2,2,1,1,3,4,1,3,1973,2,2
1991,1,220214,1,5,5,2,1,1,3,4,2,3,1987,2,2
1991,2,220214,1,2,2,2,1,1,3,4,2,3,1975,2,2
1991,1,220215,2,5,5,1,1,1,3,4,2,3,1976,2,2
1991,1,220216,1,2,2,2,1,1,3,4,2,3,1983,2,2
1991,1,220217,1,2,6,2,1,1,3,4,2,3,1979,2,2
1991,1,220218,1,2,5,2,1,1,3,4,2,3,1989,2,2
1991,2,220218,1,3,6,1,2,2,3,4,2,3,1986,2,2
1991,1,220219,1,2,6,2,3,3,3,4,2,3,1990,2,2
1991,1,220220,1,2,2,2,1,1,3,4,2,3,1986,1,2
1991,2,220220,1,2,2,2,1,1,3,4,2,3,1981,2,2
1991,3,220220,1,2,2,2,1,1,3,4,2,3,1977,2,2
1991,1,220221,9,7,7,2,3,3,3,4,2,3,9999,2,2
1991,1,220222,1,2,2,2,1,1,3,4,2,3,1973,2,2
1991,1,220223,1,2,6,2,3,3,3,4,1,3,1977,2,2
1991,1,220224,1,2,2,2,1,1,3,4,1,3,1979,2,2
1991,2,220224,1,4,4,1,1,1,3,4,2,3,1984,2,2
1991,3,220224,4,2,2,2,1,1,3,4,2,3,1986,2,2
1991,1,220225,1,2,2,2,1,1,3,4,2,3,1979,2,2
1991,1,220226,1,2,2,2,1,1,3,4,1,3,1980,2,2
1991,1,220227,2,2,6,1,1,1,3,4,2,3,1983,2,2
1991,1,220228,7,2,2,2,4,1,3,1,1,3,1986,2,2
1991,1,220229,6,4,4,2,1,1,3,4,2,3,1984,1,2
1991,1,220230,1,3,3,2,1,1,3,4,2,3,1986,2,2
1991,2,220230,1,2,2,2,1,1,3,4,2,3,1988,2,2
1991,1,220231,1,2,2,2,1,1,3,4,2,3,1973,2,2
1991,2,220231,1,2,2,2,1,1,3,4,2,3,1991,2,2
1991,1,220232,1,2,2,2,2,2,3,4,2,3,1984,2,2
1991,1,220233,2,2,2,2,1,1,3,4,1,3,1988,2,2
1991,1,220234,1,2,6,1,2,2,3,4,2,3,1977,2,2
1991,1,220235,1,2,2,2,1,1,3,4,2,3,1978,2,2
1991,1,220236,1,2,2,2,1,1,3,4,2,3,1980,2,2
1991,1,220237,7,2,2,2,4,1,3,1,2,3,1979,2,2
1991,1,220238,1,3,3,2,1,1,3,4,1,3,1988,2,2
1991,1,220239,1,5,6,1,1,1,3,4,2,3,1987,2,2
1991,1,220240,6,3,3,2,1,1,3,4,1,3,1987,2,2
1991,2,220240,1,5,5,2,1,1,3,4,2,3,1984,2,2
1991,1,220241,2,2,6,2,1,1,3,4,2,3,1983,2,2
1991,1,220243,6,5,6,2,1,1,3,4,2,3,1987,2,2
1991,2,220243,1,2,6,2,1,1,3,4,2,3,1989,2,2
1991,1,220244,2,2,2,2,1,1,3,4,2,3,1982,2,2
1991,2,220244,2,2,2,2,1,1,3,4,2,3,1974,2,2
1991,1,220245,9,7,7,2,3,3,3,4,2,3,9999,2,2
1991,1,220246,6,7,7,2,1,1,3,4,2,3,1981,2,2
1991,2,220246,1,7,7,2,1,1,3,4,2,3,1982,2,2
1991,1,220247,3,2,2,2,1,1,3,4,2,3,1985,2,2
1991,2,220247,3,2,6,1,1,1,3,4,2,3,1989,2,2
1991,1,220248,1,2,2,2,1,1,3,4,2,3,1991,2,2
1991,2,220248,1,5,5,2,1,1,3,4,2,3,1990,2,2
1991,1,220249,4,2,5,2,1,1,3,4,2,3,1977,2,2
1991,1,220250,1,6,6,2,1,1,3,4,2,3,1987,2,2
1991,2,220250,6,5,6,2,1,1,3,4,2,3,1984,2,2
1991,1,220251,1,3,3,2,1,1,3,4,1,3,1988,2,2
1991,1,220252,4,2,2,2,2,2,3,4,2,3,1978,2,2
1991,2,220252,1,2,2,2,1,1,3,4,2,3,1985,2,2
1991,1,220253,1,2,2,2,1,1,3,4,2,3,1981,2,2
1991,2,220253,1,2,2,2,1,1,3,4,2,3,1979,2,2
1991,3,220253,4,2,6,1,1,1,3,4,2,3,1990,2,2
1991,1,220254,1,6,6,1,1,1,3,4,1,3,1982,2,2
1991,1,220255,1,2,2,2,1,1,3,4,1,3,1991,2,2
1991,1,220256,1,5,5,2,1,1,3,4,2,3,1982,1,2
1991,2,220256,2,2,2,2,1,1,3,4,2,3,1988,2,2
1991,1,220257,1,2,2,2,1,1,3,4,1,3,1986,2,2
1991,1,220258,1,3,3,1,1,1,3,4,2,3,1990,2,2
1991,1,220259,1,6,2,1,1,1,3,4,2,3,1984,2,2
1991,1,220260,6,6,6,2,2,2,3,4,2,3,1986,2,2
1991,2,220260,1,2,6,2,1,1,3,4,2,3,1981,2,2
1991,1,220261,2,2,2,2,1,1,3,4,2,3,1986,2,2
1991,2,220261,2,2,2,2,1,1,3,4,2,3,1978,2,2
1991,1,220262,1,2,2,2,1,1,3,4,1,3,1984,1,2
1991,1,220263,1,2,2,2,1,1,3,4,1,3,1979,2,2
1991,2,220263,2,2,2,2,1,1,3,4,2,3,1979,2,2
1991,1,220264,4,2,2,2,1,1,3,4,2,3,1968,2,2
1991,1,220265,2,2,2,2,1,1,3,4,1,3,1987,2,2
1991,2,220265,2,4,4,2,1,1,3,4,2,3,1976,2,2
1991,1,220266,2,2,6,1,1,1,3,4,1,3,1989,2,2
1991,1,220267,1,2,2,2,1,1,3,4,1,3,1980,2,2
1991,2,220267,1,2,2,2,1,1,3,4,2,3,1984,2,2
1991,1,220268,6,2,6,2,1,1,3,4,2,3,1989,2,2
1991,2,220268,1,2,6,2,1,1,3,4,2,3,1987,2,2
1991,1,220269,1,5,5,2,1,1,3,4,2,3,1985,1,2
1991,1,220270,1,2,2,2,1,1,3,4,2,3,1988,2,2
1991,2,220270,1,2,2,2,1,1,3,4,2,3,1973,2,2
1991,1,220271,1,2,2,2,1,1,3,4,2,3,1987,2,2
1991,2,220271,1,2,2,2,1,1,3,4,2,3,1982,2,2
1991,1,220272,1,2,2,2,2,2,3,4,2,3,1976,1,2
1991,1,220273,2,4,3,2,1,1,3,4,2,3,1984,2,2
1991,1,220274,1,3,2,2,1,1,3,4,1,3,1978,2,2
1991,1,220275,1,3,3,2,1,1,3,4,2,3,1985,2,2
1991,2,220275,4,2,2,2,1,1,3,4,2,3,1990,2,2
1991,1,220276,2,2,2,2,1,1,3,4,2,3,1982,2,2
1991,1,220277,1,7,7,2,3,3,3,4,2,3,1985,2,2
1991,1,220278,2,2,2,2,1,1,3,4,2,3,1978,2,2
1991,1,220279,1,6,6,1,1,1,3,4,1,3,1983,1,2
1991,1,220280,9,7,7,2,3,3,3,4,2,3,9999,2,2
1991,1,220281,1,5,5,2,1,1,3,4,1,3,1972,2,2
1991,1,220282,3,3,6,1,1,1,3,4,2,3,1989,2,2
1991,2,220282,2,4,4,2,1,1,3,4,2,3,1988,2,2
1991,1,220283,2,2,2,1,1,1,3,4,1,3,1989,2,2
1991,2,220283,2,4,4,2,1,1,3,4,2,3,1976,2,2
1991,1,220284,7,2,2,2,4,2,3,2,1,3,1981,2,2
1991,1,220285,1,2,2,2,1,1,3,4,2,3,1980,2,2
1991,2,220285,2,4,4,2,1,1,3,4,2,3,1955,2,2
1991,1,220286,2,2,6,2,1,1,3,4,2,3,1972,2,1
1991,1,220288,2,3,3,2,1,1,3,4,2,3,1980,1,2
1991,1,220289,2,2,2,1,1,1,3,4,2,3,1986,1,2
1991,2,220289,1,2,2,2,1,1,3,4,2,3,1988,2,2
1991,1,220290,2,5,5,2,1,1,3,4,1,3,1988,2,2
1991,1,220291,7,2,2,2,4,2,3,2,2,3,1985,1,2
1991,2,220291,2,2,2,2,1,1,3,4,2,3,1989,2,2
1991,1,220292,1,2,2,2,1,1,3,4,2,3,1980,2,2
1991,2,220292,6,2,2,2,1,2,3,4,2,3,1988,2,2
1991,1,220293,2,6,6,1,1,1,3,4,2,3,1987,1,2
1991,1,220294,7,2,2,2,4,2,3,2,1,3,1979,2,2
1991,1,220295,2,2,2,2,1,1,3,4,1,3,1987,2,2
1991,2,220295,1,2,2,2,1,1,3,4,2,3,1981,2,2
1991,1,220296,1,2,2,2,1,1,3,4,2,3,1991,1,2
1991,1,220298,1,2,2,2,1,1,3,4,2,3,1989,1,2
1991,2,220298,6,2,2,2,1,1,3,4,2,3,1988,2,2
1991,1,220300,1,5,2,2,1,1,3,4,2,3,1981,1,2
1991,2,220300,6,2,2,2,1,1,3,4,2,3,1990,2,2
1991,1,220301,1,3,3,1,2,2,3,4,2,3,1980,1,2
1991,1,220303,3,3,3,2,1,1,3,4,2,3,1989,1,2
1991,2,220303,6,2,2,2,1,1,3,4,2,3,1988,2,2
1991,1,220304,1,3,6,1,1,1,3,4,2,3,1981,2,2
1991,1,220305,2,2,2,2,1,1,3,4,2,3,1983,2,2
1991,1,220306,1,2,2,1,2,2,3,4,1,3,1977,2,2
1991,1,220307,4,2,2,2,1,1,3,4,2,3,1984,2,2
1991,1,220308,1,3,3,2,1,1,3,4,2,3,1987,1,2
1991,2,220308,2,2,2,2,1,1,3,4,2,3,1990,2,2
1991,1,220309,1,2,2,2,1,1,3,4,2,3,1991,2,2
1991,2,220309,1,2,2,2,1,1,3,4,2,3,1989,2,2
1991,1,220311,1,5,5,2,1,1,3,4,2,3,1980,2,2
1991,1,220312,9,2,2,2,1,2,3,4,2,3,1980,2,2
1991,1,220314,1,6,6,2,1,1,3,4,2,3,1981,1,2
1991,1,220315,2,2,2,2,1,1,3,4,2,3,1984,2,2
1991,1,220316,2,2,6,1,1,1,3,4,2,3,1986,2,2
1991,1,220317,9,7,7,2,3,3,3,4,2,3,9999,2,2
1991,1,220318,2,2,2,2,1,1,3,4,2,3,1991,2,2
1991,1,220319,2,2,2,1,1,1,3,4,1,3,1983,2,2
1991,1,220320,1,2,2,2,1,1,3,4,2,3,1977,2,2
1991,1,220321,1,5,5,2,1,1,3,4,2,3,1980,2,2
1991,2,220321,1,2,2,2,1,1,3,4,2,3,1988,2,2
1991,1,220322,2,2,2,1,1,1,3,4,1,3,1989,2,2
1991,1,220323,1,3,3,2,1,1,3,4,2,3,1990,2,2
1991,1,220324,3,2,2,1,1,1,3,4,2,3,1990,2,2
1991,1,220325,1,2,2,2,1,1,3,4,2,3,1989,2,2
1991,2,220325,2,2,2,2,1,1,3,4,2,3,1991,2,2
1991,1,220326,1,2,2,2,1,1,3,4,2,3,1982,2,2
1991,1,220327,1,6,6,2,2,2,3,4,2,3,1985,2,2
1991,1,220328,1,2,2,2,1,1,3,4,2,3,1974,2,1
1991,1,220329,1,2,2,2,1,1,3,4,2,3,1988,2,2
1991,1,220330,1,5,5,2,1,1,3,4,2,3,1989,2,2
1991,1,220331,2,5,5,2,1,1,3,4,1,3,1988,2,2
1991,2,220331,2,2,2,2,1,1,3,4,2,3,1991,2,2
1991,1,220332,1,2,2,2,1,1,3,4,1,3,1989,2,2
1991,2,220332,1,2,2,2,1,1,3,4,2,3,1989,2,2
1991,1,220333,2,5,5,2,1,1,3,4,2,3,1980,2,2
1991,2,220333,6,2,2,2,1,1,3,4,2,3,1989,2,2
1991,1,220334,4,4,2,2,1,1,3,4,2,3,1988,2,2
1991,2,220334,1,2,2,2,1,1,3,4,2,3,1990,1,2
1991,3,220334,2,5,5,2,1,1,3,4,2,3,1987,2,2
1991,4,220334,1,2,2,2,1,1,3,4,2,3,1989,2,2
1991,1,220335,2,2,2,2,1,1,3,4,1,3,1991,2,2
1991,1,220336,6,2,2,2,1,1,3,4,2,3,1986,2,2
1991,2,220336,1,5,5,2,1,1,3,4,2,3,1983,2,2
1991,1,220337,1,5,5,2,1,1,3,4,2,3,1988,2,2
1991,2,220337,2,2,2,2,1,1,3,4,2,3,1991,2,2
1991,1,220338,2,2,6,1,1,1,3,4,2,3,1985,1,2
1991,1,220339,2,2,2,2,1,1,3,4,2,3,1987,2,2
1991,2,220339,2,3,3,1,1,1,3,4,2,3,1982,1,2
1991,1,220340,1,3,3,2,1,1,3,4,2,3,1988,1,2
1991,2,220340,2,2,2,2,1,1,3,4,2,3,1982,2,2
1991,1,220343,1,3,3,2,1,1,3,4,2,3,1988,1,2
1991,2,220343,4,2,2,2,1,1,3,4,2,3,1986,2,2
1991,1,220344,1,2,2,2,1,1,3,4,2,3,1984,2,2
1991,2,220344,6,2,2,2,1,1,3,4,2,3,1991,2,2
1991,1,220345,7,2,3,2,4,2,3,2,2,3,1977,2,2
1991,1,220346,1,2,6,1,2,2,3,4,1,3,1981,2,2
1991,1,220347,2,2,5,1,1,1,3,4,2,3,1976,2,2
1991,1,220348,1,2,6,2,1,1,3,4,2,3,1986,2,2
1991,1,220349,2,2,2,2,1,1,3,4,2,3,1967,2,2
1991,2,220349,1,2,2,2,1,1,3,4,2,3,1988,2,2
1991,3,220349,4,2,2,2,1,1,3,4,2,3,1977,2,2
1991,1,220350,1,2,2,2,1,1,3,4,2,3,1978,1,2
1991,2,220350,2,4,3,2,1,1,3,4,2,3,1989,2,2
1991,3,220350,2,2,2,2,1,1,3,4,2,3,1983,2,2
1991,1,220351,1,5,5,2,1,1,3,4,2,3,1982,2,2
1991,2,220351,6,2,2,2,1,1,3,4,2,3,1986,2,2
1991,1,220352,2,1,1,1,1,1,3,4,2,3,1981,1,2
1991,1,220353,1,2,6,2,1,1,3,4,2,3,1983,2,1
1991,1,220354,1,2,6,2,2,2,3,4,2,3,1979,2,2
1991,1,220355,1,2,2,2,1,1,3,4,2,3,1983,1,2
1991,2,220355,7,2,2,2,4,1,3,1,2,3,1987,2,2
1991,1,220356,1,5,5,2,1,1,3,4,2,3,1986,1,2
1991,1,220357,2,2,6,2,1,1,3,4,1,3,1991,1,2
1991,1,220358,2,3,3,2,1,1,3,4,2,3,1988,1,2
1991,2,220358,2,2,2,2,1,1,3,4,2,3,1987,2,2
1991,3,220358,2,4,4,2,1,1,3,4,2,3,1965,2,2
1991,1,220359,1,2,2,2,1,1,3,4,2,3,1974,2,2
1991,1,220360,2,5,5,2,1,1,3,4,1,3,1988,2,2
1991,1,220361,2,3,3,2,1,1,3,4,2,3,1983,1,2
1991,1,220362,1,2,6,1,1,1,3,4,2,3,1979,2,2
1991,1,220363,1,2,2,2,1,1,3,4,2,3,1977,2,2
1991,2,220363,1,2,2,2,1,1,3,4,2,3,1987,2,2
1991,1,220364,9,7,7,2,3,3,3,4,2,3,9999,2,2
1991,1,220365,6,2,6,1,1,1,3,4,1,3,1986,2,2
1991,1,220366,2,5,2,2,1,1,3,4,2,3,1981,1,2
1991,2,220366,6,3,3,2,1,1,3,4,2,3,1982,2,2
1991,1,220367,2,2,2,2,1,1,3,4,2,3,1991,2,1
1991,2,220367,6,4,4,2,1,1,3,4,2,3,1989,2,2
1991,1,220368,1,3,6,1,1,1,3,4,1,3,1989,2,2
1991,1,220369,7,2,2,2,4,2,3,2,1,3,1982,2,2
1991,2,220369,1,4,4,2,1,1,3,4,2,3,1973,2,2
1991,1,220370,2,2,2,2,1,1,3,4,2,3,1982,2,2
1991,2,220370,1,5,5,2,1,1,3,4,2,3,1986,2,2
1991,1,220371,1,2,2,2,1,1,3,4,2,3,1984,2,2
1991,1,220372,1,2,6,1,1,1,3,4,1,3,1979,2,2
1991,1,220373,1,2,2,2,1,1,3,4,1,3,1985,2,2
1991,2,220373,2,2,2,2,1,1,3,4,2,3,1990,2,2
1991,1,220375,1,2,2,2,1,1,3,4,1,3,1984,1,2
1991,1,220376,1,2,2,2,1,1,3,4,1,3,1986,2,2
1991,1,220377,2,1,1,2,2,2,3,4,2,3,1977,2,2
1991,1,220378,1,2,2,2,1,1,3,4,2,3,1988,2,2
1991,1,220379,1,2,2,2,1,1,3,4,2,3,1980,2,2
1991,2,220379,2,2,2,2,1,1,3,4,2,3,1987,2,2
1991,1,220380,1,2,2,2,1,1,3,4,2,3,1983,2,2
1991,1,220381,2,2,5,2,1,1,3,4,1,3,1978,1,2
1991,2,220381,1,2,2,2,1,1,3,4,2,3,1984,2,2
1991,3,220381,1,2,5,2,1,1,3,4,2,3,1979,2,2
1991,1,220382,1,2,2,2,2,2,3,4,1,3,1989,1,2
1991,1,220383,1,2,2,2,1,1,3,4,2,3,1991,1,2
1991,2,220383,2,5,5,2,1,1,3,4,2,3,1961,2,2
1991,1,220384,1,2,2,2,1,1,3,4,1,3,1987,2,2
1991,1,220385,1,3,3,2,1,1,3,4,1,3,1991,1,2
1991,1,220386,2,1,1,2,1,1,3,4,2,3,1979,2,2
1991,1,220387,2,2,6,1,1,1,3,4,1,3,1990,2,2
1991,1,220388,2,2,2,2,1,1,3,4,1,3,1980,2,2
1991,1,220389,1,2,2,2,1,1,3,4,2,3,1985,2,2
1991,2,220389,6,2,2,2,1,1,3,4,2,3,1989,2,2
1991,1,220390,2,2,2,2,1,1,3,4,2,3,1984,1,2
1991,2,220390,1,2,2,2,1,1,3,4,2,3,1981,2,2
1991,1,220391,6,1,1,1,1,1,3,4,2,3,1981,2,1
1991,1,220392,2,2,2,2,1,1,3,4,2,3,1987,2,2
1991,1,220393,6,2,2,2,1,1,3,4,2,3,1985,2,2
1991,1,220394,1,3,3,2,1,1,3,4,2,3,1988,2,2
1991,2,220394,2,2,2,2,1,1,3,4,2,3,1986,2,2
1991,1,220395,1,2,2,2,1,1,3,4,2,3,1977,2,2
1991,1,220396,1,2,2,2,1,1,3,4,2,3,1990,2,2
1991,2,220396,4,2,2,2,1,1,3,4,2,3,1989,2,2
1991,1,220397,1,2,3,2,1,1,3,4,2,3,1983,2,2
1991,2,220397,6,2,2,2,1,1,3,4,2,3,1990,2,2
1991,1,220398,2,2,2,2,1,1,3,4,2,3,1989,1,2
1991,2,220398,6,2,2,2,1,1,3,4,2,3,1986,2,2
1991,1,220399,1,2,2,2,1,1,3,4,2,3,1984,2,1
1991,2,220399,4,2,2,2,2,2,3,4,2,3,1980,2,2
1991,1,220400,1,5,5,2,1,1,3,4,2,3,1989,2,2
1991,2,220400,6,2,2,2,1,1,3,4,2,3,1985,2,2
1991,1,220401,1,2,2,2,1,1,3,4,2,3,1990,2,2
1991,2,220401,6,2,2,2,3,3,3,4,2,3,1987,2,2
1991,1,220402,2,2,2,1,1,1,3,4,2,3,1989,2,2
1991,2,220402,1,2,2,2,1,1,3,4,2,3,1976,2,2
1991,1,220403,1,5,6,1,1,1,3,4,2,3,1990,2,2
1991,1,220404,6,3,3,2,1,1,3,4,2,3,1990,2,2
1991,2,220404,2,2,2,2,1,1,3,4,1,3,1969,2,2
1991,1,220405,1,3,3,2,1,1,3,4,2,3,1990,2,2
1991,2,220405,2,2,2,2,1,1,3,4,2,3,1989,2,2
1991,1,220406,1,3,6,1,1,1,3,4,1,3,1986,2,2
1991,1,220407,2,5,6,1,1,1,3,4,1,3,1976,2,2
1991,1,220408,1,6,6,2,1,1,3,4,2,3,1984,2,2
1991,1,220409,1,6,2,1,1,1,3,4,2,3,1984,2,2
1991,1,220410,1,2,2,2,1,1,3,4,2,3,1981,2,2
1991,1,220411,1,2,2,1,1,1,3,4,1,3,1986,2,2
1991,1,220412,1,2,2,2,1,1,3,4,1,3,1985,2,2
1991,2,220412,6,4,4,2,1,1,3,4,2,3,1986,2,2
1991,1,220413,1,2,2,2,1,1,3,4,2,3,1988,2,2
1991,2,220413,6,5,5,1,1,1,3,4,2,3,1991,2,2
1991,1,220414,1,3,2,2,1,1,3,4,2,3,1991,2,2
1991,1,220415,1,2,2,2,1,1,3,4,2,3,1989,1,2
1991,2,220415,2,4,4,2,1,1,3,4,2,3,1988,2,2
1991,3,220415,4,2,2,2,2,2,3,4,2,3,1990,2,2
1991,1,220416,1,2,2,2,1,1,3,4,1,3,1988,1,2
1991,1,220417,2,2,6,1,1,1,3,4,2,3,1975,2,2
1991,1,220418,9,7,7,2,3,3,3,4,2,3,9999,2,2
1991,1,220419,1,2,2,2,1,1,3,4,2,3,1980,2,2
1991,1,220420,2,2,2,2,1,1,3,4,2,3,1981,2,1
1991,1,220421,1,2,2,2,1,1,3,4,2,3,1988,1,2
1991,1,220422,9,7,7,2,3,3,3,4,2,3,9999,2,2
1991,1,220423,4,2,2,2,1,1,3,4,2,3,1986,2,2
1991,2,220423,4,2,2,2,1,1,3,4,2,3,1987,2,2
1991,1,220424,1,2,2,2,1,1,3,4,1,3,1989,2,2
1991,1,220425,2,5,5,2,1,1,3,4,2,3,1982,2,2
1991,1,220426,4,2,2,2,1,1,3,4,2,3,1990,1,2
1991,2,220426,1,2,2,2,1,1,3,4,2,3,1984,2,2
1991,1,220427,1,3,3,2,1,1,3,4,2,3,1980,2,2
1991,1,220428,1,2,2,2,1,1,3,4,2,3,1988,1,2
1991,2,220428,1,2,2,2,1,1,3,4,2,3,1986,2,2
1991,1,220430,1,2,6,1,1,1,3,4,2,3,1991,2,2
1991,1,220431,2,2,2,2,1,1,3,4,2,3,1985,2,2
1991,1,220432,4,2,2,1,2,2,3,4,2,3,1985,2,2
1991,1,220433,6,6,6,2,1,1,3,4,2,3,1982,2,2
1991,1,220434,1,2,2,2,1,1,3,4,2,3,1982,2,2
1991,1,220435,1,2,2,2,1,1,3,4,2,3,1981,2,2
1991,1,220436,1,3,3,2,1,1,3,4,2,3,1988,2,2
1991,1,220437,1,2,6,1,1,1,3,4,2,3,1987,2,2
1991,1,220438,1,2,2,2,2,2,3,4,1,3,1991,2,2
1991,1,220439,1,2,2,2,1,1,3,4,2,3,1988,2,2
1991,1,220440,1,3,3,2,1,1,3,4,2,3,1988,2,2
1991,2,220440,2,2,2,2,1,1,3,4,2,3,1980,2,2
1991,1,220441,1,2,2,2,1,1,3,4,2,3,1987,2,2
1991,1,220443,1,2,2,2,1,1,3,4,2,3,1988,2,2
1991,1,220444,9,7,7,2,3,3,3,4,2,3,9999,2,2
1991,1,220445,1,2,6,1,1,1,3,4,2,3,1986,2,2
1991,1,220446,1,2,2,2,1,1,3,4,2,3,1989,2,2
1991,1,220447,2,2,2,2,2,2,3,4,1,3,1980,2,2
1991,2,220447,1,2,2,2,1,1,3,4,2,3,1985,2,2
1991,1,220448,2,2,2,2,1,1,3,4,2,3,1984,2,2
1991,1,220449,2,2,2,2,1,1,3,4,2,3,1984,1,2
1991,2,220449,1,3,3,2,1,1,3,4,2,3,1982,2,2
1991,1,220450,2,2,2,2,1,1,3,4,2,3,1991,2,2
1991,1,220451,1,2,2,2,1,1,3,4,2,3,1990,2,2
1991,1,220452,1,2,2,2,1,1,3,4,2,3,1989,2,2
1991,2,220452,2,2,2,2,1,1,3,4,2,3,1990,2,2
1991,1,220453,2,2,2,2,1,1,3,4,2,3,1990,2,2
1991,2,220453,3,2,2,2,1,1,3,4,2,3,1988,2,2
1991,1,220454,1,2,6,1,1,1,3,4,2,3,1989,2,1
1991,1,220455,1,5,2,2,1,1,3,4,2,3,1978,2,2
1991,2,220455,1,2,2,2,1,1,3,4,2,3,1984,2,2
1991,1,220456,1,2,2,2,1,1,3,4,1,3,1980,2,2
1991,2,220456,2,2,2,2,1,1,3,4,2,3,1989,2,2
1991,1,220457,2,2,2,2,1,1,3,4,2,3,1976,2,2
1991,1,220458,1,2,2,2,1,1,3,4,2,3,1981,2,2
1991,1,220459,1,2,6,1,1,1,3,4,2,3,1985,2,2
1991,1,220460,2,6,6,1,1,1,3,4,1,3,1991,2,2
1991,1,220461,1,4,4,2,1,1,3,4,2,3,1971,2,2
1991,2,220461,7,5,2,2,4,1,3,1,2,3,1975,2,2
1991,3,220461,1,2,5,2,1,1,3,4,2,3,1974,2,2
1991,1,220462,1,3,2,2,1,1,3,4,1,3,1978,2,2
1991,1,220463,4,2,2,2,1,1,3,4,2,3,1991,1,2
1991,2,220463,1,2,3,2,1,1,3,4,1,3,1987,2,2
1991,1,220464,9,2,2,2,1,2,3,4,2,3,1981,2,2
1991,1,220465,3,2,6,1,1,1,3,4,2,3,1989,2,2
1991,1,220466,1,2,6,1,1,1,3,4,2,3,1988,2,2
1991,1,220467,1,2,6,2,1,1,3,4,2,3,1981,2,2
1991,1,220468,1,2,2,2,1,1,3,4,2,3,1976,2,2
1991,1,220469,6,2,6,1,1,1,3,4,2,3,1989,2,2
1991,1,220470,2,3,6,1,1,1,3,4,1,3,1986,2,2
1991,2,220470,2,2,2,2,1,1,3,4,2,3,1988,2,2
1991,1,220471,2,2,6,1,1,1,3,4,1,3,1988,2,2
1991,1,220473,7,2,2,2,4,1,3,1,2,3,1985,2,2
1991,1,220474,1,2,6,1,1,1,3,4,1,3,1989,2,2
1991,1,220475,2,2,2,2,1,1,3,4,1,3,1989,2,2
1991,1,220476,2,1,1,1,1,1,3,4,1,3,1988,2,2
1991,1,220477,2,2,2,2,1,1,3,4,2,3,1986,1,2
1991,2,220477,2,2,2,2,1,1,3,4,2,3,1980,2,2
1991,1,220478,1,2,6,2,1,1,3,4,2,3,1985,2,2
1991,1,220479,1,2,6,1,1,1,3,4,1,3,1967,1,2
1991,1,220480,2,1,1,1,1,1,3,4,2,3,1988,2,1
1991,1,220481,1,2,6,2,2,2,3,4,2,3,1969,2,2
1991,1,220482,2,2,2,2,1,1,3,4,2,3,1980,2,2
1991,2,220482,1,2,2,2,1,1,3,4,2,3,1976,2,2
1991,1,220483,1,5,5,2,2,2,3,4,2,3,1979,2,2
1991,2,220483,2,2,2,2,1,1,3,4,2,3,1984,2,2
1991,1,220484,1,2,2,2,1,1,3,4,2,3,1990,2,2
1991,2,220484,1,2,2,1,1,1,3,4,2,3,1986,2,2
1991,1,220485,1,5,5,2,2,2,3,4,2,3,1987,2,2
1991,1,220486,1,2,2,2,1,1,3,4,2,3,1987,2,2
1991,1,220487,1,2,2,2,1,1,3,4,2,3,1990,2,2
1991,1,220490,1,2,5,2,2,2,3,4,2,3,1983,2,2
1991,1,220491,1,5,5,1,1,1,3,4,1,3,1984,2,2
1991,1,220492,2,3,6,1,1,1,3,4,2,3,1979,2,2
1991,1,220493,1,5,5,2,1,1,3,4,2,3,1988,2,2
1991,1,220494,1,2,6,1,1,1,3,4,2,3,1979,2,2
1991,1,220495,6,3,3,2,1,2,3,4,2,3,1984,2,2
1991,1,220496,1,2,5,2,1,1,3,4,2,3,1990,1,2
1991,2,220496,1,2,2,1,1,1,3,4,2,3,1971,2,2
1991,1,220497,1,3,3,2,2,2,3,4,2,3,1985,2,2
1991,1,220499,1,2,2,2,1,1,3,4,2,3,1969,2,2
1991,2,220499,3,2,2,2,1,1,3,4,2,3,1985,2,2
1991,1,220500,1,2,2,1,1,1,3,4,2,3,1987,2,2
1991,1,220501,2,2,2,2,1,1,3,4,2,3,1990,2,2
1991,1,220503,2,2,6,1,1,1,3,4,2,3,1991,1,2
1991,2,220503,3,2,2,2,1,1,3,4,2,3,1987,2,2
1991,1,220505,2,2,2,1,1,1,3,4,2,3,1988,2,2
1991,1,220506,4,2,6,1,2,2,3,4,2,3,1973,1,2
1991,1,220507,3,3,3,2,1,1,3,4,2,3,1987,2,2
1991,2,220507,1,2,2,2,1,1,3,4,2,3,1989,2,2
1991,1,220508,9,5,5,1,1,1,3,4,2,3,1985,2,2
1991,1,220509,2,2,2,2,1,1,3,4,2,3,1991,1,2
1991,1,220510,1,2,2,2,1,1,3,4,1,3,1986,2,2
1991,1,220511,1,2,2,1,1,1,3,4,1,3,1987,2,1
1991,1,220512,4,2,2,2,1,1,3,4,2,3,1990,1,2
1991,2,220512,1,2,5,2,1,1,3,4,2,3,1989,2,2
1991,1,220513,4,2,2,2,1,1,3,4,2,3,1982,2,2
1991,2,220513,1,5,5,2,1,1,3,4,2,3,1991,2,2
1991,1,220514,1,2,2,2,1,1,3,4,2,3,1984,2,2
1991,2,220514,6,4,5,2,1,1,3,4,2,3,1987,2,2
1991,3,220514,2,6,6,2,1,1,3,4,2,3,1984,2,2
1991,4,220514,2,6,6,2,1,1,3,4,2,3,1987,2,2
1991,1,220515,7,2,2,2,4,1,3,1,2,3,1992,2,2
1991,2,220515,7,2,2,2,4,1,3,1,2,3,1989,2,2
1991,3,220515,1,2,2,2,1,1,3,4,1,3,1974,2,2
1991,1,220516,1,2,2,2,1,1,3,4,2,3,1989,2,2
1991,1,220517,2,2,6,1,1,1,3,4,2,3,1987,2,2
1991,1,220518,3,3,6,2,1,1,3,4,2,3,1989,2,2
1991,1,220519,1,2,2,2,1,1,3,4,2,3,1982,2,2
1991,2,220519,2,2,2,2,1,1,3,4,2,3,1987,2,2
1991,1,220520,1,2,2,2,1,1,3,4,2,3,1980,2,2
1991,1,220521,1,3,3,2,1,1,3,4,1,3,1981,2,2
1991,1,220522,1,3,3,1,2,2,3,4,2,3,1988,2,2
1991,1,220523,2,2,2,2,1,1,3,4,1,3,1989,1,2
1991,1,220524,1,2,2,2,1,1,3,4,1,3,1990,2,2
1991,1,220525,1,3,3,1,1,1,3,4,2,3,1980,1,2
1991,2,220525,2,2,2,2,1,1,3,4,2,3,1985,2,2
1991,1,220526,1,2,2,2,1,1,3,4,2,3,1978,2,2
1991,1,220527,2,2,3,1,1,1,3,4,2,3,1990,2,2
1991,2,220527,2,3,3,1,1,1,3,4,2,3,1991,2,2
1991,1,220528,1,3,6,1,1,1,3,4,2,3,1977,1,2
1991,1,220529,2,1,1,2,1,1,3,4,2,3,1980,2,2
1991,1,220530,2,2,2,2,1,1,3,4,2,3,1988,2,2
1991,1,220531,1,5,5,2,1,1,3,4,2,3,1987,1,2
1991,2,220531,1,2,2,2,1,1,3,4,2,3,1985,2,2
1991,1,220532,1,2,5,2,1,1,3,4,2,3,1986,1,2
1991,2,220532,1,2,2,2,1,1,3,4,2,3,1979,2,2
1991,1,220533,1,5,5,2,1,1,3,4,1,3,1990,1,2
1991,2,220533,6,3,3,2,1,1,3,4,2,3,1985,2,2
1991,1,220534,2,2,2,2,1,1,3,4,2,3,1989,2,2
1991,2,220534,6,4,4,2,1,1,3,4,2,3,1990,2,2
1991,1,220535,4,2,2,2,1,1,3,4,1,3,1989,1,2
1991,2,220535,3,5,5,2,1,1,3,4,2,3,1978,2,2
1991,1,220536,2,6,6,1,1,1,3,4,2,3,1990,1,2
1991,1,220537,1,3,3,2,1,1,3,4,2,3,1991,1,2
1991,2,220537,1,2,2,2,1,1,3,4,2,3,1988,2,2
1991,1,220538,1,6,5,1,2,2,3,4,2,3,1990,2,2
1991,1,220539,9,7,7,2,3,3,3,4,2,3,9999,2,2
1991,1,220540,9,5,5,2,1,2,3,4,2,3,1984,2,2
1991,1,220541,1,3,3,2,2,2,3,4,2,3,1984,2,2
1991,2,220541,3,2,2,2,1,1,3,4,2,3,1988,2,2
1991,1,220542,2,3,3,2,1,1,3,4,2,3,1989,1,2
1991,2,220542,1,2,2,2,1,1,3,4,2,3,1989,2,2
1991,1,220543,1,5,5,1,1,1,3,4,2,3,1972,2,2
1991,2,220543,5,2,2,2,1,1,3,4,2,3,1982,2,2
1991,1,220544,2,2,2,2,1,1,3,4,2,3,1989,2,2
1991,1,220545,3,2,5,2,1,1,3,4,2,3,1989,2,2
1991,1,220546,9,7,7,2,3,3,3,4,2,3,9999,2,2
1991,1,220547,1,2,2,2,1,1,3,4,1,3,1980,2,2
1991,2,220547,2,4,4,2,1,1,3,4,2,3,1988,2,2
1991,1,220548,2,2,2,2,1,1,3,4,2,3,1983,2,2
1991,1,220550,1,3,3,2,1,1,3,4,1,3,1969,2,2
1991,1,220551,1,5,5,2,2,2,3,4,1,3,1976,2,2
1991,1,220552,1,3,3,2,1,1,3,4,2,3,1981,1,2
1991,2,220552,1,2,2,2,1,1,3,4,2,3,1984,2,2
1991,1,220553,2,2,6,1,1,1,3,4,2,3,1991,2,2
1991,1,220554,2,2,5,2,1,1,3,4,2,3,1990,2,1
1991,1,220555,2,3,3,2,1,1,3,4,2,3,1982,2,2
1991,1,220556,1,3,2,1,1,1,3,4,2,3,1982,2,2
1991,2,220556,2,2,2,1,1,1,3,4,2,3,1990,2,2
1991,1,220557,2,2,2,2,1,1,3,4,2,3,1982,2,2
1991,1,220558,1,2,2,2,1,1,3,4,2,3,1978,1,2
1991,2,220558,2,2,2,2,1,1,3,4,2,3,1989,2,2
1991,3,220558,1,2,2,2,2,2,3,4,2,3,1978,2,2
1991,1,220559,2,4,3,2,1,1,3,4,2,3,1990,1,2
1991,1,220560,2,2,2,2,1,1,3,4,2,3,1980,1,2
1991,2,220560,4,2,3,2,1,1,3,4,2,3,1976,2,2
1991,1,220561,1,5,5,1,1,1,3,4,2,3,1985,2,2
1991,1,220562,1,3,3,2,1,1,3,4,2,3,1991,1,2
1991,2,220562,1,2,5,2,1,1,3,4,2,3,1991,2,2
1991,1,220563,1,2,2,1,2,2,3,4,1,3,1977,2,2
1991,1,220564,9,7,7,2,3,3,3,4,2,3,9999,2,2
1991,1,220565,1,2,2,2,1,1,3,4,2,3,1984,2,2
1991,2,220565,6,4,4,2,1,1,3,4,2,3,1977,2,2
1991,1,220566,2,2,6,1,1,1,3,4,1,3,1988,2,2
1991,1,220567,2,3,6,1,1,1,3,4,1,3,1972,2,2
1991,1,220568,2,5,5,2,1,1,3,4,2,3,1987,1,2
1991,1,220569,2,2,2,2,1,1,3,4,1,3,1984,1,2
1991,1,220570,2,2,6,1,1,1,3,4,1,3,1988,1,2
1991,1,220571,6,2,2,2,1,1,3,4,2,3,1989,2,2
1991,1,220572,1,5,5,2,1,1,3,4,2,3,1985,2,2
1991,2,220572,2,2,2,2,1,1,3,4,2,3,1987,2,2
1991,1,220573,2,4,4,2,1,1,3,4,2,3,1978,2,2
1991,2,220573,1,2,2,2,1,1,3,4,2,3,1981,2,2
1991,1,220574,7,2,2,2,4,2,3,2,2,3,1980,2,2
1991,2,220574,1,2,2,2,1,1,3,4,2,3,1977,2,2
1991,1,220575,6,5,2,2,1,1,3,4,2,3,1989,1,2
1991,2,220575,4,5,5,2,1,1,3,4,2,3,1985,2,2
1991,3,220575,4,5,2,2,1,1,3,4,2,3,1985,2,2
1991,1,220576,2,5,5,2,1,1,3,4,2,3,1990,2,2
1991,2,220576,6,2,2,2,1,1,3,4,2,3,1985,2,2
1991,1,220577,2,2,2,2,1,1,3,4,2,3,1971,1,2
1991,1,220579,2,2,6,1,1,1,3,4,1,3,1977,2,2
1991,1,220580,3,2,2,2,1,1,3,4,2,3,1987,2,2
1991,1,220581,2,2,2,2,1,1,3,4,2,3,1989,1,2
1991,2,220581,6,2,2,2,1,1,3,4,2,3,1982,2,2
1991,1,220582,2,5,6,1,1,1,3,4,1,3,1991,2,2
1991,1,220583,2,2,2,2,1,1,3,4,1,3,1989,2,2
1991,2,220583,6,4,4,2,1,1,3,4,2,3,1986,2,2
1991,1,220584,2,2,2,2,1,1,3,4,2,3,1985,1,2
1991,2,220584,7,2,2,2,4,1,3,1,2,3,1985,2,2
1991,1,220585,2,2,2,1,2,2,3,4,2,3,1985,2,2
1991,1,220586,6,4,4,2,1,1,3,4,2,3,1977,1,2
1991,2,220586,1,2,2,2,1,1,3,4,2,3,1989,2,2
1991,1,220587,1,2,2,2,3,3,3,4,2,3,1980,2,2
1991,1,220588,1,2,6,1,1,1,3,4,2,3,1983,2,2
1991,1,220589,1,2,2,1,1,1,3,4,2,3,1983,1,2
1991,2,220589,1,5,5,2,1,1,3,4,2,3,1985,2,2
1991,1,220590,2,2,2,2,1,1,3,4,2,3,1986,2,1
1991,2,220590,6,2,2,2,1,1,3,4,2,3,1991,2,2
1991,1,220591,1,3,6,1,1,1,3,4,1,3,1981,2,2
1991,1,220592,2,2,2,2,1,1,3,4,1,3,1989,2,2
1991,2,220592,6,4,4,2,1,1,3,4,2,3,1988,2,2
1991,1,220593,1,5,5,1,1,1,3,4,2,3,1985,2,1
1991,1,220594,1,2,2,2,1,1,3,4,2,3,1978,1,2
1991,1,220595,1,2,2,2,1,1,3,4,2,3,1978,2,2
1991,1,220596,6,2,6,1,1,1,3,4,1,3,1984,2,2
1991,1,220597,6,2,2,2,1,1,3,4,2,3,1991,2,2
1991,1,220598,1,5,5,1,1,1,3,4,1,3,1986,2,2
1991,1,220599,4,2,2,2,1,1,3,4,2,3,1988,2,2
1991,2,220599,1,2,2,2,1,1,3,4,2,3,1989,2,2
1991,1,220600,1,2,6,1,1,1,3,4,2,3,1985,2,2
1991,1,220601,1,2,2,2,1,1,3,4,2,3,1984,2,2
1991,2,220601,6,5,5,2,1,1,3,4,2,3,1983,2,2
1991,1,220602,2,2,2,2,1,1,3,4,2,3,1986,2,2
1991,1,220603,3,3,6,1,1,1,3,4,1,3,1983,2,2
1991,1,220604,2,2,6,1,1,1,3,4,2,3,1982,2,2
1991,1,220605,1,2,3,1,1,1,3,4,2,3,1983,1,2
1991,2,220605,1,2,5,2,1,1,3,4,2,3,1989,2,2
1991,1,220606,1,3,3,1,1,1,3,4,1,3,1986,2,2
1991,1,220607,1,2,2,2,2,2,3,4,2,3,1984,2,2
1991,1,220608,1,6,6,1,1,1,3,4,2,3,1978,2,2
1991,1,220609,1,6,6,2,1,1,3,4,2,3,1989,2,2
1991,1,220610,9,7,7,2,3,3,3,4,2,3,9999,2,2
1991,2,220610,1,6,6,2,1,1,3,4,2,3,1979,2,2
1991,1,220611,1,2,2,2,1,1,3,4,2,3,1982,2,2
1991,1,220612,2,2,2,2,1,1,3,4,2,3,1985,2,1
1991,2,220612,1,2,2,2,1,1,3,4,2,3,1989,2,2
1991,1,220613,2,2,2,2,1,1,3,4,2,3,1991,1,2
1991,2,220613,1,4,2,2,1,1,3,4,2,3,1982,2,2
1991,1,220614,4,2,3,2,1,1,3,4,2,3,1990,2,2
1991,2,220614,1,4,5,2,1,1,3,4,2,3,1984,2,2
1991,3,220614,6,4,4,2,1,1,3,4,2,3,1989,2,2
1991,4,220614,2,4,4,2,1,1,3,4,2,3,1991,2,2
1991,1,220615,2,2,5,2,1,1,3,4,1,3,1990,2,2
1991,2,220615,2,2,2,2,1,1,3,4,2,3,1988,2,2
1991,1,220616,1,5,5,2,2,2,3,4,1,3,1987,2,2
1991,1,220617,2,2,2,2,1,1,3,4,2,3,1978,2,2
1991,1,220618,1,2,6,1,1,1,3,4,2,3,1978,1,2
1991,1,220619,1,2,2,2,1,1,3,4,2,3,1976,2,2
1991,2,220619,1,2,2,2,1,1,3,4,2,3,1987,2,2
1991,1,220620,2,5,5,2,1,1,3,4,1,3,1991,2,2
1991,2,220620,2,5,6,1,1,1,3,4,2,3,1991,2,2
1991,3,220620,1,2,2,2,1,1,3,4,2,3,1985,2,2
1991,1,220621,1,2,3,2,1,1,3,4,2,3,1991,2,2
1991,2,220621,1,2,5,2,1,1,3,4,2,3,1986,2,2
1991,1,220623,1,2,2,2,1,1,3,4,2,3,1980,2,2
1991,1,220624,2,4,2,1,1,1,3,4,2,3,1985,2,2
1991,2,220624,2,2,2,2,1,1,3,4,2,3,1989,2,2
1991,1,220625,1,2,5,2,1,1,3,4,2,3,1981,2,2
1991,2,220625,1,2,2,2,1,1,3,4,2,3,1983,2,2
1991,1,220626,2,2,5,1,1,1,3,4,2,3,1990,2,2
1991,1,220627,1,3,3,1,1,1,3,4,1,3,1990,2,2
1991,2,220627,1,2,2,2,1,1,3,4,2,3,1991,2,2
1991,1,220628,1,5,2,2,1,1,3,4,2,3,1979,2,2
1991,1,220629,2,3,3,2,1,1,3,4,2,3,1987,2,2
1991,2,220629,2,2,2,2,1,1,3,4,1,3,1978,2,2
1991,1,220630,2,2,6,1,1,1,3,4,1,3,1989,2,2
1991,1,220632,2,2,6,1,1,1,3,4,1,3,1986,2,2
1991,1,220633,6,2,5,2,1,1,3,4,2,3,1978,2,2
1991,2,220633,1,2,2,2,1,1,3,4,2,3,1982,2,2
1991,1,220634,2,2,2,1,1,1,3,4,1,3,1988,2,2
1991,1,220635,6,2,2,2,1,1,3,4,1,3,1984,1,2
1991,1,220636,9,7,7,2,3,3,3,4,2,3,9999,2,2
1991,1,220637,1,3,3,2,1,1,3,4,2,3,1984,2,2
1991,2,220637,1,2,2,2,1,1,3,4,2,3,1992,2,2
1991,3,220637,4,2,2,2,1,1,3,4,2,3,1985,2,2
1991,1,220638,2,2,5,2,1,1,3,4,2,3,1988,1,2
1991,2,220638,2,2,3,2,1,1,3,4,2,3,1979,2,2
1991,1,220639,6,2,2,2,1,1,3,4,2,3,1988,2,2
1991,2,220639,7,2,2,2,4,1,3,1,2,3,1981,2,2
1991,1,220640,1,5,5,2,1,1,3,4,2,3,1984,2,2
1991,2,220640,6,2,2,2,1,1,3,4,2,3,1989,2,2
1991,1,220642,2,2,6,1,1,1,3,4,2,3,1979,2,2
1991,1,220643,1,2,3,2,1,1,3,4,2,3,1976,2,2
1991,1,220644,1,2,2,2,1,1,3,4,2,3,1990,2,2
1991,1,220645,2,6,6,1,1,1,3,4,2,3,1982,2,2
1991,1,220646,1,2,2,2,2,2,3,4,2,3,1980,2,2
1991,1,220647,2,2,3,2,1,1,3,4,2,3,1984,2,1
1991,1,220648,2,2,2,2,1,1,3,4,2,3,1980,2,2
1991,1,220649,2,2,2,2,1,1,3,4,2,3,1989,2,2
1991,1,220650,1,1,1,1,1,1,3,4,2,3,1989,2,2
1991,1,220651,2,2,6,1,1,1,3,4,2,3,1988,2,2
1991,1,220652,2,3,3,1,1,1,3,4,2,3,1973,2,2
1991,1,220653,1,2,6,1,1,1,3,4,1,3,1978,2,2
1991,1,220654,1,2,2,2,1,1,3,4,2,3,1978,1,2
1991,2,220654,1,5,5,2,1,1,3,4,2,3,1983,2,2
1991,1,220655,1,2,2,2,1,1,3,4,2,3,1986,2,2
1991,2,220655,2,4,4,1,1,1,3,4,2,3,1987,2,2
1991,1,220656,7,3,3,2,4,2,3,2,1,3,1978,2,2
1991,2,220656,1,3,3,2,1,1,3,4,2,3,1978,2,2
1991,1,220657,1,2,2,2,1,1,3,4,2,3,1987,2,2
1991,2,220657,1,3,3,2,2,2,3,4,2,3,1975,1,2
1991,1,220658,7,2,2,2,4,1,3,1,2,3,1989,2,2
1991,2,220658,1,3,3,2,1,1,3,4,2,3,1990,1,2
1991,1,220659,6,2,6,2,2,2,3,4,1,3,1990,2,2
1991,1,220660,1,2,2,2,1,1,3,4,2,3,1988,2,2
1991,1,220661,1,2,2,2,1,1,3,4,2,3,1986,2,2
1991,1,220662,2,2,5,2,1,1,3,4,2,3,1982,2,2
1991,1,220663,6,6,6,2,1,1,3,4,2,3,1989,2,2
1991,1,220664,1,2,2,2,1,1,3,4,2,3,1982,2,2
1991,2,220664,1,2,5,2,1,1,3,4,2,3,1982,2,2
1991,1,220665,2,2,2,2,1,1,3,4,2,3,1982,2,2
1991,1,220666,1,2,2,2,1,1,3,4,2,3,1978,2,2
1991,2,220666,1,5,5,2,1,1,3,4,2,3,1983,2,2
1991,1,220667,2,2,2,2,2,2,3,4,1,3,1973,2,2
1991,2,220667,1,5,6,2,1,1,3,4,2,3,1987,2,2
1991,1,220668,1,2,2,2,1,1,3,4,1,3,1979,2,2
1991,1,220670,1,2,2,2,1,1,3,4,2,3,1977,2,2
1991,1,220673,2,2,2,2,3,3,3,4,2,3,1978,2,2
1991,2,220673,1,2,2,2,1,1,3,4,2,3,1989,2,2
1991,1,220674,8,2,2,2,1,1,3,4,2,3,1976,2,2
1991,2,220674,1,5,5,2,1,1,3,4,2,3,1983,2,2
1991,1,220675,1,4,4,2,3,3,3,4,2,3,1974,2,2
1991,2,220675,1,2,2,2,1,1,3,4,2,3,1990,1,2
1991,1,220676,1,5,5,2,1,1,3,4,2,3,1981,2,2
1991,2,220676,1,2,2,2,1,1,3,4,2,3,1983,2,2
1991,3,220676,2,5,5,2,2,2,3,4,2,3,1981,2,2
1991,1,220677,1,5,5,1,1,1,3,4,2,3,1979,2,2
1991,1,220678,6,5,5,2,3,3,3,4,2,3,1989,2,2
1991,2,220678,1,2,2,2,1,1,3,4,2,3,1983,1,2
1991,1,220679,2,2,6,1,1,1,3,4,2,3,1989,2,2
1991,1,220681,1,3,3,2,1,1,3,4,2,3,1990,2,1
1991,1,220682,1,2,2,2,2,2,3,4,2,3,1976,2,2
1991,1,220683,2,2,2,1,1,1,3,4,1,3,1984,2,2
1991,1,220684,2,2,2,2,1,1,3,4,2,3,1990,2,2
1991,1,220685,2,2,2,2,1,1,3,4,2,3,1981,2,2
1991,1,220686,2,3,3,2,1,1,3,4,2,3,1979,2,2
1991,2,220686,1,5,5,2,1,1,3,4,2,3,1984,1,2
1991,1,220687,1,2,2,2,1,1,3,4,2,3,1972,2,2
1991,2,220687,2,2,2,2,1,1,3,4,2,3,1981,2,2
1991,1,220688,4,2,2,2,1,1,3,4,2,3,1979,2,2
1991,1,220689,2,2,2,2,1,1,3,4,2,3,1985,2,2
1991,2,220689,1,2,2,2,1,1,3,4,2,3,1992,2,2
1991,1,220690,1,3,3,2,1,1,3,4,2,3,1978,2,2
1991,2,220690,6,5,5,2,1,1,3,4,1,3,1989,2,2
1991,1,220691,2,2,2,2,1,1,3,4,2,3,1980,2,2
1991,2,220691,6,2,2,2,1,1,3,4,2,3,1991,2,2
1991,3,220691,1,2,2,2,1,1,3,4,2,3,1983,2,2
1991,1,220692,1,2,4,2,1,1,3,4,1,3,1979,2,2
1991,2,220692,9,2,2,2,1,1,3,4,2,3,1990,2,2
1991,3,220692,2,4,4,2,1,1,3,4,2,3,1989,2,2
1991,1,220693,1,4,4,1,1,1,3,4,1,3,1982,2,2
1991,1,220694,1,2,2,2,1,1,3,4,2,3,1991,2,2
1991,1,220695,8,4,4,2,1,1,3,4,2,3,1988,2,2
1991,2,220695,2,2,5,2,1,1,3,4,2,3,1987,2,2
1991,1,220696,2,2,6,1,1,1,3,4,2,3,1989,2,2
1991,1,220697,2,3,3,2,1,1,3,4,2,3,1988,2,2
1991,2,220697,2,2,5,2,1,1,3,4,2,3,1990,2,2
1991,1,220698,2,2,6,2,1,1,3,4,1,3,1985,2,2
1991,1,220699,1,6,6,2,1,1,3,4,2,3,1989,2,2
1991,1,220700,1,5,5,2,1,1,3,4,2,3,1984,2,2
1991,2,220700,2,2,2,2,1,1,3,4,2,3,1984,2,2
1991,1,220701,4,5,5,2,1,1,3,4,2,3,1990,1,2
1991,2,220701,1,2,2,2,1,1,3,4,2,3,1983,2,2
1991,1,220702,1,3,3,2,1,1,3,4,2,3,1985,2,2
1991,2,220702,1,2,2,2,1,1,3,4,2,3,1984,2,2
1991,1,220703,1,2,2,1,1,1,3,4,1,3,1985,2,2
1991,1,220704,1,2,2,2,1,1,3,4,2,3,1980,2,2
1991,2,220704,1,2,2,2,1,1,3,4,2,3,1991,2,2
1991,1,220705,1,5,5,2,1,1,3,4,2,3,1988,2,2
1991,1,220706,1,2,2,2,1,1,3,4,2,3,1986,2,2
1991,2,220706,6,2,2,2,1,1,3,4,2,3,1980,2,2
1991,1,220707,2,2,2,1,1,1,3,4,1,3,1984,2,2
1991,1,220708,2,6,6,2,1,1,3,4,2,3,1989,2,2
1991,1,220709,6,4,4,2,3,3,3,4,2,3,1978,2,2
1991,2,220709,2,2,2,2,1,1,3,4,2,3,1986,2,2
1991,3,220709,1,2,2,2,1,1,3,4,2,3,1991,2,2
1991,1,220710,2,2,5,2,1,1,3,4,2,3,1987,2,2
1991,2,220710,6,2,2,2,1,1,3,4,2,3,1984,2,2
1991,1,220711,1,2,2,2,1,1,3,4,2,3,1985,2,2
1991,2,220711,1,2,2,2,1,1,3,4,2,3,1986,2,2
1991,1,220712,7,2,2,2,4,2,3,2,2,3,1991,2,2
1991,1,220713,2,2,2,2,1,1,3,4,2,3,1987,2,2
1991,2,220713,1,4,4,2,2,2,3,4,2,3,1974,2,2
1991,3,220713,2,2,2,2,1,1,3,4,2,3,1992,2,2
1991,1,220715,1,2,6,1,1,1,3,4,2,3,1985,2,2
1991,2,220715,1,2,2,2,1,1,3,4,2,3,1981,2,2
1991,1,220716,1,2,2,2,1,1,3,4,2,3,1989,2,1
1991,2,220716,6,5,5,2,1,1,3,4,2,3,1984,2,2
1991,1,220717,2,2,2,2,1,1,3,4,2,3,1982,2,2
1991,2,220717,2,2,2,2,1,1,3,4,2,3,1969,2,2
1991,1,220718,2,5,5,1,3,3,3,4,1,3,1990,2,2
1991,1,220719,1,2,2,2,2,2,3,4,2,3,1986,1,2
1991,2,220719,1,2,2,2,1,1,3,4,2,3,1991,2,2
1991,1,220720,7,2,2,2,4,1,3,1,2,3,1977,2,2
1991,2,220720,9,7,7,2,3,3,3,4,2,3,9999,2,2
1991,1,220721,1,2,2,2,1,1,3,4,1,3,1979,2,2
1991,1,220722,1,2,2,2,2,2,3,4,1,3,1979,2,2
1991,1,220723,4,2,2,2,1,1,3,4,2,3,1985,2,2
1991,1,220724,9,2,2,2,3,3,3,4,2,3,9999,2,2
1991,1,220725,2,2,5,2,1,1,3,4,2,3,1989,2,1
1991,1,220726,9,2,2,2,3,3,3,4,2,3,9999,2,2
1991,1,220727,1,5,5,2,1,1,3,4,2,3,1986,2,2
1991,2,220727,4,2,2,2,1,1,3,4,2,3,1982,2,2
1991,1,220728,1,6,6,2,1,1,3,4,2,3,1982,2,2
1991,1,220730,3,4,5,1,1,1,3,4,1,3,1984,2,2
1991,1,220731,1,2,6,1,2,2,3,4,2,3,1991,2,2
1991,1,220732,1,6,6,2,1,1,3,4,2,3,1984,2,2
1991,1,220733,9,7,7,2,3,3,3,4,2,3,9999,2,2
1991,1,220734,1,2,2,2,1,1,3,4,2,3,1990,2,2
1991,2,220734,2,2,2,2,2,2,3,4,2,3,1986,2,2
1991,1,220735,1,4,4,2,1,1,3,4,2,3,1988,2,2
1991,2,220735,2,2,2,2,1,1,3,4,2,3,1991,2,2
1991,3,220735,1,4,4,2,1,1,3,4,2,3,1977,2,2
1991,4,220735,1,4,4,2,1,1,3,4,2,3,1988,2,2
1991,1,220736,3,2,6,1,1,1,3,4,1,3,1986,2,2
1991,1,220737,3,2,3,2,1,1,3,4,2,3,1990,2,2
1991,2,220737,1,2,2,2,1,1,3,4,2,3,1990,2,2
1991,1,220738,7,2,2,2,4,1,3,1,2,3,1988,2,2
1991,2,220738,1,5,5,2,1,1,3,4,2,3,1989,2,2
1991,1,220739,1,2,2,2,1,1,3,4,2,3,1985,2,2
1991,2,220739,1,2,2,2,1,1,3,4,2,3,1991,2,2
1991,1,220740,2,5,5,2,1,1,3,4,2,3,1991,2,2
1991,1,220741,1,2,2,2,1,1,3,4,2,3,1987,2,2
1991,1,220742,1,3,2,2,1,1,3,4,2,3,1988,2,2
1991,2,220742,1,2,2,2,1,1,3,4,2,3,1977,2,2
1991,1,220743,1,2,2,2,1,1,3,4,2,3,1986,2,2
1991,1,220744,2,3,3,2,1,1,3,4,2,3,1984,2,2
1991,2,220744,6,2,2,2,1,2,3,4,2,3,1989,2,2
1991,1,220745,1,2,6,1,1,1,3,4,2,3,1972,2,2
1991,1,220747,1,2,6,1,1,1,3,4,1,3,1976,2,2
1991,1,220748,1,2,2,2,1,1,3,4,2,3,1984,2,2
1991,2,220748,2,2,2,2,1,1,3,4,2,3,1991,2,2
1991,1,220749,2,2,2,2,2,2,3,4,2,3,1982,2,2
1991,1,220750,2,2,2,2,1,1,3,4,2,3,1990,2,2
1991,1,220751,2,2,5,2,1,1,3,4,1,3,1987,2,2
1991,1,220752,1,3,3,2,1,1,3,4,2,3,1988,1,2
1991,2,220752,2,2,2,2,1,1,3,4,2,3,1989,2,2
1991,1,220753,2,5,5,1,1,1,3,4,2,3,1986,2,2
1991,2,220753,6,2,2,2,1,1,3,4,2,3,1990,2,2
1991,1,220754,3,2,2,2,1,1,3,4,1,3,1991,2,2
1991,1,220755,2,2,5,2,1,1,3,4,2,3,1986,1,2
1991,2,220755,2,2,5,2,1,1,3,4,2,3,1984,2,2
1991,1,220756,4,2,2,2,1,1,3,4,2,3,1984,2,2
1991,1,220757,2,2,5,2,1,1,3,4,2,3,1987,2,2
1991,1,220758,1,2,6,2,1,1,3,4,2,3,1991,2,2
1991,1,220759,2,2,6,1,2,2,3,4,2,3,1975,2,2
1991,1,220760,4,2,2,2,1,1,3,4,2,3,1986,2,2
1991,2,220760,1,4,4,2,1,1,3,4,2,3,1980,2,2
1991,3,220760,1,2,5,2,1,1,3,4,2,3,1985,2,2
1991,1,220761,2,2,2,2,1,1,3,4,2,3,1973,2,2
1991,1,220762,7,5,5,2,4,2,3,2,1,3,1981,2,2
1991,1,220763,1,2,2,2,1,1,3,4,2,3,1983,2,2
1991,2,220763,2,2,3,2,1,1,3,4,2,3,1984,2,2
1991,1,220764,1,5,5,2,1,1,3,4,2,3,1980,2,2
1991,2,220764,1,2,2,2,1,1,3,4,2,3,1982,2,2
1991,1,220765,1,2,2,2,1,1,3,4,2,3,1989,2,2
1991,1,220766,1,2,2,2,1,1,3,4,1,3,1985,2,2
1991,2,220766,6,4,4,2,1,1,3,4,2,3,1980,2,2
1991,1,220767,1,2,2,2,1,1,3,4,2,3,1989,2,2
1991,1,220768,1,2,2,2,1,1,3,4,1,3,1978,2,2
1991,1,220770,1,2,6,1,1,1,3,4,1,3,1984,2,2
1991,1,220771,1,2,2,2,1,1,3,4,1,3,1986,2,2
1991,1,220772,1,3,3,2,1,1,3,4,2,3,1987,2,2
1991,1,220773,1,2,2,2,1,1,3,4,2,3,1982,2,2
1991,1,220774,1,2,2,2,1,1,3,4,2,3,1982,2,2
1991,1,220775,2,2,6,1,1,1,3,4,2,3,1989,2,2
1991,1,220776,1,2,2,2,1,1,3,4,2,3,1989,2,2
1991,2,220776,1,2,2,2,1,1,3,4,2,3,1986,2,2
1991,1,220777,1,2,2,1,1,1,3,4,2,3,1988,2,2
1991,1,220778,1,2,2,2,1,1,3,4,2,3,1981,2,2
1991,1,220779,1,2,2,2,1,1,3,4,2,3,1986,2,2
1991,2,220779,1,3,3,2,1,1,3,4,2,3,1981,1,2
1991,1,220780,2,2,2,2,1,1,3,4,2,3,1989,2,2
1991,2,220780,1,5,5,2,1,1,3,4,2,3,1980,2,2
1991,1,220781,4,2,2,2,1,1,3,4,2,3,1979,2,2
1991,2,220781,2,4,4,2,1,1,3,4,2,3,1982,2,2
1991,3,220781,1,3,3,2,1,1,3,4,2,3,1991,2,2
1991,1,220782,1,3,3,2,1,1,3,4,2,3,1989,2,2
1991,1,220783,1,2,2,2,1,1,3,4,2,3,1990,2,2
1991,2,220783,1,2,2,2,1,1,3,4,2,3,1985,2,2
1991,1,220785,1,2,2,2,1,1,3,4,1,3,1986,2,2
1991,1,220786,7,2,2,2,4,1,3,1,1,3,1979,2,2
1991,1,220787,1,2,2,2,2,2,3,4,1,3,1990,2,2
1991,2,220787,8,2,2,2,1,1,3,4,2,1,1979,2,2
1991,1,220788,1,2,2,2,2,2,3,4,1,3,1978,2,2
1991,2,220788,6,2,2,2,1,1,3,4,2,3,1975,2,2
1991,1,220789,1,3,3,2,1,1,3,4,2,3,1987,2,2
1991,1,220790,1,2,2,2,1,1,3,4,2,3,1988,2,2
1991,1,220791,1,2,6,2,1,1,3,4,2,3,1988,2,2
1991,1,220792,1,2,2,1,1,1,3,4,2,3,1990,2,2
1991,2,220792,1,2,2,2,1,1,3,4,2,3,1988,2,2
1991,3,220792,1,2,2,2,1,1,3,4,2,3,1988,2,2
1991,1,220793,2,2,2,2,1,1,3,4,2,3,1991,2,2
1991,1,220794,1,2,6,1,1,1,3,4,2,3,1978,2,2
1991,2,220794,2,2,2,2,1,1,3,4,2,3,1985,2,2
1991,1,220795,1,2,2,2,2,2,3,4,2,3,1981,2,2
1991,1,220796,1,2,2,2,1,1,3,4,2,3,1982,2,2
1991,1,220797,1,2,3,2,1,1,3,4,2,3,1990,2,2
1991,1,220798,1,2,2,2,2,2,3,4,2,3,1977,2,2
1991,1,220800,2,2,2,2,1,1,3,4,1,3,1990,2,2
1991,1,220801,2,1,1,2,2,2,3,4,2,3,1976,2,2
1991,1,220802,1,2,2,2,1,1,3,4,2,3,1983,2,2
1991,2,220802,1,4,4,2,1,1,3,4,2,3,1989,2,2
1991,1,220803,1,2,2,2,1,1,3,4,2,3,1974,1,2
1991,2,220803,2,4,4,2,1,1,3,4,2,3,1984,2,2
1991,3,220803,1,2,2,2,1,1,3,4,2,3,1984,2,2
1991,1,220804,2,5,5,2,1,1,3,4,1,3,1989,1,2
1991,2,220804,2,2,2,2,1,1,3,4,2,3,1977,2,2
1991,1,220805,6,4,4,2,1,1,3,4,2,3,1988,2,2
1991,2,220805,1,2,2,2,1,1,3,4,1,3,1987,2,2
1991,1,220806,1,2,6,1,2,2,3,4,1,3,1983,2,2
1991,1,220807,1,2,2,2,1,1,3,4,2,3,1979,2,2
1991,2,220807,2,2,2,2,1,1,3,4,2,3,1991,2,2
1991,1,220808,4,2,2,2,2,2,3,4,2,3,1983,2,2
1991,1,220809,1,5,5,2,1,1,3,4,2,3,1984,2,2
1991,2,220809,2,2,2,2,1,1,3,4,2,3,1991,2,2
1991,1,220810,7,2,2,2,4,2,3,2,2,3,1981,2,2
1991,1,220811,1,5,5,2,1,1,3,4,2,3,1986,2,2
1991,2,220811,2,2,2,2,1,1,3,4,2,3,1989,2,2
1991,1,220812,1,2,2,2,1,1,3,4,2,3,1986,2,2
1991,2,220812,6,2,2,2,1,2,3,4,2,3,1985,2,2
1991,1,220813,1,2,2,2,1,1,3,4,2,3,1976,2,2
1991,1,220814,1,2,2,2,1,1,3,4,1,3,1988,2,2
1991,1,220815,2,5,5,2,1,1,3,4,2,3,1983,2,2
1991,2,220815,4,2,2,1,1,1,3,4,2,3,1990,2,2
1991,1,220816,4,6,6,1,1,1,3,4,2,3,1987,2,2
1991,1,220817,2,6,6,2,1,1,3,4,2,3,1991,2,2
1991,1,220818,1,2,2,2,1,1,3,4,2,3,1977,2,2
1991,1,220820,2,1,1,2,1,1,3,4,2,3,1990,2,2
1991,1,220821,1,2,6,2,1,1,3,4,2,3,1988,2,2
1991,1,220822,2,3,3,2,2,2,3,4,2,3,1989,2,2
1991,1,220823,1,5,5,2,1,1,3,4,2,3,1988,1,2
1991,1,220824,1,2,2,2,1,1,3,4,2,3,1980,2,2
1991,1,220825,6,2,2,2,1,1,3,4,2,3,1979,2,2
1991,2,220825,4,2,2,2,1,1,3,4,2,3,1990,2,2
1991,3,220825,1,2,2,2,1,1,3,4,2,3,1989,2,2
1991,1,220827,1,3,3,2,1,1,3,4,2,3,1985,2,2
1991,1,220828,4,2,2,2,3,3,3,4,2,3,1977,2,2
1991,2,220828,1,2,2,2,1,1,3,4,2,3,1979,2,2
1991,1,220829,1,2,2,2,1,1,3,4,2,3,1983,2,2
1991,1,220830,7,2,2,2,4,1,3,1,2,3,1988,2,2
1991,2,220830,1,4,4,2,2,2,3,4,2,3,1977,2,2
1991,1,220831,1,2,2,2,1,1,3,4,2,3,1975,2,2
1991,1,230001,1,7,7,2,1,2,3,4,1,3,1980,2,2
1991,1,230002,2,4,4,1,1,1,3,4,1,3,1987,2,2
1991,1,230003,1,2,2,2,1,1,3,4,1,3,1986,2,2
1991,2,230003,8,2,2,2,1,1,3,4,2,1,1988,2,2
1991,1,230004,1,2,2,2,1,1,3,4,2,3,1984,2,2
1991,2,230004,1,3,3,2,1,1,3,4,2,3,1984,2,2
1991,1,230005,1,2,2,2,1,1,3,4,2,3,1986,2,2
1991,2,230005,1,2,2,2,1,1,3,4,2,3,1978,2,2
1991,1,230006,1,2,2,2,1,1,3,4,2,3,1985,2,2
1991,2,230006,1,5,5,2,1,1,3,4,2,3,1977,2,2
1991,1,230007,1,1,1,1,1,1,3,4,1,3,1988,2,2
1991,1,230008,3,3,3,2,1,1,3,4,1,3,1988,2,2
1991,1,230009,4,2,2,2,1,1,3,4,2,3,1985,1,2
1991,1,230010,1,5,5,2,1,1,3,4,1,3,1989,2,2
1991,1,230011,3,3,3,2,1,1,3,4,2,3,1989,2,2
1991,2,230011,3,2,2,2,1,1,3,4,2,3,1989,2,2
1991,1,230012,1,2,2,2,1,1,3,4,2,3,1986,2,2
1991,2,230012,9,2,2,2,1,1,3,4,2,3,1990,2,2
1991,3,230012,9,3,3,2,1,1,3,4,2,3,1989,2,2
1991,4,230012,1,6,6,2,1,1,3,4,2,3,1989,2,2
1991,1,230013,1,2,2,2,1,1,3,4,1,3,1983,1,2
1991,2,230013,9,7,7,2,3,3,3,4,2,3,9999,2,2
1991,1,230014,1,2,2,2,1,1,3,4,2,3,1988,1,2
1991,1,230015,2,3,3,2,1,1,3,4,2,3,1986,1,2
1991,2,230015,6,2,2,2,1,1,3,4,2,3,1976,2,2
1991,1,230016,1,2,2,2,1,1,3,4,2,3,1989,2,2
1991,1,230017,1,2,2,1,1,1,3,4,2,3,1987,2,1
1991,1,230018,1,2,2,1,2,2,3,4,1,3,1987,1,2
1991,1,230019,1,1,1,1,1,1,3,4,1,3,1985,2,2
1991,1,230020,1,2,2,2,1,1,3,4,2,3,1987,2,2
1991,2,230020,1,2,2,2,1,1,3,4,2,3,1986,2,2
1991,1,230021,2,4,2,2,1,1,3,4,1,3,1984,2,2
1991,1,230022,1,2,2,2,1,1,3,4,2,3,1989,2,2
1991,2,230022,1,2,2,2,1,1,3,4,1,3,1981,2,2
1991,1,230023,9,2,2,2,1,1,3,4,1,3,1988,2,2
1991,1,230024,7,3,3,2,4,2,3,2,2,3,1984,2,2
1991,2,230024,1,6,6,2,1,1,3,4,2,3,1987,2,2
1991,1,230025,2,2,2,2,1,1,3,4,2,3,1981,2,2
1991,1,230026,1,2,2,2,1,1,3,4,2,3,1988,2,2
1991,2,230026,9,2,2,2,1,2,3,4,1,3,1989,2,2
1991,1,230027,1,2,2,2,1,1,3,4,2,3,1986,2,2
1991,2,230027,1,2,2,2,1,1,3,4,2,3,1986,2,2
1991,1,230028,1,2,2,2,1,1,3,4,2,3,1978,1,2
1991,1,230029,1,2,2,2,1,1,3,4,2,3,1988,1,2
1991,1,230030,2,5,5,2,2,2,3,4,2,3,1985,1,2
1991,2,230030,2,2,2,2,1,1,3,4,1,3,1987,2,2
1991,1,230031,1,2,2,2,1,1,3,4,2,3,1988,2,2
1991,1,230032,1,6,2,1,1,1,3,4,1,3,1982,2,2
1991,1,230033,1,2,2,2,1,1,3,4,1,3,1988,2,2
1991,1,230034,1,2,2,2,1,1,3,4,2,3,1982,1,2
1991,1,230035,1,2,2,2,1,1,3,4,2,3,1982,2,2
1991,2,230035,1,5,5,2,1,1,3,4,2,3,1982,2,2
1991,1,230036,2,2,6,2,1,1,3,4,2,3,1981,2,2
1991,1,230037,7,2,2,2,4,1,3,1,2,3,1978,2,2
1991,2,230037,1,2,2,2,1,1,3,4,2,3,1987,2,2
1991,1,230038,7,2,2,2,4,1,3,1,1,3,1985,2,2
1991,1,230039,4,2,2,1,1,1,3,4,2,3,9999,2,2
1991,1,230040,7,2,2,2,4,2,3,2,1,3,1986,2,2
1991,1,230041,1,5,5,1,1,1,3,4,2,3,1978,2,2
1991,1,230042,2,2,2,2,1,1,3,4,2,3,1990,2,2
1991,2,230042,7,2,2,2,4,1,3,1,2,3,1979,2,2
1991,1,230043,4,2,2,2,1,1,3,4,2,3,1978,2,2
1991,2,230043,3,2,2,2,1,1,3,4,2,3,1988,1,2
1991,1,230044,7,2,2,2,4,1,3,1,1,3,1978,2,2
1991,1,230045,2,2,2,2,1,1,3,4,2,3,1985,2,2
1991,2,230045,2,2,2,2,1,1,3,4,2,3,1983,2,2
1991,1,230046,1,1,1,1,1,1,3,4,1,3,1985,2,2
1991,1,230047,1,1,1,1,1,1,3,4,1,3,1970,2,2
1991,1,230048,1,3,3,1,1,1,3,4,2,3,1972,2,2
1991,2,230048,1,2,2,2,1,1,3,4,1,3,1987,2,2
1991,1,230049,4,2,2,2,1,1,3,4,2,3,1984,2,1
1991,1,230050,1,3,3,2,1,1,3,4,1,3,1989,2,2
1991,1,230051,1,2,2,2,1,1,3,4,2,3,1989,2,2
1991,1,230052,2,2,2,2,1,1,3,4,2,3,1987,2,1
1991,1,230053,1,2,2,2,1,1,3,4,2,3,1990,1,2
1991,1,230054,1,1,1,1,1,1,3,4,1,3,1983,2,2
1991,1,230055,7,2,2,2,4,1,3,1,2,3,1978,2,2
1991,2,230055,1,2,2,2,1,1,3,4,2,3,1991,2,2
1991,1,230056,1,1,1,1,1,1,3,4,1,3,1983,2,2
1991,1,230057,3,2,2,1,1,1,3,4,1,3,1988,2,1
1991,1,230058,6,3,3,2,1,1,3,4,2,3,1985,2,2
1991,2,230058,1,2,2,2,1,1,3,4,2,3,1979,1,2
1991,1,230059,1,3,3,2,1,1,3,4,2,3,1987,2,2
1991,2,230059,2,2,2,2,1,1,3,4,2,3,1987,2,2
1991,1,230060,2,2,2,2,1,1,3,4,2,3,1990,2,2
1991,2,230060,1,3,3,2,1,1,3,4,2,3,1985,2,2
1991,1,230062,7,1,1,2,4,1,3,1,1,3,1981,2,2
1991,1,230063,1,2,2,1,1,1,3,4,2,3,1984,1,1
1991,1,230064,1,2,2,2,1,1,3,4,2,3,1983,2,2
1991,2,230064,1,4,4,2,1,1,3,4,2,3,1985,1,2
1991,1,230065,1,2,2,2,1,1,3,4,2,3,1989,2,2
1991,2,230065,1,4,4,2,1,1,3,4,2,3,1981,2,2
1991,1,230066,2,2,2,2,1,1,3,4,2,3,1990,2,2
1991,2,230066,1,2,2,2,1,1,3,4,2,3,1986,2,2
1991,1,230067,7,1,1,2,4,1,3,1,1,3,1988,2,2
1991,1,230068,7,7,7,2,4,1,3,1,1,3,1989,2,2
1991,1,230069,1,2,2,2,1,1,3,4,2,3,1983,2,2
1991,1,230070,6,5,5,2,1,1,3,4,2,3,1985,2,2
1991,2,230070,4,2,2,2,1,1,3,4,2,3,1988,2,2
1991,1,230071,1,2,2,2,1,1,3,4,2,3,1987,2,1
1991,1,230072,1,2,2,2,1,1,3,4,2,3,1991,1,1
1991,1,230073,1,3,3,2,1,1,3,4,1,3,1972,2,2
1991,1,230074,3,2,2,2,1,1,3,4,2,3,1983,2,2
1991,2,230074,1,2,2,2,1,1,3,4,2,3,1986,2,2
1991,1,230075,7,2,2,2,4,1,3,1,2,3,1986,2,2
1991,2,230075,9,2,2,2,1,1,3,4,2,3,1984,2,2
1991,1,230076,2,2,2,2,1,1,3,4,2,3,1988,2,2
1991,2,230076,2,4,4,1,2,2,3,4,1,3,1988,2,2
1991,1,230077,1,2,2,2,1,1,3,4,1,3,1979,2,1
1991,1,230078,1,3,3,2,1,1,3,4,2,3,1989,1,2
1991,2,230078,6,2,2,2,1,1,3,4,2,3,1987,2,2
1991,1,230079,7,2,2,2,4,2,3,2,1,3,1989,2,2
1991,1,230080,6,4,4,2,1,1,3,4,2,3,1986,2,2
1991,2,230080,6,2,2,2,1,1,3,4,2,3,1966,1,2
1991,1,230081,1,2,2,2,1,1,3,4,2,3,1986,2,1
1991,2,230081,6,5,4,2,1,1,3,4,2,3,1986,2,2
1991,1,230082,7,1,1,2,4,2,3,2,2,3,1991,2,2
1991,2,230082,7,2,2,2,4,2,3,2,1,3,1985,2,2
1991,1,230083,1,2,2,2,1,1,3,4,2,3,1985,2,2
1991,2,230083,1,2,2,2,1,1,3,4,2,3,1988,2,2
1991,1,230084,7,6,6,2,4,2,3,2,1,3,1986,2,2
1991,1,230085,7,2,2,2,4,1,3,1,1,3,1991,2,2
1991,2,230085,1,4,4,2,1,1,3,4,2,3,1986,2,2
1991,3,230085,3,2,2,2,1,1,3,4,2,3,1985,2,2
1991,1,230086,7,1,1,2,4,1,3,1,2,3,1971,2,2
1991,1,230087,1,2,2,2,1,1,3,4,2,3,1986,2,2
1991,2,230087,2,2,2,1,1,1,3,4,2,3,1989,2,2
1991,1,230088,1,2,2,1,1,1,3,4,2,3,1981,2,2
1991,1,230089,1,2,2,2,1,1,3,4,2,3,1984,2,2
1991,1,230090,1,4,4,2,2,2,3,4,2,3,1984,2,2
1991,1,230091,2,2,2,2,1,1,3,4,2,3,1986,2,2
1991,1,230092,1,3,3,2,1,1,3,4,1,3,1980,2,2
1991,1,230093,1,5,5,2,1,1,3,4,2,3,1990,2,2
1991,1,230094,6,1,1,1,1,1,3,4,1,3,1986,2,2
1991,1,230095,1,2,2,2,1,1,3,4,2,3,1983,1,2
1991,1,230096,1,1,1,1,1,1,3,4,1,3,1979,2,2
1991,1,230097,1,4,4,1,1,1,3,4,2,3,1988,2,2
1991,2,230097,6,2,2,1,1,1,3,4,2,3,1986,2,2
1991,1,230098,7,2,2,2,4,1,3,1,2,3,1979,2,2
1991,1,230099,1,2,2,2,1,1,3,4,2,3,1980,2,2
1991,2,230099,1,2,2,2,1,1,3,4,2,3,1987,2,2
1991,1,230100,1,2,2,2,1,1,3,4,1,3,1982,2,2
1991,1,230101,1,2,2,2,1,1,3,4,2,3,1984,2,1
1991,1,230102,1,1,1,1,1,1,3,4,2,3,1986,1,2
1991,1,230103,1,2,2,2,1,1,3,4,2,3,1982,2,2
1991,1,230104,9,1,1,1,1,1,3,4,2,3,1966,2,2
1991,1,230105,1,1,1,1,1,1,3,4,1,3,1991,2,2
1991,1,230106,1,2,2,2,1,1,3,4,2,3,1988,2,1
1991,1,230107,1,2,2,2,1,1,3,4,2,3,1983,2,1
1991,1,230108,9,2,2,2,2,1,3,4,1,3,1984,2,2
1991,1,230110,2,6,2,2,1,1,3,4,1,3,1987,2,2
1991,1,230111,7,2,2,2,4,1,3,1,2,3,1982,2,2
1991,1,230112,6,4,6,2,2,2,3,4,2,3,1976,1,2
1991,2,230112,1,5,6,2,1,1,3,4,2,3,1986,2,2
1991,1,230113,1,2,2,2,1,1,3,4,2,3,1985,2,2
1991,2,230113,1,2,2,2,1,1,3,4,2,3,1986,2,2
1991,1,230114,1,3,3,2,1,1,3,4,2,3,1984,1,2
1991,2,230114,6,2,2,2,1,1,3,4,2,3,1987,2,2
1991,1,230115,6,4,4,2,1,1,3,4,2,3,1987,2,2
1991,2,230115,4,2,6,2,1,1,3,4,1,3,1989,2,2
1991,1,230116,1,2,2,2,1,1,3,4,2,3,1991,2,2
1991,2,230116,1,2,2,2,1,1,3,4,1,3,1991,2,2
1991,1,230117,3,2,2,2,1,1,3,4,2,3,1989,2,2
1991,2,230117,1,2,2,2,1,1,3,4,2,3,1983,2,2
1991,1,230118,1,2,2,2,1,1,3,4,2,3,1986,2,2
1991,2,230118,2,2,2,2,1,1,3,4,2,3,1987,1,2
1991,1,230119,1,3,3,2,1,1,3,4,2,3,1979,2,2
1991,2,230119,1,2,2,2,1,1,3,4,1,3,1987,2,2
1991,1,230120,1,5,5,2,1,1,3,4,2,3,1989,2,2
1991,2,230120,2,2,2,2,1,1,3,4,2,3,1987,2,2
1991,1,230121,6,7,7,1,1,1,3,4,2,3,1988,1,2
1991,1,230122,1,2,2,2,1,1,3,4,2,3,1981,2,2
1991,2,230122,1,2,2,2,1,1,3,4,2,3,1986,2,2
1991,1,230123,6,6,6,2,1,1,3,4,2,3,1982,2,2
1991,2,230123,1,6,6,2,1,1,3,4,2,3,1987,2,2
1991,1,230125,1,1,1,1,1,1,3,4,1,3,1989,2,2
1991,1,230126,2,2,2,2,1,1,3,4,2,3,1986,2,2
1991,2,230126,9,5,5,2,2,1,3,4,2,3,1977,1,2
1991,1,230127,2,2,2,2,1,1,3,4,2,3,1988,2,2
1991,1,230128,2,1,1,1,1,1,3,4,2,3,1988,2,2
1991,1,230129,1,5,5,2,1,1,3,4,2,3,1989,2,1
1991,1,230130,1,2,2,2,1,1,3,4,2,3,1983,2,2
1991,1,230131,1,3,3,2,1,1,3,4,1,3,1987,2,2
1991,2,230131,1,2,2,2,1,1,3,4,2,3,1986,2,2
1991,1,230132,2,1,1,1,2,2,3,4,2,3,1988,2,2
1991,1,230133,1,2,2,2,1,1,3,4,1,3,1988,2,2
1991,1,230134,2,1,1,1,1,1,3,4,1,3,1988,2,2
1991,1,230135,1,3,3,2,2,2,3,4,1,3,1973,2,2
1991,1,230136,3,2,2,2,1,1,3,4,2,3,1986,2,1
1991,1,230137,2,6,5,1,2,2,3,4,2,3,1986,2,2
1991,1,230138,7,2,2,2,4,2,3,2,1,3,1990,2,2
1991,1,230139,1,2,2,1,1,1,3,4,2,3,1990,2,2
1991,1,230140,2,2,2,2,1,1,3,4,2,3,1986,2,2
1991,1,230141,1,2,2,1,1,1,3,4,2,3,1985,2,2
1991,1,230142,1,6,6,1,2,2,3,4,2,3,1988,1,2
1991,1,230143,2,5,5,2,1,1,3,4,2,3,1981,1,2
1991,1,230144,7,6,6,2,4,1,3,1,2,3,1984,2,2
1991,1,230145,7,1,1,2,4,1,3,1,1,3,1980,2,2
1991,1,230146,1,1,1,1,2,2,3,4,1,3,1989,2,2
1991,1,230147,3,1,1,1,1,1,3,4,1,3,1985,2,2
1991,1,230148,1,2,2,2,1,1,3,4,2,3,1988,2,2
1991,1,230149,7,6,6,2,4,2,3,2,1,3,1981,2,2
1991,1,230150,1,5,5,2,1,1,3,4,1,3,1988,2,2
1991,1,230151,1,2,2,1,1,1,3,4,1,3,1989,2,2
1991,1,230152,1,1,1,1,1,1,3,4,1,3,1990,2,2
1991,1,230154,3,2,2,2,1,1,3,4,2,3,1990,2,2
1991,2,230154,1,2,2,2,1,1,3,4,2,3,1986,2,2
1991,3,230154,1,2,2,2,1,1,3,4,2,3,1982,2,2
1991,1,230155,3,2,2,2,1,1,3,4,2,3,1987,2,2
1991,2,230155,1,2,2,2,1,1,3,4,2,3,1979,2,2
1991,1,230156,6,2,2,2,1,1,3,4,2,3,1989,2,2
1991,2,230156,4,5,5,2,1,1,3,4,2,3,1984,2,2
1991,1,230157,2,4,4,2,1,1,3,4,2,3,1991,2,2
1991,2,230157,7,2,2,2,4,2,3,2,1,3,1987,2,2
1991,1,230158,4,2,2,2,1,1,3,4,2,3,1985,1,2
1991,2,230158,6,2,2,1,1,1,3,4,2,3,1990,2,2
1991,1,230159,1,3,3,2,1,1,3,4,1,3,1990,2,2
1991,2,230159,2,2,2,2,1,1,3,4,2,3,1988,2,2
1991,1,230160,1,2,2,2,1,1,3,4,2,3,1981,2,2
1991,2,230160,1,2,2,2,1,1,3,4,2,3,1985,2,2
1991,1,230161,1,2,2,2,1,1,3,4,2,3,1990,1,1
1991,1,230162,1,2,2,2,2,2,3,4,2,3,1980,2,2
1991,1,230163,1,6,6,1,1,1,3,4,1,3,1980,2,2
1991,1,230164,1,2,2,2,1,1,3,4,2,3,1987,1,2
1991,2,230164,7,2,2,2,4,1,3,1,2,3,1991,2,2
1991,1,230165,1,2,2,1,1,1,3,4,2,3,1986,1,2
1991,2,230165,6,2,2,2,1,1,3,4,2,3,1990,2,2
1991,3,230165,1,2,2,2,1,1,3,4,2,3,1989,2,2
1991,1,230166,1,4,4,1,1,1,3,4,2,3,1988,2,2
1991,2,230166,1,2,2,2,1,1,3,4,2,3,1988,2,2
1991,1,230167,6,2,2,1,1,1,3,4,2,3,1988,2,2
1991,2,230167,4,5,5,1,1,1,3,4,2,3,1976,1,2
1991,1,230168,7,2,2,2,4,2,3,2,2,3,1984,1,2
1991,2,230168,6,2,2,2,1,1,3,4,2,3,1990,2,2
1991,1,230169,1,2,2,2,1,1,3,4,2,3,1988,2,2
1991,2,230169,1,5,5,2,1,1,3,4,2,3,1984,2,2
1991,1,230170,2,2,2,2,1,1,3,4,2,3,1987,2,2
1991,2,230170,7,6,6,2,4,2,3,2,2,3,1977,2,2
1991,1,230171,6,2,2,2,1,1,3,4,2,3,1981,2,2
1991,2,230171,1,3,3,2,1,1,3,4,2,3,1983,1,2
1991,1,230172,1,2,2,2,1,1,3,4,2,3,1982,2,2
1991,2,230172,1,2,2,2,1,1,3,4,1,3,1987,2,2
1991,1,230173,7,2,2,2,4,1,3,1,1,3,1977,2,2
1991,2,230173,9,5,5,2,1,1,3,4,2,3,1972,2,2
1991,1,230174,1,2,2,2,1,1,3,4,2,3,1982,2,1
1991,2,230174,2,2,2,2,1,1,3,4,2,3,1977,2,2
1991,1,230175,1,5,5,2,1,1,3,4,1,3,1982,1,2
1991,2,230175,9,2,2,2,1,1,3,4,2,3,1989,2,2
1991,1,230176,1,5,5,2,1,2,3,4,2,3,1979,2,1
1991,1,230177,7,2,2,2,4,1,3,1,2,3,1990,1,2
1991,1,230178,3,2,2,2,1,1,3,4,2,3,1980,2,2
1991,1,230179,1,6,6,2,1,1,3,4,2,3,1978,2,2
1991,1,230180,1,3,3,2,1,1,3,4,2,3,1986,2,2
1991,2,230180,2,2,2,2,1,1,3,4,2,3,1991,2,2
1991,1,230181,1,2,2,2,1,1,3,4,2,3,1988,2,2
1991,2,230181,6,2,2,2,1,1,3,4,2,3,1981,2,2
1991,1,230182,1,5,5,2,1,1,3,4,2,3,1988,2,2
1991,2,230182,2,2,2,2,1,1,3,4,2,3,1982,2,2
1991,1,230183,1,2,2,2,2,2,3,4,2,3,1981,2,2
1991,2,230183,7,2,2,2,4,1,3,1,2,3,1981,2,2
1991,1,230184,6,4,4,2,1,1,3,4,2,3,1974,2,2
1991,2,230184,6,2,4,2,1,1,3,4,2,3,1989,2,2
1991,3,230184,4,2,2,2,1,1,3,4,1,3,1983,2,2
1991,1,230185,1,2,2,2,1,1,3,4,2,3,1981,2,2
1991,2,230185,2,2,2,1,1,1,3,4,2,3,1984,2,2
1991,1,240002,1,6,2,1,1,1,3,4,2,3,1987,2,2
1991,1,240003,1,2,2,2,1,1,3,4,2,3,1984,2,2
1991,2,240003,1,2,2,2,1,1,3,4,2,3,1971,2,2
1991,1,240004,1,2,2,2,1,1,3,4,1,3,1987,2,2
1991,1,240005,1,2,2,2,1,1,3,4,2,3,1979,2,2
1991,2,240005,1,2,2,2,2,2,3,4,2,3,1988,2,2
1991,1,240006,1,6,2,2,1,1,3,4,1,3,1983,2,2
1991,1,240007,1,2,2,2,1,1,3,4,2,3,1980,2,2
1991,2,240007,1,2,2,2,1,1,3,4,2,3,1987,2,2
1991,1,240008,3,2,2,2,1,1,3,4,2,3,1986,2,2
1991,1,240009,1,2,2,2,1,1,3,4,1,3,1986,2,2
1991,2,240009,2,4,4,2,3,3,3,4,2,3,1979,2,2
1991,1,240010,3,2,2,2,1,1,3,4,2,3,1989,2,2
1991,2,240010,1,2,2,2,1,1,3,4,2,3,1984,2,2
1991,1,240011,1,2,2,2,1,1,3,4,2,3,1977,2,2
1991,2,240011,1,2,2,2,1,1,3,4,2,3,1988,2,2
1991,3,240011,6,2,2,2,1,1,3,4,2,3,1987,2,2
1991,1,240012,1,2,2,2,1,1,3,4,2,3,1986,2,2
1991,1,240013,1,1,1,1,1,1,3,4,1,3,1985,2,2
1991,1,240014,1,2,6,1,2,2,3,4,1,3,1989,2,2
1991,2,240014,1,5,5,2,1,1,3,4,2,3,1983,2,2
1991,1,240015,6,6,6,2,1,1,3,4,2,3,1985,2,2
1991,1,240016,4,4,4,2,1,1,3,4,2,3,1979,2,2
1991,2,240016,8,2,2,2,1,1,3,4,1,3,1982,2,2
1991,1,240017,6,3,3,2,1,1,3,4,2,3,1988,2,2
1991,2,240017,6,2,2,2,1,1,3,4,2,3,1989,2,2
1991,1,240018,1,6,6,1,1,1,3,4,2,3,1990,2,2
1991,1,240019,6,2,2,2,1,1,3,4,1,3,1989,2,1
1991,2,240019,1,4,2,2,1,1,3,4,2,3,1979,2,2
1991,1,240020,1,2,2,2,1,1,3,4,2,3,1985,2,2
1991,2,240020,1,3,5,2,1,1,3,4,2,3,1983,2,2
1991,3,240020,4,2,2,2,1,1,3,4,2,3,1984,2,2
1991,1,240021,1,5,5,2,1,1,3,4,1,3,1990,2,2
1991,1,240022,9,7,7,2,3,3,3,4,2,3,9999,2,2
1991,1,240023,1,3,3,2,1,1,3,4,2,3,1986,2,2
1991,2,240023,1,2,2,2,1,1,3,4,2,3,1986,2,2
1991,1,240024,1,2,2,2,1,1,3,4,1,3,1981,2,2
1991,1,240025,1,2,2,2,1,1,3,4,1,3,1978,2,2
1991,2,240025,4,2,2,2,1,1,3,4,2,3,1989,2,2
1991,3,240025,1,2,2,2,1,1,3,4,2,3,1986,2,2
1991,1,240026,1,2,2,2,1,1,3,4,2,3,1988,2,2
1991,1,240027,9,7,7,2,3,3,3,4,2,3,9999,2,2
1991,1,240028,1,2,2,2,1,1,3,4,2,3,1990,2,2
1991,1,240029,1,6,6,1,1,1,3,4,1,3,1987,2,2
1991,1,240030,4,2,2,2,1,1,3,4,1,3,1987,2,2
1991,2,240030,9,7,7,2,3,3,3,4,2,3,9999,2,2
1991,1,240031,1,2,2,2,2,2,3,4,1,3,1980,2,2
1991,2,240031,3,4,3,2,1,1,3,4,2,3,1984,2,2
1991,3,240031,3,2,2,2,1,1,3,4,2,3,1984,2,2
1991,1,240032,1,2,2,2,1,1,3,4,1,3,1973,2,2
1991,1,240033,3,2,2,2,2,2,3,4,1,3,1990,2,2
1991,2,240033,1,5,5,2,1,1,3,4,2,3,1987,2,2
1991,1,240034,3,2,2,1,1,1,3,4,2,3,1991,2,2
1991,1,240035,1,1,1,1,1,1,3,4,1,3,1986,2,2
1991,1,240036,9,7,7,2,3,3,3,4,2,3,9999,2,2
1991,1,240037,1,5,5,2,1,1,3,4,2,3,1984,2,2
1991,2,240037,1,2,2,2,1,1,3,4,2,3,1979,2,2
1991,1,240038,1,3,5,2,1,1,3,4,2,3,1987,2,2
1991,1,240039,1,2,2,2,1,1,3,4,2,3,1990,2,2
1991,1,240040,1,4,4,2,1,1,3,4,2,3,1983,2,2
1991,2,240040,3,2,2,2,1,1,3,4,2,3,1988,2,2
1991,1,240041,2,2,2,2,1,1,3,4,2,3,1984,2,2
1991,1,240042,1,2,2,2,1,1,3,4,2,3,1985,2,2
1991,2,240042,1,2,2,2,1,1,3,4,2,3,1990,2,2
1991,1,240043,1,2,2,2,1,1,3,4,2,3,1987,2,2
1991,1,240044,1,2,2,2,1,1,3,4,2,3,1979,2,2
1991,2,240044,1,5,2,2,1,1,3,4,2,3,1987,2,2
1991,1,240045,2,2,2,2,1,1,3,4,2,3,1987,2,2
1991,2,240045,3,2,2,2,1,1,3,4,2,3,1987,2,2
1991,3,240045,1,5,5,2,1,1,3,4,2,3,1989,2,2
1991,1,240046,1,2,2,2,1,1,3,4,2,3,1989,2,2
1991,2,240046,1,2,2,2,1,1,3,4,2,3,1987,2,2
1991,1,240047,1,2,2,2,1,1,3,4,2,3,1986,2,2
1991,2,240047,3,2,2,2,1,1,3,4,2,3,1985,2,2
1991,1,240048,1,2,2,2,1,1,3,4,2,3,1980,2,2
1991,1,240049,1,2,2,2,1,1,3,4,1,3,1977,2,2
1991,1,240050,3,2,2,2,1,1,3,4,2,3,1988,2,2
1991,1,240052,1,3,3,2,1,1,3,4,2,3,1986,2,2
1991,2,240052,2,2,2,2,1,1,3,4,2,3,1989,2,2
1991,1,240053,1,2,2,2,2,2,3,4,2,3,1990,2,2
1991,1,240054,1,2,2,2,1,1,3,4,2,3,1979,2,2
1991,2,240054,1,6,6,2,1,1,3,4,2,3,1991,2,2
1991,1,240055,1,2,2,2,1,1,3,4,1,3,1986,2,2
1991,1,240056,1,3,3,2,1,1,3,4,1,3,1981,2,2
1991,2,240056,1,2,2,2,1,1,3,4,2,3,1983,2,2
1991,1,240057,4,3,3,1,1,1,3,4,2,3,1988,2,2
1991,2,240057,1,2,2,2,1,1,3,4,2,3,1990,2,2
1991,1,240058,2,2,2,2,1,1,3,4,1,3,1990,2,2
1991,1,240059,1,2,2,2,1,1,3,4,2,3,1984,2,2
1991,1,240060,1,5,5,2,1,1,3,4,2,3,1987,2,2
1991,2,240060,1,2,2,2,1,1,3,4,2,3,1986,2,2
1991,1,240061,1,5,5,2,1,1,3,4,1,3,1986,2,2
1991,1,240062,3,2,2,2,1,1,3,4,2,3,1987,2,2
1991,2,240062,1,2,2,2,1,1,3,4,2,3,1983,2,2
1991,3,240062,4,2,2,2,1,1,3,4,2,3,1988,2,2
1991,1,240063,4,2,2,2,1,1,3,4,2,3,1973,2,2
1991,1,240064,1,3,3,2,1,1,3,4,2,3,1989,2,2
1991,2,240064,1,2,2,2,1,1,3,4,2,3,1990,2,2
1991,3,240064,1,2,2,2,1,1,3,4,2,3,1982,2,2
1991,4,240064,2,2,2,2,1,1,3,4,2,3,1988,2,2
1991,1,240065,1,2,2,2,2,2,3,4,1,3,1974,2,2
1991,1,240066,1,2,2,2,1,1,3,4,2,3,1988,2,2
1991,1,240067,1,6,2,2,1,1,3,4,1,3,1991,2,2
1991,1,240068,2,2,2,2,1,1,3,4,2,3,1978,2,2
1991,1,240069,1,2,2,2,1,1,3,4,2,3,1990,2,2
1991,1,240070,1,5,5,2,1,1,3,4,2,3,1989,2,2
1991,2,240070,3,2,2,2,1,1,3,4,2,3,1984,2,2
1991,1,240071,1,2,2,2,1,1,3,4,2,3,1984,2,2
1991,1,240072,1,3,3,2,1,1,3,4,2,3,1986,2,2
1991,2,240072,1,2,2,2,1,1,3,4,2,3,1988,2,2
1991,1,240073,1,6,6,2,1,1,3,4,2,3,1986,2,2
1991,1,240074,3,3,3,2,1,1,3,4,2,3,1990,2,2
1991,2,240074,6,2,2,2,1,1,3,4,2,3,1989,2,2
1991,1,240075,2,2,2,2,1,1,3,4,2,3,1990,2,2
1991,2,240075,9,4,4,2,1,1,3,4,2,3,1977,2,2
1991,1,240076,1,4,4,2,1,1,3,4,2,3,1974,2,2
1991,2,240076,7,2,2,2,4,1,3,1,2,3,1978,2,2
1991,1,240077,2,6,6,2,1,1,3,4,2,3,1988,2,2
1991,1,240078,1,2,2,2,1,1,3,4,2,3,1989,2,2
1991,1,240079,2,2,3,1,1,1,3,4,1,3,1981,2,2
1991,2,240079,1,4,4,2,1,1,3,4,2,3,1988,2,2
1991,1,240080,1,2,2,2,1,1,3,4,2,3,1987,2,2
1991,1,240081,1,2,2,2,1,1,3,4,1,3,1979,2,2
1991,1,240082,1,6,2,2,1,1,3,4,2,3,1982,2,2
1991,1,240083,1,2,2,2,1,1,3,4,1,3,1987,2,2
1991,1,240084,2,2,2,2,1,1,3,4,1,3,1989,2,2
1991,2,240084,3,2,2,2,1,1,3,4,2,3,1990,2,2
1991,1,240085,1,5,5,2,1,1,3,4,2,3,1982,2,2
1991,2,240085,6,2,2,2,1,1,3,4,2,3,1988,2,2
1991,1,240086,1,2,2,2,1,1,3,4,2,3,1990,2,2
1991,2,240086,4,2,2,2,1,1,3,4,2,3,1980,2,2
1991,1,240087,2,2,2,2,1,1,3,4,2,3,1970,2,2
1991,2,240087,2,2,2,2,1,1,3,4,2,3,1988,2,2
1991,1,240088,6,2,2,2,1,1,3,4,2,3,1979,2,2
1991,2,240088,1,3,3,2,1,1,3,4,2,3,1989,2,2
1991,1,240089,1,5,5,2,1,1,3,4,2,3,1980,2,2
1991,2,240089,4,2,2,2,1,1,3,4,2,3,1989,2,2
1991,1,240090,3,1,1,1,1,1,3,4,1,3,1989,2,2
1991,1,240091,2,2,2,2,1,1,3,4,2,3,1989,2,2
1991,2,240091,1,2,2,2,1,1,3,4,2,3,1983,2,2
1991,1,240092,1,2,2,2,1,1,3,4,2,3,1985,2,2
1991,2,240092,6,3,3,2,1,1,3,4,2,3,1991,2,2
1991,1,240093,2,2,2,2,1,1,3,4,2,3,1989,2,2
1991,1,240094,1,3,3,2,1,1,3,4,2,3,1980,2,2
1991,2,240094,1,2,2,2,1,1,3,4,2,3,1991,2,2
1991,1,240095,1,2,2,2,1,1,3,4,2,3,1975,2,2
1991,1,240096,1,2,2,2,2,2,3,4,1,3,1985,2,2
1991,1,240097,1,2,2,2,3,3,3,4,1,3,1985,2,2
1991,2,240097,1,4,4,2,1,1,3,4,2,3,1986,2,2
1991,1,240098,1,3,3,2,1,1,3,4,2,3,1981,2,2
1991,2,240098,1,2,2,2,1,1,3,4,2,3,1985,2,2
1991,1,240099,6,4,4,2,1,1,3,4,2,3,1987,2,2
1991,2,240099,1,2,2,2,1,1,3,4,1,3,1982,2,2
1991,1,240100,1,3,2,2,1,1,3,4,2,3,1982,2,2
1991,2,240100,1,2,2,2,2,2,3,4,1,3,1989,2,2
1991,3,240100,1,2,2,2,1,1,3,4,2,3,1983,2,2
1991,4,240100,1,2,2,2,1,1,3,4,2,3,1988,2,2
1991,1,240101,1,2,2,2,1,1,3,4,1,3,1987,2,2
1991,1,240102,2,2,2,2,1,1,3,4,2,3,1986,2,2
1991,1,240103,1,2,2,2,1,1,3,4,1,3,1979,2,2
1991,1,240104,1,2,2,2,1,1,3,4,2,3,1981,2,2
1991,2,240104,1,5,5,2,1,1,3,4,2,3,1985,2,2
1991,1,240105,1,2,2,2,1,1,3,4,2,3,1985,2,2
1991,1,240106,9,7,7,2,3,3,3,4,2,3,9999,2,2
1991,1,240107,1,5,5,2,1,1,3,4,2,3,1987,2,2
1991,2,240107,1,2,2,2,1,1,3,4,2,3,1985,2,2
1991,1,240108,2,6,4,1,1,1,3,4,1,3,1979,2,2
1991,2,240108,1,3,3,2,1,1,3,4,2,3,1990,2,2
1991,1,240109,1,2,2,2,1,1,3,4,2,3,1986,2,2
1991,1,240110,1,6,2,2,1,1,3,4,2,3,1989,2,2
1991,1,240111,1,2,2,2,1,1,3,4,1,3,1990,2,2
1991,1,240112,1,2,6,1,1,1,3,4,2,3,1989,2,2
1991,2,240112,1,4,6,1,1,1,3,4,2,3,1990,2,2
1991,1,240113,1,2,2,2,1,1,3,4,1,3,1985,2,2
1991,1,240114,1,5,5,2,1,1,3,4,2,3,1983,2,2
1991,2,240114,1,2,2,2,1,1,3,4,2,3,1991,2,2
1991,1,240115,1,2,2,2,1,1,3,4,1,3,1985,2,2
1991,1,240116,1,3,3,2,1,1,3,4,1,3,1984,2,2
1991,1,240117,7,2,2,2,4,1,3,1,2,3,1983,2,2
1991,2,240117,2,2,2,2,1,1,3,4,2,3,1990,2,2
1991,1,240118,1,2,2,2,1,1,3,4,2,3,1988,2,2
1991,2,240118,3,2,2,2,1,1,3,4,2,3,1988,2,2
1991,1,240119,4,2,2,2,1,1,3,4,2,3,1973,2,2
1991,2,240119,2,2,2,2,1,1,3,4,2,3,1987,2,2
1991,1,240120,1,2,2,2,1,1,3,4,1,3,1983,2,2
1991,2,240120,1,4,5,2,1,1,3,4,2,3,1988,2,2
1991,1,240121,1,2,2,2,1,1,3,4,2,3,1990,2,2
1991,2,240121,1,2,4,2,1,1,3,4,2,3,1986,2,2
1991,3,240121,8,2,2,2,1,1,3,4,2,3,1981,2,2
1991,1,240122,1,5,5,2,1,1,3,4,2,3,1982,2,2
1991,2,240122,2,2,2,2,1,1,3,4,2,3,1989,2,2
1991,1,240123,1,6,6,1,1,1,3,4,2,3,1979,2,2
1991,1,240124,2,2,2,2,1,1,3,4,2,3,1990,2,1
1991,2,240124,1,2,2,2,1,1,3,4,2,3,1989,2,2
1991,1,240125,1,2,2,2,1,1,3,4,2,3,1986,2,2
1991,1,240126,1,6,2,2,1,1,3,4,2,3,1980,2,2
1991,1,240128,9,7,7,2,3,3,3,4,2,3,9999,2,2
1991,1,240129,1,3,3,2,1,1,3,4,2,3,1974,2,2
1991,2,240129,1,2,2,2,1,1,3,4,2,3,1988,2,2
1991,1,240130,2,2,2,2,1,1,3,4,2,3,1989,2,2
1991,1,240131,1,5,5,2,1,1,3,4,2,3,1990,2,2
1991,2,240131,1,2,2,2,1,1,3,4,2,3,1978,2,2
1991,1,240132,1,2,2,2,1,1,3,4,2,3,1987,2,2
1991,2,240132,1,2,2,2,1,1,3,4,2,3,1980,2,2
1991,1,240133,1,2,2,2,1,1,3,4,1,3,1986,2,2
1991,1,240134,1,5,5,2,1,1,3,4,2,3,1987,2,2
1991,2,240134,2,2,2,2,1,1,3,4,2,3,1986,2,2
1991,1,240135,1,3,5,2,1,1,3,4,2,3,1990,2,2
1991,2,240135,2,2,2,2,1,1,3,4,2,3,1988,2,2
1991,3,240135,1,2,2,2,1,1,3,4,2,3,1985,2,2
1991,1,240136,1,2,2,2,1,1,3,4,2,3,1990,2,2
1991,2,240136,1,5,5,2,1,1,3,4,2,3,1980,2,2
1991,1,240137,1,3,3,2,1,1,3,4,2,3,1991,2,2
1991,2,240137,1,2,2,2,1,1,3,4,2,3,1979,2,2
1991,1,240138,1,5,5,2,1,1,3,4,2,3,1988,2,2
1991,2,240138,1,2,5,2,1,1,3,4,2,3,1991,2,2
1991,1,240139,1,2,2,2,1,1,3,4,2,3,1987,2,2
1991,2,240139,1,2,2,2,1,1,3,4,2,3,1976,2,2
1991,1,240140,6,5,6,2,1,1,3,4,1,3,1979,2,2
1991,2,240140,6,3,3,2,1,1,3,4,2,3,1986,2,2
1991,1,240141,1,2,2,2,1,1,3,4,2,3,1990,2,2
1991,1,240142,1,3,5,2,1,1,3,4,2,3,1978,2,2
1991,2,240142,3,2,2,2,1,1,3,4,2,3,1988,2,2
1991,3,240142,3,2,2,2,1,1,3,4,2,3,1988,2,2
1991,1,240143,2,1,1,1,1,1,3,4,2,3,1989,2,2
1991,1,240144,6,5,5,2,1,1,3,4,2,3,1974,2,2
1991,1,240145,1,2,2,2,1,1,3,4,2,3,1984,2,2
1991,1,240147,1,2,2,2,1,1,3,4,1,3,1980,2,2
1991,1,240148,1,1,1,1,1,1,3,4,2,3,1990,2,2
1991,1,240149,7,5,5,2,4,1,3,1,2,3,1987,2,2
1991,2,240149,3,2,2,2,1,1,3,4,2,3,1990,2,2
1991,3,240149,1,2,2,2,1,1,3,4,2,3,1979,2,2
1991,1,240152,1,1,1,2,1,1,3,4,2,3,1983,2,2
1991,1,240153,2,2,2,2,1,1,3,4,2,3,1991,2,2
1991,1,240154,1,2,6,1,1,1,3,4,1,3,1987,2,2
1991,1,240155,1,2,2,2,1,1,3,4,2,3,1979,2,2
1991,1,240156,2,2,2,2,1,1,3,4,2,3,1986,2,2
1991,2,240156,7,5,5,2,4,1,3,1,2,3,1986,2,2
1991,1,240157,1,3,5,2,1,1,3,4,2,3,1982,2,2
1991,2,240157,6,2,2,2,1,1,3,4,2,3,1986,2,2
1991,1,240158,1,3,3,1,1,1,3,4,2,3,1986,2,2
1991,1,240159,4,3,3,2,1,1,3,4,2,3,1991,2,2
1991,2,240159,1,2,2,2,1,1,3,4,2,3,1986,2,2
1991,1,240160,1,3,2,2,1,1,3,4,2,3,1988,2,2
1991,2,240160,1,2,2,2,1,1,3,4,2,3,1987,2,2
1991,3,240160,1,2,2,2,1,1,3,4,2,3,1983,2,2
1991,1,240161,2,2,2,1,1,1,3,4,2,3,1990,2,2
1991,1,240162,6,2,2,2,1,1,3,4,2,3,1978,2,2
1991,1,240163,1,2,2,2,2,2,3,4,2,3,1978,2,2
1991,2,240163,1,5,5,2,1,1,3,4,2,3,1982,2,2
1991,3,240163,1,2,2,2,1,1,3,4,2,3,1983,2,2
1991,4,240163,1,2,2,1,1,1,3,4,2,3,1990,2,2
1991,1,240164,1,1,1,1,1,1,3,4,2,3,1982,2,2
1991,1,240165,3,1,1,1,1,1,3,4,1,3,1985,2,2
1991,1,240166,6,6,6,2,1,1,3,4,2,3,1974,2,2
1991,1,240167,1,2,2,2,1,1,3,4,1,3,1985,2,2
1991,1,240169,7,1,1,2,4,1,3,1,2,3,1980,2,2
1991,1,240170,7,6,6,2,4,1,3,1,1,3,1982,2,2
1991,1,240171,2,2,3,1,1,1,3,4,1,3,1990,2,2
1991,1,240172,1,1,1,1,1,1,3,4,2,3,1982,2,1
1991,1,240173,1,6,6,1,1,1,3,4,1,3,1989,2,2
1991,1,240174,2,2,2,2,1,1,3,4,2,3,1989,2,2
1991,1,240175,1,2,2,2,1,1,3,4,2,3,1988,2,2
1991,1,240176,7,6,6,2,4,2,3,2,1,3,1986,2,2
1991,2,240176,1,4,4,2,1,1,3,4,2,3,1979,2,2
1991,1,240177,1,2,2,2,1,1,3,4,2,3,1989,2,2
1991,2,240177,1,2,2,2,1,1,3,4,2,3,1990,2,2
1991,1,240178,1,3,3,2,1,1,3,4,2,3,1975,2,2
1991,2,240178,2,5,5,2,1,1,3,4,2,3,1990,2,2
1991,1,240179,1,2,2,2,1,1,3,4,2,3,1989,1,2
1991,1,240180,1,2,2,2,1,1,3,4,2,3,1982,2,2
1991,1,240181,1,3,5,2,1,1,3,4,2,3,1991,2,2
1991,2,240181,6,2,2,2,1,1,3,4,2,3,1974,2,2
1991,1,240182,1,6,2,2,1,1,3,4,1,3,1987,2,2
1991,1,240183,7,6,6,2,4,1,3,1,1,3,1985,2,2
1991,1,240184,9,2,2,1,1,1,3,4,2,3,1979,2,2
1991,1,240185,2,2,2,2,1,1,3,4,2,3,1963,2,2
1991,1,240186,8,2,2,2,1,1,3,4,2,3,1980,2,2
1991,1,240187,1,2,2,2,1,1,3,4,1,3,1984,2,2
1991,1,240188,1,2,2,2,1,1,3,4,1,3,1991,2,2
1991,1,240189,1,2,2,2,1,1,3,4,2,3,1986,2,2
1991,1,240190,1,5,5,2,1,1,3,4,1,3,1981,2,2
1991,1,240191,1,6,2,2,1,1,3,4,1,3,1991,2,2
1991,1,240192,7,4,4,2,4,1,3,1,2,3,1989,2,2
1991,2,240192,7,2,2,2,4,1,3,1,1,3,1990,2,2
1991,1,240193,1,2,2,2,1,1,3,4,2,3,1983,2,2
1991,2,240193,2,5,5,2,1,1,3,4,2,3,1986,2,2
1991,1,240194,4,2,2,2,1,1,3,4,2,3,1991,2,2
1991,2,240194,1,2,5,2,1,1,3,4,2,3,1988,2,2
1991,1,240195,1,3,3,2,1,1,3,4,2,3,1985,2,2
1991,2,240195,1,2,2,2,1,1,3,4,2,3,1986,2,2
1991,1,240196,1,2,2,2,1,1,3,4,1,3,1983,2,2
1991,1,240197,9,3,3,2,2,2,3,4,1,3,1990,2,2
1991,1,240198,1,2,2,2,1,1,3,4,2,3,1986,2,2
1991,2,240198,1,2,2,2,2,2,3,4,1,3,1985,2,2
1991,1,240199,3,6,5,2,1,1,3,4,1,3,1986,2,2
1991,1,240200,1,2,2,2,1,1,3,4,2,3,1990,2,2
1991,1,240201,7,2,2,2,4,1,3,1,1,3,1982,2,2
1991,1,240202,6,2,2,2,1,1,3,4,2,3,1990,2,2
1991,1,240203,1,3,2,2,1,1,3,4,2,3,1980,2,2
1991,2,240203,4,2,2,2,1,1,3,4,2,3,1990,2,2
1991,1,240204,1,2,2,2,1,1,3,4,2,3,1987,2,2
1991,2,240204,2,2,2,2,1,1,3,4,2,3,1985,2,2
1991,1,240205,1,2,2,2,1,1,3,4,1,3,1988,2,2
1991,1,240206,1,2,2,2,1,1,3,4,1,3,1978,2,2
1991,1,240207,1,3,3,2,1,1,3,4,1,3,1985,2,2
1991,2,240207,1,2,2,2,1,1,3,4,2,3,1990,2,2
1991,1,240208,4,1,1,1,1,1,3,4,1,3,1989,2,2
1991,1,240210,1,2,2,2,1,1,3,4,2,3,1987,2,2
1991,1,240211,1,5,5,2,1,1,3,4,2,3,1981,2,2
1991,2,240211,6,2,2,2,1,1,3,4,2,3,1973,2,2
1991,1,240212,7,6,6,2,4,1,3,1,1,3,1988,2,2
1991,2,240212,9,4,4,2,3,3,3,4,2,3,9999,2,2
1991,1,240213,1,3,3,2,2,1,3,4,2,3,1988,2,2
1991,2,240213,3,2,2,2,1,1,3,4,2,3,1987,2,2
1991,1,240214,1,2,2,2,1,1,3,4,2,3,1981,1,2
1991,1,240215,1,3,3,2,1,1,3,4,2,3,1988,2,2
1991,2,240215,7,2,2,2,4,1,3,1,2,3,1989,2,2
1991,1,240216,2,2,6,1,1,1,3,4,2,3,1986,2,1
1991,1,240217,6,3,3,2,1,1,3,4,2,3,1977,2,2
1991,1,240218,2,5,2,2,1,1,3,4,2,3,1987,2,2
1991,1,240219,6,6,6,2,1,1,3,4,1,3,1986,2,2
1991,2,240219,1,2,6,2,1,1,3,4,2,3,1984,2,2
1991,1,240220,6,2,2,2,1,1,3,4,2,3,1986,2,2
1991,2,240220,1,3,3,2,1,1,3,4,2,3,1983,2,2
1991,1,240222,8,2,2,2,1,1,3,4,2,1,1980,2,2
1991,1,240223,1,6,2,2,1,1,3,4,2,3,1979,2,2
1991,2,240223,1,2,2,2,1,1,3,4,2,3,1991,2,2
1991,1,240224,1,6,6,2,1,1,3,4,2,3,1978,2,2
1991,1,240225,1,3,6,2,1,1,3,4,1,3,1982,2,2
1991,2,240225,4,2,2,2,1,1,3,4,2,3,1990,2,2
1991,1,240226,2,2,2,2,1,1,3,4,2,3,1987,2,2
1991,1,240227,3,5,5,2,1,1,3,4,2,3,1986,2,2
1991,1,240228,1,3,3,2,1,1,3,4,1,3,1984,2,2
1991,2,240228,4,2,2,2,1,1,3,4,2,3,1988,2,2
1991,1,240229,1,2,2,2,1,1,3,4,2,3,1983,2,2
1991,1,240230,1,3,3,2,1,1,3,4,1,3,1983,2,2
1991,2,240230,1,2,2,2,1,1,3,4,2,3,1989,2,2
1991,3,240230,1,2,2,2,1,1,3,4,2,3,1989,2,2
1991,4,240230,8,2,2,2,1,1,3,4,2,1,1987,2,2
1991,1,240231,1,1,1,1,1,1,3,4,1,3,1983,2,2
1991,1,240232,1,3,3,2,1,1,3,4,1,3,1988,2,2
1991,1,240233,1,2,2,2,1,1,3,4,2,3,1981,2,2
1991,2,240233,1,2,2,2,1,1,3,4,2,3,1989,2,2
1991,1,240234,1,2,6,1,1,1,3,4,1,3,1991,2,2
1991,1,240235,1,3,3,2,1,1,3,4,2,3,1980,2,2
1991,2,240235,6,2,2,2,1,1,3,4,2,3,1989,2,2
1991,1,240236,1,5,5,1,1,1,3,4,2,3,1988,2,2
1991,2,240236,1,2,2,2,1,1,3,4,2,3,1988,2,2
1991,1,240237,1,2,2,2,1,1,3,4,2,3,1984,2,2
1991,2,240237,1,2,2,2,1,1,3,4,2,3,1973,2,2
1991,1,240238,1,2,2,2,1,1,3,4,2,3,1969,2,2
1991,1,240239,1,2,2,2,1,1,3,4,1,3,1991,2,2
1991,1,240240,6,4,4,2,3,3,3,4,2,3,1985,2,2
1991,2,240240,4,2,2,2,1,1,3,4,2,3,1989,2,2
1991,1,240241,2,2,3,1,1,1,3,4,1,3,1988,2,2
1991,1,240242,1,2,2,2,1,1,3,4,1,3,1990,2,2
1991,1,240243,1,2,2,2,1,1,3,4,1,3,1973,2,2
1991,1,240244,1,2,2,2,1,1,3,4,2,3,1983,2,2
1991,2,240244,6,4,4,2,1,1,3,4,2,3,1978,2,2
1991,1,240245,1,2,2,2,1,1,3,4,1,3,1988,2,2
1991,1,240246,1,5,5,2,1,1,3,4,1,3,1982,2,2
1991,1,240247,3,2,2,2,1,1,3,4,2,3,1987,2,2
1991,1,240248,6,4,4,2,3,3,3,4,2,3,1991,2,2
1991,2,240248,4,2,2,2,1,1,3,4,1,3,1973,2,2
1991,1,240249,1,2,2,2,1,1,3,4,2,3,1986,2,2
1991,1,240250,1,2,2,2,1,1,3,4,2,3,1989,2,2
1991,2,240250,1,3,6,1,1,1,3,4,2,3,1990,2,2
1991,1,240251,1,2,2,2,1,1,3,4,2,3,1990,2,2
1991,2,240251,1,3,3,2,1,1,3,4,2,3,1984,2,2
1991,1,240252,1,2,2,2,1,1,3,4,2,3,1988,2,2
1991,2,240252,7,6,6,2,4,1,3,1,2,3,1972,2,2
1991,1,240253,1,2,2,2,1,1,3,4,2,3,1984,2,2
1991,1,240254,2,5,5,2,1,1,3,4,2,3,1991,2,2
1991,2,240254,2,2,2,2,1,1,3,4,2,3,1983,2,2
1991,1,240255,1,6,6,1,1,1,3,4,2,3,1984,2,2
1991,1,240256,2,2,2,2,1,1,3,4,2,3,1990,2,1
1991,1,240257,1,2,2,2,1,1,3,4,2,3,1988,2,2
1991,1,240258,1,6,6,2,1,1,3,4,1,3,1987,2,2
1991,1,240259,2,2,2,2,1,1,3,4,2,3,1979,2,2
1991,1,240261,1,2,2,2,1,1,3,4,2,3,1985,2,2
1991,1,240262,1,2,2,2,1,1,3,4,2,3,1990,2,2
1991,1,240263,9,7,7,2,3,3,3,4,2,3,9999,2,2
1991,1,240264,1,6,2,2,1,1,3,4,2,3,1969,2,2
1991,1,240265,1,2,2,2,1,1,3,4,2,3,1975,2,2
1991,1,240266,1,2,2,2,1,1,3,4,1,3,1982,2,2
1991,1,240267,1,4,4,2,1,1,3,4,2,3,1989,2,2
1991,2,240267,6,2,2,2,1,1,3,4,1,3,1984,2,2
1991,3,240267,6,2,2,2,1,1,3,4,2,3,1983,2,2
1991,1,240268,1,2,2,2,1,1,3,4,2,3,1972,2,2
1991,1,240269,1,2,2,2,1,1,3,4,2,3,1989,2,2
1991,1,240270,1,2,2,1,1,1,3,4,1,3,1986,2,2
1991,1,240271,1,2,2,2,1,1,3,4,1,3,1983,2,2
1991,1,240272,1,2,2,2,1,1,3,4,2,3,1989,2,2
1991,2,240272,2,2,2,2,1,1,3,4,2,3,1988,2,2
1991,1,240273,7,6,6,2,4,1,3,1,1,3,1988,2,2
1991,1,240274,1,3,3,2,1,1,3,4,2,3,1991,2,2
1991,2,240274,1,2,2,2,1,1,3,4,2,3,1978,2,2
1991,1,240275,1,5,5,2,1,1,3,4,2,3,1985,2,2
1991,2,240275,6,2,2,2,1,1,3,4,2,3,1989,2,2
1991,1,240276,4,5,5,2,1,1,3,4,2,3,1987,2,2
1991,2,240276,7,2,2,2,4,1,3,1,2,3,1985,2,2
1991,1,240277,1,2,2,2,2,2,3,4,2,3,1991,2,2
1991,2,240277,3,2,2,2,1,1,3,4,2,3,1991,2,2
1991,1,240278,4,2,2,2,1,1,3,4,2,3,1990,2,2
1991,2,240278,6,2,2,2,1,1,3,4,2,3,1990,2,2
1991,1,240279,2,2,2,2,1,1,3,4,1,3,1983,2,2
1991,1,240280,7,2,2,2,4,1,3,1,2,3,1987,2,2
1991,2,240280,3,2,2,2,1,1,3,4,2,3,1986,2,2
1991,1,240281,3,2,6,1,1,1,3,4,2,3,1991,2,2
1991,2,240281,1,2,2,2,1,1,3,4,2,3,1988,2,2
1991,1,240283,1,2,2,2,1,1,3,4,2,3,1991,2,2
1991,2,240283,1,2,2,2,1,1,3,4,2,3,1990,2,2
1991,3,240283,1,2,2,2,1,1,3,4,2,3,1989,2,2
1991,1,240284,4,3,3,2,1,1,3,4,2,3,1987,2,2
1991,2,240284,7,6,6,2,4,1,3,1,2,3,1980,2,2
1991,3,240284,1,2,2,2,1,1,3,4,2,3,1979,2,2
1991,1,240285,1,5,5,2,1,1,3,4,1,3,1987,2,2
1991,1,240286,2,2,2,2,1,1,3,4,2,3,1987,2,2
1991,2,240286,1,2,2,2,1,1,3,4,2,3,1983,2,2
1991,1,240287,4,2,2,2,1,1,3,4,2,3,1990,2,2
1991,1,240288,1,3,2,2,1,1,3,4,2,3,1989,2,2
1991,2,240288,2,2,2,2,1,1,3,4,2,3,1988,2,2
1991,1,240289,2,2,2,2,1,1,3,4,2,3,1984,2,2
1991,1,240290,1,2,2,2,1,1,3,4,1,3,1985,2,2
1991,1,240292,4,2,2,2,1,1,3,4,2,3,1990,2,2
1991,2,240292,1,3,3,2,1,1,3,4,2,3,1977,2,2
1991,1,240294,1,5,2,2,1,1,3,4,2,3,1991,2,2
1991,2,240294,1,5,5,2,1,1,3,4,2,3,1990,2,2
1991,3,240294,3,2,2,2,1,1,3,4,2,3,1991,2,2
1991,1,240295,1,2,3,1,1,1,3,4,1,3,1987,2,2
1991,2,240295,1,4,4,2,1,1,3,4,2,3,1982,2,2
1991,1,240296,1,2,6,1,1,1,3,4,2,3,1980,2,2
1991,1,240297,1,5,5,2,1,1,3,4,2,3,1989,2,2
1991,2,240297,6,2,2,2,1,1,3,4,2,3,1985,2,2
1991,1,240298,9,7,7,2,3,3,3,4,2,3,9999,2,2
1991,1,240299,1,4,4,2,1,1,3,4,2,3,1974,2,2
1991,2,240299,1,5,2,2,1,1,3,4,2,3,1986,2,2
1991,1,240300,7,6,6,2,4,1,3,1,1,3,1972,2,2
1991,1,240301,1,2,6,1,1,1,3,4,1,3,1985,2,2
1991,1,240302,3,2,2,2,1,1,3,4,1,3,1988,2,2
1991,1,240303,1,2,2,2,1,1,3,4,2,3,1988,2,2
1991,1,240304,2,2,2,2,2,2,3,4,2,3,1990,2,2
1991,1,240305,9,2,2,2,3,3,3,4,2,3,9999,2,2
1991,2,240305,9,4,4,2,2,1,3,4,2,3,1989,2,2
1991,1,240306,1,2,2,2,1,1,3,4,1,3,1990,2,2
1991,1,240308,1,4,4,2,1,1,3,4,2,3,1984,2,2
1991,2,240308,1,4,2,2,1,1,3,4,2,3,1983,2,2
1991,3,240308,2,2,2,2,1,1,3,4,1,3,1987,2,2
1991,1,240309,1,5,5,2,1,1,3,4,2,3,1985,2,2
1991,2,240309,6,2,2,2,1,1,3,4,2,3,1981,2,2
1991,1,240310,1,3,3,2,1,1,3,4,2,3,1989,2,2
1991,1,240311,1,5,5,2,1,1,3,4,1,3,1990,2,2
1991,1,240312,1,2,2,2,1,1,3,4,1,3,1984,2,2
1991,2,240312,3,3,3,2,1,1,3,4,2,3,1991,2,2
1991,1,240313,1,2,2,2,1,1,3,4,2,3,1989,2,2
1991,2,240313,1,2,2,2,1,1,3,4,2,3,1991,2,2
1991,1,240314,3,2,2,2,1,1,3,4,2,3,1976,2,2
1991,1,240315,6,1,1,1,1,1,3,4,1,3,1984,2,2
1991,1,240316,1,1,1,1,1,1,3,4,2,3,1981,2,2
1991,1,240317,1,2,2,2,1,1,3,4,1,3,1973,2,2
1991,2,240317,8,4,4,2,1,1,3,4,2,3,1990,2,2
1991,1,240318,1,2,3,1,1,1,3,4,2,3,1982,2,2
1991,1,240319,1,6,6,1,1,1,3,4,1,3,1990,2,2
1991,1,240320,1,3,3,2,1,1,3,4,1,3,1983,2,2
1991,1,240321,3,2,2,2,1,1,3,4,2,3,1986,2,2
1991,2,240321,7,5,5,2,4,1,3,1,2,3,1990,2,2
1991,1,240322,1,6,2,1,1,1,3,4,1,3,1985,2,2
1991,1,240323,1,2,2,2,1,1,3,4,1,3,1979,2,2
1991,1,240324,1,6,3,1,1,1,3,4,1,3,1987,2,2
1991,1,240325,1,2,2,2,1,1,3,4,2,3,1985,2,2
1991,1,240326,6,4,4,2,1,1,3,4,2,3,1989,2,2
1991,1,240327,1,2,2,2,1,1,3,4,1,3,1988,2,2
1991,1,240328,1,2,2,2,1,1,3,4,1,3,1987,2,2
1991,1,240329,1,2,2,2,1,1,3,4,2,3,1983,2,2
1991,1,240330,1,5,5,2,1,1,3,4,2,3,1975,2,2
1991,2,240330,7,6,6,2,4,1,3,1,2,3,1991,2,2
1991,1,240331,3,2,2,2,1,1,3,4,2,3,1979,2,2
1991,1,240332,1,2,2,2,1,1,3,4,1,3,1986,2,2
1991,1,240333,1,2,2,2,1,1,3,4,1,3,1986,2,2
1991,1,240334,4,2,2,2,1,1,3,4,1,3,1987,2,2
1991,1,240335,1,2,2,2,1,1,3,4,1,3,1986,2,2
1991,1,240336,3,2,6,1,1,1,3,4,1,3,1989,2,2
1991,2,240336,1,4,4,2,1,1,3,4,2,3,1989,2,2
1991,1,240337,7,6,6,2,4,1,3,1,1,3,1991,2,2
1991,1,240338,9,7,7,2,3,3,3,4,2,3,9999,2,2
1991,1,240339,1,2,2,2,1,1,3,4,1,3,1988,2,2
1991,1,240340,7,6,6,2,4,2,3,2,1,3,1983,2,2
1991,1,240341,1,2,2,1,1,1,3,4,2,3,1977,2,2
1991,1,240342,5,2,2,2,1,1,3,4,2,3,1985,2,2
1991,1,240343,1,2,2,2,1,1,3,4,2,3,1986,2,2
1991,2,240343,1,2,2,2,1,1,3,4,2,3,1983,2,2
1991,1,240344,1,3,3,2,2,2,3,4,2,3,1989,2,2
1991,2,240344,1,5,2,2,1,1,3,4,1,3,1981,2,2
1991,1,240345,7,3,3,2,4,1,3,1,1,3,1986,2,2
1991,1,240346,1,2,2,2,1,1,3,4,2,3,1982,2,2
1991,1,240347,1,6,6,1,1,1,3,4,2,3,1988,2,2
1991,1,240348,4,6,6,2,1,1,3,4,2,3,1986,2,2
1991,1,240349,2,2,6,1,1,1,3,4,2,3,1988,2,2
1991,1,240350,1,2,2,2,1,1,3,4,1,3,1988,2,2
1991,2,240350,7,4,4,2,4,2,3,2,2,3,9999,2,2
1991,1,240351,1,6,6,1,2,2,3,4,1,3,1987,2,2
1991,1,240352,1,5,5,2,1,1,3,4,2,3,1983,2,2
1991,2,240352,6,2,2,2,1,1,3,4,2,3,1975,2,2
1991,1,240353,3,2,2,2,1,1,3,4,1,3,1983,2,2
1991,1,240354,1,3,3,2,2,2,3,4,2,3,1979,2,2
1991,2,240354,1,2,2,2,2,2,3,4,2,3,1988,2,2
1991,1,240355,1,2,2,2,1,1,3,4,2,3,1978,2,2
1991,2,240355,1,2,2,2,1,1,3,4,2,3,1981,2,2
1991,1,240356,7,1,1,2,4,1,3,1,1,3,1976,2,2
1991,1,240357,1,2,2,2,1,1,3,4,1,3,1990,2,2
1991,1,240358,7,6,6,2,4,1,3,1,1,3,1978,2,2
1991,2,240358,1,4,4,2,1,1,3,4,2,3,1982,2,2
1991,1,240359,1,3,3,2,1,1,3,4,2,3,1985,2,2
1991,2,240359,1,2,2,2,1,1,3,4,2,3,1988,2,2
1991,1,240360,3,2,6,1,1,1,3,4,1,3,1990,2,2
1991,2,240360,1,4,4,2,1,1,3,4,2,3,1982,2,2
1991,1,240361,1,2,2,2,1,1,3,4,1,3,1984,2,2
1991,1,240362,2,2,2,2,1,1,3,4,2,3,1988,2,2
1991,1,240363,6,2,2,2,1,1,3,4,2,3,1986,2,2
1991,2,240363,1,5,5,2,1,1,3,4,2,3,1985,2,2
1991,1,240364,1,3,5,2,1,1,3,4,1,3,1988,2,2
1991,2,240364,1,2,2,2,1,1,3,4,2,3,1984,2,2
1991,1,240365,1,2,2,2,1,1,3,4,2,3,1974,2,2
1991,1,240366,1,2,2,2,1,1,3,4,2,3,1989,2,2
1991,1,240367,1,2,2,2,1,1,3,4,1,3,1981,2,2
1991,1,240368,6,2,2,2,1,1,3,4,2,3,1984,2,2
1991,2,240368,6,4,4,2,1,1,3,4,2,3,1989,2,2
1991,1,240369,3,1,1,1,1,1,3,4,2,3,1984,2,2
1991,1,240370,2,3,3,2,1,1,3,4,2,3,1985,2,2
1991,1,240371,7,6,2,2,4,1,3,1,2,3,1987,2,2
1991,1,240372,1,2,2,2,1,1,3,4,2,3,1987,2,2
1991,2,240372,1,2,2,2,1,1,3,4,2,3,1987,2,2
1991,1,240373,1,3,3,2,1,1,3,4,1,3,1985,2,2
1991,1,240374,1,2,2,2,1,1,3,4,1,3,1987,2,2
1991,1,240375,1,2,2,2,1,1,3,4,1,3,1990,2,2
1991,1,240376,2,2,2,2,1,1,3,4,1,3,1991,2,2
1991,1,240377,6,6,6,2,1,1,3,4,2,3,1967,2,2
1991,1,240378,1,2,2,2,1,1,3,4,2,3,1986,2,2
1991,1,240379,2,2,2,2,1,1,3,4,2,3,1991,2,2
1991,1,240380,1,2,2,2,1,1,3,4,2,3,1991,2,2
1991,2,240380,2,2,2,2,1,1,3,4,2,3,1986,2,2
1991,1,240381,2,2,2,2,1,1,3,4,1,3,1979,2,2
1991,2,240381,1,5,5,2,1,1,3,4,2,3,1986,2,2
1991,1,240382,1,5,5,2,1,1,3,4,2,3,1986,2,2
1991,2,240382,2,2,2,2,1,1,3,4,2,3,1986,2,2
1991,1,240383,1,2,2,2,1,1,3,4,2,3,1988,2,2
1991,2,240383,7,6,6,2,4,1,3,1,2,3,1970,2,2
1991,1,240384,1,2,2,2,1,1,3,4,2,3,1986,2,2
1991,2,240384,6,2,2,2,1,1,3,4,2,3,1987,2,2
1991,1,240385,1,1,1,1,1,1,3,4,1,3,1981,2,2
1991,1,240386,2,2,2,2,1,1,3,4,1,3,1979,2,2
1991,2,240386,1,2,2,2,1,1,3,4,2,3,1986,2,2
1991,1,240387,1,2,2,2,2,2,3,4,1,3,1988,2,2
1991,1,240388,1,3,2,2,1,1,3,4,2,3,1990,2,2
1991,2,240388,2,2,2,2,1,1,3,4,2,3,1982,2,2
1991,1,240389,1,5,5,2,1,1,3,4,2,3,1983,2,2
1991,2,240389,7,6,6,2,4,1,3,1,2,3,1991,2,2
1991,1,240390,1,3,3,2,1,1,3,4,2,3,1987,2,2
1991,2,240390,2,2,2,2,1,1,3,4,2,3,1986,2,2
1991,1,240391,1,2,2,2,1,1,3,4,1,3,1977,2,2
1991,1,240392,3,2,6,1,1,1,3,4,2,3,1986,2,2
1991,2,240392,1,2,2,2,1,1,3,4,2,3,1967,2,2
1991,1,240393,1,2,2,2,1,1,3,4,2,3,1979,2,2
1991,2,240393,1,2,2,2,1,1,3,4,2,3,1990,2,2
1991,1,240394,1,2,2,2,1,1,3,4,2,3,1980,2,2
1991,2,240394,6,2,2,2,1,1,3,4,2,3,1973,2,2
1991,1,240395,3,5,5,2,1,1,3,4,2,3,1990,2,2
1991,2,240395,6,2,2,2,1,1,3,4,2,3,1980,2,2
1991,1,240396,1,6,6,2,1,1,3,4,1,3,1986,2,2
1991,1,240397,1,1,1,1,1,1,3,4,1,3,1980,2,2
1991,1,240398,1,3,3,2,1,1,3,4,2,3,1984,2,2
1991,2,240398,1,2,2,2,1,1,3,4,2,3,1984,2,2
1991,3,240398,1,2,2,2,1,1,3,4,2,3,1986,2,2
1991,1,240399,1,3,3,2,1,1,3,4,2,3,1985,2,2
1991,2,240399,3,2,4,2,3,3,3,4,2,3,1991,2,2
1991,3,240399,1,2,2,2,1,1,3,4,2,3,1986,2,2
1991,1,240400,1,2,2,2,1,1,3,4,2,3,1988,2,2
1991,2,240400,1,6,6,2,1,1,3,4,2,3,1987,2,2
1991,1,240401,7,4,4,2,4,1,3,1,2,3,1987,2,2
1991,2,240401,1,2,2,2,1,1,3,4,2,3,1978,2,2
1991,1,240402,1,2,2,2,1,1,3,4,2,3,1991,2,2
1991,2,240402,6,4,4,2,1,1,3,4,2,3,1989,2,2
1991,1,240403,1,5,5,2,1,1,3,4,2,3,1982,2,2
1991,2,240403,6,2,2,2,1,1,3,4,2,3,1989,2,2
1991,1,240404,1,3,3,2,2,2,3,4,2,3,1981,2,2
1991,2,240404,4,2,2,2,1,1,3,4,2,3,1981,2,2
1991,1,240405,2,2,3,1,1,1,3,4,1,3,1988,2,2
1991,1,240406,1,2,2,2,1,1,3,4,2,3,1991,2,2
1991,2,240406,1,3,3,2,1,1,3,4,2,3,1983,2,2
1991,1,240407,1,2,2,2,1,1,3,4,2,3,1987,2,2
1991,2,240407,1,2,2,2,1,1,3,4,2,3,1988,2,2
1991,1,240408,2,4,4,2,3,3,3,4,2,3,1988,2,2
1991,2,240408,2,2,5,2,1,1,3,4,1,3,1987,2,2
1991,3,240408,1,2,2,2,1,1,3,4,1,3,1987,2,2
1991,1,240409,1,1,1,1,1,1,3,4,1,3,1991,2,2
1991,1,240410,1,2,2,2,1,1,3,4,1,3,1983,2,2
1991,2,240410,1,2,2,2,1,1,3,4,2,3,1989,2,2
1991,1,240411,6,4,4,2,1,1,3,4,2,3,1987,2,2
1991,2,240411,1,2,2,2,1,1,3,4,2,3,1982,2,2
1991,1,240412,1,2,2,2,1,1,3,4,1,3,1979,2,2
1991,2,240412,6,4,4,2,1,1,3,4,2,3,1988,2,2
1991,3,240412,1,4,5,2,1,1,3,4,2,3,9999,2,2
1991,4,240412,1,4,4,2,1,1,3,4,2,3,1982,2,2
1991,1,240413,1,2,2,1,1,1,3,4,1,3,1989,2,2
1991,1,240414,6,2,2,2,1,1,3,4,2,3,1976,2,2
1991,2,240414,6,5,5,2,1,1,3,4,2,3,1987,2,2
1991,1,240415,3,2,2,2,1,1,3,4,2,3,1972,2,2
1991,2,240415,4,2,2,2,1,1,3,4,2,3,1986,2,2
1991,1,240416,2,2,2,2,1,1,3,4,2,3,1989,2,2
1991,2,240416,2,2,2,2,1,1,3,4,2,3,1988,2,2
1991,1,240417,6,4,4,2,1,1,3,4,2,3,1990,2,2
1991,2,240417,2,2,2,2,1,1,3,4,2,3,1986,2,2
1991,1,240418,2,2,2,2,1,1,3,4,2,3,1987,2,2
1991,2,240418,1,5,3,2,1,1,3,4,2,3,1985,2,2
1991,3,240418,3,2,2,2,1,1,3,4,2,3,1988,2,2
1991,1,240419,1,2,2,2,1,1,3,4,1,3,1978,2,2
1991,2,240419,2,2,2,2,1,1,3,4,2,3,1986,2,2
1991,1,240420,1,3,3,2,1,1,3,4,2,3,1987,2,2
1991,2,240420,1,2,2,2,1,1,3,4,2,3,1991,2,2
1991,1,240421,2,2,2,2,1,1,3,4,2,3,1975,2,2
1991,1,240422,1,3,2,2,1,1,3,4,2,3,1988,2,2
1991,2,240422,1,2,2,2,1,1,3,4,2,3,1986,2,2
1991,3,240422,1,2,2,2,1,1,3,4,2,3,1980,2,2
1991,1,240423,1,2,2,2,1,1,3,4,1,3,1987,2,2
1991,2,240423,1,2,2,2,1,1,3,4,2,3,1989,2,2
1991,1,240425,7,6,6,2,4,1,3,1,2,3,1980,2,2
1991,1,240427,1,2,2,2,1,1,3,4,2,3,1988,2,2
1991,2,240427,1,5,5,2,1,1,3,4,2,3,1988,2,2
1991,1,240428,1,2,2,2,1,1,3,4,2,3,1987,2,2
1991,1,240429,1,2,2,2,1,1,3,4,2,3,1987,2,2
1991,2,240429,1,2,2,2,1,1,3,4,2,3,1986,2,2
1991,1,240430,1,2,2,2,1,1,3,4,2,3,1987,2,1
1991,1,240431,1,3,3,2,1,1,3,4,2,3,1985,2,2
1991,2,240431,2,2,2,2,1,1,3,4,2,3,1985,2,2
1991,1,240432,4,2,2,2,1,1,3,4,2,3,1986,2,2
1991,1,240433,1,2,6,1,1,1,3,4,2,3,1988,2,2
1991,1,240434,4,2,2,2,1,1,3,4,1,3,1990,2,2
1991,1,240435,7,6,6,2,4,2,3,2,1,3,1984,2,2
1991,2,240435,1,4,4,2,1,1,3,4,2,3,1991,2,2
1991,1,240436,1,5,5,2,1,1,3,4,1,3,1978,2,2
1991,1,240437,1,1,1,1,1,1,3,4,1,3,1992,2,2
1991,1,240438,2,3,3,2,1,1,3,4,2,3,1981,2,2
1991,1,240440,1,6,6,1,1,1,3,4,1,3,1989,2,2
1991,1,240441,1,2,2,2,1,1,3,4,2,3,1988,2,2
1991,1,240442,2,2,2,2,1,1,3,4,1,3,1991,2,2
1991,1,240443,2,1,1,1,1,1,3,4,1,3,1991,2,2
1991,1,240444,1,6,6,1,1,1,3,4,1,3,1978,2,2
1991,1,240445,2,6,6,1,1,1,3,4,1,3,1991,2,2
1991,1,240446,1,6,6,1,2,2,3,4,1,3,1988,2,2
1991,1,240447,1,2,2,2,1,1,3,4,2,3,1990,2,2
1991,1,240448,1,2,2,2,1,1,3,4,2,3,1978,2,2
1991,1,240449,1,2,2,2,2,2,3,4,2,3,1987,2,2
1991,1,240450,7,2,2,2,4,1,3,1,1,3,1981,2,2
1991,1,240451,3,2,2,2,1,1,3,4,2,3,1985,2,2
1991,1,240452,6,2,2,2,1,1,3,4,1,3,1991,2,2
1991,2,240452,1,4,2,2,1,1,3,4,2,3,1985,2,2
1991,3,240452,6,4,2,2,1,1,3,4,2,3,1989,2,2
1991,4,240452,6,4,4,2,1,1,3,4,2,3,1979,2,2
1991,1,240454,7,6,6,2,4,1,3,1,1,3,1973,2,2
1991,1,240455,1,2,2,2,1,1,3,4,2,3,1990,2,2
1991,1,240456,1,6,6,1,1,1,3,4,1,3,1984,2,2
1991,1,240457,1,6,4,2,1,1,3,4,1,3,1978,2,2
1991,2,240457,1,2,2,2,1,1,3,4,2,3,1984,2,2
1991,3,240457,1,2,2,2,1,1,3,4,2,3,1983,2,2
1991,1,240458,1,2,2,2,1,1,3,4,2,3,1988,2,2
1991,2,240458,4,2,2,2,1,1,3,4,2,3,1979,2,2
1991,1,240459,2,1,1,2,1,1,3,4,2,3,1987,2,2
1991,1,240460,2,2,2,2,1,1,3,4,2,3,1979,2,2
1991,2,240460,7,2,2,2,4,2,3,2,2,3,1979,2,2
1991,1,240461,1,2,2,2,1,1,3,4,2,3,1984,2,2
1991,1,240462,1,6,5,2,1,1,3,4,1,3,1991,2,2
1991,1,240463,4,5,5,2,1,1,3,4,2,3,1988,2,2
1991,2,240463,6,2,2,2,1,1,3,4,2,3,1982,2,2
1991,1,240464,1,2,2,2,1,1,3,4,2,3,1986,2,2
1991,2,240464,1,5,5,2,1,1,3,4,2,3,1984,2,2
1991,1,240465,2,6,6,1,1,1,3,4,1,3,1989,2,2
1991,1,240466,1,2,2,2,1,1,3,4,1,3,1984,2,2
1991,1,240467,1,2,2,2,1,1,3,4,2,3,1978,2,2
1991,2,240467,2,2,2,2,1,1,3,4,2,3,1978,2,2
1991,1,240468,2,2,2,2,1,1,3,4,2,3,1986,2,2
1991,1,240469,1,2,2,2,1,1,3,4,2,3,1988,2,2
1991,1,240470,1,6,6,1,1,1,3,4,1,3,1987,2,2
1991,1,240472,3,2,2,2,1,1,3,4,2,3,1988,2,2
1991,1,240473,1,2,2,2,1,1,3,4,1,3,1985,2,2
1991,1,240474,6,6,6,2,1,1,3,4,2,3,1981,2,2
1991,1,240475,1,2,2,2,1,1,3,4,1,3,1983,2,2
1991,1,240476,1,2,2,2,1,1,3,4,1,3,1985,2,2
1991,1,240477,1,2,2,2,1,1,3,4,2,3,1990,2,2
1991,1,240478,1,3,5,2,1,1,3,4,2,3,1991,2,1
1991,1,240479,1,2,6,1,1,1,3,4,1,3,1989,2,2
1991,2,240479,1,4,4,2,1,1,3,4,2,3,1991,2,2
1991,1,240480,2,2,2,2,1,1,3,4,1,3,1986,2,2
1991,1,240481,1,5,5,2,1,1,3,4,2,3,1986,2,2
1991,1,240482,6,2,2,2,1,1,3,4,2,3,1991,2,2
1991,1,240483,1,2,2,2,1,1,3,4,2,3,1984,2,2
1991,1,240484,4,5,5,2,1,1,3,4,2,3,1989,2,2
1991,2,240484,1,2,2,2,1,1,3,4,2,3,1990,2,2
1991,1,240486,1,2,2,2,1,1,3,4,2,3,1972,2,2
1991,2,240486,1,5,5,2,1,1,3,4,2,3,1990,2,2
1991,3,240486,1,2,2,2,1,1,3,4,2,3,1985,2,2
1991,1,240487,1,2,2,2,1,1,3,4,2,3,1980,2,2
1991,2,240487,6,4,4,2,1,1,3,4,2,3,1984,2,2
1991,1,240488,1,2,2,2,1,1,3,4,2,3,1986,2,2
1991,1,240489,1,2,2,2,1,1,3,4,1,3,1982,2,2
1991,1,240490,7,2,2,2,4,1,3,1,1,3,1990,2,2
1991,1,240491,1,2,3,2,1,1,3,4,1,3,1991,2,2
1991,1,240492,7,6,6,2,4,1,3,1,2,3,1987,2,2
1991,2,240492,1,6,6,2,1,1,3,4,2,3,1981,2,2
1991,1,240494,1,2,2,2,1,1,3,4,1,3,1988,2,2
1991,2,240494,3,2,2,2,1,1,3,4,2,3,1990,2,2
1991,1,240495,1,2,2,2,1,1,3,4,1,3,1976,2,2
1991,2,240495,1,4,2,2,1,1,3,4,2,3,1988,2,2
1991,3,240495,2,4,2,2,1,1,3,4,2,3,1988,2,2
1991,4,240495,4,4,4,2,1,1,3,4,2,3,1987,2,2
1991,1,240496,1,2,2,2,1,1,3,4,2,3,1987,2,2
1991,2,240496,2,2,2,2,1,1,3,4,2,3,1990,2,2
1991,1,240497,1,1,1,2,1,1,3,4,1,3,1977,2,2
1991,1,240498,1,2,2,2,1,1,3,4,1,3,1980,2,2
1991,1,240499,1,3,3,2,1,1,3,4,2,3,1985,2,2
1991,2,240499,1,2,2,2,1,1,3,4,2,3,1989,2,2
1991,1,240500,1,2,2,2,1,1,3,4,2,3,1983,2,2
1991,2,240500,3,2,2,2,1,1,3,4,2,3,1987,2,2
1991,3,240500,1,2,2,2,1,1,3,4,2,3,1986,2,2
1991,4,240500,2,2,2,2,1,1,3,4,2,3,1990,2,2
1991,5,240500,1,2,2,2,1,1,3,4,2,3,1986,2,2
1991,1,240501,1,2,2,2,1,1,3,4,2,3,1986,2,2
1991,1,240502,1,6,4,2,1,1,3,4,1,3,1989,2,2
1991,1,240503,2,2,2,2,1,1,3,4,2,3,1990,2,2
1991,1,240505,1,2,2,2,2,2,3,4,1,3,1986,2,2
1991,2,240505,1,2,2,1,1,1,3,4,2,3,1986,2,2
1991,1,240506,2,6,6,1,1,1,3,4,2,3,1986,2,2
1991,1,240507,1,2,2,1,1,1,3,4,2,3,1990,2,2
1991,2,240507,1,2,2,2,1,1,3,4,2,3,1988,2,2
1991,1,240508,2,2,2,2,1,1,3,4,2,3,1986,2,2
1991,2,240508,2,2,2,2,1,1,3,4,2,3,1986,2,2
1991,3,240508,1,2,2,2,1,1,3,4,2,3,1989,2,2
1991,1,240509,6,2,2,2,1,1,3,4,2,3,1988,2,2
1991,2,240509,2,2,2,2,1,1,3,4,2,3,1986,2,2
1991,1,240510,4,2,2,2,1,1,3,4,2,3,1987,2,2
1991,1,240511,5,2,6,1,1,1,3,4,2,3,1988,2,2
1991,1,240512,1,2,2,2,1,1,3,4,2,3,1978,2,2
1991,2,240512,2,2,2,2,1,1,3,4,2,3,1987,2,2
1991,1,240513,1,2,2,2,1,1,3,4,2,3,1989,2,2
1991,1,240514,6,2,2,2,1,1,3,4,2,3,1989,2,2
1991,2,240514,2,5,5,2,1,1,3,4,2,3,1987,2,2
1991,1,240515,2,2,6,1,1,1,3,4,1,3,1981,2,2
1991,1,240516,1,3,3,2,1,1,3,4,1,3,1985,2,2
1991,1,240517,9,7,7,2,3,3,3,4,2,3,9999,2,2
1991,1,240518,3,3,6,1,1,1,3,4,1,3,1989,2,2
1991,1,240519,2,3,3,2,1,1,3,4,2,3,1984,2,2
1991,2,240519,1,2,2,2,1,1,3,4,2,3,1991,2,2
1991,1,240520,2,2,2,2,1,1,3,4,2,3,1988,2,2
1991,1,240521,7,6,6,2,4,1,3,1,1,3,1974,2,2
1991,1,240522,9,7,7,2,3,3,3,4,2,3,9999,2,2
1991,1,240523,1,6,5,2,1,1,3,4,2,3,1986,2,2
1991,1,240524,4,5,5,2,1,1,3,4,2,3,1990,2,2
1991,2,240524,3,2,2,2,1,1,3,4,2,3,1972,2,2
1991,1,240525,1,4,4,2,2,2,3,4,2,3,1981,2,2
1991,2,240525,6,2,2,2,1,1,3,4,2,3,1986,2,2
1991,1,240526,1,2,2,2,1,1,3,4,2,3,1990,2,2
1991,1,240527,1,2,2,2,1,1,3,4,2,3,1980,2,2
1991,1,240528,1,6,6,2,1,1,3,4,2,3,1980,2,2
1991,2,240528,7,2,2,2,4,1,3,1,2,3,1983,2,2
1991,1,240529,1,2,2,2,1,1,3,4,2,3,1986,2,2
1991,1,240530,7,2,2,2,4,1,3,1,2,3,1977,2,2
1991,2,240530,1,3,3,2,1,1,3,4,2,3,1988,2,2
1991,1,240531,2,2,2,2,1,1,3,4,2,3,1985,2,1
1991,1,240532,1,2,2,2,1,1,3,4,2,3,1983,2,2
1991,1,240533,1,2,2,2,1,1,3,4,2,3,1981,2,2
1991,1,240534,2,2,2,2,1,1,3,4,2,3,1986,2,2
1991,2,240534,7,2,2,2,4,1,3,1,2,3,1988,2,2
1991,1,240535,9,7,7,2,3,3,3,4,2,3,9999,2,2
1991,1,240536,1,2,2,2,1,1,3,4,1,3,1990,2,2
1991,1,240537,1,5,5,2,1,1,3,4,2,3,1981,2,2
1991,2,240537,2,2,2,2,1,1,3,4,2,3,1972,2,2
1991,1,240538,1,2,2,2,1,1,3,4,1,3,1986,2,2
1991,2,240538,9,7,7,2,3,3,3,4,2,3,9999,2,2
1991,1,240539,1,6,4,2,1,1,3,4,1,3,1988,2,2
1991,2,240539,1,2,2,2,1,1,3,4,2,3,1987,2,2
1991,3,240539,1,2,2,2,1,1,3,4,2,3,1978,2,2
1991,1,240540,3,3,3,1,1,1,3,4,1,3,1988,2,2
1991,1,240541,2,6,6,2,1,1,3,4,2,3,1977,2,2
1991,1,240542,1,2,6,1,1,1,3,4,1,3,1979,2,2
1991,1,240543,1,2,2,2,1,1,3,4,2,3,1990,2,2
1991,1,240544,1,2,2,2,1,1,3,4,2,3,1986,2,2
1991,2,240544,1,2,2,2,1,1,3,4,2,3,1972,2,2
1991,1,240545,1,2,2,2,1,1,3,4,2,3,1991,2,2
1991,2,240545,1,2,2,2,1,1,3,4,2,3,1988,2,2
1991,1,240546,1,3,3,2,2,2,3,4,1,3,1978,2,2
1991,2,240546,2,2,4,2,1,1,3,4,2,3,1988,2,2
1991,3,240546,1,2,2,2,1,1,3,4,2,3,1987,2,2
1991,1,240547,1,2,6,2,1,1,3,4,1,3,1983,2,2
1991,2,240547,1,2,2,2,1,1,3,4,2,3,1968,2,2
1991,1,240548,6,2,2,2,1,1,3,4,2,3,1985,2,2
1991,1,240549,4,2,2,2,1,1,3,4,2,3,1985,2,2
1991,2,240549,1,2,2,2,1,1,3,4,2,3,1988,2,2
1991,1,240550,6,2,2,2,1,1,3,4,2,3,1987,2,2
1991,1,240551,1,6,6,2,1,1,3,4,2,3,1984,2,2
1991,1,240552,1,2,2,2,1,1,3,4,1,3,1989,2,2
1991,1,240553,3,2,2,2,2,2,3,4,2,3,1988,2,2
1991,1,240554,9,7,7,2,3,3,3,4,2,3,9999,2,2
1991,1,240555,1,2,2,2,1,1,3,4,2,3,1982,2,2
1991,1,240556,1,2,2,2,1,1,3,4,2,3,1986,2,2
1991,2,240556,2,2,2,2,1,1,3,4,2,3,1989,2,2
1991,1,240557,1,3,3,2,1,1,3,4,2,3,1972,2,2
1991,2,240557,1,2,2,2,1,1,3,4,2,3,1987,2,2
1991,3,240557,3,2,2,2,1,1,3,4,2,3,1987,2,2
1991,1,240558,1,5,5,2,1,1,3,4,2,3,1987,2,2
1991,2,240558,7,6,6,2,4,1,3,1,2,3,1991,2,2
1991,1,240559,3,2,2,2,1,1,3,4,2,3,1990,2,2
1991,1,240560,9,7,7,2,3,3,3,4,2,3,9999,2,2
1991,1,240561,1,2,2,2,1,1,3,4,2,3,1990,2,2
1991,2,240561,1,5,5,2,1,1,3,4,2,3,1985,2,2
1991,1,240562,9,7,7,2,3,3,3,4,2,3,9999,2,2
1991,1,240563,1,2,2,2,1,1,3,4,2,3,1985,2,1
1991,1,240564,2,2,2,2,1,1,3,4,2,3,1986,2,2
1991,1,240565,1,6,2,2,1,1,3,4,2,3,1983,2,2
1991,1,240566,1,2,2,2,1,1,3,4,2,3,1987,2,2
1991,1,240567,1,6,6,1,1,1,3,4,1,3,1983,2,2
1991,1,240568,1,2,2,2,1,1,3,4,2,3,1989,2,2
1991,2,240568,4,2,2,2,1,1,3,4,2,3,1988,2,2
1991,1,240569,1,2,2,2,1,1,3,4,1,3,1991,2,2
1991,1,240570,1,2,2,2,1,1,3,4,2,3,1980,2,1
1991,1,240571,1,5,5,2,1,1,3,4,1,3,1988,2,2
1991,2,240571,1,2,2,2,1,1,3,4,2,3,1983,2,2
1991,1,240572,1,2,2,2,1,1,3,4,1,3,1986,2,2
1991,1,240573,3,2,2,2,1,1,3,4,2,3,1989,2,2
1991,1,240574,1,2,2,2,1,1,3,4,2,3,1991,2,2
1991,1,240575,1,5,2,2,1,1,3,4,2,3,1990,2,2
1991,2,240575,1,2,2,2,1,1,3,4,2,3,1991,2,2
1991,3,240575,1,2,2,2,1,1,3,4,2,3,1990,2,2
1991,1,240576,4,2,2,2,1,1,3,4,2,3,1980,2,2
1991,2,240576,1,3,3,2,1,1,3,4,2,3,1983,2,2
1991,1,240577,1,5,5,2,1,1,3,4,2,3,1982,2,2
1991,2,240577,2,2,2,2,1,1,3,4,2,3,1989,2,2
1991,1,240578,7,6,6,2,4,1,3,1,1,3,1989,2,2
1991,1,240579,1,2,2,2,1,1,3,4,2,3,1990,2,2
1991,1,240580,1,2,2,2,1,1,3,4,2,3,1987,2,2
1991,1,240581,1,5,5,2,1,1,3,4,1,3,1989,2,2
1991,1,240582,2,4,4,2,1,1,3,4,2,3,1984,2,2
1991,2,240582,1,2,2,2,1,1,3,4,2,3,1979,2,2
1991,1,240583,1,2,2,2,1,1,3,4,2,3,1986,2,2
1991,2,240583,4,2,2,2,1,1,3,4,2,3,1984,2,2
1991,1,240584,7,2,2,2,4,1,3,1,1,3,1991,2,2
1991,1,240585,1,2,2,2,2,2,3,4,1,3,1991,2,2
1991,1,240586,7,2,2,2,4,1,3,1,1,3,1978,2,2
1991,1,240587,1,2,2,2,1,1,3,4,2,3,1980,2,2
1991,2,240587,1,2,2,2,1,1,3,4,2,3,1985,2,2
1991,1,240588,1,6,6,1,1,1,3,4,2,3,1985,2,2
1991,1,240589,1,2,2,2,1,1,3,4,1,3,1974,2,2
1991,1,240590,1,2,2,2,1,1,3,4,1,3,1984,2,2
1991,1,240591,4,2,2,2,1,1,3,4,2,3,1985,2,2
1991,2,240591,6,2,2,2,1,1,3,4,2,3,1987,2,2
1991,1,240592,2,2,2,2,1,1,3,4,2,3,1985,2,2
1991,1,240593,1,2,2,2,1,1,3,4,1,3,1985,2,2
1991,1,240594,1,2,2,2,1,1,3,4,2,3,1988,2,2
1991,2,240594,1,5,5,2,1,1,3,4,2,3,1985,2,2
1991,1,240595,1,2,2,2,1,1,3,4,2,3,1988,2,2
1991,1,240596,1,2,2,2,1,1,3,4,2,3,1986,2,2
1991,1,240597,7,6,6,2,4,1,3,1,1,3,1981,2,2
1991,1,240598,2,2,2,2,1,1,3,4,2,3,1990,2,2
1991,2,240598,1,2,2,2,1,1,3,4,2,3,1986,2,2
1991,1,240599,2,2,2,2,1,1,3,4,2,3,1987,2,2
1991,2,240599,1,3,3,2,1,1,3,4,2,3,1979,2,2
1991,1,240600,2,2,2,2,1,1,3,4,2,3,1975,2,2
1991,1,240601,4,2,2,2,1,1,3,4,2,3,1986,2,2
1991,1,240602,1,2,2,2,1,1,3,4,2,3,1977,2,2
1991,1,240603,1,2,2,2,1,1,3,4,1,3,1985,2,2
1991,2,240603,2,4,4,2,1,1,3,4,2,3,1981,2,2
1991,1,240604,1,2,2,2,1,1,3,4,2,3,1990,2,2
1991,2,240604,1,2,2,2,1,1,3,4,2,3,1988,2,2
1991,1,240605,2,3,3,2,1,1,3,4,2,3,1985,2,2
1991,2,240605,2,2,2,2,1,1,3,4,2,3,1979,2,2
1991,1,240606,1,5,5,2,1,1,3,4,2,3,1966,2,2
1991,2,240606,1,2,2,2,1,1,3,4,2,3,1987,2,2
1991,1,240607,1,2,2,2,1,1,3,4,2,3,1990,2,2
1991,1,240608,2,2,2,2,1,1,3,4,2,3,1991,2,2
1991,1,240609,2,2,2,2,1,1,3,4,2,3,1990,2,2
1991,1,240610,2,2,2,2,1,1,3,4,2,3,1990,2,2
1991,1,240611,7,6,6,2,4,2,3,2,2,3,1986,2,2
1991,1,240612,1,2,2,2,1,1,3,4,2,3,1985,2,1
1991,2,240612,1,2,2,2,2,2,3,4,2,3,1979,2,2
1991,1,240613,7,6,6,2,4,2,3,2,2,3,1973,2,2
1991,2,240613,1,2,2,2,1,1,3,4,2,3,1984,2,2
1991,1,240614,6,6,6,2,1,1,3,4,2,3,1984,2,2
1991,1,240615,7,6,6,2,4,1,3,1,1,3,1977,2,2
1991,1,240616,2,2,2,2,1,1,3,4,1,3,1990,2,2
1991,1,240617,6,4,4,2,1,1,3,4,2,3,1990,2,2
1991,1,240618,1,4,4,2,3,3,3,4,2,3,1976,2,2
1991,1,240619,1,2,2,2,1,1,3,4,2,3,1976,2,2
1991,2,240619,1,4,4,2,1,1,3,4,2,3,1980,2,2
1991,1,240620,1,3,3,2,1,1,3,4,2,3,1986,2,2
1991,2,240620,2,2,2,2,1,1,3,4,2,3,1989,2,2
1991,1,240621,3,2,2,1,1,1,3,4,1,3,1976,2,2
1991,1,240622,1,2,2,2,1,1,3,4,2,3,1985,2,2
1991,2,240622,1,2,2,2,1,1,3,4,2,3,1985,2,2
1991,1,240623,3,2,2,2,1,1,3,4,1,3,1986,2,2
1991,2,240623,6,2,2,2,1,1,3,4,2,3,1988,2,2
1991,1,240624,1,2,2,2,2,2,3,4,2,3,1979,2,2
1991,2,240624,1,2,2,2,1,1,3,4,2,3,1990,2,2
1991,1,240625,1,2,2,2,1,1,3,4,2,3,1985,2,2
1991,1,240626,1,2,2,2,1,1,3,4,2,3,1986,2,2
1991,1,240627,1,3,3,2,1,1,3,4,2,3,1981,2,2
1991,2,240627,1,2,2,2,1,1,3,4,2,3,1987,2,2
1991,1,240628,6,2,6,1,1,1,3,4,2,3,1989,2,2
1991,1,240629,1,5,5,2,1,1,3,4,2,3,1978,2,2
1991,1,240630,1,2,2,2,1,1,3,4,2,3,1984,2,2
1991,1,240631,1,5,2,2,1,1,3,4,2,3,1984,2,2
1991,2,240631,1,2,2,2,2,2,3,4,2,3,1985,2,2
1991,1,240632,1,5,2,2,1,1,3,4,2,3,1986,2,2
1991,2,240632,1,2,2,2,1,1,3,4,2,3,1986,2,2
1991,3,240632,1,4,4,2,1,1,3,4,2,3,1986,2,2
1991,1,240633,1,2,2,2,1,1,3,4,2,3,1978,2,2
1991,1,240635,7,1,1,2,4,1,3,1,2,3,1967,2,2
1991,1,240636,1,3,3,2,1,1,3,4,2,3,1981,2,2
1991,2,240636,1,2,2,2,1,1,3,4,2,3,1988,2,2
1991,1,240637,4,2,2,2,1,1,3,4,1,3,1985,2,2
1991,1,240638,1,5,5,2,1,1,3,4,2,3,1988,2,2
1991,1,240639,6,2,2,2,1,1,3,4,2,3,1990,2,2
1991,1,240640,1,2,2,2,1,1,3,4,1,3,1980,2,2
1991,1,240641,1,2,2,2,1,1,3,4,2,3,1985,2,2
1991,1,240643,1,4,4,2,1,1,3,4,2,3,1984,2,2
1991,2,240643,3,2,2,2,1,1,3,4,2,3,1984,2,2
1991,1,240644,2,2,2,2,1,1,3,4,2,3,1976,2,2
1991,1,240645,1,2,2,2,2,2,3,4,2,3,1980,2,2
1991,1,240646,2,2,2,2,1,1,3,4,1,3,1986,2,2
1991,1,240647,2,2,2,2,1,1,3,4,2,3,1986,2,2
1991,1,240648,1,2,2,2,1,1,3,4,2,3,1984,2,2
1991,1,240649,1,2,2,2,1,1,3,4,2,3,1987,2,1
1991,1,240650,1,5,3,2,1,1,3,4,1,3,1984,2,2
1991,2,240650,6,2,2,2,1,1,3,4,2,3,1985,2,2
1991,1,240651,1,2,2,2,1,1,3,4,1,3,1985,2,2
1991,1,240652,1,2,2,2,1,1,3,4,2,3,1986,2,2
1991,1,240653,1,2,2,2,1,1,3,4,1,3,1986,2,2
1991,2,240653,2,2,2,2,1,1,3,4,2,3,1988,2,2
1991,1,250001,1,2,2,2,1,1,3,4,2,3,1988,2,2
1991,1,250002,1,3,5,2,1,1,3,4,2,3,1988,2,2
1991,2,250002,1,2,2,2,1,1,3,4,2,3,1982,2,2
1991,1,250003,4,2,2,2,1,1,3,4,2,3,1989,2,2
1991,1,250004,1,2,2,2,1,1,3,4,2,3,1986,2,2
1991,2,250004,5,2,2,2,2,2,3,4,2,3,1983,2,2
1991,1,250005,2,2,2,2,1,1,3,4,2,3,1986,2,2
1991,2,250005,1,4,4,2,1,1,3,4,2,3,1977,2,2
1991,3,250005,9,2,2,2,1,1,3,4,2,3,1989,2,2
1991,4,250005,9,5,5,2,1,1,3,4,2,3,1988,2,2
1991,1,250007,1,2,2,2,1,1,3,4,2,3,1982,2,2
1991,1,250008,1,5,3,2,2,2,3,4,2,3,1989,2,2
1991,1,250009,1,2,2,2,1,1,3,4,2,3,1988,2,2
1991,1,250010,1,2,2,2,1,1,3,4,2,3,1987,2,2
1991,1,250011,1,6,6,1,1,1,3,4,1,3,1985,2,2
1991,1,250012,1,2,2,1,1,1,3,4,2,3,1986,2,2
1991,1,250013,1,4,4,2,1,1,3,4,2,3,1986,2,2
1991,2,250013,1,2,2,2,1,1,3,4,2,3,1982,2,2
1991,3,250013,3,2,2,2,1,1,3,4,2,3,1988,2,2
1991,1,250014,9,7,7,2,3,3,3,4,2,3,9999,2,2
1991,1,250015,1,2,2,2,1,1,3,4,2,3,1986,2,2
1991,1,250016,1,5,5,2,1,1,3,4,2,3,1979,2,2
1991,2,250016,4,2,2,2,1,1,3,4,2,3,1979,2,2
1991,1,250017,1,2,2,2,1,1,3,4,2,3,1985,2,2
1991,2,250017,6,2,2,2,1,1,3,4,2,3,1990,2,2
1991,1,250018,3,2,2,2,1,1,3,4,2,3,1979,2,2
1991,2,250018,1,3,5,1,1,1,3,4,1,3,1990,2,2
1991,1,250019,1,5,5,2,1,1,3,4,2,3,1985,2,2
1991,1,250020,1,2,2,1,1,1,3,4,2,3,1984,2,2
1991,1,250021,1,2,2,2,1,1,3,4,2,3,1984,2,2
1991,2,250021,4,2,2,2,1,1,3,4,2,3,1989,2,2
1991,1,250022,1,5,5,2,1,1,3,4,2,3,1988,2,2
1991,2,250022,2,2,2,2,1,1,3,4,2,3,1986,2,2
1991,1,250023,1,2,2,1,1,1,3,4,2,3,1986,2,2
1991,1,250024,1,3,2,2,1,1,3,4,2,3,1981,2,2
1991,2,250024,1,2,2,2,1,1,3,4,2,3,1985,2,2
1991,1,250025,1,2,3,2,2,2,3,4,2,3,1990,2,2
1991,2,250025,1,2,2,2,1,1,3,4,2,3,1989,2,2
1991,1,250026,1,2,2,2,1,1,3,4,2,3,1988,2,2
1991,2,250026,1,5,5,2,1,1,3,4,2,3,1990,2,2
1991,1,250027,1,3,4,2,1,1,3,4,2,3,1985,2,2
1991,2,250027,1,5,2,2,1,1,3,4,2,3,1976,2,2
1991,3,250027,6,2,2,2,1,1,3,4,2,3,1979,2,2
1991,1,250028,1,6,6,1,2,2,3,4,2,3,1986,2,2
1991,1,250029,1,5,3,2,1,1,3,4,2,3,1986,2,2
1991,1,250030,9,2,2,2,3,3,3,4,2,3,9999,2,2
1991,1,250031,1,3,3,2,1,1,3,4,2,3,1989,2,2
1991,2,250031,1,2,2,2,1,1,3,4,2,3,1987,2,2
1991,1,250032,2,2,6,1,1,1,3,4,2,3,1989,2,2
1991,1,250033,9,2,2,2,3,3,3,4,2,3,9999,2,2
1991,1,250034,6,2,2,2,1,1,3,4,2,3,1974,2,2
1991,2,250034,1,2,2,2,1,1,3,4,2,3,1990,2,2
1991,1,250035,1,2,5,2,1,1,3,4,1,3,1988,2,2
1991,2,250035,4,3,3,2,1,1,3,4,2,3,1987,2,2
1991,1,250036,2,2,3,2,1,1,3,4,2,3,1980,2,2
1991,1,250037,1,2,2,2,1,1,3,4,2,3,1986,2,2
1991,1,250038,1,2,2,2,1,1,3,4,2,3,1980,2,2
1991,1,250039,1,2,6,2,2,2,3,4,2,3,1987,2,2
1991,1,250040,3,2,6,1,1,1,3,4,2,3,1987,2,2
1991,1,250041,1,2,2,2,1,1,3,4,2,3,1981,2,2
1991,1,250042,1,2,2,2,1,1,3,4,1,3,1986,2,2
1991,2,250042,1,4,4,2,1,1,3,4,2,3,1987,2,2
1991,1,250043,3,2,2,2,1,1,3,4,2,3,1988,2,2
1991,1,250044,1,2,2,2,1,1,3,4,2,3,1987,2,2
1991,2,250044,2,2,2,2,1,1,3,4,2,3,1974,2,2
1991,3,250044,2,2,4,2,1,1,3,4,2,3,1987,2,2
1991,4,250044,1,2,2,2,1,1,3,4,2,3,1990,2,2
1991,1,250045,1,2,6,1,1,1,3,4,2,3,1984,2,2
1991,1,250046,1,3,3,2,1,1,3,4,2,3,1987,2,2
1991,1,250047,1,2,2,2,1,1,3,4,2,3,1990,2,2
1991,1,250048,1,2,2,2,1,1,3,4,2,3,1980,2,2
1991,2,250048,4,2,2,2,1,1,3,4,2,3,1984,2,2
1991,1,250049,4,2,2,1,1,1,3,4,2,3,1984,2,2
1991,1,250050,1,2,2,2,1,1,3,4,2,3,1984,2,2
1991,2,250050,1,2,2,2,1,1,3,4,2,3,1989,2,2
1991,1,250051,1,2,2,2,1,1,3,4,2,3,1989,2,2
1991,1,250052,1,2,2,2,1,1,3,4,1,3,1990,2,2
1991,2,250052,1,2,2,2,1,1,3,4,2,3,1989,2,2
1991,1,250053,1,2,3,2,1,1,3,4,2,3,1981,2,2
1991,1,250054,4,2,2,2,1,1,3,4,2,3,1987,2,2
1991,2,250054,1,2,2,2,1,1,3,4,2,3,1990,2,2
1991,1,250055,1,2,2,2,1,1,3,4,2,3,1987,2,2
1991,1,250056,1,2,3,2,1,1,3,4,2,3,1981,2,2
1991,1,250057,1,2,5,2,1,1,3,4,2,3,1981,2,2
1991,2,250057,8,2,2,2,1,1,3,4,2,3,1979,2,2
1991,3,250057,6,2,2,2,1,1,3,4,2,3,1986,2,2
1991,1,250058,1,2,2,2,2,2,3,4,2,3,1977,2,2
1991,1,250059,1,2,2,2,2,2,3,4,2,3,1988,2,2
1991,1,250060,1,2,2,2,1,1,3,4,1,3,1988,2,2
1991,1,250061,1,2,2,2,1,1,3,4,2,3,1978,2,2
1991,1,250062,1,2,2,1,1,1,3,4,2,3,1978,2,2
1991,1,250063,2,7,7,1,1,1,3,4,2,3,1985,2,1
1991,1,250064,1,2,2,2,1,1,3,4,2,3,1988,2,2
1991,2,250064,2,2,2,1,1,1,3,4,2,3,1988,2,2
1991,1,250065,1,2,2,2,1,2,3,4,2,3,1988,2,2
1991,1,250066,9,2,6,1,1,1,3,4,2,3,1990,2,2
1991,1,250067,1,2,5,2,1,1,3,4,2,3,1986,2,2
1991,2,250067,6,5,5,2,1,1,3,4,2,3,1986,2,2
1991,1,250068,4,2,2,2,2,2,3,4,2,3,1991,2,2
1991,1,250069,1,2,6,1,3,3,3,4,2,3,1987,2,2
1991,1,250070,1,2,2,2,1,1,3,4,2,3,1986,2,2
1991,2,250070,1,2,2,2,1,1,3,4,2,3,1986,2,2
1991,1,250071,2,2,2,2,1,1,3,4,2,3,1987,2,2
1991,2,250071,1,2,5,2,1,1,3,4,2,3,1983,2,2
1991,1,250072,1,2,6,1,3,3,3,4,1,3,1990,2,2
1991,1,250073,1,2,2,2,1,1,3,4,2,3,1986,2,2
1991,1,250074,1,2,6,1,2,2,3,4,1,3,1986,2,2
1991,1,250075,8,6,6,2,1,1,3,4,2,1,1988,2,2
1991,1,250076,1,2,2,1,1,1,3,4,2,3,1986,2,2
1991,1,250077,3,2,2,2,1,1,3,4,2,3,1978,2,2
1991,2,250077,4,2,2,2,1,1,3,4,2,3,1984,2,2
1991,1,250078,1,2,2,1,1,1,3,4,1,3,1982,2,2
1991,1,250079,1,3,3,2,1,1,3,4,2,3,1982,2,2
1991,2,250079,2,2,2,2,1,1,3,4,2,3,1986,2,2
1991,1,250080,1,2,2,2,1,1,3,4,2,3,1981,2,2
1991,1,250081,3,1,1,1,1,1,3,4,2,3,1988,2,2
1991,1,250082,1,2,2,2,2,2,3,4,1,3,1988,2,2
1991,1,250083,1,2,2,1,1,1,3,4,1,3,1985,2,2
1991,1,250084,1,5,5,2,1,1,3,4,2,3,1987,2,2
1991,2,250084,1,2,2,2,1,1,3,4,2,3,1986,2,2
1991,1,250085,1,2,2,2,1,1,3,4,2,3,1990,2,2
1991,1,250086,1,2,2,2,1,1,3,4,2,3,1976,2,2
1991,2,250086,1,5,5,2,1,1,3,4,2,3,1983,2,2
1991,1,250087,1,5,5,2,1,1,3,4,2,3,1986,2,2
1991,2,250087,1,2,2,2,1,1,3,4,2,3,1986,2,2
1991,1,250088,1,2,5,2,1,1,3,4,2,3,1977,2,2
1991,1,250089,4,2,2,2,1,1,3,4,2,3,1984,2,2
1991,1,250090,1,2,2,2,1,1,3,4,2,3,1988,2,2
1991,1,250091,1,2,2,2,1,1,3,4,2,3,1985,2,2
1991,1,250092,1,2,2,2,1,1,3,4,2,3,1988,2,2
1991,2,250092,1,2,6,1,2,2,3,4,2,3,1975,2,2
1991,1,250093,1,2,2,2,1,1,3,4,2,3,1984,2,2
1991,1,250094,4,2,2,2,1,1,3,4,2,3,1987,2,2
1991,1,250095,1,2,2,2,1,1,3,4,2,3,1987,2,2
1991,1,250096,2,2,2,2,1,1,3,4,2,3,1987,2,2
1991,1,250097,1,2,3,2,1,1,3,4,1,3,1987,2,2
1991,1,250098,1,2,2,2,1,1,3,4,2,3,1988,2,2
1991,1,250099,2,4,4,2,1,1,3,4,2,3,1987,2,2
1991,1,250100,6,2,2,2,1,1,3,4,2,3,1989,2,2
1991,1,250101,1,2,2,2,1,1,3,4,2,3,1990,2,2
1991,2,250101,3,2,2,2,1,1,3,4,2,3,1983,2,2
1991,1,250102,9,1,1,2,1,1,3,4,2,3,1988,2,2
1991,1,250103,1,2,2,2,1,1,3,4,2,3,1990,2,2
1991,1,250104,1,5,6,1,1,1,3,4,2,3,1982,2,2
1991,1,250105,2,2,2,2,1,1,3,4,1,3,1985,2,2
1991,2,250105,1,5,4,2,1,1,3,4,2,3,1977,2,2
1991,1,250106,1,5,5,2,1,1,3,4,2,3,1980,2,2
1991,1,250107,1,3,6,1,1,1,3,4,1,3,1985,2,2
1991,1,250108,1,2,2,1,1,1,3,4,2,3,1980,2,2
1991,1,250109,1,2,2,2,1,1,3,4,2,3,1985,2,2
1991,1,250110,6,2,2,2,1,1,3,4,2,3,1969,2,2
1991,2,250110,1,3,3,2,1,1,3,4,2,3,1987,2,2
1991,1,250111,9,2,2,2,3,3,3,4,2,3,9999,2,2
1991,1,250112,2,2,2,2,1,1,3,4,1,3,1989,2,2
1991,2,250112,1,4,4,2,3,3,3,4,2,3,1988,2,2
1991,1,250113,1,2,2,2,1,1,3,4,2,3,1983,2,2
1991,1,250114,1,2,2,2,1,1,3,4,2,3,1964,2,2
1991,1,250115,1,2,6,1,1,1,3,4,2,3,1980,2,2
1991,1,250116,1,2,2,2,1,1,3,4,2,3,1988,2,2
1991,1,250117,7,2,2,2,4,1,3,1,2,3,1978,2,2
1991,2,250117,1,2,2,2,1,1,3,4,2,3,1983,2,2
1991,1,250118,1,2,2,2,1,1,3,4,2,3,1981,2,2
1991,1,250119,7,2,2,2,4,1,3,1,2,3,1978,2,2
1991,1,250120,1,2,2,2,1,1,3,4,2,3,1973,2,2
1991,1,250121,7,2,2,2,4,1,3,1,1,3,1977,2,2
1991,1,250122,3,3,2,2,1,1,3,4,2,3,1989,2,2
1991,1,250123,6,2,2,2,1,1,3,4,2,3,1985,2,2
1991,1,250124,1,3,2,2,1,1,3,4,2,3,1985,2,2
1991,2,250124,1,2,3,2,1,1,3,4,2,3,1988,2,2
1991,1,250125,2,2,2,2,1,1,3,4,1,3,1988,2,2
1991,1,250126,2,5,5,2,1,1,3,4,2,3,1986,2,2
1991,1,250127,1,2,2,2,1,1,3,4,2,3,1984,2,2
1991,1,250128,3,2,6,1,1,1,3,4,2,3,1987,2,2
1991,1,250129,4,2,2,2,1,1,3,4,2,3,1985,2,2
1991,1,250130,1,2,2,2,1,1,3,4,2,3,1979,2,2
1991,1,250131,1,3,2,2,1,1,3,4,2,3,1968,2,2
1991,1,250132,1,2,2,2,1,1,3,4,2,3,1981,2,2
1991,1,250133,1,2,2,2,1,1,3,4,2,3,1983,2,2
1991,1,250134,2,2,3,2,2,2,3,4,2,3,1973,2,2
1991,1,250135,1,3,3,2,2,2,3,4,2,3,1987,2,2
1991,1,250136,1,2,2,2,1,1,3,4,2,3,1984,2,2
1991,2,250136,7,3,3,2,4,1,3,1,2,3,1980,2,2
1991,1,250137,1,2,2,2,2,2,3,4,2,3,1981,2,2
1991,2,250137,1,3,3,2,1,1,3,4,2,3,1981,2,2
1991,1,250138,1,7,7,2,2,2,3,4,2,3,1983,2,2
1991,1,250139,2,5,5,1,1,1,3,4,2,3,1988,2,2
1991,1,250140,1,3,5,1,1,1,3,4,1,3,1991,2,2
1991,1,250141,6,3,3,2,1,1,3,4,2,3,1989,2,2
1991,2,250141,3,2,2,2,2,2,3,4,2,3,1988,2,2
1991,1,250142,2,2,2,1,1,1,3,4,1,3,1984,2,2
1991,1,250143,1,2,2,2,1,1,3,4,2,3,1989,2,2
1991,2,250143,1,2,2,2,1,1,3,4,2,3,1986,2,2
1991,3,250143,1,2,2,2,1,1,3,4,2,3,1987,2,2
1991,1,250144,1,2,2,2,1,1,3,4,2,3,1985,2,2
1991,2,250144,1,2,2,2,1,1,3,4,2,3,1987,2,2
1991,1,250145,1,7,7,2,1,1,3,4,2,3,1988,2,2
1991,1,250146,1,2,2,2,2,2,3,4,2,3,1978,2,2
1991,1,250147,1,2,2,2,2,2,3,4,1,3,1986,2,2
1991,1,250148,1,2,2,2,1,1,3,4,2,3,1979,2,2
1991,2,250148,6,2,2,2,1,1,3,4,2,3,1988,2,2
1991,1,250149,1,2,2,2,1,1,3,4,1,3,1990,2,2
1991,2,250149,1,5,5,2,1,1,3,4,2,3,1990,2,2
1991,1,250150,1,2,2,2,1,1,3,4,2,3,1987,2,2
1991,1,250151,1,2,2,2,1,1,3,4,2,3,1990,2,2
1991,2,250151,7,2,2,2,4,1,3,1,2,3,1984,2,2
1991,1,250152,4,2,2,2,1,1,3,4,1,3,1983,2,2
1991,2,250152,1,5,5,2,1,1,3,4,2,3,1986,2,2
1991,1,250153,1,2,2,2,1,1,3,4,2,3,1984,2,2
1991,1,250154,1,3,3,2,1,1,3,4,2,3,1971,2,2
1991,1,250155,2,2,2,1,1,1,3,4,2,3,1985,2,2
1991,1,250156,1,2,4,2,1,1,3,4,1,3,1988,2,2
1991,2,250156,2,2,2,1,1,1,3,4,2,3,1986,2,2
1991,3,250156,4,2,2,2,1,1,3,4,2,3,1986,2,2
1991,1,250157,1,2,2,2,1,1,3,4,2,3,1986,2,2
1991,2,250157,1,2,2,2,1,1,3,4,2,3,1984,2,2
1991,1,250158,1,4,4,2,1,1,3,4,2,3,1985,2,2
1991,2,250158,1,2,2,2,1,1,3,4,2,3,1985,2,2
1991,1,250159,1,2,2,2,1,1,3,4,2,3,1982,2,2
1991,1,250160,1,3,6,1,1,1,3,4,2,3,1984,2,2
1991,2,250160,1,2,2,2,1,1,3,4,2,3,1980,2,2
1991,1,250161,4,2,2,2,2,2,3,4,2,3,1984,2,2
1991,2,250161,1,5,5,2,1,1,3,4,2,3,1988,2,2
1991,1,250162,2,2,6,1,1,1,3,4,2,3,1989,2,2
1991,1,250163,1,3,2,2,2,2,3,4,2,3,1979,2,2
1991,1,250164,1,2,6,2,1,1,3,4,2,3,1987,2,2
1991,1,250165,1,2,3,2,1,1,3,4,1,3,1990,2,2
1991,1,250166,1,2,2,2,1,1,3,4,2,3,1986,2,2
1991,1,250167,1,3,3,2,1,1,3,4,2,3,1991,2,2
1991,2,250167,1,2,2,2,2,2,3,4,2,3,1980,2,2
1991,1,250168,8,1,1,2,1,1,3,4,2,2,1989,2,2
1991,1,250170,2,4,2,2,1,1,3,4,1,3,1984,2,2
1991,1,250171,1,2,2,2,1,1,3,4,2,3,1990,2,2
1991,2,250171,1,2,2,2,1,1,3,4,2,3,1989,2,2
1991,1,250172,6,2,2,2,2,2,3,4,2,3,1985,2,1
1991,1,250173,2,2,2,2,1,1,3,4,2,3,1977,2,2
1991,2,250173,1,5,5,2,1,1,3,4,2,3,1987,2,2
1991,1,250174,1,2,2,1,1,1,3,4,1,3,1986,2,2
1991,1,250175,1,2,2,2,1,1,3,4,2,3,1986,2,2
1991,2,250175,1,2,2,2,2,2,3,4,1,3,1988,2,2
1991,1,250176,3,2,2,2,1,1,3,4,2,3,1987,2,2
1991,2,250176,7,2,2,2,4,1,3,1,2,3,1986,2,2
1991,1,250177,2,2,2,2,1,1,3,4,2,3,1987,2,2
1991,1,250178,1,2,6,1,1,1,3,4,1,3,1982,2,2
1991,1,250179,1,2,2,2,2,2,3,4,2,3,1978,2,2
1991,1,250180,6,4,4,2,1,1,3,4,2,3,1980,2,2
1991,2,250180,1,2,2,2,1,1,3,4,2,3,1988,2,2
1991,1,250181,4,2,2,2,2,2,3,4,1,3,1984,2,2
1991,1,250182,7,2,2,2,4,2,3,2,2,3,1985,2,2
1991,2,250182,1,2,2,2,1,1,3,4,2,3,1984,2,2
1991,1,250183,1,2,2,2,1,1,3,4,2,3,1983,2,2
1991,1,250184,1,2,2,2,1,1,3,4,2,3,1987,2,2
1991,1,250186,1,5,2,2,1,1,3,4,2,3,1988,2,2
1991,2,250186,2,2,2,2,1,1,3,4,2,3,1986,2,2
1991,1,250188,1,2,2,2,1,1,3,4,2,3,1987,2,2
1991,1,250189,1,3,3,2,1,1,3,4,2,3,1988,2,2
1991,1,250190,2,2,2,2,1,1,3,4,1,3,1989,2,2
1991,1,250191,1,4,2,2,1,1,3,4,1,3,1984,2,2
1991,1,250192,1,2,2,2,1,1,3,4,2,3,1984,2,2
1991,1,250193,2,2,2,2,1,1,3,4,2,3,1987,2,2
1991,2,250193,1,2,2,2,1,1,3,4,2,3,1984,2,2
1991,1,250194,7,2,2,2,4,1,3,1,2,3,1980,2,2
1991,1,250195,1,2,2,2,1,1,3,4,2,3,1980,2,2
1991,1,250196,1,2,2,2,2,2,3,4,2,3,1981,2,2
1991,1,250197,1,2,2,2,1,1,3,4,2,3,1987,2,2
1991,2,250197,1,2,2,2,2,2,3,4,1,3,1985,2,2
1991,1,250198,7,2,2,2,4,1,3,1,2,3,1988,2,2
1991,2,250198,2,4,4,2,1,1,3,4,2,3,1986,2,2
1991,1,250199,1,2,2,2,1,1,3,4,2,3,1989,2,2
1991,2,250199,1,3,3,2,1,1,3,4,2,3,1980,2,2
1991,3,250199,1,3,3,2,1,1,3,4,2,3,1988,2,2
1991,4,250199,4,2,4,2,1,1,3,4,2,3,1990,2,2
1991,5,250199,1,2,2,2,1,1,3,4,2,3,1985,2,2
1991,1,250200,1,5,5,2,1,1,3,4,2,3,1990,2,2
1991,2,250200,6,2,2,2,1,1,3,4,2,3,1988,2,2
1991,1,250201,1,2,4,2,1,1,3,4,2,3,1989,2,2
1991,2,250201,7,2,2,2,4,1,3,1,2,3,1975,2,2
1991,1,250202,1,2,2,2,1,1,3,4,2,3,1990,2,2
1991,2,250202,1,3,5,2,1,1,3,4,2,3,1979,2,2
1991,3,250202,3,2,2,2,1,1,3,4,2,3,1982,2,2
1991,1,250203,2,2,2,2,1,1,3,4,2,3,1966,2,2
1991,1,250204,2,2,6,1,1,1,3,4,2,3,1983,2,2
1991,1,250205,1,2,4,2,1,1,3,4,2,3,1988,2,2
1991,2,250205,1,3,3,2,1,1,3,4,2,3,1987,2,2
1991,1,250206,1,2,2,2,1,1,3,4,2,3,1983,2,2
1991,1,250207,1,4,4,2,1,1,3,4,2,3,1981,2,2
1991,1,250208,1,5,5,2,1,1,3,4,2,3,1988,2,2
1991,2,250208,4,2,2,2,1,1,3,4,2,3,1989,2,2
1991,1,250209,7,2,2,2,4,2,3,2,2,3,1990,2,2
1991,1,250210,7,2,2,2,4,1,3,1,1,3,1989,2,2
1991,1,250211,1,2,3,2,2,2,3,4,1,3,1987,2,2
1991,1,250212,7,2,2,2,4,1,3,1,1,3,1991,2,2
1991,1,250213,2,2,2,1,1,1,3,4,2,3,1988,2,2
1991,2,250213,1,5,5,2,1,1,3,4,2,3,1984,2,2
1991,1,250214,7,2,2,2,4,1,3,1,2,3,1985,2,2
1991,2,250214,4,2,2,2,1,1,3,4,2,3,1985,2,2
1991,1,250215,1,2,2,2,1,1,3,4,2,3,1981,2,2
1991,1,250216,1,2,3,2,2,2,3,4,1,3,1985,2,2
1991,1,250217,1,2,2,2,1,1,3,4,2,3,9999,2,2
1991,2,250217,5,4,4,2,1,1,3,4,2,3,1989,2,2
1991,3,250217,4,2,2,2,1,1,3,4,2,3,1990,2,2
1991,1,250218,1,2,2,2,1,1,3,4,2,3,1983,2,2
1991,1,250219,6,2,2,2,1,1,3,4,2,3,1990,2,2
1991,1,250220,1,7,7,2,1,1,3,4,1,3,1985,2,2
1991,1,250221,9,7,7,2,3,3,3,4,2,3,9999,2,2
1991,1,250222,1,2,2,2,1,1,3,4,2,3,1989,2,2
1991,1,250223,1,2,2,2,1,1,3,4,2,3,1991,2,2
1991,1,250224,1,1,1,2,1,1,3,4,2,3,1984,2,2
1991,1,250225,1,2,5,2,1,1,3,4,2,3,1984,2,2
1991,1,250226,7,2,2,2,4,2,3,2,1,3,1982,2,2
1991,2,250226,1,5,6,2,1,1,3,4,2,3,1985,2,2
1991,3,250226,1,2,2,2,1,1,3,4,2,3,1986,2,2
1991,1,250227,1,2,6,1,1,1,3,4,2,3,1988,2,2
1991,1,250228,3,2,6,1,1,1,3,4,2,3,1987,2,2
1991,1,250229,1,2,3,2,1,1,3,4,2,3,1985,2,2
1991,1,250230,1,2,3,2,1,1,3,4,2,3,1986,2,2
1991,1,250231,1,2,2,2,1,1,3,4,1,3,1991,2,2
1991,1,250232,3,3,3,2,1,1,3,4,2,3,1986,2,2
1991,2,250232,1,2,2,2,1,1,3,4,2,3,1986,2,2
1991,1,250233,1,2,2,2,1,1,3,4,2,3,1977,2,2
1991,2,250233,4,4,4,2,1,1,3,4,2,3,1988,2,2
1991,3,250233,1,5,5,2,1,1,3,4,2,3,1988,2,2
1991,1,250234,1,2,2,2,1,1,3,4,2,3,1988,2,2
1991,2,250234,1,2,2,2,1,1,3,4,2,3,1985,2,2
1991,1,250235,1,2,4,2,1,1,3,4,1,3,1987,2,2
1991,2,250235,1,3,3,2,1,1,3,4,2,3,1984,2,2
1991,1,250236,1,1,1,1,2,2,3,4,2,3,1991,2,2
1991,1,250237,7,2,2,2,4,2,3,2,2,3,1980,2,2
1991,1,250238,9,2,2,2,1,1,3,4,2,3,1987,2,2
1991,2,250238,1,2,2,2,1,1,3,4,2,3,1986,2,2
1991,1,250239,3,5,6,1,1,1,3,4,2,3,1989,2,2
1991,2,250239,1,2,3,2,1,1,3,4,1,3,1988,2,2
1991,1,250240,4,2,2,2,1,1,3,4,2,3,1976,2,2
1991,1,250241,7,3,2,2,4,1,3,1,2,3,1990,2,2
1991,2,250241,1,2,2,2,1,1,3,4,2,3,1984,2,2
1991,1,250242,1,2,6,1,1,1,3,4,2,3,1987,2,2
1991,1,250243,2,2,6,1,1,1,3,4,2,3,1990,2,2
1991,1,250244,1,2,2,2,1,1,3,4,2,3,1968,2,2
1991,1,250245,7,2,6,2,4,1,3,1,2,3,1983,2,2
1991,1,250246,1,2,2,2,1,1,3,4,2,3,1988,2,2
1991,1,250247,1,2,6,1,1,1,3,4,2,3,1982,2,2
1991,1,250248,1,3,3,2,1,1,3,4,2,3,1984,2,2
1991,2,250248,1,2,2,2,1,1,3,4,2,3,1983,2,2
1991,1,250249,1,2,2,2,1,1,3,4,2,3,1981,2,2
1991,1,250250,1,2,2,2,1,1,3,4,2,3,1988,2,2
1991,2,250250,7,2,2,2,4,2,3,2,2,3,9999,2,2
1991,1,250251,1,5,5,2,1,1,3,4,1,3,1989,2,2
1991,1,250252,5,1,1,2,1,1,3,4,2,3,1983,2,2
1991,1,250253,1,2,2,1,1,1,3,4,2,3,1988,2,2
1991,1,250254,1,2,2,2,1,1,3,4,2,3,1986,2,2
1991,2,250254,1,2,2,2,1,1,3,4,2,3,1991,2,2
1991,1,250255,1,2,5,2,1,3,3,4,2,3,1979,2,2
1991,1,250256,7,2,4,2,4,1,3,1,2,3,1987,2,2
1991,2,250256,7,2,4,2,4,1,3,1,2,3,1991,2,2
1991,1,250257,3,2,6,1,1,1,3,4,2,3,1989,2,2
1991,2,250257,1,2,2,2,1,1,3,4,2,3,1987,2,2
1991,1,250258,1,2,2,2,1,1,3,4,2,3,1985,2,2
1991,1,250259,1,5,5,2,2,2,3,4,1,3,1978,2,2
1991,1,250260,1,2,2,2,1,1,3,4,1,3,1987,2,2
1991,1,250261,1,2,6,1,2,2,3,4,2,3,1990,2,2
1991,1,250262,6,5,5,2,1,1,3,4,2,3,1989,2,2
1991,2,250262,1,2,6,2,3,3,3,4,2,3,1979,2,2
1991,1,250263,1,2,2,2,1,1,3,4,2,3,1986,2,2
1991,2,250263,7,2,2,2,4,1,3,1,2,3,1978,2,2
1991,1,250264,1,2,2,2,1,1,3,4,2,3,1988,2,2
1991,2,250264,6,2,2,2,1,1,3,4,2,3,1971,2,2
1991,1,250265,5,3,3,2,2,2,3,4,2,3,1986,2,2
1991,1,250266,1,2,2,1,1,1,3,4,2,3,1985,2,2
1991,2,250266,1,2,2,2,1,1,3,4,2,3,1985,2,2
1991,1,250267,4,2,5,1,1,1,3,4,1,3,1977,2,2
1991,2,250267,1,3,3,2,3,3,3,4,2,3,1979,2,2
1991,1,250268,4,2,2,2,1,1,3,4,2,3,1990,2,2
1991,1,250269,1,2,2,2,2,2,3,4,2,3,1987,2,2
1991,1,250270,9,4,4,2,1,1,3,4,2,3,1979,2,2
1991,1,250271,1,4,4,2,1,1,3,4,2,3,1977,2,2
1991,2,250271,1,2,2,2,1,1,3,4,2,3,1983,2,2
1991,1,250272,1,2,2,2,1,1,3,4,2,3,1983,2,2
1991,2,250272,7,2,2,2,4,1,3,1,2,3,1984,2,2
1991,1,250273,1,2,2,2,1,1,3,4,2,3,1986,2,2
1991,1,250274,1,2,2,2,1,1,3,4,2,3,1975,2,2
1991,2,250274,2,2,6,1,1,1,3,4,2,3,1973,2,2
1991,1,250275,9,2,2,2,1,1,3,4,2,3,1966,2,2
1991,2,250275,4,2,2,2,1,1,3,4,2,3,1987,2,2
1991,1,250276,4,2,2,2,1,1,3,4,2,3,1984,2,2
1991,1,250277,1,2,2,2,1,1,3,4,2,3,1987,2,2
1991,1,250278,4,2,2,2,1,1,3,4,2,3,1985,2,2
1991,2,250278,1,2,2,2,1,1,3,4,2,3,1985,2,2
1991,1,250279,2,2,2,2,1,1,3,4,1,3,1975,2,2
1991,1,250280,7,2,2,2,4,1,3,1,2,3,1991,2,2
1991,1,250281,1,2,2,2,1,1,3,4,2,3,1986,2,2
1991,1,250282,1,2,2,2,1,1,3,4,2,3,1979,2,2
1991,1,250283,1,2,2,2,1,1,3,4,2,3,1990,2,2
1991,2,250283,1,2,2,2,2,2,3,4,2,3,1982,2,2
1991,3,250283,1,2,2,2,1,1,3,4,2,3,1989,2,2
1991,1,250284,2,2,6,1,1,1,3,4,2,3,1985,2,2
1991,1,250285,1,2,2,2,1,1,3,4,2,3,1972,2,2
1991,2,250285,6,5,5,2,1,1,3,4,2,3,1984,2,2
1991,1,250286,1,2,5,2,1,1,3,4,1,3,1980,2,2
1991,2,250286,1,5,2,2,1,1,3,4,2,3,1986,2,2
1991,3,250286,1,4,4,2,1,1,3,4,2,3,1987,2,2
1991,1,250287,1,4,5,2,1,1,3,4,2,3,1983,2,2
1991,2,250287,1,2,2,2,1,1,3,4,2,3,1986,2,2
1991,3,250287,1,2,2,2,1,1,3,4,2,3,1988,2,2
1991,1,250288,1,2,2,2,1,1,3,4,2,3,1986,2,2
1991,1,250289,1,2,2,2,1,1,3,4,2,3,1985,2,2
1991,1,250290,7,2,2,2,4,2,3,2,1,3,1980,2,2
1991,1,250291,1,2,2,2,1,1,3,4,2,3,1968,2,2
1991,1,250292,1,2,3,2,1,1,3,4,2,3,1986,2,2
1991,1,250293,7,2,2,2,4,2,3,2,2,3,9999,2,2
1991,2,250293,1,4,4,2,1,1,3,4,2,3,1987,2,2
1991,1,250294,1,2,2,2,1,1,3,4,2,3,1980,2,2
1991,1,250295,1,2,2,2,1,1,3,4,2,3,1984,2,2
1991,1,250297,3,2,2,2,1,1,3,4,2,3,1984,2,2
1991,1,250298,1,2,2,2,1,1,3,4,2,3,1989,2,2
1991,2,250298,5,4,4,2,1,1,3,4,2,3,1984,2,2
1991,1,250299,1,2,2,2,1,1,3,4,2,3,1991,2,2
1991,1,250300,7,2,2,2,4,2,3,2,1,3,1982,2,2
1991,1,250301,1,3,3,2,1,1,3,4,2,3,1981,2,2
1991,2,250301,1,2,2,2,1,1,3,4,2,3,1985,2,2
1991,1,250302,1,2,6,1,1,1,3,4,1,3,1983,2,2
1991,1,250303,1,2,5,2,1,1,3,4,2,3,1987,2,2
1991,2,250303,2,3,6,1,1,1,3,4,2,3,1987,2,2
1991,3,250303,1,5,5,2,1,1,3,4,2,3,1981,2,2
1991,1,250304,1,2,2,2,1,1,3,4,2,3,1988,2,2
1991,1,250305,1,2,2,2,2,2,3,4,2,3,1989,2,2
1991,1,250307,1,2,3,2,1,1,3,4,2,3,1991,2,2
1991,1,250308,1,2,2,2,1,1,3,4,2,3,1989,2,2
1991,1,250309,1,2,2,2,2,2,3,4,2,3,1986,2,2
1991,1,250310,2,2,2,2,1,1,3,4,1,3,1988,2,2
1991,1,250311,2,2,6,1,1,1,3,4,2,3,1991,2,2
1991,1,250312,1,2,2,2,1,1,3,4,2,3,1985,2,2
1991,2,250312,1,2,2,2,1,1,3,4,2,3,1986,2,2
1991,1,250313,7,2,2,2,4,1,3,1,2,3,1986,2,2
1991,2,250313,1,2,2,2,1,1,3,4,2,3,1988,2,2
1991,1,250314,3,2,2,2,1,1,3,4,2,3,1990,2,2
1991,2,250314,1,2,2,2,1,1,3,4,2,3,1989,2,2
1991,1,250315,1,2,2,2,1,1,3,4,2,3,1984,2,2
1991,2,250315,1,2,2,2,1,1,3,4,2,3,1987,2,2
1991,3,250315,3,2,2,2,1,1,3,4,2,3,1991,2,2
1991,1,250316,1,2,3,2,1,1,3,4,2,3,1986,2,2
1991,2,250316,1,4,2,2,1,1,3,4,2,3,1987,2,2
1991,3,250316,4,4,2,2,1,1,3,4,2,3,1987,2,2
1991,4,250316,7,4,2,2,4,1,3,1,2,3,1987,2,2
1991,5,250316,1,2,4,2,1,1,3,4,2,3,1984,2,2
1991,1,250317,1,2,2,2,1,1,3,4,2,3,1991,2,2
1991,1,250318,1,2,6,2,1,1,3,4,2,3,1990,2,2
1991,2,250318,9,4,4,2,1,1,3,4,2,3,1986,2,2
1991,1,250319,1,2,6,1,1,1,3,4,2,3,1986,2,2
1991,1,250320,1,2,2,2,1,1,3,4,1,3,1981,2,2
1991,1,250321,7,2,2,2,4,1,3,1,2,3,1982,2,2
1991,1,250322,1,2,6,1,1,1,3,4,2,3,1988,2,2
1991,1,250323,1,2,2,2,1,1,3,4,2,3,1987,2,2
1991,2,250323,4,2,2,2,1,1,3,4,2,3,1983,2,2
1991,1,250324,1,2,5,2,1,1,3,4,2,3,1986,2,2
1991,2,250324,2,2,2,2,1,1,3,4,2,3,1982,2,2
1991,1,250325,1,2,3,2,1,1,3,4,1,3,1980,2,2
1991,1,250326,1,2,2,2,1,1,3,4,2,3,1988,2,2
1991,1,250327,3,2,2,2,1,1,3,4,1,3,1979,2,2
1991,2,250327,2,2,2,2,1,1,3,4,2,3,1977,2,2
1991,1,250328,1,4,2,2,1,1,3,4,2,3,1983,2,2
1991,2,250328,1,2,2,2,1,1,3,4,1,3,1988,2,2
1991,1,250329,1,2,2,2,1,1,3,4,2,3,1984,2,2
1991,1,250330,7,2,2,2,4,2,3,2,1,3,1989,2,2
1991,2,250330,1,2,2,2,1,1,3,4,2,3,1991,2,2
1991,1,250331,6,2,2,1,1,1,3,4,2,3,1989,2,2
1991,1,250332,1,2,2,2,1,1,3,4,2,3,1982,2,2
1991,2,250332,1,2,2,2,1,1,3,4,2,3,1986,2,2
1991,1,250333,2,2,2,2,1,1,3,4,1,3,1986,2,2
1991,1,250334,1,2,2,2,1,1,3,4,2,3,1990,2,2
1991,2,250334,1,5,2,2,1,1,3,4,2,3,1991,2,2
1991,1,250335,1,2,2,2,1,1,3,4,1,3,1990,2,2
1991,1,250336,1,2,3,2,1,1,3,4,1,3,1968,2,2
1991,1,250337,1,2,3,2,1,1,3,4,1,3,1988,2,2
1991,1,250338,1,2,2,2,1,1,3,4,2,3,1984,2,2
1991,1,250339,1,2,2,2,2,2,3,4,2,3,1981,2,2
1991,2,250339,3,5,5,2,1,1,3,4,2,3,1990,2,2
1991,1,250341,4,2,2,2,1,1,3,4,2,3,1990,2,2
1991,1,250342,9,2,6,1,1,1,3,4,2,3,9999,2,2
1991,1,250344,1,2,2,2,1,1,3,4,2,3,1978,2,2
1991,1,250345,1,2,2,2,1,1,3,4,1,3,1983,2,2
1991,1,250346,3,4,4,1,1,1,3,4,2,3,1989,2,2
1991,2,250346,1,2,2,2,1,1,3,4,2,3,1987,2,2
1991,1,250347,2,2,2,2,1,1,3,4,2,3,1988,2,2
1991,2,250347,3,4,4,1,1,1,3,4,2,3,1983,2,2
1991,1,250348,1,2,2,2,1,1,3,4,2,3,1986,2,2
1991,1,250349,7,2,2,2,4,1,3,1,2,3,1986,2,2
1991,1,250350,1,3,3,1,1,1,3,4,1,3,1987,2,2
1991,1,250351,1,2,2,2,1,1,3,4,2,3,1976,2,2
1991,2,250351,1,3,3,2,1,1,3,4,2,3,1987,2,2
1991,1,250352,1,2,2,2,2,2,3,4,2,3,1985,2,2
1991,1,250353,1,2,2,2,1,1,3,4,2,3,1974,2,2
1991,1,250354,1,2,2,1,1,1,3,4,2,3,1987,2,2
1991,2,250354,1,3,3,2,1,1,3,4,2,3,1989,2,2
1991,1,250355,2,2,2,2,1,1,3,4,2,3,1979,2,2
1991,1,250356,1,2,2,2,1,1,3,4,2,3,1981,2,2
1991,1,250357,5,1,1,2,1,1,3,4,2,3,1973,2,2
1991,1,250358,4,2,2,2,1,1,3,4,2,3,1990,2,2
1991,1,250359,7,2,2,2,4,1,3,1,2,3,1991,2,2
1991,1,250360,1,2,3,2,2,2,3,4,2,3,1980,2,2
1991,2,250360,4,2,2,2,1,1,3,4,2,3,1990,2,2
1991,1,250361,1,2,2,2,1,1,3,4,2,3,1978,2,2
1991,1,250362,7,1,1,2,4,1,3,1,2,3,1975,2,2
1991,1,250363,1,4,4,2,1,1,3,4,2,3,1988,2,2
1991,1,250364,1,2,6,1,1,1,3,4,2,3,1985,2,2
1991,2,250364,1,2,2,2,1,1,3,4,2,3,1986,2,2
1991,1,250365,1,2,2,2,1,1,3,4,2,3,1979,2,2
1991,1,250366,1,2,2,2,2,2,3,4,2,3,1985,2,2
1991,2,250366,3,2,2,2,1,1,3,4,2,3,1988,2,2
1991,1,250368,7,2,2,2,4,2,3,2,2,3,1986,2,2
1991,1,250369,2,2,6,1,1,1,3,4,2,3,1990,2,2
1991,1,250370,3,5,5,1,1,1,3,4,2,3,1991,2,2
1991,2,250370,1,2,2,2,1,1,3,4,2,3,1979,2,2
1991,1,250371,1,2,2,2,1,1,3,4,2,3,1985,2,2
1991,1,250372,2,2,5,2,1,1,3,4,2,3,1989,2,2
1991,1,250373,3,2,2,2,1,1,3,4,2,3,1991,2,2
1991,1,250374,2,1,1,2,1,1,3,4,2,3,1986,2,2
1991,1,250375,4,2,2,2,1,1,3,4,2,3,1984,2,2
1991,1,250376,1,2,2,2,1,1,3,4,2,3,1980,2,2
1991,1,250377,1,2,2,2,1,1,3,4,1,3,1980,2,2
1991,1,250378,1,1,1,2,2,2,3,4,2,3,1978,2,2
1991,1,250379,2,2,2,2,1,1,3,4,1,3,1987,2,2
1991,2,250379,1,2,2,2,1,1,3,4,2,3,1988,2,2
1991,1,250380,1,3,3,2,1,1,3,4,2,3,1986,2,2
1991,2,250380,1,2,2,2,1,1,3,4,2,3,1985,2,2
1991,1,250381,3,1,1,1,1,1,3,4,2,3,1989,2,2
1991,1,250382,1,2,2,2,2,2,3,4,2,3,1985,2,2
1991,1,250383,7,5,5,2,4,1,3,1,2,3,1975,2,2
1991,1,250384,1,2,5,2,1,1,3,4,2,3,1979,2,2
1991,2,250384,1,2,2,2,1,1,3,4,2,3,1984,2,2
1991,1,250385,3,2,2,2,3,3,3,4,2,3,1988,2,2
1991,2,250385,3,2,2,2,1,1,3,4,2,3,1987,2,2
1991,3,250385,1,2,2,2,1,1,3,4,2,3,1990,2,2
1991,1,250386,1,2,6,2,1,1,3,4,2,3,1985,2,2
1991,1,250387,1,5,4,2,1,1,3,4,2,3,1985,2,2
1991,2,250387,2,3,2,2,1,1,3,4,2,3,1978,2,2
1991,1,250388,1,2,3,2,1,1,3,4,2,3,1985,2,2
1991,1,250389,3,2,2,2,1,1,3,4,2,3,1986,2,2
1991,1,250390,1,2,3,2,1,1,3,4,1,3,1990,2,2
1991,1,250391,1,2,2,2,1,1,3,4,2,3,1986,2,2
1991,1,250392,4,2,2,2,1,1,3,4,2,3,1991,2,2
1991,1,250393,1,2,2,2,1,1,3,4,2,3,1989,2,2
1991,1,250394,9,2,2,2,3,3,3,4,2,3,9999,2,2
1991,1,250395,2,2,2,2,1,1,3,4,2,3,1988,2,2
1991,2,250395,1,3,3,2,1,1,3,4,2,3,1983,2,2
1991,1,250396,1,2,2,2,1,1,3,4,2,3,1979,2,2
1991,1,250397,1,1,1,1,1,1,3,4,1,3,1989,2,2
1991,1,250398,1,6,7,1,1,1,3,4,1,3,1985,2,2
1991,1,250399,3,2,2,2,1,1,3,4,2,3,1979,2,2
1991,1,250400,4,3,3,2,1,1,3,4,2,3,1986,2,2
1991,2,250400,3,5,6,1,1,1,3,4,2,3,1984,2,2
1991,1,250401,6,2,2,2,1,1,3,4,2,3,1989,2,2
1991,2,250401,2,2,2,2,1,1,3,4,1,3,1987,2,2
1991,1,250402,1,2,6,1,1,1,3,4,2,3,1986,2,2
1991,1,250403,1,2,2,2,1,1,3,4,2,3,1990,2,2
1991,1,250404,3,7,7,2,1,1,3,4,2,3,1986,2,2
1991,1,250405,1,3,3,2,1,1,3,4,2,3,1983,2,2
1991,2,250405,7,2,2,2,4,1,3,1,2,3,1987,2,2
1991,1,250406,1,2,2,2,1,1,3,4,2,3,1985,2,2
1991,1,250407,1,2,2,2,1,1,3,4,2,3,1986,2,2
1991,1,250408,1,5,5,2,1,1,3,4,2,3,1988,2,2
1991,2,250408,1,2,2,2,1,1,3,4,2,3,1985,2,2
1991,3,250408,1,2,2,2,1,1,3,4,2,3,1988,2,2
1991,1,250409,7,2,2,2,4,1,3,1,2,3,1985,2,2
1991,2,250409,6,2,2,2,1,1,3,4,2,3,1977,2,2
1991,1,250410,2,2,2,2,1,1,3,4,2,3,1991,2,2
1991,2,250410,1,5,5,2,1,1,3,4,2,3,1987,2,2
1991,1,250411,1,5,6,1,1,1,3,4,2,3,1984,2,2
1991,1,250412,4,2,2,2,1,1,3,4,2,3,1980,2,2
1991,1,250413,1,2,2,2,1,1,3,4,2,3,1980,2,2
1991,1,250414,4,2,2,2,1,1,3,4,2,3,1975,2,2
1991,1,250415,1,2,2,2,1,1,3,4,2,3,1985,2,2
1991,1,250416,1,6,6,1,1,1,3,4,1,3,1988,2,2
1991,1,250417,1,2,5,1,1,1,3,4,1,3,1991,2,2
1991,2,250417,1,2,2,2,1,1,3,4,2,3,1981,2,2
1991,1,250418,1,2,5,2,1,1,3,4,2,3,1984,2,2
1991,2,250418,1,5,5,2,1,1,3,4,2,3,1991,2,2
1991,1,250419,1,5,5,2,1,1,3,4,2,3,1980,2,2
1991,2,250419,6,2,2,2,1,1,3,4,2,3,1988,2,2
1991,1,250420,2,1,1,1,1,1,3,4,1,3,1986,2,2
1991,1,250421,2,2,2,2,1,1,3,4,2,3,1988,2,2
1991,1,250422,1,2,2,2,1,1,3,4,2,3,1984,2,2
1991,1,250423,2,2,6,1,1,1,3,4,2,3,1978,2,2
1991,1,250424,1,2,2,2,1,1,3,4,2,3,1981,2,2
1991,2,250424,3,2,2,2,1,1,3,4,2,3,1985,2,2
1991,1,250425,1,3,6,2,1,1,3,4,1,3,1976,2,2
1991,1,250426,1,2,6,1,1,1,3,4,2,3,1990,2,2
1991,1,250427,1,2,2,2,1,1,3,4,1,3,1989,2,2
1991,1,250428,1,2,6,2,1,1,3,4,2,3,1991,2,2
1991,2,250428,1,2,5,2,1,1,3,4,2,3,1980,2,2
1991,3,250428,1,2,2,2,1,1,3,4,2,3,1982,2,2
1991,1,250429,1,2,2,2,1,1,3,4,2,3,1987,2,2
1991,1,250430,1,3,3,1,1,1,3,4,2,3,1978,2,2
1991,1,250431,2,2,5,2,1,1,3,4,2,3,1988,2,2
1991,1,250432,9,7,7,2,3,3,3,4,2,3,9999,2,2
1991,1,250433,1,2,2,2,1,1,3,4,2,3,1991,2,2
1991,2,250433,1,2,2,2,1,1,3,4,2,3,1991,2,2
1991,1,250434,1,2,3,2,1,1,3,4,2,3,1988,2,2
1991,2,250434,4,2,2,2,1,1,3,4,2,3,1991,2,2
1991,3,250434,2,2,2,2,1,1,3,4,2,3,1987,2,2
1991,1,250435,2,2,2,2,2,2,3,4,2,3,1979,2,2
1991,2,250435,1,2,2,2,1,1,3,4,2,3,1989,2,2
1991,3,250435,2,2,2,2,1,1,3,4,2,3,1987,2,2
1991,1,250436,9,2,5,2,1,1,3,4,2,3,1988,2,2
1991,2,250436,1,2,2,2,1,1,3,4,2,3,1987,2,2
1991,1,250437,1,3,3,2,1,1,3,4,2,3,1985,2,2
1991,2,250437,1,2,2,2,2,2,3,4,1,3,1989,2,2
1991,1,250438,2,2,2,2,1,1,3,4,2,3,1990,2,2
1991,1,250439,1,2,2,2,1,1,3,4,1,3,1985,2,2
1991,1,250440,1,2,2,2,1,1,3,4,2,3,1990,2,2
1991,2,250440,1,2,2,2,1,1,3,4,2,3,1990,2,2
1991,1,250441,9,7,7,2,3,3,3,4,2,3,9999,2,2
1991,1,250442,1,2,2,2,1,1,3,4,2,3,1990,2,2
1991,2,250442,1,5,5,2,1,1,3,4,2,3,1978,2,2
1991,1,250443,1,2,2,2,1,1,3,4,2,3,1982,2,2
1991,1,250444,1,2,2,2,1,1,3,4,2,3,1976,2,2
1991,1,250445,1,2,6,1,1,1,3,4,2,3,1988,2,2
1991,1,250446,1,2,2,2,1,1,3,4,2,3,1986,2,2
1991,1,250447,3,2,6,1,2,2,3,4,2,3,1979,2,2
1991,1,250448,6,3,6,2,1,1,3,4,2,3,1989,2,2
1991,1,250449,2,4,5,2,1,1,3,4,1,3,1988,2,2
1991,2,250449,1,2,4,2,1,1,3,4,1,3,1971,2,2
1991,1,250450,1,2,2,2,1,1,3,4,1,3,1988,2,2
1991,2,250450,1,2,2,2,1,1,3,4,2,3,1989,2,2
1991,1,250451,1,2,2,2,1,1,3,4,2,3,1987,2,2
1991,1,250452,2,4,4,2,1,1,3,4,2,3,1979,2,2
1991,2,250452,4,2,2,2,1,1,3,4,2,3,1989,2,2
1991,1,250453,1,2,2,2,1,1,3,4,2,3,1985,2,2
1991,2,250453,4,2,2,2,1,1,3,4,2,3,1979,2,2
1991,1,250454,1,2,2,2,1,1,3,4,2,3,1987,2,2
1991,1,250455,1,2,2,2,1,1,3,4,2,3,1980,2,2
1991,1,250456,3,2,2,2,1,1,3,4,2,3,1989,2,2
1991,1,250457,1,4,4,2,1,1,3,4,2,3,1985,2,2
1991,2,250457,1,2,2,2,1,1,3,4,2,3,1981,2,2
1991,3,250457,1,2,2,2,1,1,3,4,2,3,1982,2,2
1991,1,250458,2,4,6,1,1,1,3,4,2,3,1987,2,2
1991,2,250458,1,2,2,2,1,1,3,4,1,3,1979,2,2
1991,1,250459,4,2,2,2,1,1,3,4,2,3,1989,2,2
1991,1,250460,1,2,2,2,1,1,3,4,2,3,1986,2,2
1991,1,250461,1,2,2,2,1,1,3,4,2,3,1980,2,2
1991,1,250462,7,2,2,2,4,2,3,2,1,3,9999,2,2
1991,1,250463,1,1,1,1,1,1,3,4,2,3,1984,2,2
1991,1,250464,1,2,2,2,1,1,3,4,2,3,1990,2,2
1991,2,250464,7,2,2,2,4,1,3,1,2,3,1991,2,2
1991,1,250465,1,2,2,2,1,1,3,4,2,3,1984,2,2
1991,1,250466,1,2,2,2,1,1,3,4,2,3,1989,2,2
1991,2,250466,3,2,2,2,1,1,3,4,2,3,1986,2,2
1991,1,250467,3,2,2,1,1,1,3,4,1,3,1989,2,2
1991,1,250468,1,2,2,2,1,1,3,4,2,3,1989,2,2
1991,2,250468,7,2,2,2,4,1,3,1,2,3,1988,2,2
1991,1,250469,1,2,2,2,1,1,3,4,2,3,1990,2,2
1991,2,250469,1,2,5,2,1,1,3,4,2,3,1987,2,2
1991,3,250469,6,2,2,2,1,1,3,4,2,3,1990,2,2
1991,1,250470,7,2,2,2,4,1,3,1,2,3,1987,2,2
1991,2,250470,1,2,3,2,1,1,3,4,2,3,1986,2,2
1991,1,250471,1,2,2,2,1,1,3,4,2,3,1987,2,2
1991,1,250472,1,2,2,2,1,1,3,4,2,3,1987,2,2
1991,1,250473,9,5,5,2,3,3,3,4,2,3,9999,2,2
1991,1,250475,1,2,2,2,1,1,3,4,2,3,1989,2,2
1991,2,250475,1,2,2,2,1,1,3,4,2,3,1978,2,2
1991,1,250476,1,5,5,2,1,1,3,4,1,3,1985,2,2
1991,1,250477,1,2,2,2,1,1,3,4,2,3,1987,2,2
1991,1,250478,2,3,2,2,1,1,3,4,2,3,1977,2,2
1991,2,250478,2,5,5,2,1,1,3,4,2,3,1987,2,2
1991,1,250479,9,2,2,2,3,3,3,4,2,3,9999,2,2
1991,1,250480,2,1,1,2,1,1,3,4,2,3,1984,2,2
1991,2,250480,3,2,2,2,1,1,3,4,2,3,1991,2,2
1991,3,250480,1,2,2,2,1,1,3,4,2,3,1980,2,2
1991,1,250481,1,2,2,2,1,1,3,4,2,3,1982,2,2
1991,2,250481,1,5,5,2,1,1,3,4,2,3,1984,2,2
1991,1,250482,1,2,2,2,1,1,3,4,2,3,1991,2,2
1991,2,250482,4,2,2,2,1,1,3,4,2,3,1985,2,2
1991,1,250483,1,2,2,2,2,2,3,4,2,3,1990,2,2
1991,1,250484,1,2,2,2,1,1,3,4,2,3,1987,2,2
1991,1,250485,1,2,6,1,1,1,3,4,1,3,1983,2,2
1991,1,250486,1,2,2,2,1,1,3,4,2,3,1986,2,2
1991,2,250486,1,2,2,2,1,1,3,4,2,3,9999,2,2
1991,1,250487,1,2,5,2,1,1,3,4,2,3,1985,2,2
1991,1,250488,3,3,2,2,1,1,3,4,1,3,1990,2,2
1991,1,250489,1,5,5,2,1,1,3,4,1,3,1986,2,2
1991,1,250490,1,2,2,2,2,2,3,4,2,3,1984,2,2
1991,2,250490,1,2,2,2,1,1,3,4,2,3,1985,2,2
1991,1,250491,1,2,2,2,1,1,3,4,2,3,1984,2,2
1991,1,250492,1,2,2,2,1,1,3,4,2,3,1987,2,1
1991,1,250493,1,2,2,1,2,2,3,4,2,3,1985,2,2
1991,1,250494,1,2,2,2,1,1,3,4,1,3,1990,2,2
1991,1,250495,1,2,5,2,1,1,3,4,2,3,1990,2,2
1991,1,250496,1,2,6,1,2,2,3,4,2,3,1981,2,2
1991,1,250497,1,2,5,2,1,1,3,4,2,3,1985,2,2
1991,1,250499,1,2,6,1,1,1,3,4,2,3,1987,2,2
1991,1,250500,1,5,5,2,1,1,3,4,2,3,1986,2,2
1991,1,250501,1,2,2,2,1,1,3,4,2,3,1985,2,2
1991,2,250501,4,2,2,2,1,1,3,4,2,3,1983,2,2
1991,1,250502,1,3,3,2,1,1,3,4,2,3,1977,2,2
1991,2,250502,6,2,2,2,2,2,3,4,2,3,1981,2,2
1991,1,250503,2,2,2,2,1,1,3,4,2,3,1984,2,2
1991,1,250504,1,2,2,2,1,1,3,4,2,3,1991,2,2
1991,1,250505,2,2,2,2,1,1,3,4,2,3,1989,2,2
1991,1,250506,1,2,2,2,1,1,3,4,2,3,1979,2,2
1991,2,250506,1,4,4,2,1,1,3,4,2,3,1985,2,2
1991,1,250507,7,2,2,2,4,1,3,1,1,3,1991,2,2
1991,2,250507,4,5,5,2,1,1,3,4,2,3,1990,2,2
1991,1,250508,2,3,3,2,1,1,3,4,2,3,1986,2,2
1991,1,250509,2,2,2,2,2,2,3,4,1,3,1989,2,2
1991,1,250510,1,6,6,1,3,3,3,4,1,3,1983,2,2
1991,1,250511,1,3,6,1,2,2,3,4,2,3,1991,2,2
1991,1,250512,3,5,6,1,1,1,3,4,2,3,1990,2,2
1991,2,250512,1,3,2,2,1,1,3,4,2,3,1987,2,2
1991,1,250513,1,2,3,2,1,1,3,4,2,3,1989,2,2
1991,2,250513,1,2,5,2,1,1,3,4,2,3,1991,2,2
1991,3,250513,4,2,2,2,1,1,3,4,2,3,1987,2,2
1991,1,250514,2,1,1,1,1,1,3,4,2,3,1991,2,2
1991,1,250515,3,2,2,2,1,1,3,4,2,3,1987,2,2
1991,1,250516,1,2,2,2,1,1,3,4,2,3,1988,2,2
1991,1,250517,4,2,2,2,1,1,3,4,2,3,1991,2,2
1991,2,250517,1,4,4,2,1,1,3,4,2,3,1991,2,2
1991,3,250517,1,4,4,2,1,1,3,4,2,3,1990,2,2
1991,1,250518,1,2,2,2,1,1,3,4,2,3,1981,2,2
1991,1,250519,1,2,2,2,1,1,3,4,2,3,1987,2,2
1991,1,250521,4,3,3,2,1,1,3,4,2,3,1984,2,2
1991,1,250522,1,2,2,2,1,1,3,4,2,3,1983,2,2
1991,2,250522,9,2,2,2,3,3,3,4,2,3,9999,2,2
1991,1,260001,1,2,2,2,2,2,3,4,2,3,1977,2,2
1991,1,260002,1,2,2,2,1,1,3,4,2,3,1978,2,2
1991,1,260003,1,5,5,2,1,1,3,4,2,3,1988,2,2
1991,1,260004,3,2,2,2,1,1,3,4,2,3,1991,2,2
1991,2,260004,1,2,2,2,1,1,3,4,2,3,1986,2,2
1991,1,260005,1,2,2,2,1,1,3,4,2,3,1981,2,2
1991,2,260005,1,2,2,2,1,1,3,4,2,3,1979,2,2
1991,1,260006,3,2,2,1,1,1,3,4,1,3,1973,2,2
1991,1,260007,1,5,5,2,1,1,3,4,2,3,1988,2,2
1991,2,260007,1,2,2,2,1,1,3,4,2,3,1971,2,2
1991,1,260008,4,2,2,2,1,1,3,4,2,3,1986,2,2
1991,1,260009,1,5,5,2,1,1,3,4,1,3,1980,2,2
1991,1,260010,1,2,2,2,1,1,3,4,1,3,1979,2,2
1991,1,260011,2,2,2,2,1,1,3,4,1,3,1988,2,2
1991,1,260012,1,3,3,2,1,1,3,4,2,3,1981,2,2
1991,1,260013,1,2,2,2,1,1,3,4,1,3,1979,2,2
1991,1,260014,1,2,2,2,1,1,3,4,2,3,1982,2,2
1991,1,260015,1,2,2,2,1,1,3,4,2,3,1990,2,2
1991,2,260015,6,2,2,2,1,1,3,4,2,3,1977,2,2
1991,1,260016,6,5,5,2,1,1,3,4,2,3,1985,2,2
1991,2,260016,3,2,2,2,1,1,3,4,2,3,1988,2,2
1991,1,260017,3,2,2,2,2,2,3,4,1,3,1990,2,2
1991,1,260018,1,3,3,2,1,1,3,4,2,3,1987,2,2
1991,2,260018,3,2,2,2,1,1,3,4,2,3,1989,2,2
1991,1,260019,4,2,2,1,1,1,3,4,2,3,1980,2,2
1991,2,260019,1,2,2,2,1,1,3,4,2,3,1988,2,2
1991,1,260020,3,1,1,2,1,1,3,4,2,3,1977,2,2
1991,1,260021,1,2,2,2,1,1,3,4,2,3,1984,2,2
1991,2,260021,1,2,2,2,1,1,3,4,2,3,1988,2,2
1991,1,260022,3,2,2,2,1,1,3,4,2,3,1986,2,1
1991,1,260024,1,4,4,2,1,1,3,4,1,3,1985,2,2
1991,2,260024,4,2,2,2,1,1,3,4,2,3,1987,2,2
1991,3,260024,2,2,2,2,1,1,3,4,1,3,1989,2,2
1991,1,260025,1,5,5,2,1,1,3,4,2,3,1986,2,2
1991,2,260025,1,2,2,2,1,1,3,4,2,3,1986,2,2
1991,1,260026,6,3,3,2,1,1,3,4,2,3,1988,2,2
1991,2,260026,2,2,2,2,1,1,3,4,2,3,1989,2,2
1991,1,260027,2,2,2,2,1,1,3,4,2,3,1974,2,2
1991,2,260027,1,2,2,2,1,1,3,4,2,3,1982,2,2
1991,3,260027,1,5,5,2,1,1,3,4,2,3,1979,2,2
1991,4,260027,4,2,2,2,1,1,3,4,2,3,1982,2,2
1991,1,260028,1,2,2,2,1,1,3,4,1,3,1975,2,2
1991,1,260029,1,2,2,2,1,1,3,4,1,3,1989,2,2
1991,2,260029,2,2,2,2,3,3,3,4,2,3,1987,2,2
1991,1,260030,6,2,2,2,1,1,3,4,1,3,1990,2,2
1991,2,260030,2,2,2,2,1,1,3,4,2,3,1989,2,2
1991,1,260031,9,2,2,2,1,1,3,4,2,3,1988,2,2
1991,1,260032,1,3,3,2,1,1,3,4,1,3,1983,2,2
1991,2,260032,1,2,2,2,1,1,3,4,2,3,1985,2,2
1991,1,260033,9,2,2,1,1,1,3,4,1,3,1988,2,2
1991,1,260034,9,2,2,2,1,1,3,4,2,3,1991,2,2
1991,1,260035,1,2,2,2,1,1,3,4,1,3,1987,2,2
1991,2,260035,6,2,2,2,1,1,3,4,2,3,1983,2,2
1991,3,260035,1,2,2,2,1,1,3,4,2,3,1985,2,2
1991,1,260036,1,2,2,2,1,1,3,4,2,3,1989,2,2
1991,2,260036,6,2,2,2,2,2,3,4,2,3,1986,2,2
1991,1,260037,1,3,3,2,1,1,3,4,1,3,1985,2,2
1991,1,260038,1,2,2,2,1,1,3,4,2,3,1987,2,2
1991,1,260039,1,2,2,2,2,2,3,4,2,3,1988,2,2
1991,2,260039,1,2,2,2,1,1,3,4,2,3,1986,2,2
1991,1,260040,2,2,2,2,1,1,3,4,2,3,1988,2,2
1991,2,260040,2,2,2,2,1,1,3,4,2,3,1984,2,2
1991,3,260040,1,2,2,2,1,1,3,4,2,3,1987,2,2
1991,1,260041,2,2,2,2,1,1,3,4,2,3,1989,2,2
1991,2,260041,4,3,3,2,1,1,3,4,2,3,1988,2,2
1991,1,260042,1,2,2,2,1,1,3,4,1,3,1980,2,2
1991,2,260042,8,2,2,2,1,1,3,4,2,1,1983,2,2
1991,1,260043,2,2,2,2,1,1,3,4,2,3,1985,2,2
1991,2,260043,6,4,4,2,1,1,3,4,2,3,1990,2,2
1991,1,260044,4,5,5,2,1,1,3,4,1,3,1987,2,2
1991,2,260044,8,2,2,2,1,1,3,4,2,1,1987,2,2
1991,1,260045,1,2,2,2,2,2,3,4,2,3,1982,2,2
1991,1,260046,1,2,2,2,1,1,3,4,2,3,1981,2,2
1991,1,260047,1,2,2,1,1,1,3,4,1,3,1989,2,2
1991,1,260048,2,2,2,2,1,1,3,4,2,3,1982,2,2
1991,2,260048,6,2,2,2,1,1,3,4,2,3,1982,2,2
1991,1,260049,1,2,2,2,1,1,3,4,2,3,1981,2,2
1991,1,260050,1,2,2,1,1,1,3,4,2,3,1987,2,2
1991,1,260051,1,2,2,2,1,1,3,4,2,3,1986,2,2
1991,1,260052,9,1,1,2,2,2,3,4,1,3,1990,2,2
1991,1,260053,2,2,2,1,2,2,3,4,2,3,1989,2,2
1991,1,260054,1,2,2,2,2,2,3,4,1,3,1978,2,2
1991,2,260054,6,2,2,2,1,1,3,4,2,3,1991,2,2
1991,1,260055,3,2,2,2,1,1,3,4,2,3,1972,2,2
1991,1,260056,1,2,2,2,1,1,3,4,2,3,1984,2,2
1991,1,260057,1,2,2,2,1,1,3,4,2,3,1984,2,2
1991,2,260057,9,2,2,2,1,1,3,4,2,3,1990,2,2
1991,1,260058,2,2,2,2,1,1,3,4,2,3,1988,2,2
1991,2,260058,1,4,4,2,3,3,3,4,2,3,1981,2,2
1991,1,260059,1,2,2,2,1,1,3,4,2,3,1978,2,2
1991,2,260059,1,2,2,2,1,1,3,4,2,3,1977,2,2
1991,1,260060,1,2,2,1,1,1,3,4,2,3,1990,2,1
1991,1,260061,9,5,5,2,1,1,3,4,2,3,1979,2,2
1991,1,260062,1,2,2,2,1,1,3,4,2,3,1984,2,2
1991,1,260063,1,2,2,2,1,1,3,4,1,3,1978,2,2
1991,2,260063,1,2,2,2,1,1,3,4,2,3,1981,2,2
1991,1,260064,1,2,2,2,1,1,3,4,2,3,1990,2,1
1991,1,260065,1,2,2,1,1,1,3,4,2,3,1985,2,2
1991,1,260066,1,3,3,2,1,1,3,4,1,3,1978,2,2
1991,1,260067,1,2,2,2,1,1,3,4,2,3,1986,2,2
1991,1,260068,3,3,3,1,1,1,3,4,1,3,1989,2,2
1991,2,260068,1,2,2,2,1,1,3,4,2,3,1990,2,2
1991,1,260069,6,2,2,2,1,1,3,4,2,3,1987,2,2
1991,2,260069,1,5,5,2,1,1,3,4,2,3,1985,2,2
1991,1,260070,6,3,3,2,1,1,3,4,1,3,1987,2,2
1991,2,260070,6,3,3,2,1,1,3,4,2,3,1984,2,2
1991,3,260070,1,2,2,2,1,1,3,4,2,3,1990,2,2
1991,1,260071,1,5,5,2,1,1,3,4,2,3,1990,2,2
1991,2,260071,1,2,2,2,1,1,3,4,2,3,1979,2,2
1991,1,260072,2,3,3,2,2,2,3,4,2,3,1988,2,2
1991,2,260072,2,2,2,2,1,1,3,4,2,3,1984,2,2
1991,1,260073,1,3,3,2,1,1,3,4,2,3,1985,2,2
1991,1,260074,4,2,2,2,1,1,3,4,2,3,1988,2,2
1991,1,260075,1,2,2,1,1,1,3,4,2,3,1990,2,1
1991,1,260076,6,2,2,2,1,1,3,4,2,3,1978,2,2
1991,2,260076,1,5,5,2,1,1,3,4,2,3,1977,2,2
1991,1,260077,1,2,2,2,1,1,3,4,2,3,1987,2,2
1991,1,260078,1,2,2,2,2,2,3,4,1,3,1987,2,2
1991,1,260079,1,3,2,2,1,1,3,4,1,3,1991,2,2
1991,1,260080,1,3,3,2,1,1,3,4,1,3,1976,2,2
1991,1,260081,1,2,2,2,1,1,3,4,2,3,1986,2,2
1991,2,260081,1,2,2,2,1,1,3,4,2,3,1983,2,2
1991,1,260082,1,5,5,2,2,2,3,4,2,3,1975,2,2
1991,1,260083,1,2,2,2,1,1,3,4,2,3,1990,2,2
1991,2,260083,1,2,2,2,2,2,3,4,2,3,1974,2,2
1991,1,260084,1,2,2,2,2,2,3,4,2,3,1983,2,2
1991,1,260085,6,2,2,2,1,1,3,4,2,3,9999,2,2
1991,1,260086,1,2,2,1,2,2,3,4,1,3,1990,2,2
1991,1,260087,1,2,2,1,1,1,3,4,2,3,1984,2,2
1991,2,260087,1,2,2,2,1,1,3,4,2,3,1990,2,2
1991,1,260088,1,3,3,2,1,1,3,4,1,3,1988,2,1
1991,1,260089,2,2,2,2,1,1,3,4,2,3,1981,2,2
1991,2,260089,1,5,5,2,1,1,3,4,2,3,1989,2,2
1991,1,260090,1,2,2,2,1,1,3,4,2,3,1984,2,2
1991,1,260091,1,1,1,1,1,1,3,4,1,3,1989,2,2
1991,1,260092,9,2,2,1,1,1,3,4,2,3,1979,2,2
1991,2,260092,9,3,3,2,1,1,3,4,2,3,1990,2,2
1991,1,260093,1,2,2,2,1,1,3,4,1,3,1990,2,2
1991,2,260093,1,4,4,2,1,1,3,4,2,3,1984,2,2
1991,3,260093,1,2,2,2,1,1,3,4,2,3,1989,2,2
1991,1,260094,1,2,2,2,1,1,3,4,2,3,1985,2,2
1991,1,260095,1,5,5,2,1,1,3,4,1,3,1981,2,2
1991,1,260096,1,2,2,2,1,1,3,4,2,3,1983,2,2
1991,2,260096,6,4,4,2,1,1,3,4,2,3,1986,2,2
1991,1,260097,2,2,2,2,1,1,3,4,2,3,1984,2,2
1991,1,260098,1,3,3,2,2,2,3,4,2,3,1978,2,2
1991,1,260099,1,5,5,1,2,2,3,4,1,3,1986,2,2
1991,1,260100,2,1,1,1,1,1,3,4,2,3,1986,2,2
1991,1,260101,1,2,2,2,3,3,3,4,1,3,9999,2,2
1991,1,260102,2,1,1,1,1,1,3,4,1,3,1988,2,2
1991,1,260103,1,2,2,2,1,1,3,4,2,3,1978,2,2
1991,2,260103,1,2,2,2,1,1,3,4,2,3,1985,2,2
1991,1,260104,1,2,2,2,1,1,3,4,2,3,1984,2,2
1991,2,260104,1,2,2,2,1,1,3,4,2,3,1990,2,2
1991,1,260105,1,2,2,2,1,1,3,4,2,3,1991,2,2
1991,2,260105,2,2,2,2,1,1,3,4,2,3,1989,2,2
1991,1,260106,1,5,5,2,1,1,3,4,1,3,1988,2,2
1991,1,260107,1,3,3,2,1,1,3,4,2,3,1982,2,2
1991,2,260107,1,3,3,2,1,1,3,4,2,3,1989,2,2
1991,1,260108,2,5,5,2,1,1,3,4,1,3,1988,2,2
1991,1,260109,1,1,1,1,2,2,3,4,1,3,1986,2,2
1991,1,260110,2,2,2,1,1,1,3,4,2,3,1986,2,2
1991,2,260110,1,2,2,2,1,1,3,4,2,3,1988,2,2
1991,1,260111,3,2,2,1,1,1,3,4,1,3,1985,2,2
1991,1,260112,1,2,2,2,1,1,3,4,2,3,1977,2,2
1991,1,260113,1,2,2,2,1,1,3,4,2,3,1985,2,2
1991,1,260114,2,2,2,2,1,1,3,4,2,3,1987,2,2
1991,1,260115,2,2,2,2,2,2,3,4,2,3,1986,2,2
1991,2,260115,2,3,3,2,1,1,3,4,2,3,1988,2,2
1991,1,260116,1,2,2,2,1,1,3,4,2,3,1982,2,2
1991,2,260116,1,2,2,2,1,1,3,4,2,3,1988,2,2
1991,1,260117,1,3,3,2,1,1,3,4,2,3,1982,2,2
1991,2,260117,1,2,2,2,1,1,3,4,2,3,1986,2,2
1991,1,260118,1,3,3,2,1,1,3,4,1,3,1978,2,2
1991,1,260119,1,2,2,2,1,1,3,4,2,3,1984,2,2
1991,2,260119,1,2,2,2,1,1,3,4,2,3,1988,2,2
1991,1,260120,1,2,2,1,1,1,3,4,2,3,1986,2,2
1991,1,260121,9,4,4,1,1,1,3,4,2,3,1980,2,2
1991,2,260121,9,2,2,2,1,1,3,4,2,3,1980,2,2
1991,1,260122,1,2,2,2,1,1,3,4,2,3,1990,2,2
1991,2,260122,1,3,3,2,1,1,3,4,2,3,1986,2,2
1991,1,260123,6,2,2,2,1,1,3,4,2,3,1973,2,2
1991,2,260123,4,5,5,2,1,1,3,4,1,3,1985,2,2
1991,1,260124,1,5,5,2,1,1,3,4,2,3,1991,2,2
1991,2,260124,1,2,2,2,1,1,3,4,2,3,1988,2,2
1991,1,260125,1,2,2,1,1,1,3,4,1,3,1984,2,2
1991,1,260126,1,2,2,2,1,1,3,4,2,3,1981,2,2
1991,2,260126,1,5,5,2,1,1,3,4,2,3,1979,2,2
1991,1,260127,2,2,2,2,1,1,3,4,2,3,1987,2,2
1991,1,260128,3,1,1,1,1,1,3,4,2,3,1989,2,2
1991,1,260129,4,2,2,2,1,1,3,4,2,3,1978,2,2
1991,1,260130,1,2,2,2,1,1,3,4,2,3,1986,2,2
1991,2,260130,1,2,2,2,1,1,3,4,2,3,1982,2,2
1991,1,260131,1,2,2,2,1,1,3,4,2,3,1982,2,2
1991,1,260132,1,4,4,1,1,1,3,4,2,3,1989,2,2
1991,2,260132,6,2,2,2,1,1,3,4,2,3,1987,2,2
1991,1,260133,1,2,2,2,1,1,3,4,2,3,1986,2,2
1991,2,260133,1,2,2,2,1,1,3,4,2,3,1981,2,2
1991,1,260134,1,5,5,2,1,1,3,4,1,3,1985,2,2
1991,1,260135,2,1,1,1,1,1,3,4,1,3,1990,2,2
1991,1,260136,1,3,3,2,1,1,3,4,2,3,1989,2,2
1991,2,260136,7,2,2,2,4,1,3,1,2,3,1981,2,2
1991,1,260137,3,2,2,2,1,1,3,4,2,3,1985,2,2
1991,1,260138,1,5,5,2,1,1,3,4,2,3,1986,2,2
1991,2,260138,1,2,2,2,1,1,3,4,2,3,1990,2,2
1991,1,260139,1,2,2,2,1,1,3,4,2,3,1990,2,2
1991,1,260140,1,3,3,2,1,1,3,4,2,3,1991,2,2
1991,1,260141,1,2,2,2,2,2,3,4,2,3,1981,2,2
1991,2,260141,2,2,2,2,1,1,3,4,2,3,1989,2,2
1991,1,260142,1,3,3,2,1,1,3,4,1,3,1988,2,2
1991,2,260142,1,3,3,2,1,1,3,4,2,3,1991,2,2
1991,3,260142,1,2,2,2,1,1,3,4,2,3,1990,2,2
1991,4,260142,1,2,2,2,1,1,3,4,2,3,1985,2,2
1991,5,260142,1,2,2,2,1,1,3,4,2,3,1984,2,2
1991,1,260143,4,2,2,2,1,1,3,4,2,3,1989,2,2
1991,1,260144,1,3,3,2,1,1,3,4,2,3,1980,2,2
1991,2,260144,4,2,2,2,1,1,3,4,2,3,1979,2,2
1991,3,260144,1,2,2,2,1,1,3,4,2,3,1984,2,2
1991,1,260145,1,2,2,2,1,1,3,4,2,3,1986,2,2
1991,1,260146,9,2,2,2,1,1,3,4,2,3,1990,2,2
1991,1,260147,3,2,2,2,1,1,3,4,1,3,1985,2,2
1991,2,260147,1,3,3,2,1,1,3,4,2,3,1990,2,2
1991,1,260148,1,2,2,2,1,1,3,4,1,3,1983,2,2
1991,1,260149,1,3,3,2,1,1,3,4,2,3,1981,2,2
1991,1,260150,9,2,2,2,3,3,3,4,1,3,9999,2,2
1991,1,260151,3,1,1,1,1,1,3,4,1,3,1988,2,2
1991,1,260152,1,2,2,2,1,1,3,4,2,3,1986,2,2
1991,1,260153,2,2,2,2,1,1,3,4,2,3,1988,2,2
1991,2,260153,1,2,2,2,1,1,3,4,2,3,1990,2,2
1991,1,260154,1,2,2,2,1,1,3,4,2,3,1989,2,2
1991,2,260154,2,2,2,2,1,1,3,4,2,3,1989,2,2
1991,1,260155,8,5,5,2,1,1,3,4,2,1,1983,2,2
1991,2,260155,1,2,2,2,2,2,3,4,2,3,1987,2,2
1991,1,260156,1,2,2,1,1,1,3,4,1,3,1990,2,2
1991,1,260157,1,2,2,1,1,1,3,4,1,3,1988,2,2
1991,1,260158,1,2,2,2,1,1,3,4,2,3,1981,2,2
1991,1,260159,1,3,3,2,1,1,3,4,2,3,1991,2,2
1991,2,260159,1,2,2,2,2,2,3,4,2,3,1977,2,2
1991,1,260160,2,2,2,2,1,1,3,4,2,3,1986,2,2
1991,1,260161,2,2,2,2,3,3,3,4,1,3,1985,2,2
1991,2,260161,1,4,5,2,1,1,3,4,2,3,1987,2,2
1991,1,260162,1,2,2,2,2,2,3,4,2,3,1982,2,2
1991,2,260162,1,5,5,2,1,1,3,4,2,3,1990,2,2
1991,1,260163,1,5,5,2,1,1,3,4,1,3,1988,2,2
1991,2,260163,1,2,2,2,1,1,3,4,2,3,1991,2,2
1991,1,260164,1,3,3,2,1,1,3,4,1,3,1985,2,2
1991,2,260164,1,2,2,2,1,1,3,4,2,3,1988,2,2
1991,1,260165,9,7,7,2,3,3,3,4,2,3,9999,2,2
1991,1,260166,3,1,1,1,1,1,3,4,1,3,1991,2,2
1991,1,260167,1,2,2,2,1,1,3,4,2,3,1985,2,2
1991,2,260167,2,5,5,2,1,1,3,4,2,3,1979,2,2
1991,1,260168,3,1,1,1,1,1,3,4,2,3,1985,2,2
1991,1,260169,9,3,3,2,1,1,3,4,1,3,1991,2,2
1991,1,260170,1,5,5,2,1,1,3,4,2,3,1988,2,2
1991,2,260170,4,2,2,2,1,1,3,4,2,3,1990,2,2
1991,1,260171,1,2,2,2,1,1,3,4,2,3,1991,2,2
1991,2,260171,1,3,3,2,1,1,3,4,2,3,1980,2,2
1991,1,260172,1,2,2,2,3,3,3,4,2,3,9999,2,2
1991,1,260173,1,2,2,2,1,1,3,4,2,3,1977,2,2
1991,1,260174,1,2,2,2,1,1,3,4,2,3,1985,2,2
1991,2,260174,1,3,3,2,1,1,3,4,2,3,1987,2,2
1991,1,260175,3,3,3,2,1,1,3,4,2,3,1990,2,2
1991,1,260176,1,2,2,2,1,1,3,4,2,3,1981,2,2
1991,2,260176,1,2,2,2,1,1,3,4,2,3,1981,2,2
1991,1,260177,2,2,2,2,1,1,3,4,2,3,1989,2,2
1991,2,260177,2,2,2,2,1,1,3,4,2,3,1979,2,2
1991,1,260178,1,5,5,2,1,1,3,4,2,3,1979,2,2
1991,1,260179,1,1,1,1,1,1,3,4,1,3,1982,2,2
1991,1,260180,1,5,5,2,1,1,3,4,2,3,1986,2,2
1991,2,260180,2,2,2,2,1,1,3,4,2,3,1990,2,2
1991,1,260181,1,5,5,2,1,1,3,4,2,3,1981,2,2
1991,2,260181,6,2,2,2,1,1,3,4,2,3,1988,2,2
1991,1,260182,2,2,2,1,1,1,3,4,2,3,1989,2,2
1991,1,260183,6,2,2,2,1,1,3,4,2,3,1975,2,2
1991,2,260183,2,2,2,2,1,1,3,4,2,3,1970,2,2
1991,1,260184,1,2,2,2,1,1,3,4,1,3,1985,2,2
1991,1,260185,7,2,2,2,4,2,3,2,1,3,1991,2,2
1991,2,260185,1,3,3,2,1,1,3,4,2,3,1986,2,2
1991,1,260186,1,5,5,2,1,1,3,4,2,3,1980,2,2
1991,2,260186,7,2,2,2,4,1,3,1,2,3,1974,2,2
1991,1,260187,1,2,2,2,1,1,3,4,2,3,1986,2,2
1991,1,260188,2,2,2,2,1,1,3,4,1,3,1989,2,2
1991,1,260189,1,5,5,2,1,1,3,4,2,3,1989,2,2
1991,2,260189,2,2,2,2,1,1,3,4,2,3,1988,2,2
1991,1,260190,1,2,2,2,1,1,3,4,2,3,1990,2,2
1991,2,260190,2,4,4,1,1,1,3,4,2,3,1989,2,2
1991,1,260191,1,1,1,1,1,1,3,4,1,3,1985,2,2
1991,1,260192,1,5,5,2,1,1,3,4,2,3,1984,2,2
1991,1,260193,1,2,2,1,1,1,3,4,1,3,1988,2,2
1991,1,260194,1,2,2,2,1,1,3,4,2,3,1986,2,2
1991,2,260194,1,2,2,2,1,1,3,4,2,3,1980,2,2
1991,1,260195,1,5,5,2,1,1,3,4,2,3,1986,2,2
1991,2,260195,3,2,2,2,1,1,3,4,2,3,1987,2,2
1991,1,260196,1,4,4,1,1,1,3,4,2,3,1987,2,2
1991,1,260197,7,3,3,2,4,2,3,2,1,3,1991,2,2
1991,1,260198,1,2,2,2,1,1,3,4,2,3,1979,2,2
1991,2,260198,1,5,5,2,1,1,3,4,2,3,1986,2,2
1991,1,260199,9,2,2,2,3,3,3,4,2,3,9999,2,2
1991,1,260200,2,2,2,1,1,1,3,4,1,3,1988,2,2
1991,1,260201,1,2,2,2,1,1,3,4,2,3,1987,1,2
1991,1,260202,1,2,2,1,1,1,3,4,1,3,1983,2,2
1991,1,260203,1,2,2,2,1,1,3,4,2,3,1985,2,2
1991,1,260204,4,2,2,2,1,1,3,4,2,3,1982,2,2
1991,2,260204,1,2,2,2,3,3,3,4,2,3,9999,2,2
1991,1,260205,1,2,2,2,1,1,3,4,2,3,1983,2,2
1991,2,260205,2,2,2,2,1,1,3,4,2,3,1989,2,2
1991,1,260206,1,2,2,2,2,2,3,4,2,3,1972,2,2
1991,2,260206,1,5,5,2,1,1,3,4,2,3,1985,2,2
1991,1,260207,1,5,5,2,1,1,3,4,2,3,1986,2,2
1991,2,260207,2,2,2,2,1,1,3,4,2,3,1988,2,2
1991,1,260208,1,5,5,2,1,1,3,4,2,3,1978,2,2
1991,2,260208,1,3,3,2,2,2,3,4,2,3,1979,2,2
1991,1,260209,2,2,2,1,1,1,3,4,2,3,1986,2,2
1991,1,260210,3,2,2,2,1,1,3,4,2,3,1989,2,2
1991,1,260211,1,2,2,2,2,2,3,4,2,3,1979,2,2
1991,2,260211,1,2,2,2,1,1,3,4,2,3,1990,2,2
1991,1,260212,2,3,3,1,1,1,3,4,2,3,1983,2,2
1991,2,260212,1,2,2,2,1,1,3,4,2,3,1989,2,2
1991,1,260213,2,2,2,1,1,1,3,4,2,3,1989,2,2
1991,1,260214,1,2,2,2,1,1,3,4,2,3,1984,2,2
1991,1,260215,1,2,2,1,1,1,3,4,1,3,1983,2,2
1991,1,260216,1,2,2,2,1,1,3,4,2,3,1988,2,2
1991,1,260217,9,2,2,2,2,2,3,4,2,3,1981,2,2
1991,2,260217,2,5,5,2,1,1,3,4,2,3,1974,2,2
1991,1,260219,2,2,2,2,1,1,3,4,2,3,1988,2,2
1991,1,260220,1,2,6,1,1,1,3,4,2,3,1989,2,2
1991,1,260221,7,2,2,2,4,1,3,1,2,3,1989,2,2
1991,2,260221,6,4,4,2,1,1,3,4,2,3,1990,2,2
1991,1,260222,1,2,2,2,1,1,3,4,2,3,1977,2,2
1991,1,260223,1,2,2,2,1,1,3,4,2,3,1978,2,2
1991,2,260223,1,2,2,2,1,1,3,4,2,3,1982,2,2
1991,1,260224,1,2,2,1,1,1,3,4,2,3,1988,2,2
1991,1,260225,2,2,2,2,1,1,3,4,1,3,1983,2,2
1991,1,260226,1,2,2,2,1,1,3,4,2,3,1977,2,2
1991,2,260226,6,2,2,1,3,3,3,4,2,3,1988,2,2
1991,1,260227,1,5,5,2,1,1,3,4,2,3,1979,2,2
1991,2,260227,2,2,2,2,1,1,3,4,2,3,1985,2,2
1991,1,260228,2,2,2,2,1,1,3,4,2,3,1990,2,2
1991,2,260228,1,5,5,2,1,1,3,4,2,3,1986,2,2
1991,1,260229,1,2,2,1,1,1,3,4,2,3,1983,2,2
1991,1,260230,1,2,2,2,1,1,3,4,2,3,1987,2,2
1991,2,260230,1,4,4,2,1,1,3,4,2,3,1988,2,2
1991,3,260230,2,2,2,2,1,1,3,4,2,3,1977,2,2
1991,1,260231,1,2,2,2,2,2,3,4,2,3,1981,2,2
1991,2,260231,1,5,5,2,1,1,3,4,2,3,1985,2,2
1991,1,260232,1,1,1,1,1,1,3,4,2,3,1985,2,2
1991,1,260233,1,2,2,2,2,2,3,4,2,3,1984,2,2
1991,2,260233,2,2,2,2,1,1,3,4,2,3,1986,2,2
1991,1,260234,2,1,1,1,1,1,3,4,1,3,1980,2,2
1991,1,260235,3,2,2,2,1,1,3,4,2,3,1991,2,2
1991,1,260236,1,2,2,2,1,1,3,4,2,3,1980,2,2
1991,2,260236,1,2,2,2,1,1,3,4,2,3,1984,2,2
1991,1,260237,1,2,2,1,1,1,3,4,2,3,1988,2,2
1991,1,260238,3,1,1,1,1,1,3,4,1,3,1989,2,2
1991,1,260239,1,3,3,2,1,1,3,4,2,3,1978,2,2
1991,2,260239,4,2,2,1,1,1,3,4,2,3,1978,2,2
1991,1,260240,1,2,2,2,1,1,3,4,2,3,1978,2,2
1991,1,260241,1,2,2,2,1,1,3,4,1,3,1987,2,2
1991,2,260241,6,2,2,2,1,1,3,4,2,3,1985,2,2
1991,1,260242,7,2,2,2,4,1,3,1,1,3,1976,2,2
1991,1,260243,1,2,2,2,1,1,3,4,2,3,1986,2,2
1991,2,260243,2,2,2,2,1,1,3,4,2,3,1979,2,2
1991,1,260244,2,1,1,1,1,1,3,4,1,3,1978,2,2
1991,1,260245,6,3,3,2,2,2,3,4,2,3,1979,2,2
1991,1,260246,4,2,2,2,1,1,3,4,2,3,1991,2,2
1991,1,260247,1,3,3,1,1,1,3,4,2,3,1984,2,2
1991,2,260247,1,2,2,2,1,1,3,4,2,3,1990,2,2
1991,1,260248,1,2,2,1,1,1,3,4,1,3,1971,2,2
1991,1,260249,1,1,1,1,1,1,3,4,2,3,1990,2,2
1991,1,260251,7,2,2,2,4,1,3,1,1,3,1984,2,2
1991,1,260252,2,2,2,1,1,1,3,4,1,3,1984,2,2
1991,1,260253,1,5,5,2,1,1,3,4,2,3,1988,2,2
1991,2,260253,4,2,2,2,1,1,3,4,2,3,1989,2,2
1991,1,260254,2,2,2,2,1,1,3,4,2,3,1988,2,2
1991,1,260255,1,3,3,2,1,1,3,4,2,3,1991,2,2
1991,2,260255,1,2,2,2,1,1,3,4,2,3,1980,2,2
1991,1,260256,1,2,2,2,1,1,3,4,2,3,1990,2,2
1991,2,260256,1,5,5,2,1,1,3,4,2,3,1990,2,2
1991,1,260257,1,5,5,2,1,1,3,4,2,3,1983,2,2
1991,2,260257,4,2,2,2,1,1,3,4,2,3,1989,2,2
1991,1,260258,1,2,2,2,1,1,3,4,2,3,1989,2,2
1991,2,260258,7,3,3,2,4,1,3,1,2,3,1988,2,2
1991,1,260259,1,2,2,2,1,1,3,4,2,3,1981,2,2
1991,1,260260,1,2,2,2,1,1,3,4,2,3,1989,2,2
1991,1,260261,1,5,5,2,1,1,3,4,2,3,1973,2,2
1991,2,260261,4,2,2,2,1,1,3,4,2,3,1977,2,2
1991,1,260262,1,2,2,2,1,1,3,4,2,3,1980,2,2
1991,2,260262,2,2,2,2,1,1,3,4,2,3,1991,2,2
1991,1,260263,1,5,5,1,1,1,3,4,2,3,1981,2,2
1991,2,260263,1,2,2,2,1,1,3,4,2,3,1988,2,2
1991,1,260264,3,2,2,2,2,2,3,4,2,3,1991,2,2
1991,2,260264,1,2,2,2,1,1,3,4,2,3,1985,2,2
1991,1,260265,2,3,3,2,1,1,3,4,2,3,1990,2,2
1991,1,260266,1,2,2,2,1,1,3,4,2,3,1989,2,2
1991,2,260266,6,4,4,2,3,3,3,4,2,3,1987,2,2
1991,1,260267,1,5,5,2,1,1,3,4,2,3,1984,2,2
1991,1,260268,6,2,2,2,1,1,3,4,2,3,1986,2,2
1991,1,260269,1,2,2,2,1,1,3,4,2,3,1983,2,2
1991,1,260270,6,4,4,2,1,1,3,4,2,3,1988,2,2
1991,2,260270,2,2,2,2,1,1,3,4,2,3,1980,2,2
1991,1,260271,1,5,5,2,1,1,3,4,2,3,1982,2,2
1991,2,260271,1,2,2,2,1,1,3,4,2,3,1984,2,2
1991,1,260272,1,3,3,2,2,2,3,4,2,3,1983,2,2
1991,2,260272,6,2,2,2,1,1,3,4,2,3,1985,2,2
1991,1,260273,3,2,2,2,1,1,3,4,2,3,1977,2,2
1991,2,260273,4,2,2,2,1,1,3,4,2,3,1989,2,2
1991,1,260274,2,3,3,2,1,1,3,4,1,3,1970,2,2
1991,1,260275,1,2,2,2,3,3,3,4,1,3,1986,2,2
1991,2,260275,1,3,3,2,1,1,3,4,2,3,1987,2,2
1991,1,260276,1,2,2,2,1,1,3,4,2,3,1979,2,2
1991,2,260276,7,4,4,2,4,1,3,1,2,3,1989,2,2
1991,1,260277,1,2,2,2,1,1,3,4,2,3,1983,2,2
1991,2,260277,1,5,5,2,2,2,3,4,2,3,1981,2,2
1991,1,260278,1,2,2,2,1,1,3,4,2,3,1983,2,2
1991,2,260278,2,4,4,2,1,1,3,4,2,3,1973,2,2
1991,3,260278,2,2,2,2,1,1,3,4,2,3,1987,2,2
1991,4,260278,1,2,2,2,1,1,3,4,2,3,1979,2,2
1991,1,260279,1,2,2,2,1,1,3,4,2,3,1986,2,2
1991,2,260279,1,2,2,2,1,1,3,4,2,3,1983,2,2
1991,1,260280,1,1,1,1,1,1,3,4,1,3,1980,2,2
1991,1,260281,1,2,2,2,3,3,3,4,2,3,9999,2,2
1991,2,260281,4,3,3,1,1,1,3,4,2,3,1987,2,2
1991,1,260282,2,2,2,2,1,1,3,4,2,3,1984,2,2
1991,2,260282,1,5,5,2,2,2,3,4,2,3,1990,2,2
1991,3,260282,2,4,4,2,3,3,3,4,2,3,1986,2,2
1991,1,260283,1,5,5,2,1,1,3,4,1,3,1977,2,2
1991,1,260284,1,2,2,2,1,1,3,4,2,3,1990,2,2
1991,2,260284,2,2,2,2,1,1,3,4,2,3,1989,2,2
1991,1,260285,1,3,3,2,1,1,3,4,2,3,1986,2,2
1991,2,260285,4,2,2,2,1,1,3,4,2,3,1985,2,2
1991,1,260286,1,2,2,2,1,1,3,4,2,3,1986,2,2
1991,1,260287,1,1,1,1,1,1,3,4,1,3,1983,2,2
1991,1,260288,1,2,2,2,1,1,3,4,2,3,1978,2,2
1991,2,260288,1,5,5,2,1,1,3,4,2,3,1986,2,2
1991,1,260289,6,2,2,1,1,1,3,4,2,3,1985,2,1
1991,1,260290,1,2,2,1,1,1,3,4,1,3,1990,2,2
1991,1,260291,1,2,2,1,2,2,3,4,1,3,1955,2,2
1991,1,260292,1,5,5,2,1,1,3,4,1,3,1984,2,2
1991,1,260293,1,2,2,2,1,1,3,4,1,3,1980,2,2
1991,1,260294,2,2,2,2,1,1,3,4,2,3,1983,2,2
1991,1,260295,1,5,5,2,1,1,3,4,2,3,1987,2,2
1991,2,260295,3,2,2,2,1,1,3,4,2,3,1987,2,2
1991,1,260296,7,2,2,2,4,2,3,2,1,3,1982,2,2
1991,1,260297,2,2,2,2,2,2,3,4,2,3,1981,2,2
1991,1,260298,1,3,3,2,1,1,3,4,2,3,1978,2,2
1991,2,260298,4,2,2,1,1,1,3,4,2,3,1988,2,2
1991,1,260299,6,2,2,2,1,1,3,4,2,3,1989,2,2
1991,2,260299,1,3,3,2,1,1,3,4,2,3,1978,2,2
1991,1,260300,1,5,5,2,1,1,3,4,2,3,1986,2,2
1991,2,260300,1,2,2,2,1,1,3,4,2,3,1972,2,2
1991,1,260301,1,2,2,2,2,2,3,4,2,3,1989,2,2
1991,2,260301,1,5,5,2,1,1,3,4,2,3,1989,2,2
1991,3,260301,1,4,4,2,1,1,3,4,2,3,1983,2,2
1991,1,260302,3,5,5,2,1,1,3,4,2,3,1976,2,2
1991,2,260302,6,2,2,2,1,1,3,4,2,3,1985,2,2
1991,3,260302,2,5,5,2,1,1,3,4,2,3,1979,2,2
1991,1,260303,1,2,2,2,1,1,3,4,1,3,1988,2,2
1991,2,260303,1,2,2,2,1,1,3,4,2,3,1985,2,2
1991,1,260304,1,2,2,2,1,1,3,4,2,3,1980,2,2
1991,2,260304,1,2,2,2,1,1,3,4,2,3,1986,2,2
1991,1,260305,1,2,2,2,2,2,3,4,1,3,1988,2,2
1991,1,260306,2,2,2,2,1,1,3,4,2,3,1991,2,2
1991,2,260306,4,4,4,2,3,3,3,4,2,3,1986,2,2
1991,1,260307,9,1,1,1,2,1,3,4,2,3,1966,2,2
1991,1,260308,3,2,2,1,1,1,3,4,1,3,1980,2,2
1991,1,260309,1,5,5,1,1,1,3,4,1,3,1978,2,2
1991,1,260310,4,3,3,1,1,1,3,4,2,3,1990,2,2
1991,2,260310,1,2,2,2,1,1,3,4,2,3,1989,2,2
1991,1,260311,1,2,2,2,1,1,3,4,2,3,1986,2,2
1991,1,260312,2,5,5,2,1,1,3,4,2,3,1990,2,2
1991,1,260313,3,2,2,1,1,1,3,4,2,3,1979,2,2
1991,1,260314,1,3,3,2,1,1,3,4,2,3,1981,2,2
1991,2,260314,7,2,2,2,4,2,3,2,2,3,1982,2,2
1991,1,260315,1,5,5,2,1,1,3,4,2,3,1979,2,2
1991,2,260315,6,2,2,2,1,1,3,4,2,3,1985,2,2
1991,1,260316,1,4,4,2,1,1,3,4,2,3,1986,2,2
1991,1,260317,1,2,2,2,1,1,3,4,2,3,1979,2,2
1991,1,260318,7,1,1,2,4,2,3,2,1,3,1981,2,2
1991,1,260319,1,5,5,2,1,1,3,4,2,3,1990,2,2
1991,1,260320,1,7,7,1,1,1,3,4,1,3,1980,2,2
1991,1,260321,1,3,3,2,1,1,3,4,2,3,1969,2,2
1991,2,260321,1,2,2,2,1,1,3,4,1,3,1984,2,2
1991,1,260322,1,2,2,2,1,1,3,4,2,3,1981,1,2
1991,1,260323,1,2,2,2,1,1,3,4,1,3,1986,2,2
1991,1,260324,2,2,2,2,1,1,3,4,2,3,1988,2,2
1991,1,260325,2,2,2,2,1,1,3,4,2,3,1990,2,2
1991,2,260325,4,2,2,2,1,1,3,4,2,3,1981,2,2
1991,1,260326,2,3,3,2,1,1,3,4,2,3,1979,2,2
1991,2,260326,4,5,5,2,2,2,3,4,2,3,1986,2,2
1991,1,260327,7,3,3,2,4,1,3,1,2,3,1986,2,2
1991,2,260327,4,5,5,2,1,1,3,4,2,3,1990,2,2
1991,1,260328,1,2,2,2,2,2,3,4,2,3,1975,2,2
1991,2,260328,1,5,5,2,1,1,3,4,2,3,1977,2,2
1991,1,260329,1,3,3,2,1,1,3,4,2,3,1984,2,2
1991,2,260329,2,2,2,2,1,1,3,4,2,3,1976,2,2
1991,1,260330,1,5,5,2,1,1,3,4,2,3,1976,2,2
1991,2,260330,1,2,2,2,2,2,3,4,2,3,1990,2,2
1991,1,260331,1,5,5,2,1,1,3,4,2,3,1989,2,2
1991,2,260331,1,2,2,2,1,1,3,4,1,3,1991,2,2
1991,1,260332,1,2,2,1,2,2,3,4,2,3,1983,2,2
1991,2,260332,2,2,2,1,2,2,3,4,2,3,1991,2,2
1991,1,260333,1,2,2,2,1,1,3,4,2,3,1988,2,2
1991,1,260334,1,2,2,2,1,1,3,4,2,3,1986,2,2
1991,1,260335,2,2,2,2,1,1,3,4,1,3,1984,2,2
1991,1,260336,1,2,2,2,2,2,3,4,1,3,1978,2,2
1991,1,260337,1,3,3,2,1,1,3,4,2,3,1988,2,2
1991,2,260337,6,2,2,2,1,1,3,4,2,3,1986,2,2
1991,1,260338,2,2,2,2,1,1,3,4,2,3,1987,2,2
1991,2,260338,1,2,2,2,1,1,3,4,2,3,1978,2,2
1991,1,260339,9,2,2,2,1,1,3,4,2,3,1982,2,2
1991,1,260340,1,2,2,2,1,1,3,4,2,3,1986,2,2
1991,2,260340,1,2,2,2,1,1,3,4,1,3,1977,2,2
1991,1,260341,1,3,3,2,1,1,3,4,2,3,1985,2,2
1991,2,260341,2,2,2,2,1,1,3,4,2,3,1977,2,2
1991,1,260342,6,2,2,2,1,2,3,4,2,3,1988,2,2
1991,2,260342,1,4,4,2,1,1,3,4,2,3,1986,2,2
1991,3,260342,1,4,4,2,1,1,3,4,2,3,1986,2,2
1991,1,260343,1,3,3,2,1,1,3,4,1,3,1988,2,2
1991,1,260344,1,2,2,2,1,1,3,4,2,3,1990,2,2
1991,1,260345,2,2,2,1,1,1,3,4,2,3,1988,2,2
1991,1,260346,1,1,1,1,1,1,3,4,2,3,1991,2,2
1991,1,260347,2,2,2,2,1,1,3,4,2,3,1983,2,2
1991,1,260348,1,2,2,2,1,1,3,4,2,3,1980,2,2
1991,1,260349,1,5,5,2,2,2,3,4,2,3,1987,2,2
1991,2,260349,6,4,4,2,1,1,3,4,2,3,1987,2,2
1991,1,260350,1,1,1,1,1,1,3,4,1,3,1980,2,2
1991,1,260351,1,2,2,1,2,2,3,4,1,3,1982,2,2
1991,1,260352,1,2,2,2,1,1,3,4,2,3,1985,2,2
1991,2,260352,1,5,5,2,2,2,3,4,2,3,1985,2,2
1991,1,260353,2,2,2,2,1,1,3,4,2,3,1979,2,2
1991,1,260354,1,2,2,2,1,1,3,4,1,3,1987,2,2
1991,1,260355,4,2,2,2,1,1,3,4,2,3,1986,2,2
1991,2,260355,1,2,2,2,1,1,3,4,2,3,1987,2,2
1991,1,260356,1,2,2,2,1,1,3,4,2,3,1990,2,2
1991,2,260356,1,2,2,2,1,1,3,4,2,3,1991,2,2
1991,1,260357,1,2,2,2,1,1,3,4,2,3,1972,2,2
1991,1,260358,1,5,5,2,1,1,3,4,2,3,1989,2,2
1991,2,260358,1,2,2,2,1,1,3,4,2,3,1989,2,2
1991,3,260358,1,5,5,2,3,3,3,4,2,3,1989,2,2
1991,4,260358,1,2,2,2,1,1,3,4,2,3,1990,2,2
1991,1,260359,4,2,2,2,1,1,3,4,2,3,1991,1,2
1991,1,260360,1,2,2,2,1,1,3,4,2,3,1986,2,2
1991,1,260361,1,3,3,2,1,1,3,4,2,3,1990,2,2
1991,1,260362,1,2,2,2,1,1,3,4,2,3,1987,2,2
1991,2,260362,2,2,2,2,1,1,3,4,2,3,1976,2,2
1991,1,260363,1,2,2,2,1,1,3,4,1,3,1985,2,2
1991,2,260363,2,2,2,2,1,1,3,4,2,3,1986,2,2
1991,3,260363,1,2,2,2,1,1,3,4,1,3,1984,2,2
1991,1,260364,1,2,2,2,1,1,3,4,2,3,1988,2,2
1991,1,260366,1,5,5,2,1,1,3,4,2,3,1985,2,2
1991,2,260366,3,2,2,2,1,1,3,4,2,3,1984,2,2
1991,1,260367,2,5,5,1,1,1,3,4,2,3,1982,2,2
1991,1,260368,1,6,6,2,1,1,3,4,1,3,1985,2,2
1991,1,260369,1,2,2,2,2,2,3,4,2,3,1986,2,2
1991,1,260370,1,2,2,2,1,1,3,4,2,3,1978,1,2
1991,2,260370,1,3,3,2,1,1,3,4,2,3,1984,2,2
1991,1,260371,1,5,5,1,1,1,3,4,2,3,1989,2,2
1991,2,260371,2,3,3,2,1,1,3,4,2,3,1981,2,2
1991,1,260372,1,3,3,2,1,1,3,4,2,3,1990,2,2
1991,2,260372,1,2,2,2,1,1,3,4,2,3,1980,2,2
1991,1,260373,1,5,5,2,2,2,3,4,1,3,1979,2,2
1991,1,260374,1,2,2,2,2,2,3,4,2,3,1987,2,2
1991,2,260374,2,2,2,2,1,1,3,4,2,3,1980,2,2
1991,1,260375,2,2,2,2,1,1,3,4,2,3,1977,2,2
1991,2,260375,3,3,3,1,1,1,3,4,2,3,1984,2,2
1991,1,260376,1,5,5,1,2,2,3,4,2,3,1977,2,2
1991,1,260377,1,2,2,2,1,1,3,4,2,3,1989,2,2
1991,2,260377,6,3,3,2,1,1,3,4,2,3,1985,2,2
1991,1,260378,2,2,2,2,1,1,3,4,2,3,1977,2,2
1991,1,260379,1,4,4,1,1,1,3,4,2,3,1987,2,2
1991,2,260379,1,2,2,2,1,1,3,4,2,3,1989,2,2
1991,1,260380,1,2,2,2,1,1,3,4,1,3,1978,2,2
1991,1,260381,2,2,2,2,2,2,3,4,1,3,1979,2,2
1991,2,260381,4,5,5,1,1,1,3,4,2,3,1974,2,2
1991,1,260382,1,5,5,2,1,1,3,4,2,3,1983,2,2
1991,2,260382,1,2,2,2,1,1,3,4,2,3,1982,2,2
1991,1,260383,1,2,2,2,1,1,3,4,2,3,1977,2,2
1991,1,260384,1,2,2,2,1,1,3,4,2,3,1983,2,2
1991,2,260384,1,2,2,2,1,1,3,4,2,3,1986,2,2
1991,1,260385,2,2,2,2,1,1,3,4,2,3,1991,2,2
1991,1,260386,1,2,2,2,1,1,3,4,2,3,1977,2,2
1991,1,260387,2,2,2,2,1,1,3,4,2,3,1988,2,2
1991,2,260387,2,4,4,2,1,1,3,4,2,3,1986,2,2
1991,1,260388,1,2,2,2,1,1,3,4,1,3,1962,2,2
1991,1,260389,1,2,2,2,2,2,3,4,2,3,1990,2,2
1991,1,260390,1,2,2,1,1,1,3,4,1,3,1988,2,2
1991,1,260391,8,2,2,2,1,1,3,4,2,3,1990,2,2
1991,1,260392,1,2,2,2,1,1,3,4,2,3,1981,2,2
1991,2,260392,2,2,2,2,1,1,3,4,2,3,1984,2,2
1991,1,260393,1,2,2,1,1,1,3,4,2,3,1988,2,2
1991,2,260393,2,2,2,2,1,1,3,4,2,3,1985,2,2
1991,3,260393,4,2,2,2,1,1,3,4,2,3,1990,2,2
1991,4,260393,1,2,2,2,1,1,3,4,2,3,1990,2,2
1991,1,260394,2,2,2,2,1,1,3,4,2,3,1990,2,2
1991,2,260394,1,4,2,2,1,1,3,4,2,3,1984,2,2
1991,1,260395,1,2,2,2,1,1,3,4,2,3,1983,2,2
1991,2,260395,1,5,5,2,1,1,3,4,2,3,1980,2,2
1991,3,260395,1,2,2,2,1,1,3,4,2,3,1973,2,2
1991,1,260396,1,2,2,2,1,1,3,4,2,3,1984,2,2
1991,2,260396,2,5,5,2,1,1,3,4,2,3,1991,2,2
1991,1,260397,2,5,5,2,1,1,3,4,2,3,1989,2,2
1991,2,260397,6,2,2,1,1,1,3,4,2,3,1988,2,2
1991,1,260398,1,4,4,2,1,1,3,4,1,3,1989,2,2
1991,1,260399,7,2,2,2,4,1,3,1,1,3,1990,2,2
1991,1,260400,2,2,2,2,1,1,3,4,1,3,1987,2,2
1991,1,260401,7,2,2,2,4,2,3,2,1,3,1983,2,2
1991,1,260402,1,1,1,1,1,1,3,4,1,3,1986,2,2
1991,1,260403,2,5,5,1,1,1,3,4,1,3,1989,2,2
1991,1,260404,1,2,2,2,2,2,3,4,2,3,1981,2,2
1991,2,260404,1,5,5,2,2,2,3,4,2,3,1981,2,2
1991,3,260404,1,2,2,2,1,1,3,4,2,3,1984,2,2
1991,4,260404,1,2,2,2,1,1,3,4,2,3,1983,2,2
1991,1,260405,1,2,2,2,2,2,3,4,2,3,1986,2,2
1991,2,260405,6,4,4,2,3,3,3,4,2,3,1975,2,2
1991,1,260406,1,5,5,1,1,1,3,4,2,3,1987,2,2
1991,1,260407,1,2,2,2,1,1,3,4,2,3,1985,2,2
1991,2,260407,1,2,2,2,1,1,3,4,2,3,1986,2,2
1991,1,260408,1,2,2,2,1,1,3,4,2,3,1976,2,2
1991,2,260408,1,3,3,2,1,1,3,4,2,3,1988,2,2
1991,1,260409,3,2,2,1,1,1,3,4,1,3,1989,2,2
1991,1,260410,1,5,5,1,1,1,3,4,1,3,1984,2,2
1991,1,260411,1,2,2,2,1,1,3,4,2,3,1983,2,2
1991,1,260412,1,3,3,2,1,1,3,4,1,3,1987,2,2
1991,2,260412,2,2,2,2,1,1,3,4,2,3,1986,2,2
1991,1,260413,7,3,3,2,4,1,3,1,2,3,1975,2,2
1991,1,260414,1,3,3,2,1,1,3,4,2,3,1987,2,2
1991,2,260414,1,2,2,2,1,1,3,4,2,3,1984,2,2
1991,1,260415,1,3,3,2,1,1,3,4,2,3,1989,2,2
1991,2,260415,4,2,2,2,1,1,3,4,2,3,1985,2,2
1991,1,260416,1,3,3,2,1,1,3,4,2,3,1983,2,2
1991,2,260416,6,2,2,2,1,1,3,4,2,3,1984,2,2
1991,1,260417,1,2,2,2,1,1,3,4,2,3,1980,2,2
1991,2,260417,1,3,3,2,1,1,3,4,2,3,1977,2,2
1991,1,260418,3,2,2,2,1,1,3,4,2,3,1988,2,2
1991,1,260419,7,1,1,2,4,1,3,1,1,3,1986,2,2
1991,1,260420,4,2,2,2,1,1,3,4,2,3,1984,2,2
1991,2,260420,1,4,4,1,1,1,3,4,2,3,1983,2,2
1991,1,260421,9,2,2,2,2,2,3,4,1,3,1985,2,2
1991,1,260422,1,2,2,2,1,1,3,4,2,3,1990,2,2
1991,2,260422,2,2,2,2,2,2,3,4,2,3,1989,2,2
1991,1,260423,1,2,2,2,1,1,3,4,2,3,1980,2,2
1991,2,260423,1,2,2,2,1,1,3,4,2,3,1990,2,2
1991,1,260424,7,2,2,2,4,1,3,1,2,3,1975,2,2
1991,2,260424,1,2,2,2,1,1,3,4,2,3,1985,2,2
1991,1,260425,1,5,5,2,1,1,3,4,2,3,1986,2,2
1991,2,260425,9,2,2,2,1,1,3,4,2,3,1979,2,2
1991,1,260426,7,1,1,2,4,2,3,2,1,3,1981,2,2
1991,1,260427,1,2,2,1,1,1,3,4,2,3,1978,2,2
1991,1,260428,1,3,3,2,1,1,3,4,2,3,1980,2,2
1991,2,260428,2,2,2,2,1,1,3,4,2,3,1989,2,2
1991,1,260429,1,5,5,2,1,1,3,4,2,3,1990,2,2
1991,2,260429,1,2,2,2,1,1,3,4,2,3,1984,2,2
1991,1,260430,2,2,2,2,1,1,3,4,2,3,1986,2,2
1991,1,260431,4,2,2,2,1,1,3,4,2,3,1985,2,2
1991,2,260431,6,5,5,2,1,1,3,4,2,3,1984,2,2
1991,3,260431,1,5,5,2,1,1,3,4,2,3,1984,2,2
1991,4,260431,1,5,5,2,1,1,3,4,2,3,1981,2,2
1991,5,260431,1,6,6,2,1,1,3,4,2,3,1986,2,2
1991,1,260432,1,2,2,2,1,1,3,4,1,3,1990,2,2
1991,2,260432,2,3,3,2,1,1,3,4,2,3,1975,2,2
1991,1,260433,3,2,2,2,2,2,3,4,2,3,1987,2,2
1991,1,260434,2,1,1,1,1,1,3,4,2,3,1986,2,2
1991,1,260435,2,2,2,2,1,1,3,4,2,3,1976,2,2
1991,1,260436,1,2,2,2,1,1,3,4,1,3,1990,2,2
1991,1,260437,7,2,2,2,4,2,3,2,1,3,1980,2,2
1991,1,260438,9,2,2,1,1,1,3,4,1,3,1980,2,2
1991,1,260439,2,2,2,2,1,1,3,4,2,3,1979,2,2
1991,1,260440,2,2,2,2,1,1,3,4,2,3,1978,2,2
1991,2,260440,6,2,2,2,1,1,3,4,2,3,1985,2,2
1991,1,260441,1,2,2,2,2,2,3,4,1,3,1987,2,2
1991,1,260442,2,1,1,1,1,1,3,4,1,3,1982,2,2
1991,1,260443,1,2,2,2,1,1,3,4,2,3,1982,2,2
1991,1,260444,1,2,2,2,1,1,3,4,2,3,1978,2,2
1991,2,260444,1,2,2,2,1,1,3,4,2,3,1984,2,2
1991,1,260445,6,5,5,2,1,1,3,4,2,3,1986,2,2
1991,2,260445,1,2,2,2,1,1,3,4,2,3,1984,2,2
1991,1,260446,1,5,5,2,1,1,3,4,2,3,1980,2,2
1991,1,260447,4,2,2,1,1,1,3,4,2,3,1989,2,2
1991,1,260448,7,1,1,2,4,1,3,1,1,3,1991,2,2
1991,1,260449,7,3,3,2,4,2,3,2,1,3,1977,2,2
1991,1,260450,1,3,3,2,2,2,3,4,1,3,1977,2,2
1991,2,260450,1,5,5,2,2,2,3,4,2,3,1987,2,2
1991,1,260451,1,2,2,2,1,1,3,4,2,3,1978,2,2
1991,2,260451,2,3,3,2,1,1,3,4,2,3,1986,2,2
1991,1,260452,2,2,2,2,1,1,3,4,2,3,1982,2,2
1991,2,260452,9,2,2,2,1,1,3,4,2,3,1978,2,2
1991,1,260453,1,2,2,2,1,1,3,4,2,3,1988,2,2
1991,2,260453,1,2,2,2,1,1,3,4,2,3,1991,2,2
1991,1,260454,1,2,2,2,1,1,3,4,2,3,1989,2,2
1991,1,260455,1,2,2,2,2,2,3,4,2,3,1986,2,2
1991,1,260456,2,2,2,2,1,1,3,4,2,3,1984,2,2
1991,2,260456,3,3,3,2,1,1,3,4,2,3,1991,2,2
1991,1,260457,1,6,6,1,2,2,3,4,1,3,1987,2,2
1991,1,260458,2,1,1,1,1,1,3,4,2,3,1986,2,2
1991,1,260459,1,5,5,2,1,1,3,4,1,3,1978,2,2
1991,1,260460,6,2,2,2,2,2,3,4,2,3,1989,2,2
1991,2,260460,1,5,5,2,1,1,3,4,2,3,1977,2,2
1991,1,260461,1,2,2,2,1,1,3,4,2,3,1980,2,2
1991,2,260461,2,2,2,2,1,1,3,4,2,3,1976,2,2
1991,1,260462,1,2,2,2,1,1,3,4,2,3,1989,2,2
1991,2,260462,4,2,2,2,1,1,3,4,2,3,1985,2,2
1991,1,260463,1,2,2,2,1,1,3,4,2,3,1979,2,2
1991,1,260464,2,2,2,2,1,1,3,4,2,3,1990,2,2
1991,2,260464,1,5,5,2,1,1,3,4,2,3,1988,2,2
1991,1,260465,1,1,1,1,1,1,3,4,1,3,1988,2,2
1991,1,260466,3,1,1,1,2,2,3,4,1,3,1988,2,2
1991,1,260467,1,2,2,1,1,1,3,4,2,3,1988,2,2
1991,1,260468,6,2,2,2,1,1,3,4,2,3,1990,2,2
1991,2,260468,1,4,4,2,1,1,3,4,2,3,1981,2,2
1991,1,260469,1,2,2,2,1,1,3,4,2,3,1980,2,2
1991,2,260469,6,3,3,2,1,1,3,4,2,3,1989,2,2
1991,1,260470,4,2,2,2,1,1,3,4,2,3,1985,2,2
1991,2,260470,1,2,2,2,1,1,3,4,2,3,1983,2,2
1991,1,260471,9,5,5,2,1,1,3,4,2,3,1987,2,2
1991,2,260471,2,2,2,2,1,1,3,4,2,3,1974,2,2
1991,1,260473,2,5,5,1,1,1,3,4,2,3,1986,2,2
1991,1,260474,1,2,2,2,2,2,3,4,2,3,1982,2,2
1991,2,260474,1,2,2,2,2,2,3,4,2,3,1984,2,2
1991,1,260475,1,2,2,2,1,1,3,4,2,3,1987,2,2
1991,1,260476,1,5,5,1,2,2,3,4,1,3,1988,2,2
1991,1,260477,1,2,2,2,1,1,3,4,2,3,1985,2,2
1991,1,260478,1,5,5,2,1,1,3,4,2,3,1988,2,2
1991,2,260478,2,2,2,2,1,1,3,4,2,3,1988,2,2
1991,1,260479,1,2,2,2,1,1,3,4,2,3,1987,2,2
1991,1,260480,4,3,3,2,1,1,3,4,1,3,1986,2,2
1991,2,260480,1,2,2,2,1,1,3,4,2,3,1987,2,2
1991,3,260480,1,2,2,2,1,1,3,4,2,3,1990,2,2
1991,1,260481,1,3,3,2,1,1,3,4,2,3,1981,2,2
1991,2,260481,4,2,2,2,1,1,3,4,2,3,1987,2,2
1991,1,260482,1,2,2,2,1,1,3,4,2,3,1980,2,2
1991,1,260483,1,2,2,1,2,2,3,4,1,3,1983,2,2
1991,1,260484,1,2,2,2,1,1,3,4,2,3,1984,2,2
1991,1,260485,1,2,2,2,1,1,3,4,1,3,1979,2,2
1991,1,260486,2,2,2,2,1,1,3,4,2,3,1987,2,2
1991,2,260486,1,4,4,2,3,3,3,4,2,3,1977,2,2
1991,1,260487,1,2,2,2,1,1,3,4,2,3,1987,2,2
1991,1,260488,9,2,2,2,3,3,3,4,2,3,9999,2,2
1991,1,260489,1,5,5,2,1,1,3,4,2,3,1981,2,2
1991,2,260489,1,2,2,2,1,1,3,4,2,3,1988,2,2
1991,1,260490,1,3,3,2,1,1,3,4,2,3,1982,2,2
1991,2,260490,3,2,2,2,1,1,3,4,2,3,1988,2,2
1991,1,260491,1,2,2,2,1,1,3,4,2,3,1985,2,2
1991,1,260492,2,2,2,1,1,1,3,4,1,3,1989,2,2
1991,1,260493,1,3,3,2,2,2,3,4,1,3,1977,2,2
1991,1,260494,1,1,1,1,2,2,3,4,2,3,1986,2,2
1991,1,260495,1,3,3,2,1,1,3,4,2,3,1980,2,2
1991,2,260495,4,2,2,2,1,1,3,4,2,3,1978,2,2
1991,1,260496,1,2,2,2,1,1,3,4,1,3,1990,2,2
1991,2,260496,6,2,2,2,1,1,3,4,2,3,1973,2,2
1991,1,260497,2,2,2,2,1,1,3,4,2,3,1987,2,2
1991,2,260497,1,3,3,2,1,1,3,4,2,3,1985,2,2
1991,1,260498,1,2,2,2,2,2,3,4,2,3,1983,2,2
1991,1,260499,6,2,2,2,1,1,3,4,2,3,1984,2,2
1991,1,260500,1,2,2,2,1,1,3,4,2,3,1989,2,2
1991,1,260501,1,2,2,2,1,1,3,4,2,3,1985,2,2
1991,2,260501,2,2,2,2,1,1,3,4,2,3,1986,2,2
1991,1,260502,4,1,1,1,2,2,3,4,2,3,1979,2,2
1991,1,260503,4,2,2,2,1,1,3,4,2,3,1991,1,2
1991,2,260503,1,5,5,2,1,1,3,4,2,3,1989,2,2
1991,3,260503,2,5,5,2,1,1,3,4,2,3,1976,2,2
1991,1,260504,1,5,5,2,1,1,3,4,2,3,1989,2,2
1991,2,260504,2,2,2,2,2,2,3,4,2,3,1980,2,2
1991,1,260505,1,3,3,2,1,1,3,4,2,3,1984,2,2
1991,2,260505,6,2,2,2,1,1,3,4,2,3,1979,2,2
1991,1,260506,1,2,2,2,1,1,3,4,2,3,1979,2,2
1991,2,260506,1,2,2,2,1,1,3,4,2,3,1980,2,2
1991,3,260506,1,2,2,2,1,1,3,4,2,3,1985,2,2
1991,1,260507,1,2,2,2,1,1,3,4,2,3,1989,2,2
1991,2,260507,1,2,2,2,1,1,3,4,2,3,1984,2,2
1991,1,260508,7,2,2,2,4,2,3,2,2,3,1971,2,2
1991,2,260508,7,2,2,2,4,2,3,2,2,3,1987,2,2
1991,1,260509,1,2,2,2,1,1,3,4,1,3,1978,2,2
1991,1,260510,2,2,2,2,1,1,3,4,2,3,1987,2,2
1991,2,260510,1,2,2,2,2,2,3,4,2,3,1981,2,2
1991,1,260511,2,2,2,1,1,1,3,4,2,3,1989,2,2
1991,1,260512,4,2,2,2,1,1,3,4,2,3,1983,2,2
1991,2,260512,1,5,5,2,1,1,3,4,2,3,1983,2,2
1991,1,260513,1,2,2,2,1,1,3,4,2,3,1983,2,2
1991,2,260513,6,2,2,2,1,1,3,4,2,3,1991,2,2
1991,1,260514,1,2,2,2,1,1,3,4,2,3,1991,2,2
1991,2,260514,4,2,2,2,1,1,3,4,2,3,1980,2,2
1991,1,260515,1,6,6,1,1,1,3,4,1,3,1985,2,2
1991,1,260516,7,2,2,2,4,2,3,2,2,3,1980,2,2
1991,2,260516,7,2,2,2,4,2,3,2,2,3,1990,2,2
1991,1,260517,7,2,2,2,4,2,3,2,2,3,1986,2,2
1991,2,260517,1,4,4,2,1,1,3,4,2,3,1984,2,2
1991,1,260518,2,1,1,1,1,1,3,4,1,3,1988,2,2
1991,1,260519,1,2,2,2,2,2,3,4,2,3,1981,2,2
1991,1,260520,1,3,3,2,1,1,3,4,2,3,1988,2,2
1991,2,260520,1,2,2,2,1,1,3,4,2,3,1977,2,2
1991,1,260521,1,5,5,2,1,1,3,4,1,3,1977,2,2
1991,1,260522,2,1,1,1,1,1,3,4,2,3,1982,2,2
1991,1,260523,1,2,2,2,1,1,3,4,1,3,1987,2,2
1991,1,260524,1,2,2,2,1,1,3,4,2,3,1979,2,2
1991,2,260524,6,2,2,2,1,1,3,4,2,3,1979,2,2
1991,1,260525,1,2,2,2,1,1,3,4,2,3,1982,2,2
1991,1,260526,3,2,2,2,1,1,3,4,2,3,1986,2,2
1991,1,260527,2,2,2,2,2,2,3,4,1,3,1978,2,2
1991,2,260527,6,2,2,2,1,1,3,4,2,3,1989,2,2
1991,1,260528,1,3,3,2,1,1,3,4,2,3,1987,2,2
1991,2,260528,2,2,2,2,1,1,3,4,2,3,1986,2,2
1991,1,260529,1,5,5,2,1,1,3,4,1,3,1987,2,2
1991,1,260530,1,2,2,2,1,1,3,4,2,3,1977,2,2
1991,1,260531,3,2,2,2,1,1,3,4,2,3,1989,2,2
1991,2,260531,4,5,5,2,1,1,3,4,2,3,1986,2,2
1991,1,260532,1,2,2,1,1,1,3,4,2,3,1978,2,2
1991,1,260533,7,2,2,2,4,2,3,2,2,3,1982,2,2
1991,2,260533,9,4,4,2,1,1,3,4,2,3,1972,2,2
1991,1,260534,1,5,5,2,1,1,3,4,2,3,1991,2,2
1991,2,260534,2,2,2,2,1,1,3,4,2,3,1988,2,2
1991,1,260535,1,2,2,2,1,1,3,4,1,3,1985,2,2
1991,1,260536,1,3,3,2,1,1,3,4,2,3,1990,2,2
1991,2,260536,1,2,2,2,1,1,3,4,2,3,1991,2,2
1991,1,260537,1,2,2,2,1,1,3,4,1,3,1983,2,2
1991,1,260538,1,4,4,2,3,3,3,4,2,3,1990,2,2
1991,2,260538,4,2,2,2,1,1,3,4,2,3,1985,2,2
1991,1,260539,1,2,2,2,1,1,3,4,2,3,1990,2,2
1991,2,260539,1,2,2,2,1,1,3,4,2,3,1982,2,2
1991,3,260539,1,2,2,2,1,1,3,4,2,3,1979,2,2
1991,4,260539,1,5,5,1,1,1,3,4,2,3,1979,2,2
1991,5,260539,1,2,2,2,1,1,3,4,2,3,1983,2,2
1991,1,260540,7,1,1,2,4,1,3,1,1,3,1982,2,2
1991,1,260541,1,5,5,1,1,1,3,4,2,3,1984,2,2
1991,2,260541,1,2,2,2,1,1,3,4,2,3,1986,2,2
1991,1,260542,1,5,5,2,1,1,3,4,2,3,1988,2,2
1991,2,260542,6,2,2,2,1,1,3,4,2,3,1987,2,2
1991,1,260543,1,5,5,2,1,1,3,4,2,3,1991,2,2
1991,1,260544,1,2,2,2,2,2,3,4,2,3,1980,2,2
1991,2,260544,1,4,2,2,1,1,3,4,2,3,1990,2,2
1991,3,260544,2,2,2,2,1,1,3,4,2,3,1987,2,2
1991,4,260544,1,4,4,2,1,1,3,4,2,3,1988,2,2
1991,5,260544,1,5,5,2,1,1,3,4,2,3,1991,2,2
1991,1,260545,1,5,5,2,1,1,3,4,2,3,1990,2,2
1991,2,260545,2,2,2,2,1,1,3,4,2,3,1989,2,2
1991,1,260546,1,2,2,1,2,2,3,4,2,3,1983,2,2
1991,2,260546,1,2,2,2,1,1,3,4,2,3,1988,2,2
1991,1,260547,1,5,5,1,1,1,3,4,2,3,1987,2,2
1991,2,260547,2,2,2,2,1,1,3,4,2,3,1991,2,2
1991,1,260548,1,2,2,2,1,1,3,4,2,3,1978,2,2
1991,1,260549,1,2,2,2,1,1,3,4,2,3,1983,2,2
1991,2,260549,3,2,2,1,1,1,3,4,2,3,1987,2,2
1991,1,260550,1,2,2,2,1,1,3,4,2,3,1984,2,2
1991,2,260550,1,2,2,2,1,1,3,4,2,3,1974,2,2
1991,1,260551,4,2,2,2,1,1,3,4,2,3,1987,2,2
1991,2,260551,7,2,2,2,4,2,3,2,2,3,1972,2,2
1991,1,260552,1,2,2,2,1,1,3,4,2,3,1983,2,2
1991,2,260552,1,2,2,2,1,1,3,4,2,3,1985,2,2
1991,1,260553,1,2,2,2,1,1,3,4,2,3,1980,2,2
1991,2,260553,7,3,3,2,4,1,3,1,1,3,1982,2,2
1991,1,260554,2,1,1,1,2,1,3,4,1,3,1987,2,2
1991,1,260555,9,2,2,1,1,1,3,4,2,3,1959,2,2
1991,1,260556,9,2,2,2,2,2,3,4,2,3,1986,2,2
1991,2,260556,9,2,2,2,1,1,3,4,2,3,1986,2,2
1991,1,260557,1,1,1,1,1,1,3,4,1,3,1990,2,2
1991,1,260558,1,1,1,1,1,1,3,4,2,3,1986,2,2
1991,1,260559,1,3,3,2,1,1,3,4,2,3,1991,2,2
1991,2,260559,9,2,2,1,1,1,3,4,2,3,1973,2,2
1991,1,260560,1,5,5,2,1,1,3,4,2,3,1985,2,2
1991,2,260560,6,2,2,2,1,1,3,4,2,3,1989,2,2
1991,1,260561,2,2,2,2,1,1,3,4,2,3,1988,2,2
1991,2,260561,1,5,5,2,1,1,3,4,2,3,1989,2,2
1991,1,260562,3,2,2,2,1,1,3,4,1,3,1980,2,2
1991,1,260563,2,2,2,2,1,1,3,4,2,3,1989,2,2
1991,1,260564,1,5,5,2,1,1,3,4,2,3,1983,2,2
1991,2,260564,4,2,2,2,2,2,3,4,2,3,1987,2,2
1991,1,260565,2,2,2,2,1,1,3,4,2,3,1989,2,2
1991,2,260565,1,2,2,2,1,1,3,4,2,3,1983,2,2
1991,1,260566,1,3,3,2,1,1,3,4,1,3,1972,2,2
1991,1,260567,1,2,2,2,1,1,3,4,2,3,1979,2,2
1991,1,260568,1,2,2,2,1,1,3,4,2,3,1987,2,2
1991,2,260568,6,4,4,2,3,3,3,4,2,3,1986,2,2
1991,1,260569,2,2,2,2,2,2,3,4,2,3,1988,2,2
1991,2,260569,1,3,3,2,1,1,3,4,2,3,1991,2,2
1991,3,260569,2,4,4,2,1,1,3,4,2,3,1989,2,2
1991,4,260569,1,4,4,2,1,1,3,4,2,3,1986,2,2
1991,5,260569,1,4,4,2,3,3,3,4,2,3,9999,2,2
1991,1,260570,1,3,3,2,1,1,3,4,2,3,1984,2,2
1991,2,260570,2,2,2,2,1,1,3,4,2,3,1986,2,2
1991,1,260571,1,2,2,2,1,1,3,4,2,3,1990,2,2
1991,2,260571,1,2,2,2,1,1,3,4,2,3,1984,2,2
1991,1,260572,1,2,2,2,1,1,3,4,2,3,1984,2,2
1991,2,260572,1,5,5,2,1,1,3,4,2,3,1983,2,2
1991,1,260573,1,4,4,2,1,1,3,4,1,3,1987,2,2
1991,1,260574,1,5,5,2,1,1,3,4,2,3,1984,2,2
1991,2,260574,1,2,2,2,1,1,3,4,1,3,1986,2,2
1991,1,260575,1,2,2,1,1,1,3,4,2,3,1981,2,2
1991,1,260576,1,2,2,2,3,3,3,4,2,3,9999,2,2
1991,2,260576,7,4,4,2,4,2,3,2,2,3,1990,2,2
1991,3,260576,1,4,4,2,1,1,3,4,2,3,1986,2,2
1991,1,260577,1,2,2,2,1,1,3,4,1,3,1991,2,2
1991,1,260578,3,1,1,1,1,1,3,4,1,3,1979,2,2
1991,1,260579,1,2,2,2,2,2,3,4,2,3,1981,2,2
1991,1,260580,1,2,2,2,1,1,3,4,2,3,1988,2,2
1991,1,260581,1,2,2,2,1,1,3,4,2,3,1989,2,2
1991,2,260581,7,2,2,2,4,1,3,1,2,3,1986,2,2
1991,3,260581,1,2,2,2,1,1,3,4,2,3,1991,2,2
1991,1,260582,2,5,5,2,1,1,3,4,2,3,1989,2,2
1991,2,260582,1,2,2,2,1,1,3,4,2,3,1985,2,2
1991,1,260583,1,2,2,2,1,1,3,4,2,3,1985,2,2
1991,1,260584,1,5,5,2,1,1,3,4,1,3,1987,2,2
1991,1,260585,1,2,2,2,1,1,3,4,2,3,1979,2,2
1991,1,260586,6,4,4,2,1,1,3,4,2,3,1987,2,2
1991,2,260586,1,2,2,2,1,1,3,4,1,3,1983,2,2
1991,1,260587,1,2,2,2,1,1,3,4,2,3,1988,2,2
1991,1,260588,1,2,4,2,1,1,3,4,2,3,1986,2,2
1991,1,260589,7,2,2,2,4,1,3,1,2,3,1985,2,2
1991,2,260589,1,2,2,2,1,1,3,4,2,3,1982,2,2
1991,1,260590,1,2,2,1,2,2,3,4,2,3,1981,2,2
1991,1,260591,1,2,2,2,1,1,3,4,2,3,1987,2,2
1991,2,260591,6,4,4,2,1,1,3,4,2,3,1986,2,2
1991,1,260592,1,2,2,2,2,2,3,4,2,3,1973,2,2
1991,2,260592,1,2,2,2,1,1,3,4,2,3,1978,2,2
1991,1,260593,1,2,2,2,2,2,3,4,1,3,1979,2,2
1991,2,260593,2,4,4,2,3,3,3,4,2,3,1990,2,2
1991,1,260594,1,2,2,2,2,2,3,4,2,3,1975,2,2
1991,2,260594,6,5,5,2,1,1,3,4,2,3,1970,2,2
1991,1,260595,1,2,2,2,2,2,3,4,1,3,1987,2,2
1991,1,260596,1,2,2,1,1,1,3,4,2,3,1972,2,2
1991,1,260597,1,5,5,1,1,1,3,4,2,3,1980,2,2
1991,2,260597,1,2,2,2,1,1,3,4,2,3,1984,2,2
1991,1,260598,3,1,1,1,2,2,3,4,2,3,1979,2,2
1991,1,260599,1,2,2,2,1,1,3,4,1,3,1980,2,2
1991,1,260600,1,3,3,2,1,1,3,4,2,3,1984,2,2
1991,2,260600,6,2,2,2,1,1,3,4,2,3,1968,2,2
1991,1,260602,1,2,2,2,1,1,3,4,2,3,1981,2,2
1991,1,260603,5,2,2,2,2,2,3,4,1,3,1977,2,2
1991,1,260604,1,2,2,2,1,1,3,4,1,3,1985,2,2
1991,1,260605,2,3,3,2,1,1,3,4,2,3,1984,2,2
1991,1,260606,1,3,3,2,1,1,3,4,1,3,1983,2,2
1991,1,260607,1,2,2,2,1,1,3,4,2,3,1983,2,2
1991,2,260607,1,3,3,2,1,1,3,4,2,3,1985,2,2
1991,1,260608,1,5,5,2,1,1,3,4,1,3,1984,2,2
1991,1,260610,1,2,2,2,1,1,3,4,2,3,1988,2,2
1991,1,260611,1,3,3,2,1,1,3,4,2,3,1989,2,2
1991,2,260611,7,2,2,2,4,1,3,1,2,3,1979,2,2
1991,3,260611,1,2,2,2,1,1,3,4,2,3,1987,2,2
1991,1,260612,7,3,3,2,4,1,3,1,1,3,1975,2,2
1991,2,260612,7,4,4,2,4,1,3,1,2,3,1984,2,2
1991,1,260613,1,2,2,2,1,1,3,4,2,3,1991,2,2
1991,1,260614,2,2,2,2,1,1,3,4,2,3,1983,2,2
1991,1,260615,1,2,2,2,1,1,3,4,2,3,1986,2,2
1991,2,260615,1,2,2,2,1,1,3,4,2,3,1986,2,2
1991,1,260616,7,2,2,2,4,2,3,2,2,3,1979,2,2
1991,2,260616,6,5,5,2,1,1,3,4,2,3,1984,2,2
1991,1,260617,1,3,3,2,1,1,3,4,2,3,1983,2,2
1991,2,260617,1,2,2,2,1,1,3,4,2,3,1985,2,2
1991,3,260617,6,2,2,2,1,1,3,4,2,3,1968,2,2
1991,1,260618,1,2,2,2,1,1,3,4,2,3,1986,2,2
1991,2,260618,8,4,4,2,1,1,3,4,2,3,1979,2,2
1991,1,260619,1,2,2,1,1,1,3,4,1,3,1989,2,2
1991,1,260620,2,5,5,1,2,2,3,4,1,3,1987,2,2
1991,1,260621,1,2,2,2,2,2,3,4,2,3,1984,2,2
1991,1,260622,1,5,5,2,1,1,3,4,2,3,1988,2,2
1991,2,260622,2,2,2,2,1,1,3,4,2,3,1989,2,2
1991,1,260623,5,3,3,2,1,1,3,4,2,3,1977,2,2
1991,2,260623,7,2,2,2,4,1,3,1,2,3,1982,2,2
1991,1,260624,6,5,5,2,1,1,3,4,2,3,1979,2,2
1991,2,260624,1,2,2,2,2,2,3,4,2,3,1985,2,2
1991,1,260625,7,2,2,2,4,2,3,2,2,3,1982,2,2
1991,2,260625,1,5,5,2,1,1,3,4,2,3,1988,2,2
1991,1,260626,1,3,3,2,1,1,3,4,2,3,1981,2,2
1991,2,260626,7,2,2,2,4,1,3,1,2,3,1985,2,2
1991,1,260627,2,2,2,2,2,2,3,4,2,3,1972,2,2
1991,1,260628,1,2,2,2,1,1,3,4,2,3,1983,2,2
1991,2,260628,3,2,2,1,1,1,3,4,2,3,1986,2,2
1991,1,260629,1,2,2,2,1,1,3,4,2,3,1987,2,2
1991,2,260629,1,5,5,2,1,1,3,4,2,3,1986,2,2
1991,1,260630,2,2,2,2,1,1,3,4,2,3,1990,2,2
1991,2,260630,7,2,2,2,4,1,3,1,2,3,1984,2,2
1991,1,260631,1,3,3,2,1,1,3,4,2,3,1972,2,2
1991,1,260632,2,2,2,2,1,1,3,4,2,3,1990,2,2
1991,1,260633,7,2,2,2,4,1,3,1,1,3,1985,2,2
1991,1,260634,1,2,2,2,1,1,3,4,2,3,1986,2,2
1991,1,260635,1,2,2,2,1,1,3,4,2,3,1986,2,2
1991,2,260635,1,2,2,2,1,1,3,4,2,3,1977,2,2
1991,1,260636,1,5,5,2,1,1,3,4,1,3,1975,2,2
1991,1,260637,2,2,2,2,1,1,3,4,2,3,1987,2,2
1991,1,260638,1,3,3,2,2,2,3,4,2,3,1980,2,2
1991,2,260638,5,4,4,1,2,2,3,4,2,3,1975,2,2
1991,1,260639,1,1,1,1,1,1,3,4,2,3,1990,2,2
1991,1,260640,1,1,1,1,2,2,3,4,1,3,1990,2,2
1991,1,260641,1,2,2,1,1,1,3,4,1,3,1973,2,2
1991,1,260642,2,1,1,1,1,1,3,4,2,3,1986,2,2
1991,1,260643,1,2,2,2,1,1,3,4,2,3,1979,2,2
1991,1,260644,1,3,3,2,1,1,3,4,1,3,1989,2,2
1991,2,260644,2,2,2,2,1,1,3,4,2,3,1988,2,2
1991,1,260645,1,3,3,2,1,1,3,4,2,3,1990,2,2
1991,2,260645,1,2,2,2,1,1,3,4,2,3,1986,2,2
1991,1,260646,1,1,1,1,1,1,3,4,2,3,1991,2,2
1991,1,260647,2,2,2,2,1,1,3,4,2,3,1990,2,2
1991,1,260648,1,2,2,2,1,1,3,4,2,3,1980,2,2
1991,2,260648,1,2,2,2,1,1,3,4,2,3,1986,2,2
1991,1,260649,1,5,5,2,1,1,3,4,2,3,1979,2,2
1991,2,260649,9,5,5,2,1,2,3,4,2,3,1982,2,2
1991,3,260649,1,2,2,2,1,1,3,4,2,3,1990,2,2
1991,1,260650,3,4,4,1,1,1,3,4,2,3,1984,2,2
1991,1,260651,5,2,2,2,3,3,3,4,2,3,9999,2,2
1991,1,260652,1,3,3,1,1,1,3,4,2,3,1982,2,2
1991,2,260652,1,2,2,2,1,1,3,4,2,3,1979,2,2
1991,1,260653,1,2,2,2,1,1,3,4,2,3,1990,2,2
1991,2,260653,4,3,3,2,1,1,3,4,2,3,1988,2,2
1991,1,260654,1,2,2,2,1,1,3,4,2,3,1989,2,2
1991,2,260654,1,2,2,2,1,1,3,4,2,3,1987,2,2
1991,1,260655,1,2,2,2,1,1,3,4,1,3,1987,2,2
1991,1,260656,2,2,2,2,1,1,3,4,2,3,1989,2,2
1991,1,260657,1,5,5,2,1,1,3,4,2,3,1990,2,2
1991,2,260657,1,2,2,2,3,3,3,4,2,3,1991,2,2
1991,1,260658,1,1,1,1,1,1,3,4,2,3,1985,2,2
1991,1,260659,1,5,5,1,1,1,3,4,2,3,1986,2,2
1991,2,260659,1,2,2,2,1,1,3,4,2,3,1987,2,2
1991,1,260660,1,4,4,2,1,1,3,4,2,3,1976,2,2
1991,1,260661,1,1,1,1,1,1,3,4,1,3,1983,2,2
1991,1,260662,1,3,3,1,1,1,3,4,1,3,1985,2,2
1991,2,260662,2,4,4,2,1,1,3,4,2,3,1989,2,2
1991,1,260663,2,2,2,2,1,1,3,4,1,3,1991,2,2
1991,2,260663,6,2,2,2,1,1,3,4,2,3,1981,2,2
1991,1,260664,7,1,1,2,4,2,3,2,1,3,1991,2,2
1991,1,260665,1,3,3,2,1,1,3,4,1,3,1985,2,2
1991,1,260666,7,2,2,2,4,1,3,1,2,3,1988,2,2
1991,1,260667,1,3,3,2,1,1,3,4,2,3,1987,2,2
1991,2,260667,2,2,2,2,1,1,3,4,2,3,1990,2,2
1991,1,260668,1,2,2,2,2,2,3,4,2,3,1979,2,2
1991,1,260669,2,2,2,2,1,1,3,4,2,3,1987,2,2
1991,2,260669,7,2,2,2,4,2,3,2,2,3,1980,2,2
1991,1,260670,1,2,2,2,1,1,3,4,2,3,1986,2,2
1991,1,260671,9,5,5,2,3,3,3,4,2,3,9999,2,2
1991,2,260671,7,2,2,2,4,2,3,2,2,3,1985,2,2
1991,1,260672,1,2,2,2,1,1,3,4,2,3,1987,2,2
1991,2,260672,7,2,2,2,4,1,3,1,2,3,1982,2,2
1991,1,260673,1,5,5,2,1,1,3,4,1,3,1977,2,2
1991,1,260674,4,2,2,2,1,1,3,4,1,3,1976,2,2
1991,2,260674,4,2,2,2,1,1,3,4,2,3,1988,2,2
1991,1,260675,1,2,2,2,2,2,3,4,2,3,1990,2,2
1991,2,260675,1,4,4,2,1,1,3,4,2,3,1983,2,2
1991,1,260676,1,2,2,2,1,1,3,4,2,3,1980,2,2
1991,2,260676,1,2,2,2,1,1,3,4,2,3,1990,2,2
1991,1,260678,2,2,2,1,3,3,3,4,1,3,1987,2,2
1991,1,260679,1,2,2,2,2,2,3,4,1,3,1979,2,2
1991,2,260679,1,3,3,2,2,2,3,4,2,3,1979,2,2
1991,1,260680,1,2,2,1,1,1,3,4,2,3,1988,2,1
1991,1,260681,1,2,2,2,1,1,3,4,2,3,1984,2,2
1991,1,260682,2,2,2,2,2,2,3,4,2,3,1986,2,2
1991,1,260683,1,5,5,2,1,1,3,4,2,3,1984,2,2
1991,2,260683,1,2,2,2,1,1,3,4,2,3,1986,2,2
1991,1,260684,7,2,2,2,4,1,3,1,2,3,1986,2,2
1991,1,260685,1,2,2,2,1,1,3,4,1,3,1977,2,2
1991,1,260686,6,2,2,2,1,1,3,4,2,3,1982,2,2
1991,2,260686,3,2,2,2,1,1,3,4,2,3,1986,2,2
1991,1,260687,1,2,2,1,2,2,3,4,1,3,1977,2,2
1991,1,260688,6,2,2,2,1,1,3,4,2,3,1981,2,2
1991,2,260688,1,2,2,2,1,1,3,4,2,3,1985,2,2
1991,1,260689,6,5,5,2,1,1,3,4,2,3,1968,2,2
1991,2,260689,1,2,2,2,1,1,3,4,2,3,1981,2,2
1991,1,260690,1,5,5,1,1,1,3,4,1,3,1990,2,2
1991,1,260691,1,2,2,2,2,2,3,4,1,3,1990,2,2
1991,2,260691,6,2,2,2,1,1,3,4,2,3,1974,2,2
1991,1,260692,3,1,1,1,1,1,3,4,2,3,1986,2,2
1991,1,260693,3,2,2,2,1,1,3,4,2,3,1988,2,2
1991,1,260694,1,2,2,2,1,1,3,4,2,3,1989,2,2
1991,1,260695,1,2,2,2,1,1,3,4,2,3,1979,2,2
1991,2,260695,1,5,5,2,1,1,3,4,1,3,1986,2,2
1991,1,260696,2,1,1,2,2,2,3,4,2,3,1980,2,2
1991,1,260697,2,2,2,1,1,1,3,4,1,3,1986,2,2
1991,1,260698,1,3,3,1,2,2,3,4,2,3,1991,2,2
1991,2,260698,1,5,5,2,2,2,3,4,2,3,1987,2,2
1991,1,260699,7,2,2,2,4,2,3,2,1,3,1991,2,2
1991,2,260699,1,5,5,2,1,1,3,4,2,3,1979,2,2
1991,1,260700,7,3,3,2,4,1,3,1,2,3,1988,2,2
1991,2,260700,1,5,5,2,1,1,3,4,2,3,1985,2,2
1991,3,260700,4,4,4,2,1,1,3,4,2,3,1975,2,2
1991,4,260700,1,2,2,2,1,1,3,4,2,3,1984,2,2
1991,1,260701,1,5,5,2,2,2,3,4,2,3,1977,2,2
1991,2,260701,1,2,2,1,1,1,3,4,2,3,1983,2,2
1991,1,260702,1,2,2,1,1,1,3,4,2,3,1985,2,2
1991,1,260703,1,5,5,2,1,1,3,4,2,3,1984,2,2
1991,2,260703,6,5,5,2,1,1,3,4,2,3,1987,2,2
1991,3,260703,2,2,2,2,1,1,3,4,2,3,1983,2,2
1991,1,260704,1,1,1,1,1,1,3,4,1,3,1989,2,2
1991,1,260705,6,2,2,1,1,1,3,4,2,3,1985,2,2
1991,1,260706,1,2,2,2,1,1,3,4,2,3,1977,2,2
1991,1,260707,1,2,2,2,1,1,3,4,2,3,1987,2,2
1991,2,260707,2,5,5,1,1,1,3,4,2,3,1979,2,2
1991,1,260708,1,1,1,1,1,1,3,4,1,3,1984,2,2
1991,1,260709,4,1,1,2,1,1,3,4,2,3,1985,2,2
1991,1,260710,1,3,3,2,1,1,3,4,1,3,1985,2,2
1991,1,260711,6,2,2,2,1,1,3,4,2,3,1988,2,2
1991,1,260712,1,2,2,2,1,1,3,4,2,3,1989,2,2
1991,2,260712,6,2,2,2,1,1,3,4,2,3,1966,2,2
1991,1,260713,1,5,5,2,1,1,3,4,2,3,1989,2,2
1991,2,260713,1,2,2,2,1,1,3,4,2,3,1987,2,2
1991,1,260714,1,3,3,1,1,1,3,4,2,3,1988,2,2
1991,1,260715,2,2,2,2,1,1,3,4,2,3,1988,2,2
1991,1,260716,2,2,2,2,1,1,3,4,2,3,1986,2,2
1991,2,260716,1,2,2,2,1,1,3,4,2,3,1985,2,2
1991,1,260717,1,2,2,2,2,2,3,4,2,3,1990,2,2
1991,1,260718,7,2,2,2,4,1,3,1,1,3,1988,2,2
1991,1,260719,7,5,5,2,4,2,3,2,2,3,1978,2,2
1991,1,260720,2,2,2,1,1,1,3,4,2,3,1981,2,2
1991,2,260720,4,2,2,2,1,1,3,4,2,3,1987,2,2
1991,1,260721,2,2,2,2,1,1,3,4,2,3,1991,2,2
1991,1,260722,1,2,2,2,1,1,3,4,2,3,1986,2,2
1991,1,260723,4,2,2,2,1,1,3,4,2,3,1987,2,2
1991,1,260724,1,3,3,2,1,1,3,4,2,3,1985,2,2
1991,2,260724,2,2,2,2,1,1,3,4,2,3,1988,2,2
1991,1,260725,3,2,2,2,1,1,3,4,2,3,1988,2,2
1991,2,260725,1,5,5,2,1,1,3,4,2,3,1987,2,2
1991,1,260726,2,1,1,1,1,1,3,4,1,3,1984,2,2
1991,1,260727,7,1,1,2,4,1,3,1,2,3,1977,2,2
1991,1,260728,1,5,5,2,1,1,3,4,2,3,1990,2,2
1991,1,260729,4,2,2,2,2,2,3,4,2,3,1985,2,2
1991,2,260729,1,5,5,2,1,1,3,4,2,3,1988,2,2
1991,3,260729,2,2,2,2,1,1,3,4,2,3,1965,2,2
1991,1,260730,1,2,2,2,1,1,3,4,2,3,1987,2,2
1991,1,260731,7,2,2,2,4,2,3,2,1,3,1982,2,2
1991,1,260732,1,2,2,1,1,1,3,4,2,3,1985,2,2
1991,1,260733,2,5,5,2,1,1,3,4,1,3,1988,2,2
1991,1,260734,1,3,3,2,1,1,3,4,1,3,1990,2,2
1991,1,260735,2,2,2,2,1,1,3,4,1,3,1985,2,2
1991,1,260736,1,3,3,2,1,1,3,4,1,3,1978,2,2
1991,1,260737,7,2,2,2,4,1,3,1,1,3,1983,2,2
1991,2,260737,2,5,5,2,1,1,3,4,2,3,1985,2,2
1991,1,260738,6,2,2,2,1,1,3,4,2,3,1986,2,2
1991,1,260739,1,2,2,1,2,2,3,4,2,3,1985,2,2
1991,2,260739,6,3,3,1,1,1,3,4,2,3,1988,2,2
1991,1,260740,2,2,2,2,1,1,3,4,2,3,1986,2,2
1991,1,260741,1,3,3,2,1,1,3,4,1,3,1983,2,2
1991,1,260742,1,2,2,2,1,1,3,4,2,3,1985,2,2
1991,2,260742,5,3,3,2,1,1,3,4,2,3,1986,2,2
1991,1,260743,7,5,5,2,4,1,3,1,2,3,1973,2,2
1991,2,260743,2,6,6,2,1,1,3,4,2,3,1990,2,2
1991,1,260744,1,2,2,2,1,1,3,4,2,3,1980,2,2
1991,2,260744,1,5,5,2,1,1,3,4,2,3,1985,2,2
1991,1,260745,7,2,2,2,4,1,3,1,1,3,1991,2,2
1991,1,260746,1,2,2,2,1,1,3,4,1,3,1979,2,2
1991,1,260747,1,3,3,2,1,1,3,4,2,3,1987,2,2
1991,1,260748,2,3,3,1,2,1,3,4,1,3,1986,2,2
1991,1,260749,1,5,5,2,1,1,3,4,2,3,1985,2,2
1991,2,260749,1,2,2,2,1,1,3,4,2,3,1978,2,2
1991,1,260750,1,2,2,2,1,1,3,4,2,3,1983,2,2
1991,1,260751,3,2,2,2,2,2,3,4,2,3,1987,2,2
1991,1,260752,7,2,2,2,4,2,3,2,1,3,1975,2,2
1991,2,260752,1,2,2,2,1,1,3,4,2,3,1991,2,2
1991,1,260753,1,1,1,1,1,1,3,4,1,3,1979,2,2
1991,1,260754,6,2,2,2,1,1,3,4,2,3,1984,2,2
1991,2,260754,7,4,4,2,4,3,3,3,2,3,1988,2,2
1991,1,260755,4,2,2,1,1,1,3,4,2,3,1985,2,2
1991,1,260756,1,2,2,2,1,1,3,4,2,3,1985,2,2
1991,1,260757,7,1,1,2,4,1,3,1,1,3,1990,2,2
1991,1,260758,4,2,2,1,2,2,3,4,1,3,1990,2,2
1991,1,260759,1,3,3,2,1,1,3,4,2,3,1985,2,2
1991,1,260760,1,3,3,2,1,1,3,4,2,3,1990,2,2
1991,2,260760,1,5,3,2,1,1,3,4,2,3,1976,2,2
1991,3,260760,5,2,2,2,1,1,3,4,2,3,1988,2,2
1991,1,260761,1,2,2,2,1,1,3,4,2,3,1985,2,2
1991,1,260762,1,3,3,2,1,1,3,4,2,3,1977,2,2
1991,2,260762,1,2,2,2,1,1,3,4,2,3,1982,2,2
1991,1,260763,7,2,2,2,4,1,3,1,2,3,1974,2,2
1991,2,260763,2,2,2,2,1,1,3,4,2,3,1985,2,2
1991,1,260764,1,2,2,2,1,1,3,4,2,3,1980,2,2
1991,2,260764,1,2,2,2,2,2,3,4,2,3,1978,2,2
1991,1,260765,7,5,5,2,4,1,3,1,1,3,1983,2,2
1991,2,260765,1,5,5,2,1,1,3,4,2,3,1984,2,2
1991,3,260765,1,5,5,2,1,1,3,4,2,3,1985,2,2
1991,4,260765,1,2,2,2,1,1,3,4,2,3,1985,2,2
1991,1,260766,1,2,2,1,1,1,3,4,1,3,1980,2,2
1991,1,260767,2,3,3,2,1,1,3,4,2,3,1979,2,2
1991,1,260768,1,5,5,1,1,1,3,4,2,3,1987,2,2
1991,1,260769,1,2,2,2,1,1,3,4,2,3,1981,2,2
1991,1,260770,1,2,2,2,2,2,3,4,1,3,1978,2,2
1991,1,260771,1,2,2,2,1,1,3,4,2,3,1978,2,2
1991,1,260772,1,2,2,2,1,1,3,4,2,3,1985,2,2
1991,2,260772,1,2,2,2,1,1,3,4,2,3,1988,2,2
1991,1,260773,1,5,5,1,1,1,3,4,1,3,1991,2,2
1991,1,260774,1,2,2,1,1,1,3,4,1,3,1985,2,2
1991,1,260775,7,2,2,2,4,2,3,2,1,3,1989,2,2
1991,1,260776,2,2,2,2,1,1,3,4,2,3,1986,2,2
1991,1,260777,1,2,2,1,1,1,3,4,1,3,1988,2,2
1991,1,260778,2,3,3,2,1,1,3,4,2,3,1981,2,2
1991,1,260779,1,5,5,1,2,2,3,4,1,3,1984,2,2
1991,1,260780,1,5,5,2,1,1,3,4,2,3,1986,2,2
1991,2,260780,2,2,2,2,1,1,3,4,2,3,1988,2,2
1991,1,260781,1,5,5,2,2,2,3,4,2,3,1978,2,2
1991,2,260781,4,2,2,2,1,1,3,4,2,3,1987,2,2
1991,1,260782,1,3,3,2,2,2,3,4,1,3,1980,2,2
1991,1,260783,1,1,1,1,1,1,3,4,2,3,1988,2,2
1991,1,260784,2,2,2,2,1,1,3,4,2,3,1979,2,2
1991,1,260785,1,5,5,2,1,1,3,4,2,3,1978,2,2
1991,2,260785,1,2,2,2,1,1,3,4,2,3,1983,2,2
1991,3,260785,1,2,2,2,1,1,3,4,2,3,1991,2,2
1991,1,260786,1,2,2,2,1,1,3,4,2,3,1985,2,2
1991,1,260787,1,2,2,2,1,1,3,4,2,3,1977,2,2
1991,2,260787,6,2,2,2,1,1,3,4,2,3,1985,2,2
1991,1,260788,1,2,2,2,1,1,3,4,2,3,1978,2,2
1991,1,260789,1,2,2,2,1,1,3,4,2,3,1981,2,2
1991,2,260789,1,5,5,2,1,1,3,4,2,3,1979,2,2
1991,1,260790,1,2,2,2,1,1,3,4,2,3,1982,2,2
1991,2,260790,1,2,2,2,1,1,3,4,2,3,1990,2,2
1991,1,260791,1,5,5,2,1,1,3,4,2,3,1986,2,2
1991,2,260791,1,2,2,2,1,1,3,4,2,3,1978,2,2
1991,1,260792,2,3,3,2,1,1,3,4,2,3,1986,2,2
1991,2,260792,1,2,2,2,1,1,3,4,2,3,1984,2,2
1991,1,260793,1,5,5,2,1,1,3,4,2,3,1985,2,2
1991,2,260793,1,2,2,2,1,1,3,4,2,3,1984,2,2
1991,1,260794,2,2,2,1,1,1,3,4,2,3,1977,2,2
1991,1,260795,7,2,2,2,4,1,3,1,1,3,1990,2,2
1991,1,260796,5,2,2,2,1,1,3,4,2,3,1990,2,2
1991,2,260796,7,4,4,2,4,1,3,1,2,3,1971,2,2
1991,1,260797,1,2,2,2,1,1,3,4,2,3,1987,2,2
1991,1,260798,1,2,2,2,1,1,3,4,2,3,1984,2,2
1991,2,260798,1,2,2,2,1,1,3,4,2,3,1977,2,2
1991,1,260799,1,5,5,1,1,1,3,4,1,3,1968,2,2
1991,1,260800,1,1,1,1,1,1,3,4,2,3,1983,2,2
1991,1,260801,1,3,3,1,1,1,3,4,2,3,1974,2,2
1991,2,260801,1,2,2,2,1,1,3,4,2,3,1986,2,2
1991,1,260802,1,3,3,2,1,1,3,4,2,3,1988,2,2
1991,2,260802,2,2,2,2,2,2,3,4,2,3,1990,2,2
1991,1,260803,1,5,5,2,1,1,3,4,2,3,1985,2,2
1991,2,260803,1,2,2,2,1,1,3,4,2,3,1990,2,2
1991,1,260804,3,2,2,2,2,2,3,4,1,3,1976,2,2
1991,1,260805,1,2,2,2,1,1,3,4,2,3,1982,2,2
1991,1,260806,2,1,1,1,1,1,3,4,2,3,1986,2,2
1991,1,260807,2,1,1,1,1,1,3,4,2,3,1982,2,2
1991,1,260808,1,2,2,2,1,1,3,4,2,3,1986,2,2
1991,1,260809,3,2,2,2,1,1,3,4,2,3,1990,2,2
1991,1,260810,1,2,2,2,1,1,3,4,1,3,1985,2,2
1991,2,260810,2,2,2,2,1,1,3,4,2,3,1991,2,2
1991,1,260811,1,3,3,1,1,1,3,4,2,3,1987,2,2
1991,2,260811,1,2,2,2,1,1,3,4,2,3,1991,2,2
1991,1,260812,1,1,1,1,1,1,3,4,1,3,1980,2,2
1991,1,260813,2,1,1,1,1,1,3,4,1,3,1976,2,2
1991,1,260814,1,2,2,2,1,1,3,4,2,3,1988,2,2
1991,1,260815,3,1,1,1,1,1,3,4,1,3,1985,2,2
1991,1,260816,1,2,2,2,1,1,3,4,2,3,1985,2,2
1991,2,260816,6,2,2,2,1,2,3,4,2,3,1986,2,2
1991,1,260817,1,2,2,2,2,2,3,4,1,3,1983,2,2
1991,1,260818,3,2,2,1,1,1,3,4,2,3,1988,2,2
1991,2,260818,3,2,2,2,1,1,3,4,2,3,1985,2,2
1991,1,260819,1,2,2,2,1,1,3,4,1,3,1986,2,2
1991,1,260820,1,3,3,2,1,1,3,4,2,3,1976,2,2
1991,2,260820,6,2,2,2,1,2,3,4,2,3,1991,2,2
1991,1,260821,1,2,2,2,1,1,3,4,2,3,1977,2,2
1991,2,260821,1,2,2,2,1,1,3,4,2,3,1989,2,2
1991,1,260822,1,5,5,2,1,1,3,4,2,3,1983,2,2
1991,2,260822,2,2,2,2,1,1,3,4,2,3,1991,2,2
1991,1,260823,1,2,2,2,1,1,3,4,2,3,1979,2,2
1991,1,260824,1,2,2,2,1,1,3,4,2,3,1990,2,2
1991,2,260824,4,2,2,2,1,1,3,4,1,3,1986,2,2
1991,3,260824,1,5,5,2,1,1,3,4,2,3,1988,2,2
1991,1,260825,1,3,3,2,1,1,3,4,2,3,1989,2,2
1991,2,260825,1,2,2,2,1,1,3,4,2,3,1990,2,2
1991,3,260825,1,2,2,2,1,1,3,4,2,3,1990,2,2
1991,1,260826,1,2,2,2,1,1,3,4,2,3,1988,2,2
1991,2,260826,4,2,2,2,1,1,3,4,2,3,1982,2,2
1991,3,260826,1,2,2,2,1,1,3,4,2,3,1986,2,2
1991,1,260827,6,1,1,2,1,1,3,4,2,3,1979,2,2
1991,1,260828,1,3,3,2,1,1,3,4,2,3,1978,2,2
1991,1,260829,6,2,2,2,1,1,3,4,2,3,1986,2,2
1991,2,260829,1,2,2,2,1,1,3,4,2,3,1989,2,2
1991,1,260830,1,5,5,1,1,1,3,4,2,3,1984,2,2
1991,1,260831,1,3,3,2,1,1,3,4,2,3,1988,2,2
1991,2,260831,2,2,2,2,1,1,3,4,2,3,1990,2,2
1991,1,260832,3,5,5,2,1,1,3,4,2,3,1984,2,2
1991,1,260833,1,5,5,2,1,1,3,4,2,3,1983,2,2
1991,2,260833,2,2,2,2,1,1,3,4,2,3,1991,2,2
1991,1,260834,6,2,2,1,1,1,3,4,2,3,1988,2,2
1991,2,260834,1,4,4,2,1,1,3,4,2,3,1976,2,2
1991,3,260834,1,2,2,2,1,1,3,4,2,3,1988,2,2
1991,1,260835,1,5,5,2,1,1,3,4,2,3,1987,2,2
1991,2,260835,1,2,2,2,2,2,3,4,2,3,1978,2,2
1991,1,260836,2,2,2,2,1,1,3,4,2,3,1984,2,2
1991,2,260836,1,5,5,2,1,1,3,4,2,3,1980,2,2
1991,1,260837,1,2,2,2,1,1,3,4,2,3,1987,2,2
1991,2,260837,1,5,5,2,1,1,3,4,2,3,1983,2,2
1991,1,260838,2,2,2,2,1,1,3,4,2,3,1988,2,2
1991,1,260839,1,1,1,1,1,1,3,4,1,3,1987,2,2
1991,1,260840,1,2,2,2,1,1,3,4,2,3,1983,2,2
1991,2,260840,6,5,5,1,1,1,3,4,2,3,1990,2,2
1991,3,260840,1,5,5,2,1,1,3,4,2,3,1977,2,2
1991,1,260841,1,3,3,2,1,1,3,4,2,3,1983,2,2
1991,2,260841,2,2,2,2,1,1,3,4,2,3,1991,2,2
1991,1,260842,1,2,2,1,1,1,3,4,2,3,1982,2,2
1991,1,260843,2,2,2,1,1,1,3,4,2,3,1985,2,2
1991,1,260844,3,1,1,1,1,1,3,4,1,3,1987,2,2
1991,1,260845,1,2,2,1,2,2,3,4,2,3,1982,1,2
1991,1,260846,1,2,2,2,1,1,3,4,2,3,1987,2,2
1991,1,260847,1,2,2,2,1,1,3,4,2,3,1983,2,2
1991,2,260847,3,3,3,1,1,1,3,4,2,3,1989,2,2
1991,3,260847,2,2,2,2,1,1,3,4,2,3,1985,2,2
1991,1,260848,2,2,2,2,2,2,3,4,1,3,1976,2,2
1991,1,260849,1,2,2,2,1,1,3,4,2,3,1987,2,2
1991,1,260850,1,3,3,2,1,1,3,4,1,3,1985,2,2
1991,2,260850,1,2,2,2,1,1,3,4,2,3,1991,2,2
1991,1,260851,7,2,2,2,4,2,3,2,1,3,1981,2,2
1991,1,260852,1,2,2,2,1,1,3,4,1,3,1988,2,2
1991,2,260852,1,2,2,2,1,1,3,4,2,3,1985,2,2
1991,1,260853,1,2,2,1,1,1,3,4,2,3,1983,2,2
1991,1,260854,1,2,2,2,1,1,3,4,2,3,1968,2,2
1991,2,260854,6,5,5,2,1,1,3,4,2,3,1991,2,2
1991,1,260855,1,2,2,2,1,1,3,4,2,3,1988,2,2
1991,2,260855,1,2,2,2,1,1,3,4,2,3,1987,2,2
1991,1,260856,1,3,3,2,1,1,3,4,2,3,1988,2,2
1991,1,260857,2,2,2,2,1,1,3,4,2,3,1989,2,2
1991,2,260857,7,2,2,2,4,1,3,1,2,3,1987,2,2
1991,1,260858,7,2,2,2,4,2,3,2,1,3,1986,2,2
1991,1,260859,1,5,5,2,1,1,3,4,2,3,1988,2,2
1991,2,260859,1,2,2,2,1,1,3,4,1,3,1984,2,2
1991,1,260860,1,2,2,2,2,2,3,4,2,3,1975,2,2
1991,1,260861,1,3,3,2,1,1,3,4,2,3,1991,2,2
1991,2,260861,1,2,2,2,1,1,3,4,2,3,1987,2,2
1991,1,260862,2,3,2,1,1,1,3,4,1,3,1982,2,2
1991,1,260863,1,2,2,1,1,1,3,4,1,3,1989,2,2
1991,1,260864,1,2,2,2,2,2,3,4,1,3,1984,2,2
1991,1,260865,9,2,2,1,1,2,3,4,1,3,1988,2,2
1991,1,260866,1,3,3,2,1,1,3,4,1,3,1978,2,2
1991,1,260867,1,2,2,1,1,1,3,4,2,3,1991,2,2
1991,1,260868,3,2,2,2,1,1,3,4,1,3,1986,2,2
1991,2,260868,1,4,4,2,1,1,3,4,2,3,1984,2,2
1991,1,260869,1,5,5,2,1,1,3,4,2,3,1991,2,2
1991,2,260869,6,2,2,2,1,1,3,4,2,3,1988,2,2
1991,1,260870,1,2,2,2,2,2,3,4,1,3,1979,2,2
1991,2,260870,1,5,5,2,1,1,3,4,2,3,1984,2,2
1991,1,260871,1,2,2,2,1,1,3,4,2,3,1991,2,2
1991,2,260871,4,2,2,2,1,1,3,4,2,3,1987,2,2
1991,1,260872,2,2,2,2,1,1,3,4,2,3,1990,2,2
1991,2,260872,4,3,3,2,1,1,3,4,2,3,1989,2,2
1991,1,260873,1,1,1,1,2,2,3,4,2,3,1991,2,2
1991,1,260874,1,3,3,2,1,1,3,4,2,3,1983,2,2
1991,1,260875,1,2,2,2,1,1,3,4,2,3,1978,2,2
1991,2,260875,1,3,3,2,1,1,3,4,2,3,1987,2,2
1991,1,260876,1,3,3,2,1,1,3,4,2,3,1990,2,2
1991,2,260876,6,2,2,2,1,1,3,4,2,3,1984,2,2
1991,1,260877,1,2,2,1,1,1,3,4,1,3,1990,2,2
1991,1,260878,7,2,2,2,4,1,3,1,2,3,1983,2,2
1991,2,260878,6,4,4,2,1,1,3,4,2,3,1986,2,2
1991,1,260879,4,1,1,2,1,1,3,4,2,3,1985,2,2
1991,1,260880,1,3,3,2,1,1,3,4,2,3,1988,2,2
1991,2,260880,1,2,2,2,1,1,3,4,2,3,1992,2,2
1991,1,260881,1,2,2,2,1,1,3,4,2,3,1971,2,2
1991,2,260881,1,5,5,2,1,1,3,4,2,3,1988,2,2
1991,3,260881,2,2,2,2,1,1,3,4,2,3,1986,2,2
1991,1,260882,1,2,2,2,1,1,3,4,2,3,1990,2,2
1991,1,260883,3,2,2,2,1,1,3,4,2,3,1986,2,2
1991,1,260884,3,1,1,1,1,1,3,4,2,3,1981,2,1
1991,1,260885,1,2,2,2,1,1,3,4,2,3,1979,2,2
1991,1,260886,2,2,2,2,1,1,3,4,1,3,1985,2,2
1991,1,260887,7,5,5,2,4,1,3,1,1,3,1987,2,2
1991,2,260887,1,3,3,2,1,1,3,4,2,3,1985,2,2
1991,1,260888,1,2,2,2,2,2,3,4,2,3,1990,2,2
1991,2,260888,1,2,2,2,2,2,3,4,2,3,1972,2,2
1991,1,260889,1,2,2,2,3,3,3,4,2,3,9999,2,2
1991,1,260890,1,2,2,2,3,3,3,4,2,3,9999,2,2
1991,1,260891,7,2,2,2,4,2,3,2,1,3,1990,2,2
1991,2,260891,1,5,5,2,1,1,3,4,2,3,1984,2,2
1991,1,260892,1,2,2,2,2,2,3,4,1,3,1978,2,2
1991,1,260893,1,2,2,2,2,2,3,4,1,3,1980,2,2
1991,1,260894,1,2,2,2,2,2,3,4,2,3,1980,2,2
1991,1,260895,7,2,2,2,4,2,3,2,2,3,1988,2,2
1991,2,260895,1,2,2,2,1,1,3,4,2,3,1977,2,2
1991,1,260896,4,4,4,2,2,2,3,4,2,3,1982,2,2
1991,1,260897,1,2,2,2,2,2,3,4,1,3,1978,2,2
1991,1,260898,1,2,2,2,1,1,3,4,2,3,1988,2,2
1991,1,260899,1,2,2,2,1,1,3,4,2,3,1985,2,2
1991,1,260900,1,2,2,2,1,1,3,4,2,3,1990,2,2
1991,2,260900,2,2,2,2,1,1,3,4,2,3,1975,2,2
1991,1,260901,1,2,2,2,1,1,3,4,2,3,1982,2,2
1991,1,260902,6,2,2,2,1,1,3,4,2,3,1972,2,2
1991,1,260903,1,2,2,2,1,1,3,4,2,3,1989,2,2
1991,1,260904,1,3,3,2,1,1,3,4,1,3,1967,2,2
1991,1,260905,1,3,3,1,1,1,3,4,1,3,1979,2,2
1991,1,260906,4,2,2,2,1,1,3,4,2,3,1984,2,2
1991,1,260907,1,6,6,2,1,1,3,4,2,3,1984,2,2
1991,1,260908,1,3,3,1,1,1,3,4,2,3,1979,2,2
1991,1,260909,1,2,2,2,1,1,3,4,2,3,1983,2,2
1991,2,260909,4,2,2,1,1,1,3,4,2,3,1989,2,2
1991,1,260910,1,1,1,2,1,1,3,4,2,3,1985,2,2
1991,1,260911,4,2,2,2,1,1,3,4,1,3,1991,2,2
1991,2,260911,1,2,2,2,1,1,3,4,2,3,1984,2,2
1991,1,260912,1,6,6,2,1,1,3,4,1,3,1980,2,2
1991,2,260912,6,3,3,2,1,1,3,4,2,3,1960,2,2
1991,1,260913,1,2,2,2,1,1,3,4,2,3,1980,2,2
1991,1,260914,1,2,2,2,1,1,3,4,1,3,1978,2,2
1991,2,260914,1,3,3,2,1,1,3,4,2,3,1985,2,2
1991,1,260915,1,3,5,2,1,1,3,4,1,3,1989,2,2
1991,1,260916,1,5,5,2,1,1,3,4,2,3,1985,2,2
1991,2,260916,4,2,2,2,1,1,3,4,2,3,1986,2,2
1991,1,260917,1,5,5,2,1,1,3,4,2,3,1979,2,2
1991,2,260917,2,2,2,2,1,1,3,4,2,3,1988,2,2
1991,1,260918,1,1,1,1,1,1,3,4,2,3,1990,2,2
1991,1,260919,1,5,5,2,1,1,3,4,1,3,1991,2,2
1991,1,260920,1,3,3,1,1,1,3,4,1,3,1979,2,2
1991,1,260921,2,3,3,2,1,1,3,4,2,3,1991,2,2
1991,2,260921,6,2,2,2,1,1,3,4,2,3,1990,2,2
1991,1,260922,1,2,2,1,2,2,3,4,1,3,1981,2,2
1991,2,260922,1,3,3,2,1,1,3,4,2,3,1985,2,2
1991,1,260923,3,2,2,2,1,1,3,4,2,3,1990,2,2
1991,2,260923,1,3,3,2,1,1,3,4,2,3,1991,2,2
1991,1,260924,1,2,2,2,2,2,3,4,2,3,1986,2,2
1991,1,260925,1,2,2,2,1,1,3,4,2,3,1977,2,2
1991,2,260925,1,4,4,2,1,1,3,4,2,3,1989,2,2
1991,1,260926,1,3,3,2,1,1,3,4,2,3,1981,2,2
1991,2,260926,2,2,2,1,1,1,3,4,2,3,1991,2,2
1991,1,260927,4,2,2,2,1,1,3,4,2,3,1987,2,2
1991,2,260927,6,4,4,2,1,1,3,4,2,3,1989,2,2
1991,1,260928,1,2,2,2,1,1,3,4,1,3,1984,2,2
1991,1,260929,1,5,5,2,1,1,3,4,2,3,1991,2,2
1991,2,260929,6,2,2,2,1,1,3,4,2,3,1987,2,2
1991,1,260930,1,3,3,2,1,1,3,4,1,3,1984,2,2
1991,1,260931,2,2,2,2,1,1,3,4,2,3,1991,2,2
1991,1,260932,1,5,5,2,1,1,3,4,2,3,1986,2,2
1991,2,260932,1,2,2,2,3,3,3,4,2,3,1980,2,2
1991,1,260933,2,2,2,2,1,1,3,4,2,3,1989,2,2
1991,1,260934,1,2,2,1,1,1,3,4,1,3,1981,2,2
1991,1,260935,1,5,5,2,1,1,3,4,1,3,1985,2,2
1991,1,260936,1,2,2,2,1,1,3,4,2,3,1988,2,2
1991,1,260937,1,2,2,2,2,2,3,4,2,3,1983,2,2
1991,2,260937,1,2,2,2,1,1,3,4,2,3,1986,2,2
1991,1,260938,1,2,2,2,1,1,3,4,2,3,1985,2,2
1991,2,260938,6,4,4,2,1,1,3,4,2,3,1962,2,2
1991,1,260939,1,2,2,2,1,1,3,4,1,3,1989,2,2
1991,1,260940,1,3,3,2,1,1,3,4,2,3,1978,2,2
1991,2,260940,6,2,2,2,1,1,3,4,2,3,1987,2,2
1991,1,260941,2,2,2,1,2,2,3,4,1,3,1981,2,2
1991,1,260942,2,2,2,2,1,1,3,4,1,3,1989,2,2
1991,2,260942,1,5,5,1,1,1,3,4,2,3,1987,2,2
1991,1,260943,2,2,2,1,1,1,3,4,2,3,1982,2,2
1991,2,260943,6,2,2,2,1,1,3,4,2,3,1987,2,2
1991,1,260944,2,2,2,1,1,1,3,4,2,3,1986,2,2
1991,2,260944,1,2,2,2,3,3,3,4,2,3,1979,2,2
1991,1,260945,1,2,2,2,1,1,3,4,2,3,1989,2,2
1991,2,260945,1,5,5,2,1,1,3,4,2,3,1990,2,2
1991,3,260945,1,2,2,2,1,1,3,4,2,3,1983,2,2
1991,4,260945,1,2,2,2,1,1,3,4,2,3,1983,2,2
1991,1,260946,1,5,5,2,1,1,3,4,2,3,1986,2,2
1991,2,260946,1,2,2,2,1,1,3,4,2,3,1989,2,2
1991,1,260947,2,2,2,2,1,1,3,4,2,3,1984,2,2
1991,2,260947,2,4,4,2,1,1,3,4,2,3,1980,2,2
1991,3,260947,3,4,4,2,1,1,3,4,2,3,1987,2,2
1991,4,260947,1,4,4,2,1,1,3,4,2,3,1990,2,2
1991,1,260948,1,3,3,2,1,1,3,4,2,3,1980,2,2
1991,1,260949,2,2,2,2,1,1,3,4,2,3,1991,2,2
1991,1,260950,1,5,5,2,1,1,3,4,2,3,1991,2,2
1991,2,260950,1,2,2,2,1,1,3,4,2,3,1989,2,2
1991,1,260951,4,1,1,1,1,1,3,4,2,3,1991,2,2
1991,1,260952,2,5,5,2,1,1,3,4,1,3,1986,2,2
1991,1,260953,1,3,3,2,1,1,3,4,2,3,1979,2,2
1991,2,260953,1,2,2,2,1,1,3,4,2,3,1991,2,2
1991,1,260954,1,2,2,2,1,1,3,4,2,3,1989,2,2
1991,2,260954,4,2,2,2,1,1,3,4,2,3,1983,2,2
1991,1,260955,1,3,3,2,1,1,3,4,1,3,1989,2,2
1991,1,260956,1,2,2,2,1,1,3,4,2,3,1983,2,2
1991,2,260956,2,2,2,2,1,1,3,4,2,3,1985,2,2
1991,1,260957,1,2,2,2,1,1,3,4,2,3,1979,2,2
1991,2,260957,2,2,2,2,1,1,3,4,2,3,1989,2,2
1991,1,260958,1,2,2,1,1,1,3,4,2,3,1980,2,2
1991,1,260959,1,5,5,2,1,1,3,4,2,3,1988,2,2
1991,1,260960,1,2,2,2,1,1,3,4,2,3,1976,2,2
1991,2,260960,4,2,2,2,1,1,3,4,2,3,1990,2,2
1991,1,260961,2,2,2,1,1,1,3,4,2,3,1991,2,2
1991,1,260962,2,2,2,2,3,3,3,4,2,3,9999,2,2
1991,1,260963,1,3,3,2,1,1,3,4,2,3,1984,2,2
1991,1,260964,7,5,5,2,4,2,3,2,2,3,1985,2,2
1991,2,260964,1,2,2,2,3,3,3,4,2,3,9999,2,2
1991,1,260965,1,1,1,1,1,1,3,4,2,3,1985,2,2
1991,1,260966,4,2,2,2,2,2,3,4,2,3,1967,2,2
1991,1,260967,1,2,2,2,1,1,3,4,2,3,1973,2,2
1991,1,260968,3,1,1,2,1,1,3,4,2,3,1979,2,2
1991,1,260969,3,1,1,1,1,1,3,4,2,3,1987,2,2
1991,1,260970,1,2,2,2,2,2,3,4,2,3,1989,2,2
1991,2,260970,1,5,5,2,1,1,3,4,2,3,1991,2,2
1991,1,260971,1,5,5,2,1,1,3,4,2,3,1972,2,2
1991,2,260971,1,2,2,2,1,1,3,4,2,3,1991,2,2
1991,1,260972,2,2,2,2,2,2,3,4,2,3,1978,1,2
1991,2,260972,4,2,2,1,1,1,3,4,2,3,1985,2,2
1991,1,260973,1,2,2,2,1,1,3,4,2,3,1988,2,2
1991,1,260974,1,3,3,2,1,1,3,4,2,3,1978,2,2
1991,2,260974,1,4,4,2,1,1,3,4,2,3,1986,2,2
1991,1,260975,1,2,2,2,1,1,3,4,1,3,1981,2,2
1991,1,260976,1,2,2,2,1,1,3,4,2,3,1988,2,2
1991,2,260976,1,2,2,2,2,2,3,4,2,3,1980,2,2
1991,1,260977,2,2,2,1,1,1,3,4,2,3,1989,2,2
1991,2,260977,1,2,2,1,1,1,3,4,2,3,1989,2,2
1991,1,260978,3,2,2,2,1,1,3,4,2,3,1990,2,2
1991,2,260978,1,5,5,2,1,1,3,4,2,3,1983,2,2
1991,1,260979,7,2,2,2,4,1,3,1,2,3,1989,2,2
1991,2,260979,1,5,5,2,1,1,3,4,2,3,1991,2,2
1991,1,260980,1,5,3,2,2,2,3,4,1,3,1988,2,2
1991,2,260980,1,2,2,2,1,1,3,4,2,3,1983,2,2
1991,3,260980,1,2,2,2,1,1,3,4,2,3,1981,2,2
1991,4,260980,1,2,2,2,1,1,3,4,2,3,1986,2,2
1991,1,260981,1,5,5,2,1,1,3,4,2,3,1985,2,2
1991,2,260981,1,2,2,2,1,1,3,4,1,3,1978,2,2
1991,1,260982,1,3,3,2,1,1,3,4,2,3,1989,2,2
1991,2,260982,1,2,2,2,1,1,3,4,2,3,1990,2,2
1991,1,260983,2,2,2,1,1,1,3,4,1,3,1986,2,2
1991,1,260984,1,2,2,2,1,1,3,4,2,3,1977,2,2
1991,2,260984,1,2,2,2,1,1,3,4,2,3,1984,2,2
1991,1,260985,1,2,2,2,1,1,3,4,2,3,1988,2,2
1991,1,260986,1,1,1,1,1,1,3,4,1,3,1984,2,2
1991,1,260987,1,1,1,1,1,1,3,4,1,3,1987,2,2
1991,1,260988,1,2,2,2,1,1,3,4,2,3,1989,2,2
1991,1,260989,1,2,2,2,1,1,3,4,1,3,1974,2,2
1991,2,260989,6,2,2,2,1,1,3,4,2,3,1992,2,2
1991,3,260989,6,2,2,2,1,1,3,4,2,3,1988,2,2
1991,1,260990,1,2,2,2,2,2,3,4,2,3,1987,2,2
1991,1,260991,1,3,3,2,1,1,3,4,2,3,1987,2,2
1991,2,260991,1,2,2,2,2,2,3,4,2,3,1977,2,2
1991,1,260992,1,2,2,2,1,1,3,4,2,3,1989,2,2
1991,2,260992,6,4,4,2,1,1,3,4,2,3,1981,2,2
1991,1,260993,1,2,2,2,1,1,3,4,2,3,1991,2,2
1991,1,260994,1,3,3,2,2,2,3,4,1,3,1989,2,2
1991,1,260995,1,3,3,1,1,1,3,4,2,3,1990,2,2
1991,2,260995,3,2,2,2,1,1,3,4,2,3,1989,2,2
1991,1,260996,2,4,4,2,1,1,3,4,2,3,1978,2,2
1991,2,260996,2,2,2,2,1,1,3,4,1,3,1986,2,2
1991,3,260996,1,2,2,2,1,1,3,4,2,3,1987,2,2
1991,1,260997,1,5,5,2,2,2,3,4,2,3,1981,2,2
1991,2,260997,6,2,2,2,1,1,3,4,2,3,1987,2,2
1991,1,260998,2,1,1,1,2,2,3,4,2,3,1987,2,2
1991,1,260999,4,2,2,2,1,1,3,4,2,3,1985,2,2
1991,2,260999,1,2,2,2,2,2,3,4,1,3,1989,2,2
1991,1,261000,1,5,5,2,1,1,3,4,2,3,1991,2,2
1991,2,261000,4,2,2,2,1,1,3,4,2,3,1988,2,2
1991,1,261001,1,2,2,2,2,2,3,4,2,3,1977,2,2
1991,1,261002,1,2,2,2,1,1,3,4,2,3,1984,2,2
1991,2,261002,6,5,5,2,1,1,3,4,2,3,1973,2,2
1991,1,261003,2,6,6,1,1,1,3,4,1,3,1978,2,2
1991,1,261004,1,2,2,2,1,1,3,4,1,3,1989,2,2
1991,1,261005,1,3,3,2,1,1,3,4,2,3,1980,2,2
1991,2,261005,1,2,2,2,1,1,3,4,2,3,1985,2,2
1991,1,261006,3,2,2,2,1,1,3,4,2,3,1990,2,2
1991,2,261006,1,2,2,2,1,1,3,4,2,3,1985,2,2
1991,1,261007,1,5,5,2,1,1,3,4,2,3,1985,2,2
1991,2,261007,6,2,2,2,1,1,3,4,2,3,1986,2,2
1991,3,261007,8,2,2,2,1,1,3,4,2,1,1984,2,2
1991,1,261008,1,1,1,1,2,2,3,4,1,3,1977,2,2
1991,1,261009,1,3,3,2,1,1,3,4,1,3,1988,2,2
1991,1,261010,1,5,5,2,1,1,3,4,2,3,1985,2,2
1991,1,261011,6,1,1,1,1,1,3,4,2,3,1985,2,2
1991,1,261012,3,2,2,1,1,1,3,4,1,3,1989,2,2
1991,1,261013,1,3,3,2,1,1,3,4,2,3,1980,2,2
1991,2,261013,1,2,2,2,1,1,3,4,2,3,1990,2,2
1991,1,261014,1,2,2,2,2,2,3,4,2,3,1983,2,2
1991,2,261014,1,2,2,2,1,1,3,4,2,3,1969,2,2
1991,1,261015,1,2,2,2,1,1,3,4,2,3,1985,2,2
1991,2,261015,1,2,2,2,1,1,3,4,2,3,1987,2,2
1991,1,261016,1,2,2,2,1,1,3,4,2,3,1985,2,2
1991,2,261016,1,2,2,2,1,1,3,4,2,3,1989,2,2
1991,1,261017,1,5,5,1,1,1,3,4,2,3,1981,2,2
1991,1,261018,1,3,3,2,1,1,3,4,1,3,1984,2,2
1991,2,261018,2,2,2,2,1,1,3,4,2,3,1987,2,2
1991,1,261019,1,3,3,2,1,1,3,4,2,3,1989,2,2
1991,1,261020,2,2,2,2,3,3,3,4,2,3,9999,2,2
1991,1,261021,1,5,5,2,1,1,3,4,2,3,1970,2,2
1991,2,261021,1,2,2,2,1,1,3,4,2,3,1985,2,2
1991,1,261022,1,2,2,2,3,3,3,4,2,3,9999,2,2
1991,1,261023,3,2,2,2,1,1,3,4,2,3,1986,2,2
1991,1,261024,2,2,2,2,1,1,3,4,2,3,1981,2,2
1991,1,261025,2,2,2,1,1,1,3,4,1,3,1987,2,2
1991,1,261026,9,1,1,1,1,1,3,4,2,3,1987,2,2
1991,1,261027,1,5,5,1,1,1,3,4,1,3,1986,2,2
1991,1,261028,1,2,2,2,1,1,3,4,2,3,1990,2,2
1991,2,261028,6,2,2,2,1,1,3,4,2,3,1982,2,2
1991,1,261029,1,3,3,2,1,1,3,4,2,3,1980,2,2
1991,2,261029,1,2,2,2,1,1,3,4,2,3,1985,2,2
1991,1,261030,1,2,2,2,2,2,3,4,2,3,1983,2,2
1991,1,261031,1,2,2,2,1,1,3,4,2,3,1982,2,2
1991,1,261032,1,5,5,1,1,1,3,4,2,3,1980,2,2
1991,1,261033,1,5,5,2,2,2,3,4,1,3,1981,2,2
1991,1,261034,1,2,2,2,1,1,3,4,2,3,1984,2,2
1991,1,261035,2,2,2,2,1,1,3,4,2,3,1979,2,2
1991,1,261036,1,2,2,2,1,1,3,4,2,3,1988,2,2
1991,2,261036,1,2,2,2,1,1,3,4,2,3,1986,2,2
1991,1,261037,1,5,5,2,2,2,3,4,1,3,1990,2,2
1991,1,261038,3,2,2,2,1,1,3,4,2,3,1986,2,2
1991,2,261038,1,3,3,2,1,1,3,4,2,3,1988,2,2
1991,1,261039,3,2,2,2,1,1,3,4,1,3,1978,2,2
1991,1,261040,1,3,3,2,1,1,3,4,1,3,1987,2,2
1991,2,261040,1,2,2,2,1,1,3,4,2,3,1981,2,2
1991,1,261041,1,2,2,2,1,1,3,4,2,3,1991,2,2
1991,1,261042,1,2,2,2,1,1,3,4,2,3,1984,2,2
1991,2,261042,4,2,2,2,1,1,3,4,2,3,1989,2,2
1991,1,261043,1,2,2,2,2,2,3,4,2,3,1982,2,2
1991,2,261043,1,2,2,2,1,1,3,4,2,3,1987,2,2
1991,1,261044,1,2,2,2,1,1,3,4,2,3,1987,2,2
1991,1,261045,7,1,1,2,4,1,3,1,1,3,1984,2,2
1991,1,261046,1,2,2,2,1,1,3,4,2,3,1978,2,2
1991,2,261046,2,5,5,1,1,1,3,4,2,3,1990,2,2
1991,3,261046,1,2,2,2,1,1,3,4,2,3,1990,2,2
1991,1,261047,4,2,2,2,1,1,3,4,2,3,1986,2,2
1991,2,261047,1,3,3,2,1,1,3,4,2,3,1983,2,2
1991,1,261048,1,2,2,2,1,1,3,4,2,3,1980,2,2
1991,2,261048,2,2,2,1,1,1,3,4,2,3,1989,2,2
1991,1,261049,2,2,2,2,1,1,3,4,2,3,1990,2,2
1991,1,261050,1,1,1,1,1,1,3,4,1,3,1991,2,2
1991,1,261051,1,2,2,2,2,2,3,4,1,3,1972,2,2
1991,2,261051,1,2,2,2,1,1,3,4,1,3,1973,2,2
1991,3,261051,1,5,5,2,1,1,3,4,2,3,1991,2,2
1991,1,261052,1,2,2,2,1,1,3,4,1,3,1976,2,2
1991,1,261053,1,1,1,1,2,2,3,4,1,3,1990,2,2
1991,1,261054,1,1,1,1,2,2,3,4,2,3,1978,2,2
1991,1,261055,1,3,3,2,1,1,3,4,2,3,1981,2,2
1991,2,261055,6,2,2,2,1,1,3,4,2,3,1985,2,2
1991,1,261056,1,2,2,2,1,1,3,4,2,3,1990,2,2
1991,1,261057,1,3,3,2,1,1,3,4,2,3,1986,2,2
1991,2,261057,2,2,2,2,1,1,3,4,2,3,1989,2,2
1991,1,261058,1,2,2,2,1,1,3,4,2,3,1980,2,2
1991,1,261059,1,2,2,2,1,1,3,4,1,3,1989,2,2
1991,2,261059,6,4,4,2,1,1,3,4,2,3,1988,2,2
1991,1,261060,1,2,2,1,1,1,3,4,2,3,1979,2,2
1991,1,261061,3,3,3,2,1,1,3,4,2,3,1985,2,2
1991,1,261062,6,2,2,2,1,1,3,4,2,3,1991,2,2
1991,2,261062,1,4,4,2,1,1,3,4,2,3,1986,2,2
1991,3,261062,1,4,4,2,2,2,3,4,2,3,1984,2,2
1991,4,261062,2,4,4,2,1,1,3,4,2,3,1988,2,2
1991,5,261062,1,2,2,2,1,1,3,4,2,3,1989,2,2
1991,6,261062,1,3,3,2,1,1,3,4,2,3,1990,2,2
1991,1,261063,2,2,2,2,2,2,3,4,2,3,1978,2,2
1991,1,261064,1,2,2,2,3,3,3,4,1,3,9999,2,2
1991,1,261065,1,2,2,1,1,1,3,4,2,3,1986,2,2
1991,2,261065,1,4,3,2,1,1,3,4,2,3,1988,2,2
1991,3,261065,4,2,2,2,1,1,3,4,2,3,1978,2,2
1991,1,261066,1,2,2,2,1,1,3,4,2,3,1985,2,2
1991,1,261067,7,2,2,2,4,2,3,2,1,3,1991,2,2
1991,1,261068,1,2,2,2,3,3,3,4,1,3,9999,2,2
1991,1,261069,2,6,6,2,3,3,3,4,2,3,1977,2,2
1991,1,261070,2,6,6,1,1,1,3,4,1,3,1991,2,2
1991,1,261071,1,3,3,2,1,1,3,4,2,3,1984,2,2
1991,1,261072,1,2,2,2,2,2,3,4,2,3,1985,2,2
1991,1,261073,1,5,5,1,2,2,3,4,1,3,1984,2,2
1991,1,261074,1,5,5,2,1,1,3,4,2,3,1976,2,2
1991,2,261074,1,2,2,2,1,1,3,4,2,3,1991,2,2
1991,1,261075,1,2,2,2,1,1,3,4,2,3,1986,2,2
1991,1,261076,1,2,2,2,1,1,3,4,2,3,1975,2,2
1991,2,261076,2,2,2,2,1,1,3,4,2,3,1990,2,2
1991,1,261077,1,4,4,2,3,3,3,4,2,3,1990,2,2
1991,2,261077,1,5,5,2,1,1,3,4,2,3,1987,2,2
1991,1,261078,1,5,5,2,2,2,3,4,2,3,1989,2,2
1991,2,261078,1,2,2,2,1,1,3,4,2,3,1988,2,2
1991,1,261079,1,2,2,2,2,2,3,4,1,3,1991,2,2
1991,1,261080,1,2,2,2,1,1,3,4,2,3,1989,2,2
1991,2,261080,1,3,3,2,1,1,3,4,2,3,1988,2,2
1991,1,261081,1,2,2,2,1,1,3,4,1,3,1989,2,2
1991,1,261082,1,2,2,1,1,1,3,4,1,3,1985,2,2
1991,1,261083,1,2,2,2,1,1,3,4,2,3,1983,2,2
1991,2,261083,1,2,2,2,2,2,3,4,2,3,1983,2,2
1991,1,261085,1,5,5,2,1,1,3,4,2,3,1985,2,2
1991,2,261085,6,2,2,2,1,1,3,4,2,3,1989,2,2
1991,1,261086,4,2,2,2,2,2,3,4,1,3,1977,2,2
1991,1,261087,6,2,2,2,1,1,3,4,2,3,1977,2,2
1991,2,261087,2,2,2,2,1,1,3,4,2,3,1989,2,2
1991,3,261087,1,2,2,2,1,1,3,4,2,3,1980,2,2
1991,4,261087,1,2,2,2,1,1,3,4,2,3,1978,2,2
1991,1,261088,1,5,2,2,1,1,3,4,2,3,1979,2,2
1991,1,261089,1,2,2,2,1,1,3,4,1,3,1985,2,2
1991,1,261090,3,2,2,2,1,1,3,4,2,3,1978,2,2
1991,1,261091,1,2,2,2,1,1,3,4,2,3,1982,2,2
1991,1,261092,1,5,5,2,1,1,3,4,2,3,1979,2,2
1991,2,261092,1,2,2,2,1,1,3,4,2,3,1987,2,2
1991,1,261093,6,5,5,2,1,1,3,4,2,3,1988,2,2
1991,2,261093,1,2,2,2,1,1,3,4,2,3,1984,2,2
1991,1,261094,1,2,2,2,1,1,3,4,2,3,1979,2,2
1991,1,261095,2,2,2,2,2,1,3,4,2,3,1977,2,2
1991,2,261095,9,2,2,2,1,1,3,4,2,3,1975,2,2
1991,1,261096,2,2,2,2,1,1,3,4,1,3,1983,2,2
1991,1,261097,2,3,5,2,1,1,3,4,2,3,1989,2,2
1991,2,261097,1,5,5,2,1,1,3,4,2,3,1987,2,2
1991,1,261098,1,2,2,2,1,1,3,4,2,3,1984,2,2
1991,2,261098,4,4,4,2,1,1,3,4,2,3,1978,2,2
1991,1,261099,1,5,5,2,1,1,3,4,2,3,1966,2,2
1991,2,261099,1,2,2,2,1,1,3,4,2,3,1974,2,2
1991,1,261100,1,2,2,2,1,1,3,4,2,3,1962,2,2
1991,2,261100,2,2,2,2,1,1,3,4,2,3,1985,2,2
1991,1,261101,1,3,3,2,1,1,3,4,2,3,1985,2,2
1991,2,261101,1,2,2,2,1,1,3,4,2,3,1988,2,2
1991,3,261101,1,5,5,2,1,1,3,4,2,3,1987,2,2
1991,1,261102,1,2,2,2,1,1,3,4,1,3,1986,2,2
1991,1,261103,4,2,2,2,2,2,3,4,2,3,1983,2,2
1991,2,261103,2,2,2,2,1,1,3,4,2,3,1985,2,2
1991,1,261104,6,3,3,2,1,1,3,4,2,3,1990,2,2
1991,1,261105,6,3,3,2,1,1,3,4,1,3,1977,2,2
1991,2,261105,6,2,2,2,1,1,3,4,2,3,1990,2,2
1991,1,261107,1,2,2,2,1,1,3,4,2,3,1989,2,2
1991,1,261108,2,3,3,2,1,1,3,4,2,3,1990,2,2
1991,2,261108,1,2,2,2,1,1,3,4,2,3,1977,2,2
1991,1,261109,1,2,2,2,1,1,3,4,2,3,1982,2,2
1991,2,261109,1,2,2,2,1,1,3,4,2,3,1986,2,2
1991,1,261110,1,3,3,2,1,1,3,4,2,3,1991,2,2
1991,2,261110,3,2,2,2,1,1,3,4,2,3,1992,2,2
1991,1,261111,2,2,2,2,1,1,3,4,2,3,1978,2,2
1991,1,261112,1,5,5,2,1,1,3,4,2,3,1982,2,2
1991,2,261112,1,2,2,2,2,2,3,4,2,3,1979,2,2
1991,1,261113,1,1,1,1,1,1,3,4,2,3,1986,2,2
1991,1,261114,1,7,7,2,3,3,3,4,2,3,9999,2,2
1991,1,261115,4,2,2,2,2,2,3,4,1,3,1984,2,2
1991,1,261116,3,2,2,2,1,1,3,4,2,3,1977,2,2
1991,2,261116,1,2,2,2,1,1,3,4,2,3,1978,2,2
1991,1,261117,1,3,3,2,1,1,3,4,1,3,1992,2,2
1991,2,261117,6,2,2,2,1,1,3,4,2,3,1989,2,2
1991,1,261118,1,3,3,2,1,1,3,4,2,3,1990,2,2
1991,2,261118,1,2,2,2,1,1,3,4,2,3,1992,2,2
1991,1,261119,1,3,3,2,2,2,3,4,2,3,1983,2,2
1991,2,261119,1,2,2,2,1,1,3,4,2,3,1984,2,2
1991,1,261120,1,3,3,2,1,1,3,4,2,3,1988,2,2
1991,2,261120,6,2,2,1,1,1,3,4,2,3,1973,2,2
1991,1,261121,3,2,2,2,1,1,3,4,2,3,1985,2,2
1991,1,261122,1,2,2,2,1,1,3,4,2,3,1987,2,2
1991,1,261123,2,2,2,2,1,1,3,4,2,3,1987,2,2
1991,1,261124,1,5,5,2,1,1,3,4,2,3,1980,2,2
1991,1,261125,1,3,3,2,1,1,3,4,2,3,1982,2,2
1991,2,261125,1,2,2,2,1,1,3,4,2,3,1988,2,2
1991,1,261126,1,2,2,2,1,1,3,4,2,3,1988,2,2
1991,2,261126,1,2,2,2,2,2,3,4,2,3,1980,2,2
1991,1,261127,4,2,2,2,1,1,3,4,2,3,1987,2,2
1991,1,261128,1,2,2,2,1,1,3,4,2,3,1977,2,2
1991,1,261129,1,2,2,2,1,1,3,4,1,3,1985,2,2
1991,1,261130,4,1,1,1,1,1,3,4,1,3,1988,2,2
1991,1,261131,2,4,4,2,1,1,3,4,2,3,1983,2,2
1991,2,261131,1,2,2,2,1,1,3,4,2,3,1988,2,2
1991,1,261132,2,3,3,2,1,1,3,4,1,3,1985,2,2
1991,2,261132,4,2,2,2,1,1,3,4,2,3,1986,2,2
1991,1,261133,2,2,2,2,1,1,3,4,2,3,1979,2,2
1991,1,261134,2,1,1,1,2,2,3,4,1,3,1979,2,2
1991,1,261135,2,2,2,2,1,1,3,4,2,3,1990,2,2
1991,1,261136,1,4,4,2,1,1,3,4,2,3,1984,2,2
1991,2,261136,1,5,5,2,1,1,3,4,2,3,1990,2,2
1991,3,261136,1,5,5,2,1,1,3,4,2,3,1977,2,2
1991,1,261137,2,2,2,2,1,1,3,4,2,3,1985,2,2
1991,2,261137,1,2,2,2,1,1,3,4,2,3,1986,2,2
1991,1,261138,2,3,3,2,1,1,3,4,2,3,1977,2,2
1991,2,261138,1,5,5,1,1,1,3,4,2,3,1989,2,2
1991,1,261139,1,2,2,2,1,1,3,4,1,3,1986,2,2
1991,2,261139,2,2,2,2,1,1,3,4,2,3,1977,2,2
1991,3,261139,1,2,2,2,1,1,3,4,2,3,1987,2,2
1991,1,261140,1,2,2,2,1,1,3,4,2,3,1991,2,2
1991,1,261141,1,2,2,2,1,1,3,4,2,3,1990,2,2
1991,2,261141,7,2,2,2,4,1,3,1,2,3,1979,2,2
1991,1,261142,1,2,2,2,1,1,3,4,2,3,1980,2,1
1991,1,261143,1,2,2,2,1,1,3,4,2,3,1991,2,2
1991,1,261144,1,3,3,2,1,1,3,4,2,3,1986,2,2
1991,1,261145,1,2,2,2,2,2,3,4,2,3,1983,2,2
1991,1,261146,1,5,5,2,1,1,3,4,2,3,1984,2,2
1991,1,261147,1,2,2,2,1,1,3,4,2,3,1989,2,2
1991,1,261148,1,2,2,2,1,1,3,4,2,3,1985,2,2
1991,1,261149,1,1,1,1,1,1,3,4,1,3,1980,2,2
1991,1,261150,2,3,3,2,1,1,3,4,2,3,1990,2,2
1991,2,261150,1,2,2,2,1,1,3,4,2,3,1983,2,2
1991,1,261151,4,2,2,2,1,1,3,4,2,3,1989,2,2
1991,2,261151,1,5,5,1,1,1,3,4,2,3,1984,2,2
1991,1,261152,1,1,1,1,1,1,3,4,2,3,1987,2,2
1991,1,261153,1,2,2,1,1,1,3,4,2,3,1991,2,2
1991,1,261154,1,4,4,2,1,1,3,4,1,3,1989,2,2
1991,2,261154,1,2,2,2,1,1,3,4,2,3,1984,2,2
1991,1,261155,1,2,3,2,1,1,3,4,2,3,1977,2,2
1991,2,261155,2,2,2,2,1,1,3,4,2,3,1990,2,2
1991,3,261155,6,5,5,2,2,2,3,4,2,3,1988,2,2
1991,1,261156,2,2,2,2,1,1,3,4,2,3,1990,2,2
1991,2,261156,5,5,5,2,1,1,3,4,2,3,1972,2,2
1991,1,261157,1,2,2,2,1,1,3,4,2,3,1991,2,2
1991,2,261157,2,2,2,2,1,1,3,4,2,3,1985,2,2
1991,1,261158,1,2,2,2,1,1,3,4,2,3,1991,2,2
1991,1,261160,1,2,2,1,1,1,3,4,1,3,1984,2,2
1991,1,261161,1,3,3,2,1,1,3,4,2,3,1985,2,2
1991,1,261162,2,2,2,2,1,1,3,4,2,3,1987,2,2
1991,1,261163,1,5,5,2,1,1,3,4,2,3,1985,2,2
1991,2,261163,2,2,2,2,1,1,3,4,2,3,1990,2,2
1991,1,261164,7,2,2,2,4,1,3,1,2,3,1990,2,2
1991,2,261164,6,4,4,2,1,1,3,4,2,3,1988,2,2
1991,1,261165,1,3,3,1,1,1,3,4,2,3,1986,2,2
1991,2,261165,2,2,2,2,1,1,3,4,2,3,1987,2,2
1991,1,261166,1,2,2,2,1,1,3,4,2,3,1985,2,2
1991,2,261166,6,3,3,2,1,1,3,4,2,3,1985,2,2
1991,1,261167,1,2,2,2,2,2,3,4,2,3,1988,2,2
1991,1,261168,2,3,3,1,1,1,3,4,2,3,1988,2,2
1991,2,261168,4,2,2,2,1,1,3,4,2,3,1990,2,2
1991,1,261169,1,2,2,2,1,1,3,4,1,3,1981,2,2
1991,1,261170,1,2,2,2,1,1,3,4,2,3,1978,2,2
1991,1,261171,9,2,2,2,1,1,3,4,2,3,1989,2,2
1991,2,261171,2,2,2,2,1,1,3,4,2,3,1982,2,2
1991,1,261172,1,2,2,2,1,1,3,4,2,3,1985,2,2
1991,1,261173,2,2,2,2,1,1,3,4,2,3,1984,2,2
1991,1,261174,2,2,2,2,1,1,3,4,1,3,1991,2,2
1991,1,261175,1,2,2,2,1,1,3,4,2,3,1989,2,2
1991,1,261176,1,5,5,2,1,1,3,4,2,3,1987,2,2
1991,2,261176,2,2,2,2,1,1,3,4,2,3,1988,2,2
1991,1,261177,1,2,2,2,1,1,3,4,2,3,1987,2,2
1991,1,261178,2,2,2,1,1,1,3,4,2,3,1991,2,2
1991,2,261178,1,5,5,1,2,2,3,4,2,3,1978,2,2
1991,1,261179,2,2,2,2,1,1,3,4,2,3,1978,2,2
1991,2,261179,1,2,2,2,1,1,3,4,2,3,1986,2,2
1991,1,261180,1,3,3,2,1,1,3,4,2,3,1983,2,2
1991,2,261180,6,2,2,2,1,1,3,4,2,3,1988,2,2
1991,1,261181,2,5,5,2,1,1,3,4,2,3,1991,2,2
1991,1,261182,7,2,2,2,4,1,3,1,2,3,1982,2,2
1991,2,261182,2,5,5,2,1,1,3,4,2,3,1989,2,2
1991,1,261183,7,2,2,2,4,2,3,2,2,3,1989,2,2
1991,2,261183,3,5,5,2,1,1,3,4,2,3,1986,2,2
1991,1,261184,6,2,2,2,2,2,3,4,2,3,1972,2,2
1991,2,261184,1,3,3,2,1,1,3,4,2,3,1990,2,2
1991,1,261185,1,5,5,2,1,1,3,4,2,3,1989,2,2
1991,2,261185,1,5,5,2,1,1,3,4,1,3,1972,2,2
1991,1,261186,1,2,2,2,1,1,3,4,2,3,1990,2,2
1991,1,261187,1,2,3,2,1,1,3,4,2,3,1979,2,2
1991,1,261188,1,2,2,2,1,1,3,4,2,3,1977,2,2
1991,1,261189,1,1,1,1,1,1,3,4,1,3,1985,2,2
1991,1,261190,1,2,2,2,1,1,3,4,2,3,1989,2,2
1991,1,261191,2,2,2,2,1,1,3,4,2,3,1985,2,2
1991,1,261192,6,2,2,2,1,1,3,4,2,3,1982,2,2
1991,2,261192,3,4,4,1,1,1,3,4,2,3,1988,2,2
1991,1,261193,1,2,2,2,2,2,3,4,2,3,1989,2,2
1991,1,261194,6,3,3,2,1,1,3,4,2,3,1991,2,2
1991,2,261194,1,2,2,2,1,1,3,4,2,3,1987,2,2
1991,1,261195,2,2,2,2,1,1,3,4,2,3,1986,2,2
1991,1,261196,1,2,2,2,1,1,3,4,2,3,1984,2,2
1991,2,261196,1,5,5,2,1,1,3,4,2,3,1983,2,2
1991,1,261197,1,5,5,2,1,1,3,4,2,3,1983,2,2
1991,1,261198,1,5,5,2,2,2,3,4,1,3,1988,2,2
1991,1,261199,6,5,5,2,1,1,3,4,2,3,1984,2,2
1991,2,261199,1,2,2,2,1,1,3,4,2,3,1985,2,2
1991,1,261200,1,4,4,2,1,1,3,4,2,3,1990,2,2
1991,2,261200,1,2,2,2,1,1,3,4,2,3,1986,2,2
1991,1,261201,1,1,1,1,1,1,3,4,2,3,1980,2,2
1991,1,261202,7,2,3,2,4,1,3,1,1,3,1988,2,2
1991,1,261203,4,2,2,2,1,1,3,4,2,3,1980,2,2
1991,2,261203,8,2,2,2,1,1,3,4,2,1,1988,2,2
1991,1,261204,4,2,2,2,1,1,3,4,2,3,1987,2,2
1991,2,261204,1,5,5,1,1,1,3,4,2,3,1990,2,2
1991,1,261205,1,2,2,2,1,1,3,4,2,3,1986,2,2
1991,2,261205,2,2,2,2,1,1,3,4,2,3,1982,2,2
1991,1,261206,1,2,2,2,1,1,3,4,2,3,1989,2,2
1991,1,261207,2,3,3,2,2,2,3,4,2,3,1977,2,2
1991,2,261207,1,2,2,2,1,1,3,4,2,3,1980,2,2
1991,1,261208,1,3,3,2,1,1,3,4,2,3,1991,2,2
1991,2,261208,1,2,2,2,1,1,3,4,2,3,1987,2,2
1991,1,261209,1,1,1,1,1,1,3,4,2,3,1985,2,2
1991,1,261210,1,2,2,2,1,1,3,4,2,3,1988,2,2
1991,1,261211,9,3,3,2,3,3,3,4,2,3,1989,2,2
1991,2,261211,2,2,2,2,1,1,3,4,2,3,1978,2,2
1991,1,261212,1,2,2,2,1,1,3,4,2,3,1986,2,2
1991,1,261213,2,2,2,2,1,1,3,4,2,3,1990,2,2
1991,1,261214,1,3,3,2,1,1,3,4,1,3,1985,2,2
1991,2,261214,4,2,2,2,1,1,3,4,2,3,1990,2,2
1991,1,261215,1,3,3,2,1,1,3,4,1,3,1985,2,2
1991,2,261215,2,2,2,2,1,1,3,4,2,3,1976,2,2
1991,1,261216,1,2,2,1,2,2,3,4,2,3,1986,2,2
1991,2,261216,3,5,5,2,1,1,3,4,2,3,1991,2,2
1991,3,261216,6,2,2,2,1,1,3,4,2,3,1985,2,2
1991,1,261217,1,5,5,2,1,1,3,4,2,3,1975,2,2
1991,2,261217,2,2,2,2,1,1,3,4,2,3,1986,2,2
1991,1,261218,1,3,3,2,1,1,3,4,2,3,1989,2,2
1991,2,261218,3,2,2,2,1,1,3,4,2,3,1992,2,2
1991,1,261219,1,1,1,1,1,1,3,4,2,3,1986,2,2
1991,1,261220,1,3,3,2,1,1,3,4,2,3,1990,2,2
1991,2,261220,4,2,2,2,1,1,3,4,2,3,1992,2,2
1991,1,261221,6,3,3,2,1,1,3,4,2,3,1981,2,2
1991,2,261221,1,2,2,2,1,1,3,4,2,3,1985,2,2
1991,3,261221,1,2,2,2,1,1,3,4,2,3,1988,2,2
1991,1,261223,1,2,2,2,2,2,3,4,2,3,1979,2,2
1991,2,261223,2,4,4,2,3,3,3,4,2,3,1987,2,2
1991,1,261224,4,2,2,2,2,2,3,4,2,3,1980,2,2
1991,2,261224,1,2,2,2,1,1,3,4,2,3,1986,2,2
1991,1,261225,1,2,2,2,2,2,3,4,1,3,1992,2,2
1991,2,261225,1,5,5,2,2,2,3,4,2,3,1983,2,2
1991,1,261226,1,3,3,2,1,1,3,4,2,3,1984,2,2
1991,2,261226,1,2,2,2,1,1,3,4,2,3,1986,2,2
1991,1,261227,1,2,2,2,1,1,3,4,2,3,1987,2,2
1991,1,261228,1,2,2,2,1,1,3,4,1,3,1986,2,2
1991,2,261228,2,2,2,2,1,1,3,4,2,3,1985,2,2
1991,1,261229,1,2,2,2,1,1,3,4,2,3,1983,2,2
1991,1,261230,1,5,5,2,2,2,3,4,1,3,1981,2,2
1991,1,261231,1,2,2,2,1,1,3,4,2,3,1986,2,2
1991,1,261232,2,2,2,2,1,1,3,4,2,3,1978,2,2
1991,2,261232,1,2,2,2,1,1,3,4,2,3,1991,2,2
1991,1,261233,1,3,3,2,1,1,3,4,2,3,1985,2,2
1991,2,261233,1,2,2,2,1,1,3,4,2,3,1985,2,2
1991,1,261234,1,2,2,2,3,3,3,4,2,3,1986,2,2
1991,1,261235,1,5,5,1,1,1,3,4,1,3,1988,2,2
1991,1,261236,4,2,2,2,1,1,3,4,2,3,1986,2,2
1991,2,261236,2,5,5,2,1,1,3,4,2,3,1989,2,2
1991,1,261237,4,2,2,2,1,1,3,4,2,3,1985,2,2
1991,1,261238,1,5,5,2,1,1,3,4,2,3,1977,2,2
1991,2,261238,3,2,2,2,1,1,3,4,2,3,1987,2,2
1991,1,261239,1,3,3,2,1,1,3,4,2,3,1982,2,2
1991,2,261239,1,2,2,2,1,1,3,4,2,3,1986,2,2
1991,1,261240,1,5,5,2,1,1,3,4,2,3,1984,2,2
1991,2,261240,1,2,2,2,1,1,3,4,2,3,1985,2,2
1991,1,261241,2,1,1,1,1,1,3,4,1,3,1991,2,2
1991,1,261242,2,2,2,2,1,1,3,4,2,3,1978,2,2
1991,1,261243,1,5,5,2,1,1,3,4,2,3,1985,2,2
1991,2,261243,1,2,2,2,1,1,3,4,2,3,1979,2,2
1991,1,261244,1,3,3,2,1,1,3,4,2,3,1978,2,2
1991,2,261244,3,2,2,2,1,1,3,4,2,3,1985,2,2
1991,1,261245,1,2,2,2,1,1,3,4,2,3,1980,2,2
1991,2,261245,1,4,4,2,2,2,3,4,2,3,1977,2,2
1991,1,261247,2,2,2,2,1,1,3,4,2,3,1987,2,2
1991,2,261247,1,2,2,2,1,1,3,4,2,3,1989,2,2
1991,1,261248,1,2,2,2,2,2,3,4,2,3,1990,2,2
1991,2,261248,1,2,2,2,1,1,3,4,1,3,1990,2,2
1991,1,261249,1,2,2,2,1,1,3,4,2,3,1985,2,2
1991,2,261249,1,2,2,2,1,1,3,4,2,3,1987,2,2
1991,1,261250,4,2,2,2,1,1,3,4,2,3,1990,2,2
1991,1,261251,1,2,2,2,1,1,3,4,2,3,1989,2,2
1991,1,261252,1,2,2,2,1,1,3,4,1,3,1980,2,2
1991,2,261252,1,4,4,2,1,1,3,4,2,3,1991,2,2
1991,1,261253,1,3,3,2,1,1,3,4,2,3,1982,2,2
1991,2,261253,6,2,2,2,1,1,3,4,2,3,1989,2,2
1991,1,261254,1,3,3,2,1,1,3,4,2,3,1991,2,2
1991,2,261254,6,2,2,2,1,1,3,4,2,3,1986,2,2
1991,1,261255,1,2,2,2,3,3,3,4,2,3,9999,2,2
1991,1,261256,1,4,4,2,1,1,3,4,2,3,1984,2,2
1991,1,261257,1,2,2,2,1,1,3,4,2,3,1986,2,2
1991,1,261258,2,5,5,1,1,1,3,4,1,3,1984,2,2
1991,1,261259,1,2,2,2,2,2,3,4,2,3,1985,2,2
1991,2,261259,7,5,5,2,4,1,3,1,2,3,1972,2,2
1991,1,261260,7,2,2,2,4,1,3,1,1,3,1986,2,2
1991,1,261261,1,2,2,2,1,1,3,4,2,3,1981,2,2
1991,1,261262,1,3,3,2,1,1,3,4,2,3,1985,2,2
1991,2,261262,1,2,2,2,2,2,3,4,2,3,1975,2,2
1991,1,261263,1,3,3,2,1,1,3,4,2,3,1984,2,2
1991,2,261263,1,2,2,2,1,1,3,4,2,3,1991,2,2
1991,1,261264,1,2,2,2,1,1,3,4,2,3,1987,2,2
1991,1,261265,1,2,2,2,1,1,3,4,2,3,1991,2,2
1991,1,261266,1,3,3,2,2,2,3,4,2,3,1984,2,2
1991,2,261266,1,2,2,2,1,1,3,4,2,3,1976,2,2
1991,1,261267,2,2,2,2,1,1,3,4,2,3,1985,2,2
1991,1,261268,9,5,5,2,1,1,3,4,2,3,1991,2,2
1991,2,261268,3,2,2,2,1,1,3,4,2,3,1979,2,2
1991,1,261269,1,2,2,2,3,3,3,4,2,3,9999,2,2
1991,1,261270,1,2,2,2,1,1,3,4,2,3,1990,1,2
1991,2,261270,1,2,2,2,1,1,3,4,2,3,1982,2,2
1991,1,261271,1,5,5,2,1,1,3,4,2,3,1991,2,2
1991,2,261271,6,2,2,2,1,1,3,4,2,3,1978,2,2
1991,1,261272,6,5,5,2,1,1,3,4,2,3,1990,2,2
1991,2,261272,2,5,5,2,1,1,3,4,2,3,1991,2,2
1991,1,261273,6,5,5,2,1,1,3,4,2,3,1989,2,2
1991,2,261273,2,2,2,2,1,1,3,4,2,3,1983,2,2
1991,1,261274,1,2,2,2,1,1,3,4,2,3,1973,2,2
1991,2,261274,6,4,4,2,1,1,3,4,2,3,1979,2,2
1991,1,261275,1,2,2,1,1,1,3,4,1,3,1989,2,2
1991,1,261276,7,3,3,2,4,3,3,3,1,3,1991,2,2
1991,1,261277,1,2,2,2,1,1,3,4,1,3,1991,2,2
1991,1,261278,1,3,3,2,1,1,3,4,1,3,1987,2,2
1991,2,261278,2,2,2,2,1,1,3,4,2,3,1989,2,2
1991,1,261279,1,2,2,2,2,2,3,4,2,3,1991,2,2
1991,2,261279,3,2,2,2,1,1,3,4,2,3,1991,2,2
1991,1,261280,6,2,2,2,1,2,3,4,2,3,1989,2,2
1991,2,261280,1,3,3,2,1,1,3,4,2,3,1986,2,2
1991,3,261280,1,2,2,2,1,1,3,4,2,3,1980,2,2
1991,1,261281,2,5,5,1,1,1,3,4,2,3,1984,2,2
1991,2,261281,4,2,2,1,1,1,3,4,2,3,1985,2,2
1991,1,261282,1,2,2,2,1,1,3,4,2,3,1986,2,2
1991,2,261282,2,2,2,1,1,1,3,4,2,3,1989,2,2
1991,3,261282,6,2,2,2,1,1,3,4,2,3,1988,2,2
1991,1,261283,1,2,2,2,3,3,3,4,2,3,1978,2,2
1991,1,261284,1,5,5,1,1,1,3,4,1,3,1987,2,2
1991,2,261284,1,4,4,2,1,1,3,4,2,3,1981,2,2
1991,1,261285,1,2,2,2,2,2,3,4,1,3,1987,2,2
1991,1,261286,1,2,2,2,1,1,3,4,2,3,1988,2,2
1991,1,261287,6,4,4,2,1,1,3,4,2,3,1991,2,2
1991,2,261287,1,2,2,2,1,1,3,4,2,3,1991,2,2
1991,1,261288,1,2,2,2,1,1,3,4,2,3,1981,2,2
1991,2,261288,3,3,3,2,1,1,3,4,2,3,1983,2,2
1991,1,261289,1,2,2,2,1,1,3,4,2,3,1989,2,2
1991,2,261289,1,4,4,1,1,1,3,4,2,3,1985,2,2
1991,1,261290,4,2,2,2,1,1,3,4,2,3,1982,2,2
1991,2,261290,1,2,2,2,1,1,3,4,2,3,1981,2,2
1991,1,261291,2,1,1,1,1,1,3,4,2,3,1989,2,2
1991,1,261292,1,2,2,2,1,1,3,4,2,3,1986,2,2
1991,2,261292,1,3,3,2,1,1,3,4,2,3,1982,2,2
1991,1,261293,1,2,2,2,1,1,3,4,2,3,1985,2,2
1991,2,261293,1,2,2,2,1,1,3,4,2,3,1986,2,2
1991,3,261293,1,2,2,2,1,1,3,4,2,3,1985,2,2
1991,1,261294,1,1,1,1,2,2,3,4,1,3,1983,2,2
1991,1,261295,9,7,7,2,3,3,3,4,2,3,9999,2,2
1991,1,261296,9,2,2,2,1,1,3,4,2,3,1986,2,2
1991,2,261296,1,2,2,2,1,1,3,4,2,3,1979,2,2
1991,1,261297,6,3,3,2,1,1,3,4,2,3,1984,2,2
1991,2,261297,1,5,5,2,1,1,3,4,2,3,1989,2,2
1991,1,261298,1,3,3,2,1,1,3,4,2,3,1981,2,2
1991,2,261298,1,2,2,2,1,1,3,4,2,3,1976,2,2
1991,1,261299,1,2,2,2,2,2,3,4,2,3,1982,2,2
1991,2,261299,1,2,2,2,2,2,3,4,2,3,1982,2,2
1991,1,261300,1,2,2,2,1,1,3,4,1,3,1976,2,2
1991,2,261300,1,2,2,2,1,1,3,4,2,3,1992,2,2
1991,1,270001,1,1,1,1,2,2,3,4,1,3,1976,2,2
1991,1,270002,1,2,6,2,1,1,3,4,2,3,1973,1,2
1991,2,270002,6,6,6,2,1,1,3,4,2,3,1975,2,2
1991,1,270003,1,2,2,2,1,1,3,4,2,3,1980,2,2
1991,2,270003,2,2,2,2,2,2,3,4,2,3,1978,2,2
1991,1,270004,4,2,2,2,1,1,3,4,2,3,1986,2,2
1991,1,270005,1,2,2,2,1,1,3,4,2,3,1988,2,2
1991,2,270005,1,5,5,1,1,1,3,4,2,3,1990,2,2
1991,1,270006,1,3,3,2,1,1,3,4,1,3,1986,2,2
1991,2,270006,2,2,2,2,1,1,3,4,2,3,1982,2,2
1991,1,270007,1,5,5,2,1,1,3,4,2,3,1988,2,2
1991,2,270007,1,5,5,2,1,1,3,4,2,3,1984,2,2
1991,3,270007,4,2,2,2,1,1,3,4,2,3,1984,2,2
1991,1,270008,1,5,5,2,1,1,3,4,2,3,1984,2,2
1991,2,270008,1,2,2,2,1,1,3,4,1,3,1987,2,2
1991,1,270009,1,2,2,2,1,1,3,4,2,3,1984,2,2
1991,2,270009,1,3,3,2,1,1,3,4,2,3,1985,1,2
1991,1,270010,1,6,6,1,1,1,3,4,2,3,1988,1,2
1991,1,270011,2,3,3,2,3,3,3,4,2,3,1980,2,2
1991,2,270011,8,2,2,2,1,1,3,4,2,1,1988,2,2
1991,1,270012,1,5,5,2,1,1,3,4,2,3,1989,2,2
1991,2,270012,1,2,2,2,1,1,3,4,2,3,1984,1,2
1991,1,270013,1,5,5,2,1,1,3,4,2,3,1979,2,2
1991,2,270013,6,2,2,2,1,1,3,4,2,3,1990,2,2
1991,1,270014,1,1,1,1,1,1,3,4,2,3,1984,2,2
1991,1,270015,6,2,2,2,1,1,3,4,2,3,1989,2,2
1991,2,270015,4,5,5,2,1,1,3,4,2,3,1983,1,2
1991,1,270016,2,2,2,2,1,1,3,4,2,3,1977,2,2
1991,1,270017,6,5,5,2,1,1,3,4,2,3,1987,2,2
1991,2,270017,6,2,2,2,1,1,3,4,2,3,1956,2,2
1991,1,270018,1,6,6,2,3,3,3,4,2,3,1978,2,2
1991,1,270019,1,2,2,2,1,1,3,4,2,3,1988,2,2
1991,2,270019,6,2,2,2,1,1,3,4,2,3,1983,2,2
1991,1,270020,1,1,1,1,2,2,3,4,2,3,1986,2,2
1991,1,270021,1,2,2,2,1,1,3,4,2,3,1982,2,2
1991,2,270021,6,2,2,2,1,1,3,4,2,3,1987,2,2
1991,1,270022,1,2,2,2,1,1,3,4,2,3,1982,1,2
1991,1,270023,1,2,2,2,1,1,3,4,2,3,1982,2,2
1991,2,270023,1,2,2,2,1,1,3,4,2,3,1990,2,2
1991,1,270024,4,2,2,2,1,1,3,4,2,3,1985,2,2
1991,2,270024,1,2,2,2,1,1,3,4,1,3,1986,2,2
1991,1,270025,1,5,5,2,1,1,3,4,1,3,1969,2,2
1991,1,270026,1,4,4,2,1,1,3,4,2,3,1980,2,2
1991,2,270026,6,2,2,2,1,1,3,4,2,3,1982,1,2
1991,1,270027,2,2,2,2,1,1,3,4,2,3,1986,1,2
1991,2,270027,2,3,3,1,1,1,3,4,2,3,1984,1,2
1991,1,270028,1,3,6,2,1,1,3,4,1,3,1982,2,2
1991,1,270029,1,3,3,2,1,1,3,4,2,3,1987,2,2
1991,2,270029,1,2,2,2,1,1,3,4,2,3,1976,2,2
1991,1,270030,2,2,2,1,3,3,3,4,1,3,1984,2,2
1991,1,270031,2,2,2,2,1,1,3,4,1,3,1985,2,2
1991,2,270031,6,2,2,2,1,1,3,4,2,3,1971,2,2
1991,1,270032,1,4,4,2,1,1,3,4,2,3,1983,2,2
1991,2,270032,1,5,5,2,1,1,3,4,2,3,1982,2,2
1991,3,270032,1,3,3,2,1,1,3,4,2,3,1989,2,2
1991,4,270032,9,7,7,2,3,3,3,4,2,3,9999,2,2
1991,1,270033,1,2,5,1,1,1,3,4,1,3,1977,2,2
1991,1,270034,1,3,3,1,2,2,3,4,1,3,1987,2,2
1991,1,270035,1,5,5,2,1,1,3,4,1,3,1979,2,2
1991,2,270035,4,2,2,2,1,1,3,4,2,3,1984,2,2
1991,1,270036,1,3,3,2,1,1,3,4,2,3,1978,2,2
1991,2,270036,1,2,2,2,1,1,3,4,2,3,1980,2,2
1991,1,270037,2,5,5,2,1,1,3,4,2,3,1970,2,2
1991,1,270038,1,2,2,2,1,1,3,4,2,3,1983,2,2
1991,1,270039,1,2,2,2,1,1,3,4,2,3,1989,2,2
1991,2,270039,1,5,5,2,1,1,3,4,2,3,1983,2,2
1991,1,270040,2,2,2,1,1,1,3,4,1,3,1984,2,2
1991,1,270041,2,2,2,2,1,1,3,4,1,3,1984,2,2
1991,2,270041,2,2,5,2,1,1,3,4,2,3,1982,2,2
1991,1,270042,1,2,2,2,1,1,3,4,2,3,1973,2,2
1991,1,270043,1,2,2,2,3,3,3,4,2,3,1986,2,2
1991,2,270043,1,2,2,2,1,1,3,4,2,3,1987,2,2
1991,1,270044,1,2,2,2,1,1,3,4,2,3,1985,2,2
1991,2,270044,2,2,2,2,1,1,3,4,2,3,1989,2,2
1991,1,270045,1,3,3,2,1,1,3,4,2,3,1981,2,2
1991,2,270045,4,2,2,2,1,1,3,4,2,3,1978,2,2
1991,1,270046,2,1,1,1,1,1,3,4,1,3,1989,2,2
1991,1,270047,1,5,5,2,1,1,3,4,2,3,1979,1,2
1991,2,270047,2,2,2,2,1,1,3,4,2,3,1990,2,2
1991,1,270048,1,2,2,2,2,2,3,4,1,3,1989,2,2
1991,1,270049,1,2,2,2,1,1,3,4,1,3,1980,2,2
1991,1,270051,1,1,1,1,1,1,3,4,2,3,1981,1,2
1991,1,270052,1,1,1,1,1,1,3,4,2,3,1991,2,2
1991,1,270053,1,1,1,1,1,1,3,4,2,3,1982,2,2
1991,1,270054,3,3,3,1,2,2,3,4,1,3,1987,2,2
1991,1,270055,9,7,7,2,3,3,3,4,2,3,9999,2,2
1991,1,270056,1,2,2,2,1,1,3,4,2,3,1990,2,2
1991,2,270056,1,2,2,2,1,1,3,4,2,3,1978,2,2
1991,1,270057,3,2,2,2,1,1,3,4,2,3,1991,1,2
1991,1,270058,1,5,5,2,1,1,3,4,1,3,1989,2,2
1991,1,270059,6,1,1,1,3,3,3,4,2,3,1972,1,2
1991,1,270060,1,2,2,2,1,1,3,4,2,3,1984,2,2
1991,2,270060,1,2,2,2,1,1,3,4,2,3,1986,2,2
1991,1,270061,4,2,2,2,1,1,3,4,2,3,1989,2,2
1991,2,270061,1,3,3,2,1,1,3,4,2,3,1981,2,2
1991,1,270062,6,2,2,2,1,1,3,4,2,3,1988,2,2
1991,1,270063,2,7,7,1,1,1,3,4,2,3,1991,2,2
1991,1,270064,1,1,1,1,1,1,3,4,2,3,1981,1,2
1991,1,270065,1,1,1,1,1,1,3,4,1,3,1979,2,2
1991,1,270066,1,5,5,2,1,1,3,4,1,3,1990,2,2
1991,1,270067,9,7,7,2,1,1,3,4,1,3,1986,1,2
1991,1,270068,1,2,2,2,1,1,3,4,2,3,1988,2,2
1991,1,270069,1,2,2,2,1,1,3,4,2,3,1990,2,2
1991,2,270069,1,5,5,2,1,1,3,4,2,3,1983,2,2
1991,1,270070,1,2,2,2,1,1,3,4,2,3,1979,2,2
1991,1,270071,1,1,1,1,1,1,3,4,2,3,1978,2,2
1991,1,270072,1,3,3,2,1,1,3,4,2,3,1988,2,2
1991,2,270072,1,2,2,2,1,1,3,4,2,3,1985,2,2
1991,1,270073,1,2,5,1,1,1,3,4,1,3,1989,2,2
1991,1,270074,1,1,1,1,1,1,3,4,2,3,1989,2,2
1991,1,270075,1,5,5,2,1,1,3,4,1,3,1985,2,2
1991,1,270076,1,2,2,2,1,1,3,4,2,3,1981,2,2
1991,1,270077,1,6,6,1,1,1,3,4,1,3,1986,2,2
1991,2,270077,1,2,2,2,1,1,3,4,2,3,1986,2,2
1991,1,270078,2,2,2,2,2,2,3,4,2,3,1974,2,2
1991,1,270079,1,2,2,2,1,1,3,4,1,3,1979,2,2
1991,2,270079,1,2,2,2,1,1,3,4,1,3,1979,2,2
1991,1,270080,1,1,1,1,1,1,3,4,2,3,1982,2,2
1991,1,270081,2,3,2,1,1,1,3,4,2,3,1986,2,2
1991,2,270081,1,7,7,2,1,1,3,4,2,3,1981,2,2
1991,1,270082,1,1,1,1,1,1,3,4,2,3,1979,2,2
1991,1,270083,1,7,7,1,1,1,3,4,1,3,1988,2,2
1991,1,270084,1,2,2,2,1,1,3,4,2,3,1987,2,2
1991,2,270084,6,2,2,2,1,1,3,4,2,3,1989,2,2
1991,1,270085,1,2,2,2,1,1,3,4,2,3,1988,2,2
1991,2,270085,3,2,2,2,1,1,3,4,2,3,1990,2,2
1991,1,270086,1,1,1,1,1,1,3,4,2,3,1983,2,2
1991,1,270087,1,2,2,1,1,1,3,4,2,3,1979,2,1
1991,1,270089,1,2,2,2,1,1,3,4,2,3,1989,2,2
1991,2,270089,1,5,5,1,1,1,3,4,1,3,1977,2,2
1991,1,270090,2,3,3,2,1,1,3,4,1,3,1986,2,2
1991,2,270090,1,2,2,2,1,1,3,4,1,3,1976,2,2
1991,1,270091,1,2,2,2,1,1,3,4,1,3,1979,2,2
1991,1,270092,4,3,3,2,1,1,3,4,2,3,1989,2,2
1991,1,270093,7,7,7,2,4,1,3,1,1,3,1982,2,2
1991,1,270094,1,3,3,1,2,2,3,4,2,3,1984,1,2
1991,1,270095,1,2,2,2,3,3,3,4,2,3,1985,2,2
1991,1,270096,6,2,2,2,1,1,3,4,2,3,1986,2,2
1991,2,270096,1,3,3,2,1,1,3,4,2,3,1987,1,2
1991,1,270097,4,2,2,1,1,1,3,4,2,3,1987,2,2
1991,2,270097,2,3,3,2,1,1,3,4,2,3,1982,2,2
1991,1,270098,1,5,5,2,1,1,3,4,2,3,1983,2,2
1991,2,270098,8,2,2,2,1,1,3,4,2,1,1988,2,2
1991,1,270099,1,2,2,2,1,1,3,4,2,3,1984,2,2
1991,2,270099,1,5,5,2,1,1,3,4,2,3,1988,2,2
1991,1,270100,1,7,7,1,1,1,3,4,1,3,1983,2,2
1991,1,270101,1,2,2,2,1,1,3,4,2,3,1976,2,2
1991,1,270102,3,2,2,2,1,1,3,4,2,3,1977,2,2
1991,1,270103,1,3,3,2,1,1,3,4,2,3,1991,2,2
1991,2,270103,1,2,2,2,1,1,3,4,2,3,1981,2,2
1991,3,270103,1,2,2,2,1,1,3,4,2,3,1986,2,2
1991,1,270104,1,1,1,2,1,1,3,4,2,3,1978,2,2
1991,1,270105,6,2,2,1,1,1,3,4,2,3,1990,2,2
1991,1,270106,1,2,2,2,1,1,3,4,2,3,1983,2,2
1991,1,270107,1,2,2,2,1,1,3,4,2,3,1978,2,2
1991,1,270108,7,2,2,2,4,1,3,1,2,3,1987,2,2
1991,2,270108,2,2,2,2,1,1,3,4,2,3,1976,1,2
1991,1,270109,1,2,2,2,1,1,3,4,2,3,1987,2,2
1991,1,270110,1,3,3,2,1,1,3,4,2,3,1989,2,2
1991,2,270110,6,2,2,2,1,1,3,4,2,3,1978,2,2
1991,1,270111,1,5,5,2,1,1,3,4,2,3,1984,2,2
1991,2,270111,3,2,2,2,1,1,3,4,2,3,1986,2,2
1991,1,270112,3,7,7,2,1,1,3,4,2,3,1974,1,2
1991,1,270113,1,2,2,2,1,1,3,4,2,3,1988,2,2
1991,2,270113,1,3,3,2,1,1,3,4,2,3,1962,2,2
1991,1,270114,1,2,6,2,2,2,3,4,2,3,1980,2,2
1991,2,270114,6,4,4,2,1,1,3,4,2,3,1979,2,2
1991,1,270115,1,5,5,2,1,1,3,4,1,3,1985,2,2
1991,1,270116,1,5,5,1,1,1,3,4,2,3,1989,2,2
1991,1,270117,1,5,5,2,1,1,3,4,2,3,1978,1,2
1991,2,270117,6,2,2,2,1,1,3,4,2,3,1975,2,2
1991,1,270118,1,1,1,1,1,1,3,4,1,3,1982,2,2
1991,1,270120,3,2,2,2,1,1,3,4,2,3,1988,1,2
1991,1,270121,1,2,2,2,1,1,3,4,2,3,1978,2,2
1991,1,270122,2,5,3,1,2,2,3,4,2,3,1971,2,2
1991,2,270122,1,2,2,2,1,1,3,4,2,3,1990,2,2
1991,3,270122,1,2,2,2,1,1,3,4,2,3,1989,2,2
1991,1,270123,1,2,2,1,1,1,3,4,1,3,1979,2,2
1991,1,270124,2,2,2,1,3,3,3,4,2,3,1977,2,2
1991,1,270125,1,5,5,1,1,1,3,4,1,3,1974,2,2
1991,1,270126,1,2,2,2,1,1,3,4,2,3,1979,2,2
1991,2,270126,1,2,2,2,1,1,3,4,2,3,1978,2,2
1991,1,270127,1,5,5,2,1,1,3,4,2,3,1988,1,2
1991,2,270127,6,2,2,2,1,1,3,4,2,3,1977,2,2
1991,1,270128,1,1,1,1,1,1,3,4,1,3,1984,2,2
1991,1,270129,1,2,2,2,1,1,3,4,2,3,1979,1,2
1991,1,270130,2,2,2,2,1,1,3,4,2,3,1987,2,2
1991,1,270131,1,5,5,2,1,1,3,4,2,3,1984,2,2
1991,2,270131,4,2,2,2,1,1,3,4,2,3,1983,2,2
1991,1,270132,1,2,2,1,1,1,3,4,2,3,1980,2,2
1991,1,270133,1,2,2,2,1,1,3,4,2,3,1978,2,2
1991,2,270133,1,2,2,2,1,1,3,4,1,3,1977,2,2
1991,1,270134,1,2,2,2,1,1,3,4,2,3,1990,2,2
1991,1,270135,1,2,2,2,1,1,3,4,2,3,1976,2,2
1991,1,270136,1,2,2,1,1,1,3,4,2,3,1987,1,2
1991,2,270136,1,3,3,1,1,1,3,4,2,3,1972,1,2
1991,1,270137,7,2,2,2,4,2,3,2,1,3,1989,2,2
1991,1,270138,1,1,1,1,1,1,3,4,1,3,1979,2,2
1991,1,270139,1,1,1,1,1,1,3,4,2,3,1985,2,2
1991,1,270140,7,2,2,2,4,1,3,1,2,3,1979,2,2
1991,1,270141,7,2,2,2,4,2,3,2,2,3,1973,2,2
1991,2,270141,2,3,3,2,1,1,3,4,2,3,1989,1,2
1991,1,270142,1,2,2,2,1,1,3,4,2,3,1990,2,2
1991,2,270142,1,5,5,2,1,1,3,4,2,3,1987,2,2
1991,3,270142,1,2,2,2,1,1,3,4,2,3,1990,2,2
1991,1,270144,1,1,1,2,1,1,3,4,2,3,1977,2,2
1991,1,270146,6,6,6,2,1,1,3,4,2,3,1987,2,2
1991,1,270147,1,2,2,2,3,3,3,4,2,3,1989,2,2
1991,2,270147,1,3,3,2,1,1,3,4,2,3,1985,2,2
1991,1,270148,1,2,2,2,1,1,3,4,2,3,1984,2,2
1991,1,270149,1,3,3,2,1,1,3,4,2,3,1986,1,2
1991,2,270149,6,2,2,2,1,1,3,4,2,3,1984,2,2
1991,1,270150,1,2,2,2,1,1,3,4,2,3,1988,2,2
1991,2,270150,2,5,5,2,1,1,3,4,2,3,1979,2,2
1991,1,270151,1,4,4,1,2,2,3,4,1,3,1978,2,2
1991,1,270152,1,2,2,2,1,1,3,4,2,3,1982,1,2
1991,2,270152,2,2,2,2,1,1,3,4,2,3,1985,2,2
1991,1,270153,1,5,5,2,1,1,3,4,2,3,1990,2,2
1991,2,270153,1,2,2,2,1,1,3,4,2,3,1979,2,2
1991,1,270154,1,2,2,2,1,1,3,4,2,3,1979,2,2
1991,2,270154,4,2,2,2,1,1,3,4,2,3,1982,2,2
1991,1,270155,2,3,3,2,1,1,3,4,2,3,1971,2,2
1991,1,270156,1,3,3,2,1,1,3,4,2,3,1978,2,2
1991,2,270156,7,2,2,2,4,1,3,1,2,3,1980,2,2
1991,1,270158,1,3,3,1,1,1,3,4,2,3,1980,2,2
1991,1,270159,1,1,1,1,1,1,3,4,2,3,1983,2,2
1991,1,270160,6,4,4,2,1,1,3,4,2,3,1989,2,2
1991,1,270161,1,2,2,2,1,1,3,4,2,3,1980,2,2
1991,2,270161,1,3,3,2,1,1,3,4,2,3,1984,2,2
1991,1,270162,1,2,2,2,1,1,3,4,2,3,1987,2,2
1991,2,270162,2,3,3,2,1,1,3,4,2,3,1982,2,2
1991,1,270163,1,5,5,2,1,1,3,4,2,3,1990,2,2
1991,2,270163,4,2,2,2,1,1,3,4,2,3,1987,2,2
1991,1,270164,2,1,1,1,1,1,3,4,2,3,1977,2,2
1991,1,270165,1,2,3,1,1,1,3,4,1,3,1980,1,2
1991,2,270165,1,4,4,2,1,1,3,4,2,3,1984,2,2
1991,3,270165,2,2,2,2,3,3,3,4,2,3,1983,2,2
1991,1,270166,1,2,6,1,2,2,3,4,1,3,1978,2,2
1991,1,270167,1,1,1,1,1,1,3,4,1,3,1985,2,2
1991,1,270168,1,2,2,2,1,1,3,4,2,3,1981,2,2
1991,2,270168,1,3,3,2,1,1,3,4,2,3,1980,2,2
1991,1,270169,1,2,2,2,1,1,3,4,2,3,1983,2,2
1991,1,270170,4,2,2,2,1,1,3,4,2,3,1986,2,2
1991,1,270171,1,2,2,2,1,1,3,4,2,3,1990,2,2
1991,1,270172,6,2,2,2,1,1,3,4,2,3,1980,2,2
1991,2,270172,1,3,3,2,1,1,3,4,2,3,1977,2,2
1991,1,270173,1,4,4,2,1,1,3,4,2,3,1985,2,2
1991,2,270173,1,7,7,1,1,1,3,4,1,3,1990,2,2
1991,1,270174,1,3,3,2,1,1,3,4,1,3,1982,2,2
1991,2,270174,6,2,2,2,1,1,3,4,2,3,1986,2,2
1991,1,270175,7,7,7,2,4,1,3,1,2,3,1986,2,2
1991,1,270176,7,2,2,2,4,1,3,1,2,3,1991,2,2
1991,2,270176,1,2,2,2,1,1,3,4,2,3,1986,2,2
1991,1,270177,1,5,5,2,1,1,3,4,2,3,1980,2,2
1991,2,270177,1,2,2,2,1,1,3,4,2,3,1980,2,2
1991,1,270178,2,2,2,2,1,1,3,4,2,3,1976,1,2
1991,2,270178,1,5,5,2,1,1,3,4,2,3,1984,2,2
1991,1,270179,1,2,2,2,1,1,3,4,2,3,1989,2,2
1991,2,270179,7,4,4,2,4,1,3,1,2,3,1990,2,2
1991,1,270180,1,1,1,1,1,1,3,4,1,3,1990,2,2
1991,1,270181,4,2,2,2,2,2,3,4,2,3,1982,1,2
1991,2,270181,9,4,4,2,2,1,3,4,2,3,9999,2,2
1991,1,270182,1,3,3,2,1,1,3,4,2,3,1988,2,2
1991,2,270182,1,2,2,2,1,1,3,4,2,3,1980,2,2
1991,1,270183,3,3,3,1,1,1,3,4,1,3,1980,2,2
1991,1,270184,7,2,2,2,4,1,3,1,2,3,1979,2,2
1991,2,270184,2,2,2,2,1,1,3,4,2,3,1979,2,2
1991,1,270185,1,5,6,1,1,1,3,4,1,3,1981,2,2
1991,1,270186,1,2,2,2,1,1,3,4,2,3,1984,1,2
1991,2,270186,2,2,2,2,1,1,3,4,2,3,1990,2,2
1991,1,270187,2,2,2,2,1,1,3,4,2,3,1986,2,2
1991,2,270187,6,5,5,2,1,1,3,4,2,3,1977,2,2
1991,1,270188,2,4,4,2,1,1,3,4,2,3,1978,2,2
1991,1,270189,1,5,5,2,1,1,3,4,2,3,1978,2,2
1991,2,270189,6,2,2,2,1,1,3,4,2,3,1989,2,2
1991,1,270190,1,2,2,2,1,1,3,4,2,3,1974,2,2
1991,2,270190,2,2,2,2,1,1,3,4,2,3,1979,2,2
1991,1,270191,1,3,5,1,1,1,3,4,1,3,1990,2,2
1991,1,270192,1,2,2,2,1,1,3,4,2,3,1987,2,2
1991,1,270193,1,2,2,2,1,1,3,4,2,3,1981,2,2
1991,1,270194,3,2,2,1,1,1,3,4,1,3,1988,2,2
1991,1,270195,1,2,2,2,1,1,3,4,2,3,1982,2,2
1991,2,270195,1,2,2,2,1,1,3,4,2,3,1983,2,2
1991,1,270196,1,2,2,2,1,1,3,4,2,3,1986,2,2
1991,2,270196,7,2,2,2,4,3,3,3,2,3,1987,2,2
1991,1,270197,1,2,2,2,1,1,3,4,2,3,1981,2,2
1991,2,270197,9,2,2,2,1,1,3,4,2,3,1988,2,2
1991,3,270197,3,2,2,2,1,1,3,4,2,3,1990,2,2
1991,1,270198,7,2,2,2,4,1,3,1,2,3,1990,2,2
1991,2,270198,1,2,2,2,1,1,3,4,2,3,1974,2,2
1991,1,270199,1,3,3,2,1,1,3,4,2,3,1989,2,2
1991,2,270199,2,2,2,2,1,1,3,4,1,3,1988,2,2
1991,1,270200,1,2,2,2,1,1,3,4,2,3,1964,2,2
1991,1,270201,9,2,2,1,1,1,3,4,2,3,9999,2,2
1991,1,270202,2,2,2,1,1,1,3,4,2,3,1973,2,2
1991,2,270202,1,4,4,1,1,1,3,4,2,3,1990,2,2
1991,3,270202,1,2,2,2,1,1,3,4,2,3,1978,2,2
1991,1,270203,1,2,2,2,1,1,3,4,2,3,1987,2,2
1991,1,270204,1,5,5,2,1,1,3,4,2,3,1989,2,2
1991,2,270204,1,2,2,2,1,1,3,4,2,3,1979,2,2
1991,1,270206,1,2,2,1,1,1,3,4,1,3,1982,2,2
1991,1,270207,9,7,7,2,3,3,3,4,2,3,9999,2,2
1991,2,270207,1,5,5,2,3,3,3,4,2,3,1975,2,2
1991,1,270208,1,7,7,2,1,1,3,4,2,3,1983,2,2
1991,2,270208,1,7,7,2,1,1,3,4,2,3,1977,2,2
1991,1,270209,1,5,5,2,1,1,3,4,1,3,1981,2,2
1991,1,270210,1,3,3,2,1,1,3,4,1,3,1990,2,2
1991,1,270211,7,1,1,2,4,2,3,2,2,3,1985,2,2
1991,1,270212,7,7,7,2,4,1,3,1,1,3,1973,2,2
1991,2,270212,1,2,2,2,1,1,3,4,2,3,1983,2,2
1991,1,270213,1,5,5,2,1,1,3,4,2,3,1987,2,2
1991,2,270213,6,2,2,2,1,1,3,4,2,3,1985,2,2
1991,1,270214,1,7,7,2,1,1,3,4,1,3,1976,2,2
1991,1,270215,1,5,5,2,1,1,3,4,1,3,1986,2,2
1991,1,270217,1,1,1,1,2,2,3,4,2,3,1987,2,1
1991,1,270218,2,1,1,1,1,1,3,4,1,3,1983,2,2
1991,1,270219,6,2,2,2,1,1,3,4,2,3,1986,2,2
1991,2,270219,1,2,2,2,1,1,3,4,2,3,1983,1,2
1991,1,270220,2,2,2,2,1,1,3,4,2,3,1979,2,2
1991,1,270221,1,2,2,2,1,1,3,4,1,3,1976,1,2
1991,2,270221,1,2,2,2,1,1,3,4,2,3,1978,1,2
1991,3,270221,1,5,5,2,1,1,3,4,2,3,1983,1,2
1991,1,270222,7,2,5,2,4,2,3,2,1,3,1981,2,2
1991,1,270223,1,7,7,1,1,1,3,4,1,3,1979,2,2
1991,1,270224,1,3,3,2,1,1,3,4,2,3,1985,2,2
1991,2,270224,6,2,2,2,1,1,3,4,2,3,1970,2,2
1991,1,270225,1,2,2,2,1,1,3,4,2,3,1983,2,2
1991,2,270225,1,2,2,2,1,1,3,4,2,3,1985,2,2
1991,1,270226,2,2,2,2,1,1,3,4,2,3,1980,2,2
1991,1,270227,9,1,1,2,2,2,3,4,1,3,9999,1,2
1991,1,270228,1,2,2,2,1,1,3,4,2,3,1984,2,2
1991,1,270229,4,3,3,2,1,1,3,4,2,3,1987,2,2
1991,1,270230,2,3,3,2,1,1,3,4,1,3,1977,1,2
1991,1,270231,1,2,2,2,1,1,3,4,2,3,1979,1,2
1991,2,270231,1,4,4,2,1,1,3,4,2,3,1987,2,2
1991,1,270232,2,2,2,2,2,2,3,4,2,3,1979,2,2
1991,1,270233,1,2,2,2,1,1,3,4,2,3,1982,2,2
1991,2,270233,1,5,5,2,1,1,3,4,2,3,1988,2,2
1991,1,270234,1,5,5,1,1,1,3,4,2,3,1987,2,2
1991,1,270235,2,2,2,2,1,1,3,4,2,3,1987,2,2
1991,1,270236,1,2,2,1,1,1,3,4,1,3,1987,2,2
1991,1,270237,1,2,2,2,1,1,3,4,2,3,1977,1,2
1991,1,270238,3,3,3,1,1,1,3,4,2,3,1985,2,2
1991,2,270238,2,2,2,1,1,1,3,4,2,3,1989,2,2
1991,1,270239,7,2,2,2,4,1,3,1,1,3,1980,2,2
1991,1,270240,7,2,2,2,4,1,3,1,1,3,1983,2,2
1991,2,270240,1,3,3,2,1,1,3,4,2,3,1972,2,2
1991,1,270241,1,2,2,2,1,1,3,4,2,3,1989,2,2
1991,1,270242,1,2,2,2,1,1,3,4,2,3,1985,1,2
1991,2,270242,1,4,4,2,1,1,3,4,2,3,1990,2,2
1991,1,270243,1,2,2,2,2,2,3,4,1,3,1978,2,2
1991,1,270244,1,5,5,1,1,1,3,4,1,3,1990,1,2
1991,1,270245,1,2,2,2,1,1,3,4,2,3,1991,2,2
1991,2,270245,1,3,3,2,1,1,3,4,2,3,1986,1,2
1991,1,270246,1,2,2,2,1,1,3,4,2,3,1979,2,2
1991,2,270246,2,5,5,2,1,1,3,4,2,3,1972,2,2
1991,1,270247,2,2,2,2,1,1,3,4,2,3,1986,2,2
1991,1,270248,6,6,6,2,1,1,3,4,2,3,1981,2,2
1991,1,270249,1,5,5,2,1,1,3,4,2,3,1983,2,2
1991,1,270250,1,2,2,1,1,1,3,4,1,3,1982,2,2
1991,1,270251,7,2,2,2,4,1,3,1,1,3,1989,2,2
1991,2,270251,2,5,5,2,1,1,3,4,2,3,1989,2,2
1991,1,270252,1,2,2,2,1,1,3,4,2,3,1987,2,2
1991,2,270252,2,2,2,2,1,1,3,4,2,3,1984,2,2
1991,1,270253,1,5,5,2,2,2,3,4,1,3,1981,2,2
1991,1,270254,1,3,3,2,1,1,3,4,2,3,1983,2,2
1991,2,270254,1,2,2,2,1,1,3,4,1,3,1986,2,2
1991,1,270255,1,2,2,2,1,1,3,4,2,3,1985,2,2
1991,2,270255,1,3,3,2,1,1,3,4,2,3,1986,2,2
1991,1,270256,1,3,3,2,1,1,3,4,2,3,1982,2,2
1991,2,270256,2,2,2,2,1,1,3,4,2,3,1988,2,2
1991,1,270257,2,2,2,2,1,1,3,4,2,3,1989,2,2
1991,1,270258,7,2,2,2,4,2,3,2,2,3,1987,2,2
1991,1,270259,1,7,7,2,1,1,3,4,2,3,1985,1,2
1991,1,270260,1,2,2,2,1,1,3,4,2,3,1983,2,2
1991,2,270260,1,2,2,2,1,1,3,4,2,3,1981,2,2
1991,1,270261,1,2,2,2,1,1,3,4,2,3,1986,2,2
1991,2,270261,1,3,3,2,1,1,3,4,2,3,1986,2,2
1991,1,270263,7,7,7,2,4,2,3,2,1,3,1985,2,2
1991,1,270264,9,1,1,1,2,1,3,4,2,3,9999,2,2
1991,1,270265,2,2,2,2,1,1,3,4,2,3,1977,2,2
1991,1,270266,1,2,2,2,2,2,3,4,2,3,1984,2,2
1991,1,270267,7,2,4,2,4,2,3,2,2,3,1980,1,2
1991,1,270268,1,5,5,2,1,1,3,4,2,3,1989,2,2
1991,2,270268,3,2,2,2,1,1,3,4,2,3,1987,1,2
1991,1,270269,1,2,2,1,1,1,3,4,2,3,1979,2,2
1991,1,270270,6,2,2,2,2,2,3,4,2,3,1985,1,2
1991,1,270271,2,2,2,2,1,1,3,4,1,3,1983,2,2
1991,1,270272,1,5,5,2,1,1,3,4,2,3,1987,1,2
1991,2,270272,6,2,2,2,1,1,3,4,2,3,1988,2,2
1991,1,270273,3,2,2,2,1,1,3,4,2,3,1985,2,1
1991,2,270273,1,2,2,2,1,1,3,4,2,3,1990,2,2
1991,1,270274,7,2,2,2,4,1,3,1,1,3,1983,2,2
1991,2,270274,2,5,5,2,1,1,3,4,2,3,1986,2,2
1991,1,270275,7,2,2,2,4,1,3,1,1,3,1989,2,2
1991,2,270275,1,5,5,2,1,1,3,4,2,3,1987,2,2
1991,1,270276,1,6,6,2,1,1,3,4,2,3,1987,2,2
1991,2,270276,9,4,4,2,1,1,3,4,2,3,9999,2,2
1991,1,270277,3,5,5,1,1,1,3,4,2,3,1985,1,2
1991,1,270278,1,2,2,2,1,1,3,4,2,3,1981,2,2
1991,2,270278,1,2,2,2,2,2,3,4,2,3,1979,2,2
1991,1,270279,1,2,2,2,1,1,3,4,2,3,1988,2,2
1991,2,270279,1,2,2,2,1,1,3,4,2,3,1988,2,2
1991,1,270280,7,2,2,2,4,1,3,1,1,3,1983,2,2
1991,2,270280,1,5,5,2,1,1,3,4,2,3,1985,2,2
1991,1,270281,6,2,2,2,3,3,3,4,2,3,1979,2,2
1991,2,270281,1,2,2,2,1,1,3,4,2,3,1976,2,2
1991,1,270282,7,2,2,2,4,1,3,1,2,3,1979,2,2
1991,2,270282,1,3,3,2,1,1,3,4,1,3,1983,2,2
1991,1,270283,7,1,1,2,4,1,3,1,1,3,1988,1,2
1991,1,270284,2,2,2,1,1,1,3,4,2,3,1991,2,2
1991,2,270284,9,2,2,2,1,1,3,4,2,3,9999,2,2
1991,1,270285,3,3,3,1,1,1,3,4,2,3,1976,2,2
1991,1,270286,7,1,1,2,4,1,3,1,2,3,1987,2,1
1991,1,270287,2,2,2,1,1,1,3,4,1,3,1986,2,2
1991,1,270288,1,2,2,2,1,1,3,4,1,3,1977,2,2
1991,1,270289,2,2,2,2,1,1,3,4,2,3,1976,2,2
1991,2,270289,1,2,2,1,1,1,3,4,2,3,1986,2,2
1991,1,270290,1,7,7,2,1,1,3,4,1,3,1991,1,2
1991,1,270291,2,2,2,2,1,1,3,4,2,3,1983,2,2
1991,1,270292,1,7,7,1,1,1,3,4,1,3,1979,2,2
1991,1,270293,1,2,2,2,1,1,3,4,2,3,1988,2,2
1991,1,270294,7,4,4,2,4,1,3,1,1,3,1990,1,2
1991,1,270295,1,4,4,2,1,1,3,4,2,3,1987,2,2
1991,2,270295,1,4,4,2,1,1,3,4,2,3,1988,2,2
1991,3,270295,2,4,4,2,1,1,3,4,2,3,1979,2,2
1991,4,270295,6,2,2,2,1,1,3,4,2,3,1977,1,2
1991,1,270296,7,2,2,2,4,2,3,2,1,3,1987,2,2
1991,2,270296,6,4,4,2,1,1,3,4,2,3,1987,2,2
1991,1,270297,1,2,2,1,1,1,3,4,2,3,1981,2,2
1991,1,270298,1,7,7,2,1,1,3,4,1,3,1985,2,2
1991,1,270299,2,1,1,2,1,1,3,4,2,3,1983,2,2
1991,1,270301,7,7,7,2,4,1,3,1,2,3,1983,2,2
1991,1,270302,2,3,3,1,1,1,3,4,2,3,1981,2,2
1991,2,270302,7,2,2,2,4,1,3,1,2,3,1991,2,2
1991,1,270303,1,2,2,2,1,1,3,4,2,3,1988,2,2
1991,2,270303,6,2,2,2,1,1,3,4,2,3,1972,2,2
1991,1,270304,7,2,2,2,4,1,3,1,1,3,1980,2,2
1991,2,270304,1,5,5,2,1,1,3,4,2,3,1984,2,2
1991,1,270305,2,2,2,2,1,1,3,4,2,3,1983,2,2
1991,2,270305,1,2,2,2,1,1,3,4,2,3,1972,2,2
1991,1,270306,6,2,2,2,1,1,3,4,2,3,1975,2,2
1991,1,270307,1,2,2,2,1,1,3,4,2,3,1989,2,2
1991,1,270308,1,1,1,1,3,3,3,4,1,3,1984,2,2
1991,1,270309,1,2,2,2,1,1,3,4,2,3,1987,2,2
1991,2,270309,1,5,5,1,1,1,3,4,1,3,1984,2,2
1991,1,270310,1,7,7,2,1,1,3,4,2,3,1986,1,2
1991,1,270311,1,2,2,2,1,1,3,4,2,3,1989,2,2
1991,1,270312,2,2,2,2,1,1,3,4,2,3,1986,2,2
1991,1,270313,1,6,6,1,1,1,3,4,1,3,1988,2,2
1991,1,270314,1,2,2,2,1,1,3,4,2,3,1979,2,2
1991,2,270314,1,5,5,2,1,1,3,4,2,3,1979,2,2
1991,1,270315,9,1,1,2,1,1,3,4,1,3,9999,2,2
1991,1,270316,2,1,1,1,1,1,3,4,2,3,1986,1,2
1991,1,270317,2,6,6,2,1,1,3,4,2,3,1986,2,2
1991,1,270318,9,1,1,1,1,1,3,4,2,3,9999,2,2
1991,1,270319,1,2,2,2,1,1,3,4,2,3,1987,2,2
1991,2,270319,1,2,2,2,1,1,3,4,2,3,1985,2,1
1991,1,270320,7,2,2,2,4,2,3,2,2,3,1983,2,2
1991,1,270321,1,2,2,2,1,1,3,4,2,3,1981,2,2
1991,2,270321,2,3,3,1,1,1,3,4,2,3,1984,2,2
1991,3,270321,1,2,2,2,1,1,3,4,2,3,1974,2,2
1991,1,270322,1,2,2,2,1,1,3,4,2,3,1983,2,2
1991,2,270322,2,2,2,2,1,1,3,4,2,3,1987,2,2
1991,3,270322,2,7,7,2,1,1,3,4,2,3,1989,2,2
1991,1,270323,2,2,2,2,1,1,3,4,2,3,1981,2,2
1991,2,270323,1,5,5,2,1,1,3,4,2,3,1989,1,2
1991,1,270324,6,2,2,2,1,1,3,4,2,3,1990,1,2
1991,2,270324,9,4,4,2,2,1,3,4,2,3,1976,2,2
1991,1,270325,1,2,2,2,1,1,3,4,2,3,1979,2,2
1991,2,270325,9,7,5,2,2,1,3,4,2,3,9999,2,2
1991,1,270327,6,2,2,2,1,1,3,4,2,3,1982,2,2
1991,2,270327,1,3,3,2,1,1,3,4,2,3,1986,2,2
1991,1,270328,1,5,5,2,1,1,3,4,2,3,1975,2,2
1991,1,270329,9,7,7,2,1,1,3,4,2,3,1979,2,2
1991,1,270332,1,2,2,2,2,2,3,4,2,3,1981,2,2
1991,2,270332,6,2,2,2,1,1,3,4,2,3,1985,2,2
1991,1,270333,1,7,7,2,1,1,3,4,2,3,1985,2,2
1991,1,270334,6,4,4,2,1,1,3,4,2,3,1967,2,2
1991,2,270334,6,4,4,2,1,1,3,4,2,3,1988,2,2
1991,1,270335,7,2,2,2,4,1,3,1,2,3,1978,2,2
1991,1,270337,1,2,2,2,1,1,3,4,2,3,1976,2,2
1991,2,270337,1,7,7,2,1,1,3,4,1,3,1981,2,2
1991,1,270338,7,2,2,2,4,2,3,2,1,3,1982,2,2
1991,1,270339,6,6,6,2,1,1,3,4,2,3,1982,2,2
1991,1,270340,1,2,2,2,1,1,3,4,2,3,1986,2,2
1991,2,270340,4,2,2,2,1,1,3,4,2,3,1989,2,2
1991,1,270341,1,2,2,2,1,1,3,4,2,3,1985,2,2
1991,1,270342,7,7,7,2,4,1,3,1,1,3,1977,2,2
1991,1,270343,2,2,2,2,1,1,3,4,2,3,1989,2,2
1991,1,270344,1,5,5,2,1,1,3,4,2,3,1987,2,2
1991,2,270344,1,2,2,2,1,1,3,4,2,3,1985,2,2
1991,1,270345,1,7,7,2,2,2,3,4,2,3,1982,2,2
1991,1,270346,1,2,2,2,1,1,3,4,2,3,1989,2,2
1991,1,270347,1,3,3,2,1,1,3,4,2,3,1988,2,2
1991,1,270348,2,1,1,1,1,1,3,4,2,3,1988,1,2
1991,1,270349,1,2,2,2,2,2,3,4,2,3,1977,2,2
1991,2,270349,6,5,5,2,1,1,3,4,2,3,1990,2,2
1991,1,270350,1,5,5,2,1,1,3,4,2,3,1987,2,2
1991,2,270350,6,2,2,2,1,1,3,4,2,3,1987,2,2
1991,1,270351,1,2,2,2,1,1,3,4,2,3,1988,2,2
1991,2,270351,1,2,2,2,1,1,3,4,2,3,1976,1,2
1991,1,270352,7,7,7,2,4,1,3,1,1,3,1977,2,2
1991,1,270353,2,1,1,1,1,1,3,4,2,3,1948,1,2
1991,1,270354,1,5,5,2,1,1,3,4,2,3,1991,2,2
1991,2,270354,1,2,2,2,1,1,3,4,2,3,1990,2,2
1991,1,270355,1,5,2,1,1,1,3,4,2,3,1989,1,2
1991,1,270356,2,6,6,1,2,2,3,4,1,3,1979,2,2
1991,2,270356,1,2,2,2,1,1,3,4,2,3,1985,2,2
1991,1,270358,1,1,1,1,1,1,3,4,1,3,1986,1,2
1991,1,270359,2,2,2,2,1,1,3,4,2,3,1983,2,2
1991,2,270359,2,2,2,2,1,1,3,4,2,3,1978,2,2
1991,1,270360,2,1,1,1,1,1,3,4,2,3,1986,2,2
1991,1,270361,1,1,1,1,1,1,3,4,1,3,1988,2,2
1991,1,270362,1,4,4,2,1,1,3,4,2,3,1985,2,2
1991,2,270362,7,2,2,2,4,1,3,1,1,3,1984,2,2
1991,1,270363,6,6,6,2,1,1,3,4,2,3,1975,2,2
1991,1,270364,1,2,2,2,1,1,3,4,2,3,1973,2,2
1991,2,270364,1,2,2,1,1,1,3,4,2,3,1984,2,2
1991,1,270365,4,2,2,1,1,1,3,4,2,3,1970,2,2
1991,2,270365,1,3,3,1,1,1,3,4,2,3,1980,2,2
1991,1,270366,6,5,5,1,1,1,3,4,2,3,1980,2,2
1991,2,270366,1,2,2,1,1,1,3,4,2,3,1989,2,2
1991,1,270367,4,2,2,2,1,1,3,4,2,3,1990,1,1
1991,1,270368,7,7,7,2,4,1,3,1,1,3,1979,2,2
1991,1,270369,2,2,2,2,1,1,3,4,2,3,1978,2,2
1991,2,270369,1,3,3,2,1,1,3,4,2,3,1990,2,2
1991,1,270370,1,2,2,2,1,1,3,4,2,3,1978,2,2
1991,2,270370,6,2,2,2,1,1,3,4,2,3,1992,2,2
1991,1,270371,1,5,5,2,1,1,3,4,2,3,1986,2,2
1991,2,270371,4,2,2,2,1,1,3,4,2,3,1985,2,2
1991,1,270372,1,3,3,1,1,1,3,4,2,3,1990,2,2
1991,1,270373,3,2,2,2,1,1,3,4,2,3,1985,2,2
1991,2,270373,1,3,3,2,1,1,3,4,2,3,1990,2,2
1991,1,270374,1,3,3,2,1,1,3,4,2,3,1989,2,2
1991,2,270374,6,2,2,2,1,1,3,4,2,3,1978,2,2
1991,1,270375,2,1,1,1,1,1,3,4,2,3,1984,2,2
1991,1,270376,1,5,5,2,1,1,3,4,2,3,1986,2,2
1991,2,270376,1,2,2,2,1,1,3,4,2,3,1984,2,2
1991,1,270377,1,5,5,1,1,1,3,4,2,3,1983,2,2
1991,1,270378,3,1,1,2,1,1,3,4,1,3,1979,1,2
1991,1,270379,1,2,2,2,1,1,3,4,2,3,1978,2,2
1991,1,270380,4,2,2,2,1,1,3,4,2,3,1980,2,2
1991,1,270381,2,2,2,1,1,1,3,4,2,3,1979,2,2
1991,1,270382,2,1,1,1,1,1,3,4,2,3,1978,2,2
1991,1,270383,7,1,1,2,4,1,3,1,1,3,1982,1,2
1991,1,270384,1,5,5,1,1,1,3,4,2,3,1982,2,2
1991,1,270385,3,2,2,2,1,1,3,4,2,3,1984,2,2
1991,1,270386,1,2,2,2,1,1,3,4,2,3,1991,2,2
1991,2,270386,1,3,3,2,1,1,3,4,2,3,1989,2,2
1991,1,270387,1,2,2,1,1,1,3,4,2,3,1987,1,2
1991,1,270388,3,1,1,1,1,1,3,4,2,3,1985,2,2
1991,1,270389,1,2,2,2,1,1,3,4,2,3,1991,2,2
1991,2,270389,4,2,2,2,1,1,3,4,2,3,1989,2,2
1991,1,270390,4,5,5,2,1,1,3,4,2,3,1988,2,2
1991,2,270390,6,2,2,2,1,1,3,4,2,3,1978,2,2
1991,1,270391,1,3,3,2,1,1,3,4,2,3,1981,2,2
1991,2,270391,6,2,2,2,1,1,3,4,2,3,1988,2,2
1991,1,270392,1,5,5,2,1,1,3,4,2,3,1991,2,2
1991,2,270392,9,2,2,2,1,1,3,4,2,3,1991,2,2
1991,3,270392,1,5,5,2,1,1,3,4,2,3,1982,2,2
1991,1,270393,1,2,2,2,1,1,3,4,1,3,1985,2,2
1991,1,270394,1,5,5,2,1,1,3,4,2,3,1989,1,2
1991,2,270394,1,2,2,2,1,1,3,4,2,3,1977,2,2
1991,1,270395,1,5,5,2,1,1,3,4,2,3,1981,2,2
1991,2,270395,6,2,2,2,1,1,3,4,2,3,1990,2,2
1991,1,270396,4,1,1,1,1,1,3,4,2,3,1985,2,1
1991,1,270397,2,2,2,2,1,1,3,4,2,3,1987,1,2
1991,1,270398,1,1,1,1,1,1,3,4,2,3,1991,1,2
1991,1,270399,1,1,1,1,1,1,3,4,2,3,1984,2,2
1991,1,270400,6,2,2,2,1,1,3,4,2,3,1989,2,2
1991,2,270400,9,5,5,2,1,1,3,4,2,3,9999,2,2
1991,1,270402,2,3,3,2,1,1,3,4,1,3,1987,2,2
1991,2,270402,4,2,2,2,1,1,3,4,2,3,1991,2,2
1991,1,270404,1,2,2,2,1,1,3,4,2,3,1984,2,2
1991,1,270405,2,2,2,2,1,1,3,4,2,3,1984,2,2
1991,2,270405,1,3,3,2,1,1,3,4,2,3,1981,2,2
1991,3,270405,5,2,2,2,2,2,3,4,2,3,1989,2,2
1991,1,270406,1,3,3,2,1,1,3,4,2,3,1990,1,2
1991,2,270406,1,2,2,2,1,1,3,4,2,3,1990,2,2
1991,1,270407,1,3,3,2,2,2,3,4,2,3,1984,2,2
1991,2,270407,1,7,7,2,1,1,3,4,2,3,1975,2,2
1991,1,270408,1,2,5,2,1,1,3,4,1,3,1985,2,2
1991,1,270409,3,2,2,2,1,1,3,4,2,3,1984,2,2
1991,1,270410,1,2,2,2,1,1,3,4,2,3,1986,2,2
1991,1,270411,2,2,2,2,3,3,3,4,2,3,1987,2,2
1991,2,270411,3,5,5,2,1,1,3,4,2,3,1986,2,2
1991,1,270412,1,7,7,2,1,1,3,4,2,3,1988,1,1
1991,1,270413,1,4,4,2,1,3,3,4,2,3,1987,2,2
1991,2,270413,6,2,2,2,1,1,3,4,2,3,1980,1,2
1991,1,270414,1,3,3,2,1,1,3,4,2,3,1984,2,2
1991,2,270414,8,2,2,2,1,1,3,4,2,1,1990,2,2
1991,1,270415,1,7,5,2,1,1,3,4,1,3,1981,2,2
1991,2,270415,2,7,7,2,1,1,3,4,2,3,1985,2,2
1991,3,270415,1,2,2,2,1,1,3,4,2,3,1986,2,2
1991,4,270415,1,2,2,2,1,1,3,4,2,3,1989,2,2
1991,5,270415,1,2,2,2,1,1,3,4,2,3,1987,2,2
1991,1,270416,1,3,3,2,1,1,3,4,2,3,1987,2,2
1991,2,270416,9,2,2,2,1,2,3,4,2,3,1992,2,2
1991,1,270417,1,5,5,2,1,1,3,4,2,3,1985,2,2
1991,2,270417,6,7,7,2,1,1,3,4,2,3,1984,2,2
1991,1,270418,1,2,2,2,1,1,3,4,2,3,1985,2,2
1991,2,270418,2,2,2,2,1,1,3,4,1,3,1985,2,2
1991,1,270419,1,1,1,1,1,1,3,4,1,3,1990,2,2
1991,1,270420,4,7,7,2,1,1,3,4,1,3,1989,2,2
1991,2,270420,2,2,2,2,1,1,3,4,2,3,1991,2,2
1991,1,270421,8,2,2,2,1,1,3,4,2,1,1982,1,2
1991,1,270422,6,2,2,2,1,1,3,4,2,3,1985,2,2
1991,2,270422,1,5,5,2,1,1,3,4,2,3,1979,2,2
1991,1,270423,2,2,2,2,1,1,3,4,2,3,1987,2,2
1991,1,270424,1,2,2,2,2,2,3,4,2,3,1978,2,2
1991,2,270424,2,2,2,2,1,1,3,4,2,3,1990,2,2
1991,1,270425,1,3,3,2,1,1,3,4,2,3,1988,2,2
1991,2,270425,6,2,2,2,1,1,3,4,2,3,1985,2,2
1991,1,270426,2,2,2,2,1,1,3,4,1,3,1978,2,2
1991,2,270426,2,2,2,2,1,1,3,4,2,3,1986,2,2
1991,1,270427,2,2,2,2,1,1,3,4,2,3,1991,1,2
1991,2,270427,6,7,7,2,3,3,3,4,2,3,1989,2,2
1991,1,270428,1,5,5,2,1,1,3,4,1,3,1990,2,2
1991,2,270428,6,2,2,2,1,1,3,4,2,3,1989,2,2
1991,3,270428,4,4,4,2,1,1,3,4,2,3,1984,2,2
1991,1,270429,2,2,2,2,1,1,3,4,2,3,1983,2,2
1991,2,270429,4,2,2,2,1,1,3,4,2,3,1987,1,2
1991,1,270430,6,6,6,2,3,3,3,4,2,3,1985,2,2
1991,1,270431,6,5,5,2,1,1,3,4,2,3,1986,2,2
1991,2,270431,1,2,2,2,1,1,3,4,2,3,1986,2,2
1991,1,270432,1,3,3,2,1,1,3,4,1,3,1986,2,2
1991,2,270432,1,2,2,2,1,1,3,4,2,3,1988,2,2
1991,1,270433,1,2,5,2,1,1,3,4,2,3,1987,2,2
1991,2,270433,1,2,5,2,1,1,3,4,1,3,1971,2,2
1991,3,270433,3,2,2,2,1,1,3,4,2,3,1986,2,2
1991,1,270434,1,2,2,2,1,1,3,4,2,3,1977,2,2
1991,2,270434,6,2,2,2,1,1,3,4,2,3,1985,2,2
1991,1,270435,1,3,3,2,1,1,3,4,1,3,1980,2,2
1991,2,270435,6,2,2,2,1,1,3,4,2,3,1987,2,2
1991,1,270436,4,5,5,2,1,1,3,4,2,3,1991,2,2
1991,2,270436,6,2,2,1,1,1,3,4,2,3,1971,2,2
1991,1,270437,1,3,3,2,1,1,3,4,2,3,1978,2,2
1991,2,270437,1,2,2,2,1,1,3,4,2,3,1978,2,2
1991,1,270438,2,2,2,2,1,1,3,4,2,3,1988,2,2
1991,2,270438,1,5,5,2,1,1,3,4,2,3,1989,2,2
1991,1,270439,1,2,2,2,1,1,3,4,2,3,1981,2,2
1991,2,270439,1,2,2,2,1,1,3,4,2,3,1975,2,2
1991,1,270441,1,3,3,2,1,1,3,4,2,3,1983,1,2
1991,2,270441,1,2,2,2,1,1,3,4,2,3,1986,2,2
1991,3,270441,1,2,2,2,2,2,3,4,2,3,1981,2,2
1991,1,270442,1,2,2,2,3,3,3,4,2,3,1978,2,2
1991,2,270442,1,2,2,2,3,3,3,4,2,3,1981,2,2
1991,3,270442,1,2,2,2,3,3,3,4,2,3,1984,2,2
1991,4,270442,1,2,2,2,3,3,3,4,2,3,1988,2,2
1991,1,270444,1,3,3,2,1,1,3,4,2,3,1983,2,2
1991,1,270445,9,2,2,2,1,1,3,4,2,3,1983,1,2
1991,1,270446,6,4,4,2,1,1,3,4,2,3,1977,2,2
1991,2,270446,1,2,2,2,3,3,3,4,2,3,1992,2,2
1991,1,270447,1,2,2,2,1,1,3,4,2,3,1988,2,2
1991,2,270447,1,2,2,2,1,1,3,4,2,3,1983,2,2
1991,1,270448,6,7,7,1,1,1,3,4,2,3,1986,2,2
1991,1,270449,1,7,7,2,1,1,3,4,2,3,1977,2,2
1991,2,270449,1,7,7,2,1,1,3,4,2,3,1985,2,2
1991,1,270450,1,2,2,2,1,1,3,4,2,3,1988,2,2
1991,2,270450,1,5,5,2,1,1,3,4,2,3,1991,2,1
1991,1,270451,1,5,5,1,2,2,3,4,2,3,1980,1,2
1991,2,270451,6,2,2,2,3,3,3,4,2,3,1987,2,2
1991,1,270452,1,3,3,2,1,1,3,4,2,3,1987,2,2
1991,2,270452,6,2,2,2,1,1,3,4,2,3,1986,2,2
1991,1,270453,1,3,3,2,1,1,3,4,1,3,1989,2,2
1991,2,270453,1,2,2,2,1,1,3,4,2,3,1983,2,2
1991,1,270454,6,2,2,2,1,1,3,4,2,3,1992,2,2
1991,2,270454,2,2,2,2,1,1,3,4,2,3,1991,2,2
1991,1,270455,1,7,7,2,1,1,3,4,2,3,1980,1,2
1991,2,270455,1,2,2,2,1,1,3,4,2,3,1989,2,2
1991,1,270456,1,7,7,2,1,1,3,4,1,3,1980,2,2
1991,2,270456,2,7,7,2,1,1,3,4,2,3,1981,2,2
1991,3,270456,1,2,2,2,1,1,3,4,2,3,1988,2,2
1991,1,270457,2,2,2,2,1,1,3,4,2,3,1984,2,2
1991,1,270458,1,3,3,2,1,1,3,4,2,3,1987,2,2
1991,2,270458,1,2,2,2,1,1,3,4,2,3,1990,2,2
1991,1,270459,1,6,6,2,1,1,3,4,2,3,1983,2,2
1991,1,270460,1,2,2,2,1,1,3,4,2,3,1990,2,2
1991,2,270460,1,7,7,2,2,2,3,4,1,3,1988,2,2
1991,3,270460,3,2,2,2,1,1,3,4,2,3,1985,2,2
1991,1,270461,1,5,5,2,1,1,3,4,2,3,1986,2,2
1991,2,270461,1,2,2,2,1,1,3,4,2,3,1986,2,2
1991,1,270462,1,2,2,2,1,1,3,4,2,3,1985,1,2
1991,1,270463,1,2,2,2,2,2,3,4,2,3,1975,2,2
1991,2,270463,1,2,2,2,1,1,3,4,2,3,1986,2,2
1991,1,270464,3,3,3,2,1,1,3,4,2,3,1989,2,2
1991,2,270464,4,2,2,2,1,1,3,4,2,3,1986,2,2
1991,3,270464,1,7,7,2,1,1,3,4,1,3,1985,2,2
1991,4,270464,1,7,7,2,1,1,3,4,1,3,1989,2,2
1991,5,270464,1,2,2,2,1,1,3,4,1,3,1979,2,2
1991,1,270465,8,7,7,2,1,1,3,4,1,3,1980,2,2
1991,2,270465,1,7,7,2,1,1,3,4,2,3,1991,2,2
1991,1,270466,1,5,5,2,1,1,3,4,2,3,1987,2,2
1991,2,270466,1,2,2,2,1,1,3,4,2,3,1988,2,2
1991,3,270466,6,3,3,2,1,1,3,4,2,3,1991,2,2
1991,1,270467,2,2,2,2,1,1,3,4,2,3,1990,2,2
1991,2,270467,1,5,5,2,1,1,3,4,2,3,1990,2,2
1991,1,270468,2,1,1,1,1,1,3,4,1,3,1978,2,2
1991,1,270469,1,2,2,2,1,1,3,4,2,3,1980,2,2
1991,2,270469,1,5,5,2,1,1,3,4,2,3,1986,2,2
1991,1,270471,2,2,2,2,1,1,3,4,2,3,1992,2,2
1991,2,270471,1,3,3,2,1,1,3,4,2,3,1984,2,2
1991,1,270472,1,2,2,2,1,1,3,4,2,3,1979,2,2
1991,1,270473,6,2,2,2,1,1,3,4,2,3,1991,2,2
1991,2,270473,2,5,5,2,1,1,3,4,2,3,1980,2,2
1991,1,270474,1,1,1,1,2,2,3,4,2,3,1985,2,2
1991,1,270475,1,2,2,2,1,1,3,4,2,3,1976,2,2
1991,1,270476,1,2,2,2,1,1,3,4,2,3,1985,2,2
1991,1,270477,2,2,2,2,1,1,3,4,2,3,1976,2,2
1991,1,270478,1,2,2,1,1,1,3,4,2,3,1983,2,2
1991,2,270478,1,2,2,2,1,1,3,4,2,3,1991,2,2
1991,1,270479,1,2,2,2,1,1,3,4,2,3,1982,1,2
1991,1,270480,2,2,2,2,1,1,3,4,1,3,1985,2,2
1991,1,270481,1,2,2,2,1,1,3,4,1,3,1984,2,2
1991,2,270481,2,2,2,2,1,1,3,4,2,3,1979,2,2
1991,1,270482,1,3,3,2,1,1,3,4,2,3,1987,2,2
1991,1,270483,2,5,5,1,1,1,3,4,2,3,1982,2,2
1991,2,270483,1,5,5,2,3,3,3,4,2,3,1981,2,2
1991,1,270484,1,2,2,2,1,1,3,4,2,3,1988,2,2
1991,2,270484,1,2,2,2,1,1,3,4,2,3,1986,2,2
1991,1,270485,2,7,7,2,1,1,3,4,2,3,1969,2,2
1991,1,270486,1,2,2,2,3,3,3,4,1,3,1979,2,2
1991,1,270487,1,2,2,2,1,1,3,4,1,3,1986,2,2
1991,2,270487,1,5,5,2,1,1,3,4,2,3,1980,2,2
1991,1,270488,1,4,4,2,1,1,3,4,2,3,1986,2,2
1991,1,270489,9,2,2,2,3,3,3,4,2,3,9999,2,2
1991,1,280001,3,6,6,1,1,1,3,4,1,3,1988,1,2
1991,1,280002,4,2,2,2,1,1,3,4,2,3,1985,2,2
1991,1,280003,1,2,2,2,1,1,3,4,2,3,1990,2,2
1991,2,280003,1,2,2,2,1,1,3,4,2,3,1978,2,2
1991,1,280004,1,2,2,2,1,1,3,4,1,3,1981,2,2
1991,1,280005,2,6,6,1,1,1,3,4,2,3,1977,2,2
1991,1,280006,2,6,6,1,1,1,3,4,2,3,1975,1,2
1991,1,280007,2,2,2,2,1,1,3,4,2,3,1984,2,2
1991,2,280007,1,3,3,2,1,1,3,4,2,3,1984,2,2
1991,1,280008,2,2,2,2,1,1,3,4,2,3,1986,2,2
1991,2,280008,1,2,2,2,1,1,3,4,2,3,1984,1,2
1991,1,280010,1,2,2,2,1,1,3,4,2,3,1985,1,2
1991,1,280011,1,2,2,2,2,2,3,4,1,3,1978,2,2
1991,1,280012,1,2,2,2,1,1,3,4,2,3,1983,2,2
1991,2,280012,1,2,2,2,1,1,3,4,2,3,1971,1,2
1991,1,280013,6,2,2,2,1,1,3,4,2,3,1982,2,2
1991,2,280013,2,2,2,2,1,1,3,4,2,3,1978,2,2
1991,1,280014,1,2,2,2,1,1,3,4,2,3,1979,2,2
1991,2,280014,6,2,2,2,1,1,3,4,2,3,1982,2,2
1991,1,280015,6,2,2,2,1,1,3,4,2,3,1986,2,2
1991,2,280015,1,2,2,2,1,1,3,4,1,3,1990,2,2
1991,1,280016,1,2,2,2,1,1,3,4,1,3,1978,2,2
1991,1,280017,1,2,2,2,1,1,3,4,2,3,1989,2,2
1991,2,280017,2,2,2,2,1,1,3,4,2,3,1987,2,2
1991,1,280018,1,6,6,1,1,1,3,4,1,3,1985,2,2
1991,1,280019,2,4,4,2,1,1,3,4,2,3,1988,2,2
1991,2,280019,1,2,2,2,1,1,3,4,2,3,1987,2,2
1991,1,280020,2,2,6,1,1,1,3,4,2,3,1978,1,2
1991,1,280021,1,6,6,1,1,1,3,4,2,3,1988,1,2
1991,1,280022,1,2,2,2,1,1,3,4,2,3,1980,2,2
1991,2,280022,1,2,2,2,1,1,3,4,2,3,1988,2,2
1991,1,280023,1,2,2,2,1,1,3,4,2,3,1984,2,2
1991,1,280024,1,2,2,2,1,1,3,4,2,3,1981,2,2
1991,2,280024,1,2,2,2,1,1,3,4,2,3,1986,2,2
1991,1,280025,6,2,2,2,2,2,3,4,2,3,1989,2,2
1991,2,280025,2,2,2,2,1,1,3,4,2,3,1978,2,2
1991,1,280026,2,2,2,2,1,1,3,4,2,3,1986,1,2
1991,2,280026,2,3,3,2,1,1,3,4,2,3,1984,1,2
1991,1,280028,1,2,2,2,1,1,3,4,2,3,1989,2,2
1991,1,280029,1,2,2,2,1,1,3,4,2,3,1988,2,2
1991,2,280029,1,3,3,2,1,1,3,4,2,3,1983,2,2
1991,1,280030,2,5,2,2,2,2,3,4,2,3,1989,1,2
1991,1,280031,1,2,2,2,1,1,3,4,2,3,1982,2,2
1991,2,280031,2,2,2,2,1,1,3,4,2,3,1984,2,2
1991,1,280032,2,6,6,1,1,1,3,4,2,3,1986,2,2
1991,1,280033,1,2,2,2,1,1,3,4,2,3,1980,2,2
1991,2,280033,1,5,5,2,1,1,3,4,2,3,1983,2,2
1991,1,280034,2,2,2,2,1,1,3,4,2,3,1990,2,2
1991,2,280034,1,4,4,2,1,1,3,4,2,3,1985,2,2
1991,1,280035,1,2,2,2,2,2,3,4,2,3,1987,2,2
1991,1,280036,1,2,2,2,1,1,3,4,2,3,1984,2,2
1991,1,280037,1,2,2,2,2,2,3,4,2,3,1977,2,2
1991,1,280039,2,2,2,2,1,1,3,4,2,3,1980,2,2
1991,2,280039,1,3,3,2,1,1,3,4,2,3,1987,2,2
1991,1,280040,1,2,2,2,1,1,3,4,2,3,1990,2,2
1991,2,280040,1,2,2,2,1,1,3,4,2,3,1981,2,2
1991,1,280041,2,6,6,1,1,1,3,4,1,3,1985,2,2
1991,1,280042,1,2,2,2,1,1,3,4,1,3,1974,2,2
1991,1,280043,1,2,2,2,1,1,3,4,2,3,1988,2,2
1991,1,280044,1,2,2,2,1,1,3,4,2,3,1979,2,2
1991,1,280045,1,2,2,1,2,2,3,4,2,3,1978,1,2
1991,1,280046,1,2,2,2,1,1,3,4,2,3,1988,2,2
1991,1,280047,2,2,2,2,1,1,3,4,2,3,1989,2,2
1991,2,280047,1,2,2,2,1,1,3,4,2,3,1989,2,2
1991,1,280048,1,2,2,2,2,2,3,4,2,3,1978,2,2
1991,2,280048,2,2,2,2,1,1,3,4,2,3,1978,2,2
1991,1,280049,1,2,2,2,2,2,3,4,1,3,1987,2,2
1991,1,280050,1,2,2,2,1,1,3,4,1,3,1989,2,2
1991,1,280051,1,2,2,2,1,1,3,4,2,3,1974,2,2
1991,2,280051,1,2,2,2,2,2,3,4,2,3,1988,2,2
1991,1,280052,1,2,2,2,1,1,3,4,2,3,1988,2,2
1991,1,280053,2,2,2,2,1,1,3,4,2,3,1977,2,2
1991,2,280053,2,2,2,2,1,1,3,4,2,3,1986,2,2
1991,1,280054,1,2,2,2,2,2,3,4,2,3,1978,1,2
1991,1,280055,1,6,6,1,1,1,3,4,2,3,1988,1,2
1991,1,280056,2,2,6,1,2,2,3,4,1,3,1977,2,2
1991,1,280057,1,2,2,2,1,1,3,4,2,3,1966,2,2
1991,2,280057,7,5,5,2,4,2,3,2,2,3,1986,1,2
1991,1,280058,4,2,2,2,1,1,3,4,2,3,1986,2,2
1991,1,280059,1,2,2,2,1,1,3,4,2,3,1985,2,2
1991,1,280060,1,2,2,2,2,2,3,4,2,3,1986,2,2
1991,1,280061,2,2,2,2,1,1,3,4,2,3,1987,1,2
1991,1,280062,1,2,2,2,1,1,3,4,1,3,1985,2,2
1991,1,280063,2,2,2,2,1,1,3,4,2,3,1988,1,2
1991,2,280063,2,2,2,2,1,1,3,4,2,3,1978,2,2
1991,1,280064,1,2,2,2,1,1,3,4,2,3,1979,2,2
1991,1,280065,1,2,2,2,1,1,3,4,2,3,1985,2,2
1991,2,280065,2,2,2,2,1,1,3,4,2,3,1987,2,2
1991,1,280066,1,2,2,2,1,1,3,4,2,3,1976,2,2
1991,2,280066,1,3,3,2,2,2,3,4,2,3,1987,2,2
1991,1,280067,2,2,2,2,1,1,3,4,2,3,1988,2,2
1991,2,280067,6,2,2,2,1,1,3,4,1,3,1979,2,2
1991,1,280068,2,2,2,2,1,1,3,4,2,3,1986,2,2
1991,2,280068,1,2,2,2,1,1,3,4,2,3,1986,2,2
1991,1,280071,2,2,2,2,2,2,3,4,2,3,1973,1,2
1991,1,280072,9,2,2,2,3,3,3,4,2,3,9999,2,2
1991,1,280073,1,2,2,2,1,1,3,4,2,3,1989,2,2
1991,1,280074,1,2,2,2,1,1,3,4,2,3,1990,2,2
1991,1,280075,1,2,2,2,1,1,3,4,2,3,1990,1,2
1991,2,280075,1,2,2,2,1,1,3,4,2,3,1980,2,2
1991,1,280076,2,2,2,2,1,1,3,4,1,3,1978,1,2
1991,1,280077,1,2,2,2,1,1,3,4,2,3,1981,1,2
1991,1,280078,1,2,2,2,1,1,3,4,2,3,1986,2,2
1991,1,280079,1,2,2,2,1,1,3,4,2,3,1978,2,2
1991,1,280080,1,6,6,1,2,2,3,4,1,3,1976,2,2
1991,1,280081,1,2,2,2,1,1,3,4,1,3,1988,2,2
1991,1,280082,4,2,2,2,2,2,3,4,1,3,1979,2,2
1991,1,280083,1,2,2,2,1,1,3,4,2,3,1980,1,2
1991,1,280084,1,2,2,2,1,1,3,4,2,3,1980,2,2
1991,1,280088,1,2,2,2,1,1,3,4,2,3,1979,2,2
1991,1,280089,1,2,2,2,1,1,3,4,2,3,1987,1,2
1991,1,280090,1,2,2,2,1,1,3,4,2,3,1990,2,2
1991,1,280091,2,2,2,2,1,1,3,4,2,3,1982,2,2
1991,1,280092,2,2,2,2,1,1,3,4,2,3,1989,2,2
1991,2,280092,1,3,3,2,1,1,3,4,2,3,1981,2,2
1991,1,280093,1,2,2,2,1,1,3,4,2,3,1987,2,2
1991,2,280093,1,3,3,2,1,1,3,4,2,3,1989,2,2
1991,3,280093,1,3,3,2,1,1,3,4,2,3,1988,2,2
1991,1,280094,2,2,2,1,1,1,3,4,2,3,1988,1,2
1991,1,280095,1,6,6,1,1,1,3,4,2,3,1989,1,2
1991,1,280096,2,6,6,1,1,1,3,4,1,3,1990,2,2
1991,1,280097,1,2,2,2,1,1,3,4,2,3,1984,2,2
1991,1,280098,1,2,2,2,2,2,3,4,2,3,1985,2,2
1991,1,280099,1,6,6,1,1,1,3,4,1,3,1978,2,2
1991,1,280100,6,2,2,2,1,1,3,4,2,3,1979,2,2
1991,2,280100,2,2,2,2,1,1,3,4,2,3,1984,2,2
1991,1,280101,1,2,2,2,1,1,3,4,2,3,1980,2,2
1991,2,280101,1,2,2,2,1,1,3,4,2,3,1988,1,2
1991,1,280102,1,2,2,2,1,1,3,4,2,3,1978,1,2
1991,2,280102,1,2,2,2,1,1,3,4,2,3,1981,1,2
1991,1,280103,1,2,2,2,2,2,3,4,2,3,1985,2,2
1991,2,280103,1,2,2,2,1,1,3,4,2,3,1981,2,2
1991,1,280104,1,2,2,2,1,1,3,4,1,3,1984,2,2
1991,2,280104,1,2,2,2,1,1,3,4,2,3,1981,2,2
1991,3,280104,2,2,2,2,1,1,3,4,2,3,1977,2,2
1991,1,280105,1,2,2,2,1,1,3,4,2,3,1981,2,2
1991,2,280105,1,2,2,2,1,1,3,4,2,3,1976,2,2
1991,1,280106,1,2,2,2,1,1,3,4,1,3,1988,2,2
1991,1,280107,2,2,2,2,2,2,3,4,2,3,1984,2,2
1991,1,280108,1,2,2,2,1,1,3,4,2,3,1975,2,2
1991,1,280109,1,4,4,2,1,1,3,4,2,3,1987,2,2
1991,2,280109,1,2,4,2,1,1,3,4,2,3,1980,2,2
1991,3,280109,2,2,4,2,1,1,3,4,2,3,1987,2,2
1991,4,280109,1,2,2,2,1,1,3,4,2,3,1982,2,2
1991,1,280110,1,2,6,1,1,1,3,4,2,3,1983,2,2
1991,1,280111,1,6,6,1,2,2,3,4,2,3,1986,2,2
1991,1,280112,1,2,2,2,1,1,3,4,2,3,1975,2,2
1991,1,280113,1,2,2,2,1,1,3,4,2,3,1984,1,2
1991,1,280114,1,2,2,2,1,1,3,4,2,3,1984,2,2
1991,2,280114,2,2,2,2,1,1,3,4,2,3,1986,2,2
1991,1,280115,7,2,2,2,4,1,3,1,2,3,1991,2,2
1991,1,280116,1,2,2,2,1,1,3,4,2,3,1977,2,2
1991,1,280117,1,2,2,2,1,1,3,4,1,3,1986,2,2
1991,1,280118,7,2,2,2,4,1,3,1,1,3,1980,2,2
1991,1,280119,2,2,2,2,1,1,3,4,2,3,1988,2,2
1991,2,280119,2,3,3,2,2,2,3,4,2,3,1977,2,2
1991,1,280120,1,2,2,2,1,1,3,4,2,3,1977,2,2
1991,1,280121,2,2,2,2,1,1,3,4,2,3,1981,2,2
1991,1,280122,4,6,6,1,1,1,3,4,2,3,1981,2,2
1991,1,280123,1,2,2,2,1,1,3,4,2,3,1989,2,2
1991,1,280124,1,2,2,2,1,1,3,4,2,3,1977,2,2
1991,1,280125,1,2,2,2,1,1,3,4,2,3,1984,2,2
1991,2,280125,1,2,2,2,1,1,3,4,2,3,1986,1,2
1991,1,280126,2,3,3,2,1,1,3,4,2,3,1984,2,2
1991,2,280126,2,2,2,2,1,1,3,4,2,3,1984,2,2
1991,1,280127,1,2,2,2,1,1,3,4,2,3,1980,2,2
1991,1,280128,1,2,2,2,1,1,3,4,2,3,1983,2,2
1991,1,280129,4,2,2,2,1,1,3,4,2,3,1988,2,2
1991,2,280129,1,2,2,2,1,1,3,4,2,3,1989,2,2
1991,1,280131,2,2,2,2,1,1,3,4,2,3,1979,2,2
1991,1,280132,2,2,2,2,1,1,3,4,2,3,1980,1,2
1991,2,280132,2,3,3,2,1,1,3,4,2,3,1991,2,2
1991,1,280133,1,2,2,2,1,1,3,4,2,3,1976,2,2
1991,2,280133,1,2,2,2,1,1,3,4,2,3,1986,2,2
1991,1,280134,3,2,2,2,1,1,3,4,2,3,1987,1,2
1991,1,280135,2,2,2,2,1,1,3,4,2,3,1979,2,2
1991,2,280135,6,3,3,2,1,1,3,4,2,3,1988,2,2
1991,1,280136,2,2,6,2,1,1,3,4,2,3,1986,1,2
1991,1,280137,2,2,2,2,2,2,3,4,2,3,1989,2,2
1991,2,280137,1,2,2,2,1,1,3,4,2,3,1981,2,2
1991,1,280138,6,2,2,2,1,1,3,4,2,3,1991,2,2
1991,2,280138,1,3,3,2,1,1,3,4,2,3,1983,1,2
1991,1,280139,1,2,2,2,1,1,3,4,2,3,1988,2,2
1991,1,280140,1,2,2,2,1,1,3,4,2,3,1987,2,2
1991,1,280141,1,2,2,1,1,1,3,4,1,3,1986,2,2
1991,1,280142,2,2,2,2,2,2,3,4,2,3,1982,2,2
1991,2,280142,6,2,2,2,1,1,3,4,2,3,1987,2,2
1991,1,280143,1,2,2,2,1,1,3,4,2,3,1978,2,2
1991,1,280144,1,3,3,2,1,1,3,4,2,3,1976,2,2
1991,2,280144,1,2,2,2,1,1,3,4,2,3,1987,2,2
1991,1,280145,7,6,6,2,4,1,3,1,2,3,1980,2,2
1991,1,280146,1,2,6,1,2,2,3,4,1,3,1981,2,2
1991,1,280147,2,2,2,2,1,1,3,4,2,3,1989,2,2
1991,2,280147,2,3,3,2,1,1,3,4,2,3,1979,2,2
1991,1,280148,2,2,2,2,1,1,3,4,2,3,1989,2,2
1991,1,280149,1,2,2,2,2,2,3,4,2,3,1974,2,2
1991,1,280150,1,2,2,2,1,1,3,4,2,3,1981,2,2
1991,2,280150,1,2,2,2,2,2,3,4,2,3,1981,2,2
1991,1,280151,1,2,2,2,1,1,3,4,2,3,1988,2,2
1991,2,280151,1,3,3,2,1,1,3,4,2,3,1982,2,2
1991,1,280152,1,2,2,2,1,1,3,4,2,3,1988,2,2
1991,2,280152,6,2,2,2,1,1,3,4,2,3,1978,2,2
1991,1,280153,1,2,2,2,1,1,3,4,2,3,1980,2,2
1991,1,280154,1,2,2,2,1,1,3,4,2,3,1982,1,2
1991,1,280155,1,2,2,2,1,1,3,4,2,3,1980,2,2
1991,1,280156,4,2,2,2,1,1,3,4,2,3,1987,2,2
1991,2,280156,2,2,2,2,1,1,3,4,2,3,1983,2,2
1991,1,280157,1,2,2,2,1,1,3,4,1,3,1977,1,2
1991,2,280157,1,2,2,2,1,1,3,4,2,3,1984,2,2
1991,1,280158,1,2,2,2,1,1,3,4,2,3,1981,2,2
1991,2,280158,2,2,2,2,1,1,3,4,1,3,1986,2,2
1991,1,280159,2,2,2,2,1,1,3,4,2,3,1989,1,2
1991,1,280160,1,2,2,2,2,2,3,4,1,3,1985,1,2
1991,1,280161,1,5,5,2,1,1,3,4,2,3,1979,2,2
1991,2,280161,1,2,2,2,1,1,3,4,2,3,1985,2,2
1991,1,280162,2,2,2,2,1,1,3,4,2,3,1987,2,2
1991,2,280162,1,2,2,2,1,1,3,4,2,3,1988,2,2
1991,1,280163,1,2,2,2,1,1,3,4,2,3,1988,2,2
1991,2,280163,1,2,2,2,1,1,3,4,2,3,1986,2,2
1991,1,280164,1,6,6,1,1,1,3,4,2,3,1980,1,2
1991,1,280165,2,2,2,2,1,1,3,4,2,3,1987,2,2
1991,2,280165,6,2,2,2,1,1,3,4,2,3,1976,2,2
1991,1,280166,2,2,2,2,1,1,3,4,2,3,1984,2,2
1991,1,280167,1,2,2,1,1,1,3,4,2,3,1980,2,2
1991,1,280168,4,2,2,2,1,1,3,4,2,3,1979,1,2
1991,1,280169,2,2,2,2,1,1,3,4,2,3,1987,2,2
1991,2,280169,1,2,2,2,1,1,3,4,2,3,1991,2,2
1991,3,280169,2,2,2,2,1,1,3,4,2,3,1985,2,2
1991,1,280170,1,2,2,2,2,2,3,4,2,3,1978,2,2
1991,1,280171,1,2,2,2,2,2,3,4,2,3,1989,2,2
1991,1,280172,1,2,2,2,1,1,3,4,2,3,1990,2,2
1991,1,280173,7,2,2,2,4,1,3,1,2,3,1987,1,2
1991,1,280174,1,2,2,2,1,1,3,4,2,3,1977,2,2
1991,1,280175,1,2,2,2,1,1,3,4,2,3,1976,2,2
1991,2,280175,3,2,2,2,1,1,3,4,2,3,1987,2,2
1991,1,280176,1,6,6,1,1,1,3,4,1,3,1987,2,2
1991,1,280177,1,2,2,2,1,1,3,4,2,3,1988,2,2
1991,2,280177,1,5,5,2,1,1,3,4,2,3,1978,2,2
1991,1,280178,6,6,6,1,1,1,3,4,2,3,1974,2,2
1991,1,280179,1,2,2,2,1,1,3,4,1,3,1987,2,2
1991,1,280180,2,2,2,2,1,1,3,4,2,3,1985,2,2
1991,1,280181,1,2,2,2,1,1,3,4,2,3,1987,2,2
1991,1,280182,6,2,2,2,1,1,3,4,2,3,1991,2,2
1991,2,280182,2,2,2,2,1,1,3,4,2,3,1988,2,2
1991,1,280183,2,2,2,2,1,1,3,4,2,3,1985,2,2
1991,1,280184,1,2,2,2,1,1,3,4,1,3,1987,2,2
1991,1,280185,1,2,2,2,1,1,3,4,2,3,1979,2,2
1991,1,280186,1,2,2,2,1,1,3,4,2,3,1988,2,2
1991,2,280186,1,2,2,2,1,1,3,4,2,3,1978,2,2
1991,1,280187,2,2,2,2,1,1,3,4,2,3,1975,2,2
1991,1,280188,1,2,2,2,2,2,3,4,2,3,1979,2,2
1991,2,280188,1,3,3,2,1,1,3,4,1,3,1978,2,2
1991,1,280189,3,2,2,2,1,1,3,4,1,3,1985,2,2
1991,1,280190,1,2,2,2,1,1,3,4,2,3,1979,2,2
1991,2,280190,1,3,3,2,1,1,3,4,2,3,1975,2,2
1991,1,280191,1,2,2,2,1,1,3,4,2,3,1982,2,2
1991,1,280192,1,2,2,2,1,1,3,4,2,3,1985,2,2
1991,1,280193,2,4,4,2,1,1,3,4,2,3,1979,2,2
1991,2,280193,1,2,2,2,1,1,3,4,2,3,1987,1,2
1991,1,280194,1,6,6,1,1,1,3,4,2,3,1991,2,2
1991,1,280195,1,5,5,2,1,1,3,4,2,3,1984,2,2
1991,2,280195,7,2,2,2,4,2,3,2,2,3,1986,1,2
1991,1,280196,2,2,2,2,1,1,3,4,2,3,1984,2,2
1991,2,280196,1,3,3,2,1,1,3,4,2,3,1988,2,2
1991,1,280197,1,6,6,1,2,2,3,4,1,3,1990,2,2
1991,1,280198,4,2,2,2,1,1,3,4,2,3,1976,2,2
1991,1,280199,2,2,2,2,1,1,3,4,2,3,1981,2,2
1991,1,280200,4,2,2,2,1,1,3,4,2,3,1984,2,2
1991,2,280200,1,3,3,2,1,1,3,4,2,3,1988,2,2
1991,1,280201,1,2,2,2,1,1,3,4,2,3,1989,2,2
1991,1,280202,1,3,3,2,2,2,3,4,2,3,1978,2,2
1991,2,280202,4,2,2,2,1,1,3,4,2,3,1988,2,2
1991,1,280203,1,2,2,2,2,2,3,4,2,3,1989,2,2
1991,1,280204,1,2,2,2,1,1,3,4,1,3,1978,1,2
1991,1,280205,3,2,2,2,1,1,3,4,1,3,1988,2,2
1991,1,280206,9,2,2,2,3,3,3,4,2,3,9999,2,2
1991,1,280207,1,2,2,2,1,1,3,4,2,3,1980,2,2
1991,1,280208,3,2,2,2,1,1,3,4,2,3,1989,2,2
1991,2,280208,6,3,3,2,1,1,3,4,2,3,1976,2,2
1991,1,280209,2,2,2,2,1,1,3,4,2,3,1979,2,2
1991,2,280209,1,2,2,2,1,1,3,4,2,3,1977,1,2
1991,1,280210,1,2,2,2,2,2,3,4,1,3,1986,2,2
1991,1,280211,2,2,2,2,2,2,3,4,2,3,1969,1,2
1991,1,280212,2,2,2,2,1,1,3,4,2,3,1978,2,2
1991,2,280212,6,3,3,2,1,1,3,4,2,3,1980,2,2
1991,1,280213,2,2,2,2,1,1,3,4,2,3,1974,2,2
1991,1,280215,1,2,2,2,1,1,3,4,2,3,1983,2,2
1991,1,280216,1,5,5,2,1,1,3,4,2,3,1976,1,2
1991,2,280216,1,3,3,2,1,1,3,4,2,3,1990,2,2
1991,1,280217,1,2,2,2,1,1,3,4,2,3,1977,2,2
1991,1,280218,6,2,2,2,1,1,3,4,2,3,1987,2,2
1991,1,280219,3,2,2,1,1,1,3,4,2,3,1987,2,2
1991,1,280220,2,2,2,2,1,1,3,4,2,3,1984,2,2
1991,2,280220,1,2,2,2,1,1,3,4,2,3,1976,2,2
1991,1,280221,2,2,2,2,1,1,3,4,2,3,1984,2,2
1991,2,280221,2,3,3,2,1,1,3,4,2,3,1984,1,2
1991,1,280222,6,2,2,2,1,1,3,4,2,3,1987,2,2
1991,2,280222,1,2,2,2,1,1,3,4,2,3,1981,2,2
1991,1,280223,1,2,2,2,1,1,3,4,2,3,1987,1,2
1991,1,280224,1,2,2,2,1,1,3,4,2,3,1982,2,2
1991,2,280224,6,4,4,2,1,1,3,4,2,3,1988,2,2
1991,1,280225,6,2,2,2,1,1,3,4,2,3,1979,2,2
1991,2,280225,1,2,2,2,1,1,3,4,2,3,1980,2,2
1991,1,280226,1,2,2,2,1,1,3,4,2,3,1981,2,2
1991,1,280227,2,2,2,2,1,1,3,4,2,3,1985,2,2
1991,1,280228,9,2,2,2,1,1,3,4,2,3,9999,1,2
1991,1,280229,2,2,2,2,1,1,3,4,2,3,1986,2,2
1991,1,280230,1,2,2,2,2,2,3,4,2,3,1978,2,2
1991,1,280231,1,3,3,2,1,1,3,4,1,3,1987,2,2
1991,2,280231,1,5,5,2,1,1,3,4,2,3,1986,2,2
1991,1,280232,1,2,2,2,1,1,3,4,2,3,1990,2,2
1991,1,280233,1,2,2,2,1,1,3,4,2,3,1986,2,2
1991,1,280234,4,2,2,2,1,1,3,4,2,3,1984,2,2
1991,1,280235,2,2,2,2,1,1,3,4,2,3,1989,2,2
1991,2,280235,2,3,3,2,1,1,3,4,2,3,1986,2,2
1991,1,280236,1,2,2,1,2,2,3,4,1,3,1986,2,2
1991,1,280237,1,2,2,2,1,1,3,4,2,3,1988,2,2
1991,2,280237,3,2,2,2,1,1,3,4,2,3,1991,2,2
1991,1,280238,2,2,2,2,1,1,3,4,2,3,1983,2,2
1991,2,280238,1,2,2,2,1,1,3,4,2,3,1980,2,2
1991,1,280239,1,2,2,2,2,2,3,4,2,3,1978,2,2
1991,1,280240,9,4,4,2,1,1,3,4,2,3,9999,2,2
1991,2,280240,1,2,2,2,1,1,3,4,2,3,1981,2,2
1991,1,280241,4,2,2,2,1,1,3,4,1,3,1986,2,2
1991,1,280242,6,2,2,2,1,1,3,4,2,3,1991,2,2
1991,2,280242,1,2,2,2,1,1,3,4,2,3,1985,2,2
1991,1,280243,1,3,3,2,2,2,3,4,2,3,1980,1,2
1991,2,280243,2,3,3,2,1,1,3,4,2,3,1988,2,2
1991,1,280244,1,2,2,2,1,1,3,4,2,3,1990,2,2
1991,2,280244,1,3,3,2,1,1,3,4,2,3,1977,2,2
1991,1,280245,1,5,5,2,1,1,3,4,2,3,1991,2,2
1991,2,280245,2,2,2,2,1,1,3,4,2,3,1989,2,2
1991,1,280246,1,2,2,2,1,1,3,4,2,3,1973,2,2
1991,2,280246,3,2,2,2,1,1,3,4,2,3,1989,2,2
1991,1,280247,9,2,2,2,3,3,3,4,2,3,9999,2,2
1991,1,280248,1,3,3,2,1,1,3,4,2,3,1982,2,2
1991,2,280248,2,2,2,2,1,1,3,4,2,3,1964,2,2
1991,1,280249,1,2,2,2,2,2,3,4,2,3,1974,2,2
1991,2,280249,2,3,3,2,1,1,3,4,2,3,1991,2,2
1991,1,280250,1,6,6,1,1,1,3,4,2,3,1979,2,2
1991,1,280251,1,2,2,2,2,2,3,4,2,3,1976,2,2
1991,1,280252,1,2,2,2,1,1,3,4,2,3,1977,2,2
1991,2,280252,9,3,3,2,2,2,3,4,2,3,9999,2,2
1991,1,280253,2,6,6,1,1,1,3,4,2,3,1988,1,2
1991,1,280254,2,2,2,2,1,1,3,4,2,3,1978,2,2
1991,2,280254,2,5,5,2,1,1,3,4,2,3,1965,2,2
1991,1,280255,1,6,6,1,1,1,3,4,1,3,1981,2,2
1991,1,280256,2,2,2,2,2,2,3,4,2,3,1991,2,2
1991,1,280257,6,2,2,2,1,1,3,4,2,3,1978,2,2
1991,2,280257,4,2,2,2,1,1,3,4,2,3,1989,2,2
1991,1,280259,3,2,2,2,1,1,3,4,2,3,1989,2,2
1991,2,280259,1,2,2,2,2,2,3,4,1,3,1979,2,2
1991,1,280260,1,2,2,2,1,1,3,4,1,3,1988,2,2
1991,2,280260,1,2,2,2,1,1,3,4,2,3,1990,2,2
1991,1,280261,1,2,2,2,2,2,3,4,2,3,1982,2,2
1991,1,280262,1,2,2,2,1,1,3,4,2,3,1985,2,2
1991,1,280263,1,6,6,1,1,1,3,4,2,3,1977,2,2
1991,1,280264,7,2,2,2,4,1,3,1,1,3,1990,2,2
1991,1,280265,2,2,2,2,1,1,3,4,2,3,1990,2,2
1991,1,280266,1,2,2,2,1,1,3,4,2,3,1985,1,2
1991,1,280267,2,2,2,2,2,2,3,4,2,3,1990,2,2
1991,1,280268,1,2,2,2,1,1,3,4,2,3,1980,2,2
1991,1,280269,1,6,6,1,1,1,3,4,2,3,1991,1,2
1991,1,280270,2,2,2,2,1,1,3,4,2,3,1985,2,2
1991,2,280270,2,2,2,2,1,1,3,4,2,3,1977,1,2
1991,1,280271,1,2,6,1,1,1,3,4,2,3,1987,1,2
1991,1,280272,6,2,2,2,1,1,3,4,2,3,1990,2,2
1991,1,280273,1,2,2,2,1,1,3,4,2,3,1980,1,2
1991,1,280274,6,2,2,2,1,1,3,4,2,3,1985,2,2
1991,2,280274,1,4,4,2,1,1,3,4,2,3,1990,2,2
1991,1,280275,1,2,2,2,1,1,3,4,1,3,1983,2,2
1991,1,280276,2,6,6,1,1,1,3,4,1,3,1980,2,2
1991,1,280277,1,2,2,2,1,1,3,4,2,3,1985,1,2
1991,2,280277,2,2,2,2,1,1,3,4,2,3,1974,2,2
1991,1,280278,3,6,6,1,1,1,3,4,1,3,1988,2,2
1991,1,280279,1,2,6,1,1,1,3,4,2,3,1979,1,2
1991,1,280280,1,2,2,2,1,1,3,4,2,3,1980,1,2
1991,1,280281,3,2,2,2,1,1,3,4,2,3,1985,1,2
1991,1,280282,2,6,6,1,1,1,3,4,2,3,1982,1,2
1991,1,280283,1,2,2,2,1,1,3,4,2,3,1979,2,2
1991,2,280283,9,4,4,2,1,1,3,4,2,3,9999,1,2
1991,1,280284,1,2,2,2,1,1,3,4,1,3,1980,2,2
1991,1,280285,2,2,2,2,1,1,3,4,2,3,1988,2,2
1991,1,280286,1,2,2,2,1,1,3,4,2,3,1985,2,2
1991,1,280287,1,2,2,2,1,1,3,4,2,3,1980,1,2
1991,1,280288,1,2,2,1,1,1,3,4,1,3,1988,2,2
1991,1,280289,5,2,2,2,1,1,3,4,2,3,1989,1,2
1991,2,280289,1,2,2,2,1,1,3,4,2,3,1972,2,2
1991,1,280290,2,2,2,2,1,1,3,4,2,3,1969,2,2
1991,2,280290,6,2,2,2,1,1,3,4,2,3,1985,2,2
1991,1,280291,1,2,2,2,1,1,3,4,2,3,1985,2,2
1991,2,280291,6,4,4,2,1,1,3,4,2,3,1989,1,2
1991,3,280291,1,2,2,2,1,1,3,4,2,3,1980,2,2
1991,1,280292,4,2,6,1,1,1,3,4,2,3,1981,1,2
1991,1,280293,7,2,2,2,4,1,3,1,2,3,1981,2,2
1991,1,280294,1,2,2,2,1,1,3,4,2,3,1988,2,2
1991,2,280294,1,2,2,2,1,1,3,4,2,3,1986,2,2
1991,1,280295,6,2,2,2,1,1,3,4,2,3,1978,2,2
1991,2,280295,1,2,2,2,1,1,3,4,2,3,1988,2,2
1991,1,280297,2,2,2,2,1,1,3,4,2,3,1981,2,2
1991,1,280298,1,2,2,2,1,1,3,4,2,3,1987,1,2
1991,2,280298,7,3,3,2,4,1,3,1,2,3,1972,2,2
1991,1,280299,2,2,2,2,1,1,3,4,2,3,1988,2,2
1991,1,280300,4,2,2,1,2,2,3,4,1,3,1979,2,2
1991,1,280301,1,2,2,2,1,1,3,4,2,3,1982,1,2
1991,1,280302,6,2,2,2,1,1,3,4,2,3,1979,2,2
1991,2,280302,1,3,3,2,1,1,3,4,2,3,1986,2,2
1991,3,280302,6,2,2,2,1,1,3,4,2,3,1980,2,2
1991,1,280303,2,2,6,1,1,1,3,4,2,3,1988,2,2
1991,1,280304,2,5,5,2,1,1,3,4,2,3,1979,2,2
1991,2,280304,3,3,3,2,1,1,3,4,2,3,1984,1,2
1991,1,280305,1,2,2,2,1,1,3,4,2,3,1991,2,2
1991,2,280305,1,3,3,2,1,1,3,4,2,3,1979,2,2
1991,1,280306,2,2,2,2,1,1,3,4,2,3,1979,2,2
1991,2,280306,7,2,2,2,4,1,3,1,2,3,1983,2,2
1991,1,280307,1,2,2,2,1,1,3,4,2,3,1970,1,2
1991,1,280308,2,2,2,2,1,1,3,4,2,3,1980,1,2
1991,2,280308,1,3,3,2,1,1,3,4,2,3,1987,2,2
1991,1,280309,7,2,2,2,4,2,3,2,1,3,1986,1,2
1991,1,280310,6,2,2,2,1,1,3,4,2,3,1990,2,2
1991,2,280310,1,2,2,1,1,1,3,4,2,3,1982,1,2
1991,1,280312,1,2,2,2,1,1,3,4,2,3,1979,2,2
1991,2,280312,2,2,2,2,1,1,3,4,2,3,1988,2,2
1991,1,280313,1,2,2,2,1,1,3,4,2,3,1984,2,2
1991,2,280313,1,3,3,2,1,1,3,4,2,3,1988,2,2
1991,1,280314,1,2,2,2,1,1,3,4,2,3,1980,2,2
1991,2,280314,2,2,2,2,2,2,3,4,2,3,1988,2,2
1991,3,280314,1,2,2,2,1,1,3,4,2,3,1987,2,2
1991,1,280315,1,2,2,2,1,1,3,4,2,3,1990,2,2
1991,2,280315,2,2,2,2,1,1,3,4,2,3,1988,2,2
1991,1,280316,1,2,2,2,1,1,3,4,2,3,1985,2,2
1991,2,280316,2,2,2,2,1,1,3,4,2,3,1979,2,2
1991,1,280317,2,2,2,2,2,2,3,4,1,3,1978,1,2
1991,1,280318,9,2,2,2,1,1,3,4,2,3,9999,2,2
1991,2,280318,1,2,2,2,1,1,3,4,2,3,1989,2,2
1991,1,280319,6,2,2,2,1,1,3,4,2,3,1984,2,2
1991,2,280319,1,2,2,2,1,1,3,4,1,3,1988,2,2
1991,1,280320,9,4,4,2,1,1,3,4,2,3,1986,2,2
1991,2,280320,4,2,2,2,1,1,3,4,2,3,1982,2,2
1991,1,280321,2,6,6,1,1,1,3,4,1,3,1986,2,2
1991,1,280322,3,2,2,2,1,1,3,4,2,3,1978,2,2
1991,1,280323,1,2,2,2,1,1,3,4,2,3,1981,1,2
1991,1,280324,1,2,2,2,1,1,3,4,2,3,1988,2,2
1991,2,280324,2,3,3,2,1,1,3,4,2,3,1988,2,2
1991,1,280325,1,2,2,1,2,2,3,4,2,3,1981,2,2
1991,1,280326,2,2,2,2,1,1,3,4,2,3,1989,1,2
1991,1,280327,1,2,2,2,1,1,3,4,2,3,1989,1,2
1991,2,280327,2,3,3,2,1,1,3,4,2,3,1979,2,2
1991,1,280328,1,2,2,2,1,1,3,4,2,3,1982,2,2
1991,1,280329,2,2,2,2,1,1,3,4,2,3,1986,2,2
1991,1,280330,1,2,2,2,2,2,3,4,2,3,1984,2,2
1991,2,280330,1,2,2,2,1,1,3,4,2,3,1984,2,2
1991,1,280331,3,2,6,1,1,1,3,4,2,3,1973,2,2
1991,1,280332,1,2,2,2,1,1,3,4,2,3,1982,2,2
1991,2,280332,2,4,4,2,1,1,3,4,2,3,1978,2,2
1991,1,280333,1,2,2,2,1,1,3,4,1,3,1991,2,2
1991,1,280334,1,2,2,2,2,2,3,4,1,3,1981,2,2
1991,1,280335,2,2,2,1,1,1,3,4,2,3,1989,2,2
1991,1,280336,6,2,2,2,1,1,3,4,2,3,1987,2,2
1991,2,280336,6,2,2,2,1,1,3,4,2,3,1984,1,2
1991,1,280338,6,2,2,2,1,1,3,4,1,3,1984,2,2
1991,2,280338,3,3,3,2,1,1,3,4,2,3,1990,2,2
1991,3,280338,1,2,2,2,1,1,3,4,2,3,1987,2,2
1991,4,280338,1,2,2,2,1,1,3,4,2,3,1983,2,2
1991,1,280339,6,2,2,2,1,1,3,4,1,3,1986,2,2
1991,1,280340,6,2,2,2,1,1,3,4,1,3,1986,2,2
1991,1,280341,6,4,4,2,1,1,3,4,2,3,1989,2,2
1991,2,280341,2,2,2,2,1,1,3,4,2,3,1988,1,2
1991,1,280342,1,6,6,1,2,2,3,4,2,3,1989,2,2
1991,1,280343,1,5,5,2,1,1,3,4,2,3,1974,2,2
1991,2,280343,6,2,2,2,1,1,3,4,2,3,1981,2,2
1991,1,280344,2,6,6,1,1,1,3,4,2,3,1984,2,2
1991,1,280345,1,2,2,2,1,1,3,4,2,3,1991,2,2
1991,2,280345,6,2,2,2,1,1,3,4,2,3,1987,2,2
1991,1,280347,9,4,4,2,1,1,3,4,2,3,1984,2,2
1991,2,280347,2,2,2,2,1,1,3,4,2,3,1988,2,2
1991,1,280349,3,2,2,2,1,1,3,4,2,3,1982,2,2
1991,2,280349,1,2,2,2,1,1,3,4,2,3,1985,1,2
1991,1,280350,1,3,3,2,1,1,3,4,2,3,1985,2,2
1991,2,280350,2,2,2,2,1,1,3,4,2,3,1979,2,2
1991,1,280351,1,2,2,2,1,1,3,4,2,3,1984,2,2
1991,1,280352,6,2,2,2,1,1,3,4,2,3,1984,2,2
1991,1,280353,1,2,2,2,1,1,3,4,2,3,1984,1,2
1991,1,280354,2,2,2,2,1,1,3,4,2,3,1990,1,2
1991,1,280355,1,2,2,2,1,1,3,4,2,3,1976,2,2
1991,2,280355,6,2,2,2,1,1,3,4,2,3,1983,2,2
1991,1,280356,4,2,2,2,1,1,3,4,2,3,1990,2,2
1991,2,280356,1,2,2,2,1,1,3,4,2,3,1984,2,2
1991,1,280357,1,2,2,2,1,1,3,4,2,3,1980,2,2
1991,2,280357,1,2,2,2,1,1,3,4,2,3,1973,2,2
1991,1,280358,2,2,2,2,1,1,3,4,1,3,1985,2,2
1991,1,280359,1,2,2,2,1,1,3,4,2,3,1983,2,2
1991,2,280359,2,3,3,2,2,2,3,4,2,3,1976,2,2
1991,1,280360,1,2,2,2,1,1,3,4,2,3,1976,2,2
1991,1,280361,1,3,3,2,1,1,3,4,2,3,1985,2,2
1991,2,280361,2,2,2,2,1,1,3,4,2,3,1982,2,2
1991,1,280362,1,2,2,2,1,1,3,4,2,3,1988,2,2
1991,1,280363,7,2,2,2,4,1,3,1,2,3,1975,1,2
1991,2,280363,1,3,3,2,2,2,3,4,2,3,1978,2,2
1991,1,280364,1,2,2,2,1,1,3,4,2,3,1987,2,2
1991,2,280364,2,2,2,2,1,1,3,4,2,3,1980,2,2
1991,1,280365,1,2,2,2,1,1,3,4,2,3,1984,1,2
1991,1,280366,1,2,2,2,1,1,3,4,2,3,1987,2,2
1991,1,280367,2,4,4,2,1,1,3,4,2,3,1978,2,2
1991,2,280367,7,2,2,2,4,1,3,1,2,3,1982,1,2
1991,1,280368,1,2,2,2,1,1,3,4,2,3,1977,2,2
1991,2,280368,2,3,3,2,1,1,3,4,2,3,1989,2,2
1991,1,280369,2,2,2,2,1,1,3,4,2,3,1987,2,2
1991,2,280369,2,2,2,2,1,1,3,4,2,3,1983,2,2
1991,1,280370,1,3,3,2,1,1,3,4,2,3,1979,2,2
1991,2,280370,4,2,2,2,1,1,3,4,2,3,1986,2,2
1991,1,280371,2,2,2,2,1,1,3,4,2,3,1984,2,2
1991,2,280371,1,2,2,2,1,1,3,4,2,3,1981,2,2
1991,1,280372,1,6,6,1,1,1,3,4,2,3,1973,1,2
1991,1,280373,1,2,2,2,1,1,3,4,2,3,1988,1,2
1991,2,280373,1,2,2,2,1,1,3,4,2,3,1984,2,2
1991,1,280374,1,2,2,2,1,1,3,4,1,3,1984,2,2
1991,1,280375,1,2,2,2,1,1,3,4,2,3,1969,2,2
1991,1,280376,1,2,2,2,2,2,3,4,2,3,1982,2,2
1991,1,280377,1,2,2,2,1,1,3,4,2,3,1989,1,2
1991,1,280378,2,2,2,2,1,1,3,4,2,3,1989,2,2
1991,1,280379,2,2,2,2,1,1,3,4,2,3,1985,2,2
1991,2,280379,6,2,2,2,1,1,3,4,2,3,1990,2,2
1991,1,280380,1,2,2,2,1,1,3,4,2,3,1987,2,2
1991,2,280380,3,2,2,2,1,1,3,4,2,3,1989,1,2
1991,1,280381,2,2,2,2,1,1,3,4,1,3,1988,2,2
1991,1,280382,1,2,2,2,1,1,3,4,2,3,1990,2,2
1991,1,280383,2,2,2,2,1,1,3,4,2,3,1979,1,2
1991,1,280384,2,2,2,2,1,1,3,4,1,3,1988,2,2
1991,1,280385,2,2,2,2,1,1,3,4,2,3,1976,2,2
1991,1,280386,2,2,2,2,2,2,3,4,2,3,1984,2,2
1991,1,280387,2,2,2,2,1,1,3,4,2,3,1990,2,2
1991,1,280388,2,6,6,1,2,2,3,4,2,3,1976,2,2
1991,1,280389,1,2,2,2,1,1,3,4,1,3,1991,2,2
1991,1,280390,1,2,2,2,1,1,3,4,2,3,1984,2,2
1991,1,280391,6,2,2,2,1,1,3,4,1,3,1988,2,2
1991,1,280392,2,6,6,1,1,1,3,4,2,3,1990,2,2
1991,1,280393,1,4,4,2,1,1,3,4,2,3,1982,2,2
1991,2,280393,6,2,2,2,1,1,3,4,2,3,1991,2,2
1991,1,280394,1,2,2,2,1,1,3,4,2,3,1978,2,2
1991,2,280394,1,2,2,2,1,1,3,4,2,3,1985,2,2
1991,1,280395,2,6,6,1,1,1,3,4,2,3,1984,2,2
1991,1,280396,1,2,6,1,1,1,3,4,2,3,1989,2,2
1991,1,280397,1,2,2,2,1,1,3,4,2,3,1986,2,2
1991,2,280397,2,2,2,2,1,1,3,4,2,3,1978,2,2
1991,1,280398,1,2,6,1,1,1,3,4,2,3,1982,1,2
1991,1,280399,1,2,2,2,1,1,3,4,2,3,1986,1,2
1991,1,280400,1,2,2,2,1,1,3,4,2,3,1987,2,2
1991,2,280400,1,2,2,2,1,1,3,4,2,3,1986,2,2
1991,1,280401,1,2,2,2,1,1,3,4,1,3,1988,2,2
1991,1,280402,6,4,4,2,1,1,3,4,2,3,1984,2,2
1991,2,280402,1,2,2,2,1,1,3,4,2,3,1978,1,2
1991,1,280403,4,2,2,2,1,1,3,4,2,3,1986,2,2
1991,2,280403,1,2,2,2,1,1,3,4,2,3,1988,1,2
1991,1,280404,2,2,2,2,1,1,3,4,2,3,1984,2,2
1991,1,280405,9,2,2,2,3,3,3,4,2,3,9999,2,2
1991,1,280406,2,2,2,2,1,1,3,4,2,3,1986,2,2
1991,2,280406,1,3,3,2,1,1,3,4,2,3,1981,1,2
1991,1,280407,1,2,2,2,2,2,3,4,2,3,1981,2,2
1991,1,280408,1,2,2,2,1,1,3,4,2,3,1980,2,2
1991,1,280409,1,2,2,2,1,1,3,4,1,3,1987,2,2
1991,1,280410,1,2,2,2,2,2,3,4,2,3,1978,2,2
1991,2,280410,6,4,4,2,1,1,3,4,2,3,1977,2,2
1991,1,280411,2,2,2,2,1,1,3,4,2,3,1989,2,2
1991,2,280411,3,2,2,2,1,1,3,4,2,3,1990,2,2
1991,3,280411,1,2,2,2,1,1,3,4,2,3,1985,2,2
1991,1,280412,1,6,6,1,1,1,3,4,2,3,1990,2,2
1991,1,280414,1,2,2,2,1,1,3,4,2,3,1991,2,2
1991,1,280415,1,2,6,1,1,1,3,4,1,3,1986,2,2
1991,1,280416,2,2,2,2,1,1,3,4,2,3,1984,1,2
1991,2,280416,2,4,4,2,1,1,3,4,2,3,1979,2,2
1991,1,280417,2,2,2,2,1,1,3,4,2,3,1987,2,2
1991,2,280417,1,3,3,2,2,2,3,4,2,3,1989,1,2
1991,1,280418,1,6,6,1,1,1,3,4,1,3,1977,2,2
1991,1,280419,1,2,2,2,2,2,3,4,1,3,1985,2,2
1991,1,280420,1,6,6,1,2,2,3,4,2,3,1989,2,2
1991,1,280421,1,2,2,2,1,1,3,4,2,3,1984,1,2
1991,1,280422,1,2,2,2,1,1,3,4,1,3,1985,2,2
1991,1,280423,2,2,2,2,1,1,3,4,2,3,1968,1,2
1991,1,280424,1,2,2,2,1,1,3,4,1,3,1979,2,2
1991,1,280425,1,2,2,1,1,1,3,4,1,3,1982,2,2
1991,1,280426,1,6,6,1,1,1,3,4,1,3,1989,2,2
1991,1,280427,1,2,2,2,1,1,3,4,2,3,1984,2,2
1991,1,280428,3,2,2,2,1,1,3,4,2,3,1986,1,2
1991,2,280428,1,2,2,2,1,1,3,4,2,3,1988,2,2
1991,1,280429,1,2,2,2,2,2,3,4,2,3,1985,2,2
1991,2,280429,2,2,2,2,1,1,3,4,2,3,1975,2,2
1991,1,280430,2,2,2,2,1,1,3,4,2,3,1982,2,2
1991,1,280431,1,3,3,2,1,1,3,4,2,3,1986,2,2
1991,2,280431,6,2,2,2,1,1,3,4,2,3,1990,2,2
1991,1,280432,6,4,4,2,1,1,3,4,2,3,1988,2,2
1991,2,280432,1,2,2,2,1,1,3,4,2,3,1991,2,2
1991,3,280432,2,3,3,2,1,1,3,4,2,3,1990,2,2
1991,4,280432,2,2,2,2,1,1,3,4,2,3,1978,2,2
1991,1,280433,2,2,2,2,1,1,3,4,2,3,1980,2,2
1991,2,280433,1,2,2,2,2,2,3,4,2,3,1990,1,2
1991,1,280434,6,2,2,2,1,1,3,4,2,3,1986,1,2
1991,1,280435,1,2,2,2,1,1,3,4,1,3,1989,2,2
1991,1,280436,2,2,2,2,1,1,3,4,2,3,1988,1,2
1991,1,280437,1,2,2,2,1,1,3,4,2,3,1984,1,2
1991,1,280438,1,2,2,2,1,1,3,4,2,3,1976,2,2
1991,2,280438,2,2,2,2,1,1,3,4,2,3,1966,2,2
1991,1,280439,1,2,2,2,2,2,3,4,2,3,1977,2,2
1991,2,280439,1,3,3,2,1,1,3,4,2,3,1987,2,2
1991,1,280440,2,2,2,2,2,2,3,4,2,3,1979,2,2
1991,1,280441,2,2,2,2,1,1,3,4,2,3,1987,1,2
1991,2,280441,6,4,4,2,1,1,3,4,2,3,1978,2,2
1991,1,280442,2,2,2,2,1,1,3,4,2,3,1985,2,2
1991,1,280443,2,2,2,2,1,1,3,4,2,3,1990,2,2
1991,1,280444,1,2,2,2,2,2,3,4,2,3,1980,2,2
1991,1,280446,1,6,6,1,2,2,3,4,2,3,1985,2,2
1991,1,280447,1,2,2,2,1,1,3,4,2,3,1980,2,2
1991,2,280447,2,2,2,2,1,1,3,4,2,3,1972,2,2
1991,1,280448,6,2,2,2,1,1,3,4,2,3,1990,2,2
1991,2,280448,1,2,2,2,2,2,3,4,2,3,1989,1,2
1991,1,280449,1,2,2,2,2,2,3,4,2,3,1977,2,2
1991,1,280450,1,2,2,2,1,1,3,4,2,3,1986,2,2
1991,1,280451,1,2,2,2,1,1,3,4,1,3,1986,2,2
1991,1,280452,1,2,2,2,1,1,3,4,2,3,1979,2,2
1991,1,280453,1,2,2,2,1,1,3,4,2,3,1985,2,2
1991,1,280454,1,2,2,2,1,1,3,4,2,3,1966,2,2
1991,1,280455,2,6,6,1,1,1,3,4,1,3,1983,2,2
1991,1,280456,1,2,2,2,1,1,3,4,2,3,1990,2,2
1991,2,280456,1,2,2,2,1,1,3,4,2,3,1989,2,2
1991,1,280457,1,2,2,2,1,1,3,4,2,3,1987,2,2
1991,1,280458,1,2,2,2,1,1,3,4,2,3,1991,1,2
1991,2,280458,2,2,2,2,1,1,3,4,2,3,1977,2,2
1991,1,280459,2,2,2,2,1,1,3,4,2,3,1991,2,2
1991,2,280459,1,3,3,2,1,1,3,4,2,3,1988,2,2
1991,1,280460,2,4,4,2,1,1,3,4,2,3,1984,2,2
1991,2,280460,1,2,4,2,1,1,3,4,2,3,1987,2,2
1991,3,280460,1,2,2,2,1,1,3,4,2,3,1982,2,2
1991,1,280461,1,6,6,1,1,1,3,4,2,3,1983,1,2
1991,1,280462,1,2,2,2,1,1,3,4,2,3,1976,1,2
1991,1,280463,1,2,2,2,3,3,3,4,2,3,1985,2,2
1991,1,280465,1,2,2,2,1,1,3,4,2,3,1978,1,2
1991,2,280465,2,2,2,2,1,1,3,4,2,3,1990,2,2
1991,1,280466,1,2,2,2,1,1,3,4,2,3,1989,2,2
1991,2,280466,6,3,3,2,2,2,3,4,2,3,1979,2,2
1991,1,280467,6,6,6,1,1,1,3,4,1,3,1983,2,2
1991,1,280468,1,2,2,2,1,1,3,4,1,3,1977,2,2
1991,1,280469,1,2,6,1,1,1,3,4,2,3,1981,1,2
1991,1,280470,1,2,2,1,2,2,3,4,1,3,1963,2,2
1991,1,280471,6,2,2,2,1,1,3,4,2,3,1990,2,2
1991,1,280472,6,2,2,2,1,1,3,4,2,3,1970,2,2
1991,2,280472,1,3,3,2,1,1,3,4,2,3,1981,2,2
1991,1,280473,1,2,2,2,1,1,3,4,2,3,1988,1,2
1991,2,280473,1,2,2,2,1,1,3,4,2,3,1979,2,2
1991,1,280474,1,2,2,2,1,1,3,4,2,3,1990,2,2
1991,2,280474,1,5,5,2,1,1,3,4,2,3,1979,2,2
1991,1,280475,1,2,2,2,1,1,3,4,2,3,1979,2,2
1991,1,280476,2,2,2,2,1,1,3,4,2,3,1969,2,2
1991,1,280477,1,2,2,2,1,1,3,4,2,3,1985,2,2
1991,2,280477,1,2,4,2,1,1,3,4,2,3,1983,2,2
1991,3,280477,1,2,2,2,1,1,3,4,2,3,1980,2,2
1991,1,280478,1,2,6,1,1,1,3,4,2,3,1987,1,2
1991,1,280479,2,2,2,2,1,1,3,4,2,3,1988,2,2
1991,2,280479,2,2,2,2,1,1,3,4,2,3,1983,2,2
1991,1,280480,2,4,4,2,1,1,3,4,2,3,1986,1,2
1991,2,280480,1,2,2,2,2,2,3,4,2,3,1981,2,2
1991,1,280481,1,2,2,2,1,1,3,4,1,3,1985,2,2
1991,1,280482,1,2,6,1,2,2,3,4,2,3,1973,1,2
1991,1,280483,2,2,2,2,1,1,3,4,2,3,1985,2,2
1991,1,280484,2,2,2,2,1,1,3,4,2,3,1987,2,2
1991,2,280484,1,3,3,2,2,2,3,4,2,3,1980,2,2
1991,1,280485,1,2,2,2,1,1,3,4,2,3,1982,1,2
1991,1,280486,1,2,2,2,1,1,3,4,2,3,1989,2,2
1991,2,280486,6,2,2,2,1,1,3,4,2,3,1984,2,2
1991,1,280487,1,2,2,2,1,1,3,4,2,3,1978,2,2
1991,2,280487,2,3,3,2,1,1,3,4,2,3,1979,2,2
1991,1,280488,1,2,2,2,1,1,3,4,2,3,1981,2,2
1991,1,280489,1,6,6,1,1,1,3,4,1,3,1976,2,2
1991,1,280490,6,2,2,2,1,1,3,4,1,3,1976,2,2
1991,2,280490,1,2,2,2,1,1,3,4,2,3,1988,2,2
1991,1,280491,2,2,2,2,1,1,3,4,2,3,1986,2,2
1991,1,280492,1,2,2,2,1,1,3,4,1,3,1981,2,2
1991,2,280492,1,2,2,2,1,1,3,4,2,3,1988,2,2
1991,1,280493,1,2,2,2,1,1,3,4,2,3,1989,1,2
1991,1,280494,1,2,2,2,1,1,3,4,2,3,1983,2,2
1991,2,280494,1,3,3,2,1,1,3,4,2,3,1991,2,2
1991,1,280495,6,2,2,2,1,1,3,4,2,3,1984,2,2
1991,2,280495,2,3,3,2,1,1,3,4,2,3,1964,2,2
1991,1,280496,1,2,2,2,2,2,3,4,2,3,1974,2,2
1991,2,280496,1,2,2,2,1,1,3,4,2,3,1979,2,2
1991,1,280497,1,3,3,2,1,1,3,4,2,3,1976,2,2
1991,2,280497,1,2,2,2,1,1,3,4,2,3,1984,2,2
1991,1,280498,4,2,2,2,1,1,3,4,2,3,1985,2,2
1991,2,280498,4,3,3,2,1,1,3,4,2,3,1991,1,2
1991,1,280499,1,2,2,2,1,1,3,4,2,3,1979,2,2
1991,2,280499,1,3,3,2,1,1,3,4,2,3,1975,2,2
1991,1,280500,1,2,2,2,1,1,3,4,2,3,1977,2,2
1991,1,280501,1,2,2,2,1,1,3,4,1,3,1986,2,2
1991,1,280502,2,2,2,1,1,1,3,4,2,3,1982,2,2
1991,1,280503,2,2,2,2,1,1,3,4,1,3,1965,2,2
1991,1,280504,2,2,2,2,1,1,3,4,2,3,1985,2,2
1991,2,280504,1,2,2,2,1,1,3,4,2,3,1990,2,2
1991,3,280504,1,2,3,2,1,1,3,4,2,3,1990,2,2
1991,1,280505,1,2,2,2,1,1,3,4,1,3,1990,2,2
1991,1,280506,2,2,2,2,1,1,3,4,2,3,1968,2,2
1991,2,280506,1,2,2,2,1,1,3,4,2,3,1988,1,2
1991,1,280507,1,2,2,2,1,1,3,4,2,3,1984,2,2
1991,2,280507,1,2,2,2,1,1,3,4,2,3,1986,1,2
1991,1,280508,1,6,6,1,1,1,3,4,2,3,1986,2,2
1991,1,280509,2,2,2,1,1,1,3,4,2,3,1985,2,2
1991,1,280510,1,2,2,2,1,1,3,4,2,3,1985,2,2
1991,2,280510,1,2,2,2,1,1,3,4,2,3,1986,2,2
1991,1,280511,6,2,2,2,1,1,3,4,2,3,1974,2,2
1991,2,280511,1,3,3,2,1,1,3,4,2,3,1990,2,2
1991,1,280512,2,2,2,2,1,1,3,4,2,3,1986,1,2
1991,1,280513,1,2,2,2,1,1,3,4,2,3,1988,2,2
1991,2,280513,1,5,5,2,1,1,3,4,2,3,1987,2,2
1991,3,280513,9,2,2,2,1,1,3,4,2,3,9999,2,2
1991,1,280514,2,2,2,2,1,1,3,4,2,3,1991,2,2
1991,2,280514,1,2,2,2,1,1,3,4,2,3,1989,2,2
1991,1,280515,1,2,2,2,2,2,3,4,2,3,1976,2,2
1991,1,280516,1,2,2,2,1,1,3,4,2,3,1987,2,2
1991,1,280517,1,2,2,2,1,1,3,4,2,3,1985,2,2
1991,2,280517,1,3,3,2,1,1,3,4,2,3,1988,2,2
1991,1,280518,1,2,2,2,1,1,3,4,2,3,1983,2,2
1991,2,280518,1,2,2,2,1,1,3,4,2,3,1989,1,2
1991,1,280519,2,2,2,2,1,1,3,4,2,3,1985,2,2
1991,1,280520,2,2,2,2,1,1,3,4,2,3,1982,1,2
1991,1,280521,1,6,6,1,1,1,3,4,2,3,1991,2,2
1991,1,280522,1,2,2,2,1,1,3,4,1,3,1991,2,2
1991,1,280523,1,2,2,2,1,1,3,4,2,3,1990,2,2
1991,2,280523,2,2,2,2,1,1,3,4,2,3,1990,2,2
1991,1,280524,1,2,2,2,1,1,3,4,2,3,1982,2,2
1991,2,280524,1,5,5,2,1,1,3,4,2,3,1986,2,2
1991,1,280525,2,2,2,2,1,1,3,4,2,3,1982,2,2
1991,1,280526,1,2,2,2,1,1,3,4,2,3,1974,2,2
1991,2,280526,6,3,3,2,1,1,3,4,2,3,1980,2,2
1991,1,280527,2,2,2,2,1,1,3,4,1,3,1989,2,2
1991,1,280528,4,2,2,2,1,1,3,4,2,3,1985,2,2
1991,1,280529,1,2,2,2,1,1,3,4,2,3,1984,2,2
1991,2,280529,1,2,2,2,1,1,3,4,2,3,1989,2,2
1991,1,280530,1,2,2,2,1,1,3,4,2,3,1977,2,2
1991,1,280531,1,2,2,2,1,1,3,4,2,3,1970,2,2
1991,1,280532,1,2,2,2,1,1,3,4,2,3,1984,2,2
1991,2,280532,2,2,2,2,2,2,3,4,2,3,1981,2,2
1991,1,280533,2,2,2,2,1,1,3,4,1,3,1991,2,2
1991,1,280534,1,2,6,1,1,1,3,4,2,3,1991,1,2
1991,1,280535,6,6,6,1,1,1,3,4,2,3,1990,1,2
1991,1,280536,1,2,2,2,1,1,3,4,1,3,1984,2,2
1991,1,280537,6,2,2,2,1,2,3,4,2,3,1977,1,2
1991,2,280537,2,2,2,2,1,1,3,4,2,3,1987,2,2
1991,1,280538,1,2,2,2,1,1,3,4,1,3,1978,2,2
1991,1,280539,1,2,2,2,1,1,3,4,1,3,1979,2,2
1991,1,280540,1,2,6,1,2,2,3,4,1,3,1979,2,2
1991,1,280541,1,2,2,1,1,1,3,4,2,3,1987,1,2
1991,1,280542,2,3,3,2,1,1,3,4,2,3,1986,2,2
1991,2,280542,2,2,2,2,1,1,3,4,2,3,1988,2,2
1991,1,280543,2,5,5,2,1,1,3,4,2,3,1988,2,2
1991,2,280543,2,2,2,2,1,1,3,4,2,3,1983,2,2
1991,1,280544,6,2,2,2,1,1,3,4,2,3,1985,2,2
1991,2,280544,1,3,3,2,1,1,3,4,2,3,1991,2,2
1991,1,280545,1,2,2,2,1,1,3,4,2,3,1982,2,2
1991,2,280545,4,2,2,2,1,1,3,4,2,3,1991,2,2
1991,1,280546,1,3,3,2,1,1,3,4,2,3,1984,2,2
1991,2,280546,7,2,2,2,4,2,3,2,2,3,1986,1,2
1991,1,280547,2,2,2,2,1,1,3,4,1,3,1987,2,2
1991,1,280548,1,2,2,2,1,1,3,4,2,3,1987,2,2
1991,2,280548,1,2,2,2,1,1,3,4,2,3,1987,2,2
1991,1,280549,2,6,6,1,1,1,3,4,2,3,1970,2,2
1991,1,280550,2,2,2,2,1,1,3,4,2,3,1988,2,2
1991,2,280550,1,3,3,2,1,1,3,4,2,3,1982,2,2
1991,1,280551,2,2,2,2,1,1,3,4,2,3,1971,2,2
1991,2,280551,1,5,5,2,1,1,3,4,2,3,1988,2,2
1991,1,280552,1,2,2,1,2,2,3,4,2,3,1976,1,2
1991,1,280553,1,2,2,2,1,1,3,4,2,3,1982,2,2
1991,1,280554,1,2,2,2,1,1,3,4,2,3,1988,2,2
1991,2,280554,2,2,2,2,1,1,3,4,2,3,1972,2,2
1991,1,280555,9,2,2,2,3,3,3,4,2,3,9999,2,2
1991,1,280556,2,2,2,2,1,1,3,4,1,3,1981,2,2
1991,2,280556,1,3,3,2,1,1,3,4,2,3,1985,2,2
1991,1,280557,1,2,2,2,1,1,3,4,2,3,1983,1,2
1991,1,280558,1,2,2,2,1,1,3,4,2,3,1975,2,2
1991,1,280559,1,2,2,2,1,1,3,4,2,3,1991,1,2
1991,1,280560,9,2,2,2,1,1,3,4,2,3,1990,2,2
1991,1,280561,1,2,2,2,2,2,3,4,1,3,1985,2,2
1991,1,280562,6,2,2,2,1,1,3,4,2,3,1987,2,2
1991,1,280563,2,2,2,2,1,1,3,4,2,3,1988,2,2
1991,2,280563,2,2,2,2,1,1,3,4,2,3,1985,2,2
1991,1,280564,2,2,2,2,1,1,3,4,2,3,1991,2,2
1991,2,280564,6,3,3,2,1,1,3,4,2,3,1985,2,2
1991,1,280565,1,6,6,1,1,1,3,4,1,3,1979,2,2
1991,1,280566,1,2,2,2,2,2,3,4,1,3,1987,2,2
1991,1,280567,1,6,6,1,1,1,3,4,1,3,1978,2,2
1991,1,280568,1,2,2,2,1,1,3,4,2,3,1989,1,2
1991,2,280568,1,4,4,2,2,2,3,4,2,3,1978,2,2
1991,1,280569,2,2,2,2,1,1,3,4,1,3,1989,2,2
1991,1,280570,7,2,2,2,4,1,3,1,2,3,1985,1,2
1991,1,280571,1,2,2,2,1,1,3,4,2,3,1984,2,2
1991,2,280571,1,2,2,2,1,1,3,4,2,3,1990,1,2
1991,1,280572,1,2,2,2,1,1,3,4,2,3,1978,1,2
1991,2,280572,1,4,4,2,1,1,3,4,2,3,1991,2,2
1991,1,280573,3,2,2,2,1,1,3,4,2,3,1985,2,2
1991,1,280574,4,2,2,2,1,1,3,4,2,3,1987,2,2
1991,2,280574,2,2,2,2,1,1,3,4,2,3,1976,2,2
1991,1,280575,1,2,2,2,1,1,3,4,2,3,1984,1,2
1991,2,280575,1,2,2,2,1,1,3,4,2,3,1990,2,2
1991,3,280575,1,2,2,2,1,1,3,4,2,3,1982,2,2
1991,1,280577,1,3,3,2,2,2,3,4,2,3,1986,2,2
1991,2,280577,9,2,2,2,1,1,3,4,2,3,1991,2,2
1991,1,280578,2,2,2,2,1,1,3,4,1,3,1991,2,2
1991,1,280579,1,4,4,2,1,1,3,4,2,3,1990,2,2
1991,2,280579,4,2,2,2,2,2,3,4,2,3,1982,1,2
1991,1,280580,2,2,2,2,1,1,3,4,2,3,1988,2,2
1991,1,280581,2,2,2,2,1,1,3,4,2,3,1985,2,2
1991,2,280581,1,2,2,2,1,1,3,4,2,3,1986,1,2
1991,3,280581,1,2,2,2,1,1,3,4,2,3,1988,2,2
1991,1,280582,1,2,2,2,1,1,3,4,2,3,1980,2,2
1991,2,280582,1,2,2,2,1,1,3,4,2,3,1985,2,2
1991,1,280583,1,2,2,2,1,1,3,4,2,3,1988,2,2
1991,2,280583,1,2,4,2,1,1,3,4,2,3,1982,2,2
1991,3,280583,1,2,2,2,1,1,3,4,2,3,1982,2,2
1991,1,280584,1,2,2,2,1,1,3,4,2,3,1984,2,2
1991,1,280585,1,2,2,2,1,1,3,4,2,3,1979,2,2
1991,1,280586,1,2,2,2,2,2,3,4,2,3,1981,2,2
1991,1,280587,1,2,2,2,1,1,3,4,2,3,1978,1,2
1991,1,280588,1,2,2,2,1,1,3,4,2,3,1991,2,2
1991,2,280588,1,2,2,2,1,1,3,4,2,3,1976,2,2
1991,1,280589,1,2,2,2,1,1,3,4,2,3,1978,2,2
1991,1,280590,1,2,2,2,1,1,3,4,1,3,1982,2,2
1991,2,280590,1,2,4,2,1,1,3,4,2,3,1979,2,2
1991,3,280590,4,2,2,2,1,1,3,4,2,3,1988,2,2
1991,1,280591,2,2,2,2,1,1,3,4,2,3,1989,2,2
1991,2,280591,2,4,4,2,1,1,3,4,2,3,1990,1,2
1991,1,280592,1,2,2,2,1,1,3,4,2,3,1982,2,2
1991,2,280592,2,2,2,2,1,1,3,4,2,3,1972,2,2
1991,1,280593,3,2,2,2,1,1,3,4,2,3,1988,2,2
1991,2,280593,1,3,3,2,1,1,3,4,2,3,1971,2,2
1991,1,280594,1,2,2,2,1,1,3,4,2,3,1978,2,2
1991,2,280594,6,2,2,2,1,1,3,4,2,3,1984,1,2
1991,1,280595,2,2,2,2,1,1,3,4,2,3,1980,2,2
1991,2,280595,2,3,3,2,1,1,3,4,2,3,1962,2,2
1991,1,280596,1,2,2,2,1,1,3,4,2,3,1982,2,2
1991,1,280597,2,2,6,1,2,2,3,4,2,3,1987,1,2
1991,1,280598,1,2,2,2,1,1,3,4,2,3,1981,2,2
1991,2,280598,1,2,2,2,1,1,3,4,2,3,1983,2,2
1991,1,280599,2,6,6,1,1,1,3,4,2,3,1984,1,2
1991,1,280600,2,2,2,2,2,1,3,4,2,3,1984,2,2
1991,2,280600,1,2,2,2,1,1,3,4,2,3,1988,2,2
1991,1,280601,2,6,6,1,2,2,3,4,1,3,1988,1,2
1991,1,280602,1,3,3,2,2,2,3,4,2,3,1983,2,2
1991,2,280602,1,2,2,2,1,1,3,4,2,3,1990,2,2
1991,1,280603,6,6,6,1,1,1,3,4,1,3,1991,2,2
1991,1,280604,2,6,6,1,1,1,3,4,1,3,1984,2,2
1991,1,280605,6,2,2,2,1,1,3,4,2,3,1984,2,2
1991,1,280606,1,2,2,2,1,1,3,4,2,3,1981,2,2
1991,2,280606,6,2,2,2,1,1,3,4,2,3,1982,2,2
1991,1,280607,1,2,2,2,1,1,3,4,2,3,1982,2,2
1991,2,280607,1,2,2,2,1,1,3,4,2,3,1990,2,2
1991,1,280608,2,3,3,2,1,1,3,4,2,3,1988,2,2
1991,2,280608,1,2,2,2,2,2,3,4,2,3,1976,2,2
1991,1,280609,1,2,2,2,1,1,3,4,2,3,1987,1,2
1991,1,280610,6,2,2,2,1,1,3,4,2,3,1984,2,2
1991,2,280610,1,2,2,2,1,1,3,4,2,3,1972,2,2
1991,1,280611,9,6,6,1,1,1,3,4,2,3,9999,1,2
1991,1,280612,1,2,2,2,1,1,3,4,1,3,1987,2,2
1991,1,280613,6,2,2,2,1,1,3,4,2,3,1985,2,2
1991,2,280613,1,3,3,2,1,1,3,4,2,3,1991,2,2
1991,1,280614,2,2,2,2,1,1,3,4,1,3,1974,2,2
1991,1,280615,1,2,2,2,2,2,3,4,1,3,1985,2,2
1991,1,280616,1,2,2,2,2,2,3,4,2,3,1975,2,2
1991,1,280617,1,2,2,2,2,2,3,4,2,3,1983,2,1
1991,1,280619,1,6,6,1,1,1,3,4,2,3,1982,2,1
1991,1,280620,1,2,2,2,1,1,3,4,2,3,1967,1,2
1991,1,280621,1,2,2,2,1,1,3,4,2,3,1982,1,2
1991,1,280622,1,6,6,1,1,1,3,4,2,3,1984,1,2
1991,1,280623,2,6,6,1,1,1,3,4,1,3,1989,2,2
1991,1,280624,1,2,2,2,1,1,3,4,2,3,1974,2,2
1991,2,280624,1,3,3,2,1,1,3,4,2,3,1991,2,2
1991,3,280624,2,5,5,2,1,1,3,4,2,3,1986,2,2
1991,4,280624,1,2,2,2,1,1,3,4,2,3,1982,2,2
1991,1,280625,1,2,2,2,1,1,3,4,2,3,1978,1,2
1991,1,280626,1,2,2,2,1,1,3,4,1,3,1985,2,2
1991,1,280627,1,2,2,2,1,1,3,4,1,3,1975,2,2
1991,2,280627,2,2,2,2,1,1,3,4,2,3,1990,2,2
1991,1,290001,1,2,5,2,1,1,3,4,1,3,1980,1,2
1991,1,290002,1,3,3,1,1,1,3,4,1,3,1981,2,2
1991,1,290003,1,3,6,2,1,1,3,4,2,3,1985,2,2
1991,2,290003,8,2,5,1,1,1,3,4,2,3,1990,2,2
1991,1,290004,6,2,2,2,1,1,3,4,2,3,1987,2,2
1991,2,290004,1,5,5,2,1,1,3,4,2,3,1981,1,2
1991,1,290005,1,2,2,2,1,1,3,4,2,3,1990,1,2
1991,1,290006,2,2,2,2,1,1,3,4,2,3,1988,2,2
1991,2,290006,1,3,3,2,1,1,3,4,1,3,1983,2,2
1991,1,290007,1,2,2,2,1,1,3,4,2,3,1989,2,2
1991,2,290007,2,2,2,2,1,1,3,4,2,3,1984,2,2
1991,1,290008,1,2,5,2,1,1,3,4,1,3,1989,1,2
1991,2,290008,2,5,5,2,1,1,3,4,2,3,1988,2,2
1991,3,290008,3,2,2,2,1,1,3,4,2,3,1987,2,2
1991,1,290009,4,2,2,1,1,1,3,4,2,3,1990,2,2
1991,1,290010,1,2,2,2,1,1,3,4,2,3,1989,2,2
1991,2,290010,2,2,2,1,2,2,3,4,2,3,1977,2,2
1991,1,290011,2,2,2,2,1,1,3,4,2,3,1967,1,2
1991,2,290011,5,5,5,2,1,1,3,4,2,3,1985,2,2
1991,1,290012,1,2,2,2,1,1,3,4,2,3,1983,1,2
1991,2,290012,6,5,6,2,1,1,3,4,2,3,1985,2,2
1991,1,290013,1,6,6,2,1,1,3,4,2,3,1980,2,2
1991,1,290014,6,2,3,2,1,1,3,4,1,3,1981,2,2
1991,1,290015,3,4,4,2,1,1,3,4,2,3,1988,2,2
1991,2,290015,1,4,2,2,1,1,3,4,2,3,1986,2,2
1991,3,290015,3,4,2,2,1,1,3,4,2,3,1986,2,2
1991,4,290015,1,4,2,2,1,1,3,4,2,3,1989,2,2
1991,5,290015,1,2,2,2,1,1,3,4,2,3,1982,1,2
1991,1,290016,1,2,4,2,1,1,3,4,1,3,1974,2,2
1991,2,290016,6,4,4,2,1,1,3,4,2,3,1986,2,2
1991,3,290016,4,2,2,2,1,1,3,4,2,3,1988,2,2
1991,1,290017,1,2,2,2,1,1,3,4,2,3,1990,1,2
1991,1,290018,1,2,2,2,1,1,3,4,1,3,1983,2,2
1991,1,290019,1,3,3,2,1,1,3,4,1,3,1975,2,2
1991,2,290019,1,2,2,2,1,1,3,4,2,3,1979,2,2
1991,1,290020,1,1,1,2,1,1,3,4,2,3,1987,2,2
1991,1,290021,6,5,5,2,1,1,3,4,2,3,1985,2,2
1991,2,290021,1,2,2,2,1,1,3,4,2,3,1984,1,2
1991,1,290022,3,6,6,2,1,1,3,4,2,3,1989,2,2
1991,1,290023,1,5,5,2,1,1,3,4,2,3,1985,1,2
1991,2,290023,6,2,2,2,1,1,3,4,2,3,1981,2,2
1991,1,290024,7,5,5,2,4,1,3,1,2,3,1988,2,2
1991,1,290025,1,2,2,2,1,1,3,4,2,3,1989,2,2
1991,1,290026,1,2,2,1,1,1,3,4,1,3,1978,2,2
1991,1,290027,1,2,2,2,1,1,3,4,2,3,1988,2,2
1991,2,290027,2,2,2,2,1,1,3,4,2,3,1979,2,2
1991,1,290028,1,5,3,2,1,1,3,4,2,3,1978,2,2
1991,1,290029,6,2,2,2,1,1,3,4,2,3,1978,2,2
1991,2,290029,1,5,5,2,1,1,3,4,2,3,1978,2,2
1991,1,290030,1,2,2,2,1,1,3,4,2,3,1977,1,2
1991,1,290031,1,2,2,2,1,1,3,4,2,3,1987,2,2
1991,1,290032,1,2,2,2,1,1,3,4,2,3,1987,1,2
1991,1,290033,1,2,2,2,1,1,3,4,2,3,1988,2,2
1991,2,290033,6,2,2,2,1,1,3,4,2,3,1990,2,2
1991,1,290034,3,1,1,1,1,1,3,4,1,3,1970,2,2
1991,1,290035,1,3,3,2,1,1,3,4,1,3,1983,2,2
1991,2,290035,6,2,3,2,1,1,3,4,2,3,1990,2,2
1991,3,290035,1,2,2,2,1,1,3,4,2,3,1981,2,2
1991,1,290036,1,2,2,2,1,1,3,4,1,3,1973,2,2
1991,2,290036,1,5,5,2,1,1,3,4,2,3,1979,2,2
1991,1,290037,6,1,1,1,1,1,3,4,1,3,1987,1,2
1991,1,290038,1,3,3,2,2,2,3,4,1,3,1980,2,2
1991,2,290038,1,2,2,2,1,1,3,4,2,3,1990,2,2
1991,1,290039,1,2,2,2,1,1,3,4,2,3,1987,2,2
1991,2,290039,9,4,4,2,1,1,3,4,2,3,1950,2,2
1991,1,290040,1,2,2,2,1,1,3,4,1,3,1984,1,2
1991,1,290041,2,2,2,2,1,1,3,4,2,3,1984,1,2
1991,1,290042,1,3,3,2,2,2,3,4,1,3,1978,1,2
1991,2,290042,1,2,2,2,1,1,3,4,2,3,1985,2,2
1991,1,290043,1,5,5,2,1,1,3,4,2,3,1974,2,2
1991,1,290044,1,2,2,2,1,1,3,4,2,3,1980,2,2
1991,2,290044,6,2,2,2,1,1,3,4,2,3,1990,2,2
1991,1,290045,2,2,2,2,1,1,3,4,2,3,1987,2,2
1991,2,290045,1,2,2,2,1,1,3,4,1,3,1983,2,2
1991,1,290046,1,3,3,2,1,1,3,4,2,3,1990,2,2
1991,2,290046,2,2,2,2,1,1,3,4,2,3,1985,2,2
1991,1,290047,2,5,5,2,1,1,3,4,1,3,1980,1,2
1991,1,290048,1,2,2,2,1,1,3,4,2,3,1987,1,2
1991,1,290049,1,1,1,1,1,1,3,4,2,3,1982,1,2
1991,1,290050,2,2,2,1,1,1,3,4,2,3,1987,1,2
1991,1,290051,2,3,3,1,1,1,3,4,1,3,1990,2,2
1991,1,290052,1,5,5,2,1,1,3,4,1,3,1985,2,2
1991,2,290052,4,2,2,2,1,1,3,4,2,3,1986,2,2
1991,1,290053,1,2,6,2,1,1,3,4,1,3,1978,2,2
1991,2,290053,3,4,4,2,1,1,3,4,2,3,1986,2,2
1991,3,290053,6,5,5,2,1,1,3,4,2,3,1986,2,2
1991,1,290054,1,3,3,1,1,1,3,4,1,3,1987,2,2
1991,1,290055,1,3,2,2,1,1,3,4,2,3,1985,2,2
1991,2,290055,6,2,2,2,1,1,3,4,2,3,1984,2,2
1991,3,290055,1,2,2,2,1,1,3,4,2,3,1989,2,2
1991,1,290056,2,2,2,2,1,1,3,4,2,3,1968,1,2
1991,1,290057,9,7,7,2,3,3,3,4,2,3,9999,2,2
1991,1,290058,2,2,2,2,1,1,3,4,1,3,1983,2,2
1991,1,290059,2,5,5,2,1,1,3,4,1,3,1988,2,2
1991,1,290060,1,5,3,2,1,1,3,4,2,3,1987,1,2
1991,1,290061,1,2,2,2,1,1,3,4,2,3,1989,2,2
1991,1,290062,1,2,2,2,1,1,3,4,2,3,1975,2,2
1991,1,290063,1,1,1,1,1,1,3,4,1,3,1989,1,2
1991,1,290064,1,2,2,2,1,1,3,4,2,3,1983,2,2
1991,1,290065,2,3,2,2,1,1,3,4,2,3,1979,1,2
1991,1,290067,1,2,2,2,1,1,3,4,2,3,1985,2,2
1991,2,290067,2,5,5,2,1,1,3,4,2,3,1980,2,2
1991,1,290068,2,6,6,1,2,2,3,4,1,3,1980,2,2
1991,1,290069,1,2,2,2,1,1,3,4,2,3,1980,2,2
1991,1,290070,1,3,3,1,1,1,3,4,1,3,1990,2,2
1991,1,290071,1,3,3,1,1,1,3,4,1,3,1978,1,2
1991,1,290072,2,6,2,2,1,1,3,4,2,3,1976,1,2
1991,1,290073,1,2,2,2,1,1,3,4,2,3,1981,2,2
1991,1,290074,1,2,2,2,1,1,3,4,2,3,1983,2,2
1991,2,290074,6,5,5,2,1,1,3,4,2,3,1974,2,2
1991,1,290075,4,2,2,1,1,1,3,4,2,3,1983,2,2
1991,2,290075,2,2,2,2,1,1,3,4,1,3,1984,2,2
1991,1,290076,1,4,4,2,1,1,3,4,2,3,1978,2,2
1991,2,290076,2,2,2,2,1,1,3,4,1,3,1977,1,2
1991,1,290077,6,2,2,1,1,1,3,4,1,3,1981,1,2
1991,1,290078,2,2,2,2,1,1,3,4,2,3,1988,2,2
1991,2,290078,1,5,5,2,1,1,3,4,2,3,1982,2,2
1991,1,290079,1,2,2,2,1,1,3,4,2,3,1976,2,2
1991,2,290079,3,2,2,1,1,1,3,4,2,3,1984,2,2
1991,1,290080,1,1,1,1,2,2,3,4,1,3,1986,2,2
1991,2,290080,4,5,5,2,1,1,3,4,2,3,1989,2,2
1991,1,290081,2,2,2,2,1,1,3,4,2,3,1983,2,2
1991,2,290081,4,2,2,2,1,1,3,4,2,3,1976,2,2
1991,1,290082,1,2,2,2,1,1,3,4,1,3,1983,2,2
1991,1,290083,2,2,2,2,1,1,3,4,1,3,1987,2,2
1991,1,290084,4,6,6,1,2,2,3,4,1,3,1977,1,2
1991,1,290085,4,5,5,2,2,2,3,4,2,3,1986,2,2
1991,2,290085,1,2,2,2,1,1,3,4,2,3,1970,2,2
1991,3,290085,2,5,5,2,1,1,3,4,2,3,1986,2,2
1991,1,290086,1,2,2,2,1,1,3,4,1,3,1984,2,2
1991,1,290087,1,1,1,1,1,1,3,4,2,3,1988,1,2
1991,1,290088,3,5,5,2,1,1,3,4,2,3,1983,2,2
1991,2,290088,2,3,3,1,1,1,3,4,2,3,1989,2,2
1991,1,290089,1,1,1,1,2,2,3,4,2,3,1966,2,2
1991,1,290090,1,2,2,2,1,1,3,4,1,3,1991,2,2
1991,1,290091,3,2,2,2,1,1,3,4,2,3,1987,2,2
1991,2,290091,1,2,3,2,1,1,3,4,2,3,1986,1,2
1991,1,290092,1,1,1,1,1,1,3,4,2,3,1969,2,2
1991,1,290093,1,2,2,2,1,1,3,4,1,3,1983,2,2
1991,2,290093,2,2,2,2,1,1,3,4,2,3,1982,2,2
1991,1,290094,6,2,2,1,1,1,3,4,2,3,1987,1,2
1991,1,290095,1,2,2,2,1,1,3,4,2,3,1989,2,2
1991,2,290095,1,3,3,1,1,1,3,4,2,3,1990,2,2
1991,3,290095,1,2,2,2,1,1,3,4,2,3,1979,2,2
1991,1,290096,1,2,2,2,1,1,3,4,1,3,1986,1,2
1991,1,290097,2,6,3,1,2,2,3,4,1,3,1988,1,2
1991,1,290098,2,2,2,1,1,1,3,4,2,3,1983,1,2
1991,2,290098,1,4,4,2,1,1,3,4,2,3,1986,2,2
1991,1,290099,2,3,2,2,1,1,3,4,1,3,1988,2,2
1991,1,290100,1,5,5,1,1,1,3,4,1,3,1975,2,2
1991,2,290100,2,2,3,1,1,1,3,4,2,3,1988,2,2
1991,1,290101,3,2,2,1,1,1,3,4,1,3,1985,1,2
1991,1,290102,6,2,2,2,1,1,3,4,2,3,1989,1,2
1991,2,290102,1,2,2,2,1,1,3,4,2,3,1977,2,2
1991,1,290103,1,2,2,2,1,1,3,4,1,3,1987,1,2
1991,2,290103,6,4,4,2,1,1,3,4,2,3,1980,2,2
1991,1,290104,2,3,3,2,1,1,3,4,2,3,1985,1,2
1991,2,290104,6,2,2,2,3,3,3,4,2,3,1988,2,2
1991,1,290105,1,2,2,1,1,1,3,4,2,3,1984,1,2
1991,1,290106,3,6,6,1,1,1,3,4,2,3,1984,1,2
1991,1,290107,1,5,5,1,1,1,3,4,2,3,1983,1,2
1991,2,290107,2,2,2,2,1,1,3,4,2,3,1989,1,2
1991,1,290108,1,2,2,2,1,1,3,4,1,3,1990,2,2
1991,2,290108,1,2,2,2,1,1,3,4,2,3,1977,2,2
1991,1,290109,2,2,2,1,2,2,3,4,1,3,1990,2,2
1991,1,290110,1,3,6,1,1,1,3,4,1,3,1984,1,2
1991,1,290111,1,2,2,2,1,1,3,4,1,3,1990,1,2
1991,2,290111,1,2,2,2,1,1,3,4,2,3,1988,2,2
1991,1,290112,1,3,5,2,1,1,3,4,1,3,1987,1,2
1991,1,290113,3,2,6,1,1,1,3,4,2,3,1984,2,2
1991,1,290114,1,2,6,2,1,1,3,4,2,3,1989,2,2
1991,2,290114,2,5,5,1,1,1,3,4,2,3,1990,2,2
1991,3,290114,6,2,6,2,1,1,3,4,2,3,1973,2,2
1991,1,290115,1,2,2,2,1,1,3,4,2,3,1981,1,2
1991,1,290116,2,5,5,1,1,1,3,4,2,3,1988,2,2
1991,1,290117,1,6,6,1,1,1,3,4,1,3,1989,1,2
1991,1,290118,1,2,6,1,1,1,3,4,1,3,1988,2,2
1991,1,290119,3,2,2,1,1,1,3,4,1,3,1991,1,2
1991,1,290120,4,2,2,2,1,1,3,4,2,3,1989,2,2
1991,2,290120,1,5,5,2,1,1,3,4,2,3,1983,2,2
1991,1,290121,6,2,2,2,1,1,3,4,2,3,1982,2,2
1991,2,290121,4,2,2,2,1,1,3,4,2,3,1986,1,2
1991,1,290122,2,2,2,2,1,1,3,4,2,3,1961,1,2
1991,1,290123,1,3,3,2,2,2,3,4,2,3,1988,2,2
1991,2,290123,1,2,2,2,1,1,3,4,2,3,1983,2,2
1991,1,290124,6,5,5,2,1,1,3,4,2,3,1988,2,2
1991,1,290125,1,2,2,2,1,1,3,4,1,3,1978,2,2
1991,1,290126,2,2,2,2,1,1,3,4,2,3,1989,2,2
1991,2,290126,1,3,3,2,1,1,3,4,2,3,1984,2,2
1991,1,290127,2,2,2,2,1,1,3,4,2,3,1974,2,2
1991,2,290127,1,2,2,2,1,1,3,4,1,3,1978,1,2
1991,1,290128,1,2,2,2,1,1,3,4,2,3,1981,2,2
1991,2,290128,1,5,5,2,1,1,3,4,2,3,1980,2,2
1991,1,290129,1,3,6,1,3,3,3,4,1,3,1976,2,2
1991,1,290130,1,2,2,1,1,1,3,4,1,3,1979,1,2
1991,2,290130,2,2,2,2,1,1,3,4,2,3,1991,2,2
1991,1,290131,2,2,2,2,1,1,3,4,1,3,1989,1,2
1991,1,290132,1,2,2,2,1,1,3,4,2,3,1986,2,2
1991,2,290132,6,2,2,2,1,1,3,4,2,3,1983,2,2
1991,3,290132,1,5,5,2,1,1,3,4,2,3,1981,2,2
1991,1,290133,1,3,5,2,1,1,3,4,2,3,1988,2,2
1991,2,290133,6,2,2,1,1,1,3,4,2,3,1985,2,2
1991,1,290134,2,1,1,1,1,1,3,4,1,3,1989,2,2
1991,1,290135,2,2,2,2,1,1,3,4,1,3,1991,2,2
1991,1,290136,1,5,5,1,1,1,3,4,1,3,1981,1,2
1991,1,290137,1,2,2,2,1,1,3,4,1,3,1988,2,2
1991,1,290138,2,1,1,1,1,1,3,4,2,3,1990,1,2
1991,1,290139,1,2,4,2,1,1,3,4,2,3,1988,2,2
1991,2,290139,2,2,2,1,1,1,3,4,2,3,1980,2,2
1991,3,290139,1,2,2,2,1,1,3,4,2,3,1987,2,2
1991,1,290140,1,2,6,2,1,1,3,4,2,3,1981,2,2
1991,1,290141,1,2,2,2,1,1,3,4,1,3,1989,2,2
1991,1,290142,1,2,2,2,1,1,3,4,1,3,1987,2,2
1991,1,290143,2,2,2,2,1,1,3,4,2,3,1984,1,1
1991,1,290144,1,2,2,2,1,1,3,4,2,3,1986,2,2
1991,1,290145,1,2,4,2,1,1,3,4,2,3,1984,1,1
1991,2,290145,6,5,5,2,1,1,3,4,2,3,1984,2,2
1991,3,290145,1,2,2,2,1,1,3,4,2,3,1984,2,2
1991,1,290146,1,2,2,2,1,1,3,4,1,3,1970,2,2
1991,2,290146,1,3,3,2,1,1,3,4,2,3,1986,2,2
1991,1,290147,3,5,5,2,1,1,3,4,2,3,1986,2,2
1991,1,290148,1,1,1,1,1,1,3,4,2,3,1991,2,2
1991,1,290149,1,3,2,2,1,1,3,4,2,3,1969,1,2
1991,2,290149,1,4,2,2,1,1,3,4,2,3,1980,2,2
1991,3,290149,1,2,2,2,1,1,3,4,2,3,1981,2,2
1991,1,290150,1,2,5,2,1,1,3,4,1,3,1977,1,2
1991,1,290151,2,3,3,2,1,1,3,4,2,3,1990,1,2
1991,1,290152,2,3,3,1,1,1,3,4,1,3,1985,2,2
1991,2,290152,2,5,5,2,1,1,3,4,2,3,1982,2,2
1991,1,290153,1,6,2,2,1,1,3,4,1,3,1977,1,2
1991,1,290154,1,1,1,1,2,2,3,4,1,3,1989,1,2
1991,1,290156,3,2,2,2,1,1,3,4,2,3,1988,1,2
1991,2,290156,1,4,4,2,1,1,3,4,2,3,1988,1,2
1991,1,290157,1,2,2,2,1,1,3,4,2,3,1974,2,2
1991,2,290157,1,3,3,2,2,2,3,4,2,3,1980,2,2
1991,1,290158,1,3,3,2,1,1,3,4,1,3,1987,2,2
1991,2,290158,4,2,2,2,1,1,3,4,2,3,1990,2,2
1991,1,290159,2,2,2,2,1,1,3,4,2,3,1989,1,2
1991,1,290160,4,2,2,2,1,1,3,4,2,3,1980,1,2
1991,2,290160,1,2,2,2,1,1,3,4,2,3,1985,2,2
1991,1,290161,2,2,2,2,1,1,3,4,2,3,1988,2,2
1991,2,290161,1,5,2,2,1,1,3,4,2,3,1983,2,2
1991,3,290161,1,5,5,2,1,1,3,4,2,3,1976,2,2
1991,1,290162,1,2,2,2,2,2,3,4,1,3,1970,1,2
1991,2,290162,1,2,2,2,1,1,3,4,2,3,1988,2,2
1991,1,290163,1,2,2,1,2,2,3,4,1,3,1976,2,2
1991,1,290164,2,3,3,1,2,2,3,4,1,3,1970,1,2
1991,1,290165,1,5,6,1,1,1,3,4,1,3,1982,2,2
1991,1,290166,1,5,5,1,2,2,3,4,1,3,1989,2,2
1991,1,290167,1,1,1,1,1,1,3,4,1,3,1981,1,2
1991,1,290168,1,1,1,1,1,1,3,4,1,3,1978,1,2
1991,1,290169,3,2,2,2,1,1,3,4,2,3,1991,2,2
1991,2,290169,1,3,5,2,1,1,3,4,2,3,1988,2,2
1991,3,290169,2,2,2,2,1,1,3,4,2,3,1988,2,2
1991,4,290169,1,5,5,2,1,1,3,4,2,3,1986,2,2
1991,1,290170,1,2,2,2,1,1,3,4,1,3,1978,2,2
1991,1,290171,3,2,2,1,1,1,3,4,1,3,1991,1,2
1991,1,290172,1,2,2,2,1,1,3,4,2,3,1985,2,2
1991,2,290172,1,3,3,2,2,2,3,4,2,3,1988,2,2
1991,3,290172,1,2,2,2,2,2,3,4,2,3,1978,2,2
1991,1,290173,4,2,2,2,1,1,3,4,2,3,1991,2,2
1991,2,290173,1,2,2,2,1,1,3,4,2,3,1980,2,2
1991,1,290174,1,2,2,2,1,1,3,4,2,3,1977,1,2
1991,2,290174,1,2,2,2,1,1,3,4,2,3,1987,2,2
1991,1,290175,7,2,2,2,4,2,3,2,2,3,1976,1,2
1991,2,290175,1,4,4,2,1,1,3,4,2,3,1987,2,2
1991,1,290176,3,1,1,1,1,1,3,4,2,3,1984,1,2
1991,1,290177,1,2,2,1,1,1,3,4,1,3,1979,1,2
1991,1,290178,1,2,2,2,1,1,3,4,2,3,1987,1,2
1991,2,290178,2,5,5,1,1,1,3,4,2,3,1990,2,2
1991,1,290179,2,1,1,1,1,1,3,4,1,3,1990,2,2
1991,1,290180,1,3,3,2,1,1,3,4,2,3,1983,2,2
1991,2,290180,1,2,2,2,1,1,3,4,2,3,1968,2,2
1991,1,290181,1,3,3,2,1,1,3,4,2,3,1990,2,2
1991,2,290181,1,5,2,2,1,1,3,4,2,3,1983,2,2
1991,3,290181,1,2,5,1,1,1,3,4,2,3,1990,2,2
1991,4,290181,6,2,2,1,1,1,3,4,2,3,1989,2,2
1991,1,290182,2,2,2,2,1,1,3,4,2,3,1991,2,2
1991,2,290182,1,2,2,2,1,1,3,4,2,3,1986,2,2
1991,1,290183,2,2,2,2,1,1,3,4,2,3,1982,2,2
1991,2,290183,1,5,5,2,1,1,3,4,2,3,1979,1,2
1991,1,290184,6,2,2,2,1,1,3,4,2,3,1988,1,2
1991,2,290184,1,5,5,2,1,1,3,4,2,3,1973,2,2
1991,1,290185,1,2,2,2,1,1,3,4,2,3,1989,2,2
1991,2,290185,1,2,2,2,1,1,3,4,2,3,1978,2,2
1991,1,290186,1,2,2,1,1,1,3,4,2,3,1983,1,2
1991,1,290187,4,2,2,2,1,1,3,4,2,3,1985,1,1
1991,1,290188,6,4,4,2,1,1,3,4,2,3,1985,2,2
1991,2,290188,1,2,2,2,1,1,3,4,2,3,1979,1,2
1991,1,290189,1,5,5,2,1,1,3,4,1,3,1984,2,2
1991,1,290190,1,3,3,1,1,1,3,4,1,3,1980,1,2
1991,1,290191,1,2,2,1,1,1,3,4,1,3,1988,2,2
1991,1,290192,1,2,2,2,1,1,3,4,1,3,1982,2,2
1991,2,290192,1,2,2,2,1,1,3,4,2,3,1989,2,2
1991,1,290193,1,2,2,1,1,1,3,4,1,3,1989,2,2
1991,1,290194,1,2,2,2,1,1,3,4,2,3,1990,2,2
1991,2,290194,2,3,3,2,1,1,3,4,2,3,1984,2,2
1991,3,290194,1,4,4,2,1,1,3,4,2,3,1977,2,2
1991,1,290195,1,5,5,2,1,1,3,4,1,3,1991,1,2
1991,2,290195,4,4,3,2,1,1,3,4,2,3,1990,2,2
1991,3,290195,1,4,4,2,1,1,3,4,2,3,1988,2,2
1991,1,290196,1,2,2,1,1,1,3,4,1,3,1987,1,2
1991,1,290197,1,2,2,2,1,1,3,4,1,3,1985,2,2
1991,2,290197,9,2,4,2,1,1,3,4,2,3,1989,2,2
1991,3,290197,1,2,2,2,1,1,3,4,2,3,1988,2,2
1991,1,290198,3,1,1,1,1,1,3,4,1,3,1984,1,2
1991,1,290199,1,2,2,2,1,1,3,4,2,3,1982,1,2
1991,2,290199,1,4,2,2,1,1,3,4,2,3,1985,2,2
1991,3,290199,6,4,4,2,1,1,3,4,2,3,1987,2,2
1991,1,290201,3,6,4,1,1,1,3,4,1,3,1988,2,2
1991,1,290202,3,1,1,1,1,1,3,4,1,3,1985,2,2
1991,1,290203,3,2,2,2,1,1,3,4,2,3,1984,2,2
1991,2,290203,1,3,3,2,1,1,3,4,2,3,1989,1,2
1991,1,290204,1,6,2,2,1,1,3,4,1,3,1984,1,2
1991,2,290204,1,4,4,2,1,1,3,4,2,3,1989,2,2
1991,1,290205,3,2,2,1,1,1,3,4,1,3,1983,1,2
1991,1,290206,1,2,2,1,1,1,3,4,1,3,1990,2,2
1991,1,290207,2,2,5,1,2,2,3,4,1,3,1987,1,2
1991,1,290208,2,2,2,2,1,1,3,4,2,3,1983,2,2
1991,2,290208,1,2,2,2,1,1,3,4,2,3,1973,2,2
1991,1,290209,1,2,2,2,1,1,3,4,1,3,1989,2,2
1991,1,290210,1,2,5,2,1,1,3,4,1,3,1978,2,2
1991,2,290210,2,5,5,2,1,1,3,4,2,3,1989,2,2
1991,1,290211,1,2,2,1,1,1,3,4,2,3,1988,2,2
1991,1,290212,2,2,2,1,1,1,3,4,1,3,1989,1,2
1991,1,290213,2,3,3,2,1,1,3,4,2,3,1982,1,2
1991,1,290214,2,2,2,2,1,1,3,4,2,3,1988,2,2
1991,1,290215,1,2,2,2,1,1,3,4,1,3,1985,2,2
1991,2,290215,4,2,2,2,2,2,3,4,2,3,1972,2,2
1991,1,290216,6,1,1,1,1,1,3,4,2,3,1980,1,1
1991,1,290217,1,2,2,1,1,1,3,4,1,3,1984,1,2
1991,1,290218,1,2,2,2,1,1,3,4,2,3,1985,2,2
1991,2,290218,1,3,3,2,1,1,3,4,1,3,1976,1,2
1991,1,290219,1,1,1,1,1,1,3,4,1,3,1987,1,2
1991,1,290220,1,5,5,2,1,1,3,4,2,3,1984,1,2
1991,1,290221,1,2,2,1,1,1,3,4,1,3,1980,1,2
1991,1,290222,2,2,2,2,1,1,3,4,2,3,1982,1,2
1991,2,290222,1,2,2,2,1,1,3,4,2,3,1970,2,2
1991,1,290223,6,6,6,2,1,1,3,4,2,3,1989,2,2
1991,1,290224,1,6,6,1,1,1,3,4,1,3,1980,2,2
1991,1,290225,1,3,3,2,1,1,3,4,2,3,1984,1,2
1991,1,290226,1,2,2,2,2,2,3,4,2,3,1976,1,1
1991,1,290227,2,5,5,2,1,1,3,4,2,3,1987,1,2
1991,2,290227,1,2,2,2,1,1,3,4,2,3,1990,2,2
1991,1,290228,1,2,2,1,1,1,3,4,1,3,1984,1,2
1991,1,290229,1,2,2,2,1,1,3,4,2,3,1991,2,2
1991,2,290229,1,5,5,2,1,1,3,4,2,3,1983,2,2
1991,1,290230,1,2,2,2,1,1,3,4,2,3,1978,1,2
1991,1,290231,1,2,2,2,1,1,3,4,2,3,1979,1,2
1991,2,290231,9,4,4,2,1,1,3,4,2,3,1976,2,2
1991,1,290232,9,3,3,2,2,2,3,4,2,3,1986,1,2
1991,2,290232,2,2,2,2,1,1,3,4,2,3,1988,2,2
1991,1,290233,1,2,2,2,1,1,3,4,1,3,1984,2,2
1991,2,290233,2,2,2,2,1,1,3,4,2,3,1987,2,2
1991,1,290234,1,2,2,1,2,2,3,4,1,3,1986,2,2
1991,1,290235,1,5,4,2,1,1,3,4,2,3,1991,2,2
1991,2,290235,1,2,2,2,1,1,3,4,2,3,1981,2,2
1991,1,290236,1,2,2,2,1,1,3,4,2,3,1979,1,2
1991,1,290237,1,2,2,1,2,2,3,4,1,3,1983,2,2
1991,1,290238,1,2,2,2,1,1,3,4,2,3,1984,2,2
1991,1,290239,6,2,2,1,1,1,3,4,2,3,1977,1,2
1991,1,290240,2,2,2,2,1,1,3,4,2,3,1987,2,2
1991,2,290240,1,5,3,2,2,2,3,4,2,3,1978,2,2
1991,3,290240,3,2,2,2,1,1,3,4,2,3,1985,2,2
1991,1,290241,1,2,2,2,1,1,3,4,2,3,1986,2,2
1991,1,290242,1,2,2,1,1,1,3,4,1,3,1985,2,2
1991,1,290243,8,2,2,2,1,1,3,4,2,1,1987,2,2
1991,2,290243,1,2,2,2,1,1,3,4,2,3,1978,2,2
1991,1,290244,3,2,2,2,1,1,3,4,2,3,1990,2,2
1991,2,290244,1,2,2,2,1,1,3,4,2,3,1990,2,2
1991,1,290245,6,2,3,1,1,1,3,4,2,3,1990,1,2
1991,1,290246,2,2,3,2,1,1,3,4,2,3,1988,2,2
1991,2,290246,1,2,2,2,2,2,3,4,2,3,1980,2,2
1991,3,290246,6,5,5,2,1,1,3,4,2,3,1990,2,2
1991,1,290247,4,2,2,2,1,1,3,4,2,3,1990,2,2
1991,2,290247,1,2,2,2,1,1,3,4,1,3,1989,2,2
1991,1,290248,1,3,3,2,1,1,3,4,2,3,1986,2,2
1991,2,290248,1,2,2,2,1,1,3,4,2,3,1988,2,2
1991,1,290249,1,3,3,2,1,1,3,4,2,3,1984,1,2
1991,2,290249,1,2,2,2,1,1,3,4,2,3,1985,2,2
1991,1,290250,1,2,5,2,1,1,3,4,1,3,1988,2,2
1991,2,290250,1,3,2,2,1,1,3,4,2,3,1978,2,2
1991,1,290251,2,1,1,1,2,2,3,4,1,3,1977,1,2
1991,1,290252,1,2,3,2,1,1,3,4,2,3,1990,1,2
1991,2,290252,3,5,5,2,1,1,3,4,2,3,1978,2,2
1991,1,290253,1,6,6,1,1,1,3,4,1,3,1988,1,2
1991,1,290254,5,6,6,1,2,2,3,4,2,3,1963,1,2
1991,1,290255,2,2,2,1,1,1,3,4,2,3,1978,2,2
1991,2,290255,1,2,2,2,1,1,3,4,2,3,1987,2,2
1991,1,290256,2,2,2,2,1,1,3,4,2,3,1990,1,2
1991,2,290256,2,2,2,2,1,1,3,4,2,3,1972,1,2
1991,1,290257,7,2,2,2,4,2,3,2,2,3,1991,1,2
1991,1,290258,1,2,4,2,1,1,3,4,1,3,1991,2,2
1991,1,290259,1,2,2,2,1,1,3,4,2,3,1981,2,1
1991,2,290259,1,3,3,2,1,1,3,4,2,3,1990,2,2
1991,1,290260,1,2,6,1,1,1,3,4,1,3,1985,1,2
1991,1,290261,2,2,2,1,1,1,3,4,2,3,1980,2,2
1991,2,290261,3,2,2,2,1,1,3,4,2,3,1990,2,2
1991,1,290262,1,5,5,2,1,1,3,4,2,3,1990,2,2
1991,2,290262,1,2,2,2,1,1,3,4,2,3,1976,2,2
1991,1,290263,1,2,2,2,2,2,3,4,1,3,1978,1,2
1991,1,290264,7,2,2,2,4,1,3,1,2,3,1989,2,2
1991,2,290264,2,2,2,2,1,1,3,4,2,3,1987,1,2
1991,1,290265,1,2,2,2,1,1,3,4,2,3,1976,2,2
1991,2,290265,1,5,5,2,1,1,3,4,2,3,1986,2,2
1991,1,290266,2,2,2,2,1,1,3,4,2,3,1989,1,2
1991,2,290266,6,2,2,2,2,2,3,4,2,3,1989,2,2
1991,1,290267,7,2,2,2,4,1,3,1,2,3,1972,1,2
1991,2,290267,1,3,3,2,1,1,3,4,2,3,1990,2,2
1991,1,290268,6,2,2,2,1,1,3,4,2,3,1981,2,2
1991,1,290269,2,6,5,1,1,1,3,4,2,3,1987,2,2
1991,1,290270,7,1,1,2,4,1,3,1,2,3,1982,2,2
1991,1,290271,1,4,4,1,1,1,3,4,2,3,1987,2,2
1991,2,290271,6,2,2,2,1,1,3,4,1,3,1988,2,1
1991,1,290272,1,2,2,2,1,1,3,4,1,3,1986,2,2
1991,1,290273,1,2,2,2,3,3,3,4,2,3,1991,2,2
1991,1,290274,1,5,5,2,1,1,3,4,1,3,1974,1,2
1991,2,290274,3,2,2,2,1,1,3,4,1,3,1968,1,2
1991,1,290275,5,2,2,2,1,1,3,4,2,3,1979,2,2
1991,2,290275,1,5,5,2,1,1,3,4,2,3,1982,2,2
1991,1,290276,6,5,6,2,1,1,3,4,1,3,1990,2,2
1991,2,290276,2,2,2,2,1,1,3,4,2,3,1971,2,2
1991,1,290277,2,3,3,1,3,3,3,4,1,3,1975,2,2
1991,1,290278,1,2,2,2,1,1,3,4,2,3,1982,1,2
1991,2,290278,6,2,2,2,1,1,3,4,2,3,1990,2,2
1991,1,290279,1,2,2,2,1,1,3,4,2,3,1978,2,2
1991,1,290280,1,2,2,1,1,1,3,4,1,3,1979,2,2
1991,1,290281,6,2,6,2,1,1,3,4,2,3,1984,1,2
1991,2,290281,1,4,6,1,1,1,3,4,2,3,1964,1,2
1991,1,290282,1,2,2,2,2,2,3,4,1,3,1976,2,2
1991,2,290282,4,2,2,2,2,2,3,4,2,3,1974,2,2
1991,1,290283,1,3,3,1,1,1,3,4,1,3,1986,2,2
1991,1,290284,1,5,5,2,1,1,3,4,2,3,1981,1,2
1991,1,290285,6,1,1,1,1,1,3,4,1,3,1981,2,2
1991,1,290286,6,2,2,1,1,1,3,4,2,3,1985,1,2
1991,1,290287,1,2,2,2,1,1,3,4,2,3,1991,1,2
1991,1,290288,1,2,2,2,1,1,3,4,2,3,1981,2,2
1991,2,290288,1,2,2,2,1,1,3,4,2,3,1990,2,2
1991,1,290289,1,2,2,2,1,1,3,4,2,3,1985,2,2
1991,2,290289,1,2,3,2,1,1,3,4,2,3,1986,2,2
1991,3,290289,1,2,2,2,1,1,3,4,2,3,1973,2,2
1991,1,290290,7,2,2,2,4,1,3,1,1,3,1991,2,2
1991,2,290290,1,2,3,2,1,1,3,4,2,3,1990,2,2
1991,1,290292,2,3,3,1,1,1,3,4,1,3,1988,2,2
1991,1,290293,1,2,2,2,2,2,3,4,2,3,1981,2,2
1991,2,290293,1,3,3,2,1,1,3,4,2,3,1980,2,2
1991,1,290294,1,1,1,1,1,1,3,4,2,3,1982,2,2
1991,1,290295,6,2,2,2,1,1,3,4,2,3,1978,2,2
1991,2,290295,1,5,5,2,1,1,3,4,2,3,1980,2,2
1991,1,290296,1,2,2,1,1,1,3,4,1,3,1985,2,2
1991,1,290297,6,6,6,1,1,1,3,4,1,3,1972,2,2
1991,2,290297,1,2,2,2,1,1,3,4,2,3,1973,2,2
1991,1,290298,1,3,3,2,1,1,3,4,2,3,1990,1,1
1991,1,290299,7,1,1,2,4,1,3,1,1,3,1987,1,2
1991,1,290300,1,4,3,1,1,1,3,4,1,3,1982,1,2
1991,1,290301,7,3,3,2,4,2,3,2,1,3,1981,2,2
1991,1,290302,8,2,2,2,1,1,3,4,2,1,1982,2,2
1991,2,290302,1,3,3,2,1,1,3,4,2,3,1977,2,2
1991,1,290303,2,2,2,2,1,1,3,4,2,3,1982,2,2
1991,2,290303,1,5,5,2,1,1,3,4,2,3,1980,1,2
1991,1,290304,1,1,1,1,1,1,3,4,1,3,1982,1,2
1991,1,290305,1,2,2,1,1,1,3,4,1,3,1980,2,2
1991,1,290306,2,2,2,2,1,1,3,4,1,3,1975,2,2
1991,2,290306,1,2,2,2,1,1,3,4,2,3,1981,2,2
1991,1,290307,1,2,2,2,1,1,3,4,2,3,1979,2,2
1991,2,290307,1,2,2,2,1,1,3,4,2,3,1985,2,2
1991,1,290308,1,2,2,2,2,2,3,4,1,3,1975,1,2
1991,1,290309,5,2,2,2,1,1,3,4,2,3,1969,2,2
1991,2,290309,1,3,3,2,1,1,3,4,2,3,1984,2,2
1991,1,290310,2,2,2,1,1,1,3,4,1,3,1985,2,2
1991,1,290311,6,2,2,2,1,1,3,4,2,3,1988,2,2
1991,2,290311,2,2,3,2,1,1,3,4,2,3,1980,1,2
1991,1,290312,2,6,5,1,1,1,3,4,1,3,1979,2,2
1991,1,290313,1,2,2,2,1,1,3,4,2,3,1987,1,1
1991,1,290314,6,3,2,1,1,2,3,4,2,3,1979,1,2
1991,2,290314,1,2,2,2,1,1,3,4,2,3,1989,2,2
1991,1,290315,1,4,4,1,1,1,3,4,1,3,1987,1,2
1991,1,290316,1,2,2,2,1,1,3,4,1,3,1985,2,2
1991,1,290317,4,2,2,2,1,1,3,4,2,3,1986,2,2
1991,2,290317,1,5,5,2,1,1,3,4,2,3,1983,2,2
1991,1,290318,1,2,2,2,3,3,3,4,1,3,1978,2,2
1991,2,290318,1,3,3,2,1,1,3,4,2,3,1985,2,2
1991,1,290319,7,2,2,2,4,2,3,2,2,3,1989,2,2
1991,1,290320,7,2,2,2,4,2,3,2,1,3,1988,2,2
1991,1,290321,2,6,6,2,2,2,3,4,2,3,1975,1,2
1991,1,290322,2,2,2,2,1,1,3,4,2,3,1985,2,2
1991,1,290323,2,5,5,2,1,1,3,4,1,3,1973,1,2
1991,1,290324,2,2,2,2,1,1,3,4,1,3,1991,1,2
1991,1,290325,4,2,2,1,1,1,3,4,2,3,1990,1,2
1991,1,290326,6,2,2,2,1,1,3,4,2,3,1972,2,2
1991,2,290326,3,2,2,1,1,1,3,4,2,3,1991,2,2
1991,1,290327,9,2,2,2,1,1,3,4,1,3,1987,2,2
1991,1,290328,1,3,3,2,1,1,3,4,1,3,1980,1,2
1991,1,290329,2,1,1,1,1,1,3,4,1,3,1986,1,2
1991,1,290330,1,3,3,2,1,1,3,4,2,3,1984,1,2
1991,2,290330,1,2,2,2,1,1,3,4,2,3,1989,2,2
1991,1,290331,9,7,7,2,3,3,3,4,2,3,9999,2,2
1991,1,290332,1,2,2,2,1,1,3,4,2,3,1979,2,2
1991,1,290333,2,2,2,2,1,1,3,4,2,3,1983,2,2
1991,1,290334,2,3,3,1,1,1,3,4,1,3,1986,1,2
1991,1,290335,1,2,2,2,2,2,3,4,2,3,1982,2,2
1991,2,290335,1,5,5,2,1,1,3,4,2,3,1988,2,2
1991,3,290335,1,2,2,2,1,1,3,4,2,3,1988,2,2
1991,1,290336,7,2,2,2,4,1,3,1,1,3,1978,2,2
1991,1,290337,1,3,3,2,1,1,3,4,1,3,1989,2,2
1991,2,290337,1,2,4,2,1,1,3,4,2,3,1983,2,2
1991,3,290337,1,2,2,2,1,1,3,4,2,3,1988,2,2
1991,1,290338,1,2,2,2,1,1,3,4,2,3,1984,2,2
1991,2,290338,1,5,5,2,1,1,3,4,2,3,1986,1,2
1991,1,290339,1,1,1,1,1,1,3,4,2,3,1986,1,2
1991,1,290340,1,2,2,2,1,1,3,4,2,3,1983,1,2
1991,1,290341,3,3,4,2,1,1,3,4,2,3,1978,1,2
1991,2,290341,7,2,2,2,4,1,3,1,2,3,1986,2,2
1991,3,290341,1,2,5,2,1,1,3,4,2,3,1984,2,2
1991,1,290342,1,3,2,2,1,1,3,4,2,3,1986,2,2
1991,2,290342,1,2,2,2,1,1,3,4,2,3,1991,2,2
1991,1,290343,1,6,6,1,1,1,3,4,1,3,1987,2,2
1991,1,290344,3,2,2,1,1,1,3,4,1,3,1985,2,2
1991,1,290345,1,2,6,2,1,1,3,4,1,3,1987,2,2
1991,1,290346,3,2,2,1,1,1,3,4,1,3,1980,2,2
1991,2,290346,6,2,2,2,1,1,3,4,2,3,1970,2,2
1991,1,290347,1,5,5,2,2,2,3,4,2,3,1979,2,2
1991,2,290347,2,2,2,2,1,1,3,4,2,3,1983,2,2
1991,1,290348,1,6,6,1,1,1,3,4,2,3,1989,2,2
1991,1,290349,1,2,2,1,1,1,3,4,1,3,1980,1,2
1991,1,290350,2,3,4,2,2,2,3,4,1,3,1985,2,2
1991,1,290351,1,4,3,1,1,1,3,4,2,3,1989,2,2
1991,1,290352,1,2,2,2,1,1,3,4,2,3,1988,1,2
1991,2,290352,6,4,4,2,2,2,3,4,2,3,1985,2,2
1991,1,290353,1,3,5,2,1,1,3,4,2,3,1984,1,2
1991,2,290353,6,2,2,2,1,1,3,4,2,3,1991,2,2
1991,1,290354,1,3,2,1,1,1,3,4,1,3,1982,1,2
1991,1,290355,2,2,2,2,1,1,3,4,2,3,1983,2,2
1991,1,290356,1,4,4,2,2,2,3,4,2,3,1986,1,2
1991,1,290358,1,2,5,2,1,1,3,4,2,3,1982,2,2
1991,2,290358,6,2,2,2,1,1,3,4,2,3,1976,2,2
1991,3,290358,1,2,2,2,1,1,3,4,2,3,1980,2,2
1991,1,290359,1,2,2,2,1,1,3,4,2,3,1975,2,1
1991,2,290359,2,4,4,2,1,1,3,4,2,3,1989,2,2
1991,3,290359,2,2,2,1,1,1,3,4,2,3,1989,2,2
1991,4,290359,1,2,2,2,1,1,3,4,2,3,1985,2,2
1991,1,290360,2,2,2,2,1,1,3,4,1,3,1988,1,2
1991,2,290360,1,2,2,2,1,1,3,4,2,3,1976,2,2
1991,1,290361,1,2,2,1,1,1,3,4,1,3,1980,2,2
1991,1,290362,1,2,2,1,1,1,3,4,2,3,1990,1,2
1991,1,290363,1,2,2,2,1,1,3,4,1,3,1987,1,2
1991,1,290364,1,1,1,1,1,1,3,4,1,3,1986,1,2
1991,1,290365,1,2,2,1,1,1,3,4,2,3,1990,1,2
1991,2,290365,2,5,5,1,1,1,3,4,2,3,1979,2,2
1991,1,290366,1,6,2,2,1,1,3,4,1,3,1983,2,2
1991,1,290367,1,2,2,2,1,1,3,4,2,3,1988,2,2
1991,2,290367,3,6,6,1,1,1,3,4,2,3,1977,2,2
1991,1,290368,2,2,2,1,1,1,3,4,1,3,1988,2,2
1991,1,290369,1,2,2,2,1,1,3,4,2,3,1976,2,2
1991,2,290369,7,2,2,2,4,2,3,2,2,3,1971,2,2
1991,1,290370,2,3,3,2,1,1,3,4,2,3,1967,1,2
1991,1,290371,6,2,2,1,1,1,3,4,1,3,1978,1,2
1991,2,290371,3,2,6,2,1,1,3,4,2,3,1987,2,2
1991,1,290372,6,2,5,2,1,1,3,4,2,3,1991,2,2
1991,2,290372,1,2,2,2,1,1,3,4,2,3,1977,2,2
1991,1,290373,2,5,5,2,1,1,3,4,1,3,1977,2,2
1991,1,290374,1,2,2,2,1,1,3,4,2,3,1975,2,2
1991,1,290375,1,3,2,1,1,1,3,4,2,3,1978,2,2
1991,1,290376,1,2,2,2,1,1,3,4,2,3,1982,1,2
1991,2,290376,1,2,2,2,1,1,3,4,2,3,1967,2,2
1991,1,290377,7,5,5,2,4,2,3,2,2,3,1988,2,2
1991,2,290377,1,2,2,2,1,1,3,4,2,3,1986,2,2
1991,1,290378,7,2,2,2,4,2,3,2,1,3,1986,1,2
1991,1,290379,3,2,2,1,1,1,3,4,1,3,1985,1,2
1991,1,290380,1,6,2,2,1,1,3,4,2,3,1987,1,2
1991,1,290381,2,2,2,2,1,1,3,4,2,3,1988,2,2
1991,2,290381,1,3,3,2,1,1,3,4,2,3,1978,1,2
1991,1,290382,7,2,2,2,4,1,3,1,2,3,1979,1,2
1991,2,290382,6,2,2,2,1,1,3,4,2,3,1969,2,2
1991,3,290382,1,2,2,2,1,1,3,4,2,3,1981,2,2
1991,1,290383,1,2,6,2,1,1,3,4,2,3,1984,2,2
1991,2,290383,4,2,2,2,1,1,3,4,2,3,1983,2,2
1991,1,290384,7,1,1,2,4,1,3,1,1,3,1979,2,2
1991,1,290385,2,3,3,1,1,1,3,4,2,3,1980,2,2
1991,1,290386,1,3,3,1,1,1,3,4,1,3,1976,2,2
1991,1,290387,1,2,2,2,1,1,3,4,1,3,1973,1,2
1991,2,290387,1,2,2,2,1,1,3,4,2,3,1991,2,2
1991,1,290388,2,2,2,2,1,1,3,4,2,3,1987,1,2
1991,1,290389,3,3,3,1,1,1,3,4,2,3,1984,1,2
1991,1,290390,1,3,5,1,1,1,3,4,1,3,1983,2,2
1991,1,290391,6,2,2,1,1,1,3,4,2,3,1990,1,2
1991,1,290392,1,2,2,1,1,1,3,4,1,3,1989,2,2
1991,1,290393,1,2,2,2,1,1,3,4,2,3,1981,2,2
1991,2,290393,2,2,2,2,1,1,3,4,2,3,1989,2,2
1991,1,290394,1,2,2,2,1,1,3,4,2,3,1988,2,2
1991,2,290394,1,2,2,2,1,1,3,4,2,3,1974,1,2
1991,1,290395,3,1,1,2,1,1,3,4,2,3,1991,1,2
1991,1,290396,2,2,2,2,1,1,3,4,2,3,1968,2,2
1991,2,290396,1,5,5,1,1,1,3,4,2,3,1990,2,2
1991,1,290397,2,2,2,2,1,1,3,4,2,3,1986,2,2
1991,1,290399,1,2,2,1,2,2,3,4,2,3,1980,1,1
1991,1,290400,1,2,2,1,1,1,3,4,1,3,1978,1,2
1991,1,290401,1,2,5,2,1,1,3,4,1,3,1989,2,2
1991,1,290402,1,5,5,1,1,1,3,4,1,3,1977,2,2
1991,1,290403,1,5,5,2,1,1,3,4,2,3,1988,2,2
1991,2,290403,4,2,2,2,1,1,3,4,2,3,1990,2,2
1991,1,290404,2,2,2,2,1,1,3,4,2,3,1979,1,2
1991,2,290404,1,4,4,2,1,1,3,4,2,3,1981,2,2
1991,1,290405,4,2,2,2,1,1,3,4,1,3,1990,2,2
1991,2,290405,1,5,5,2,1,1,3,4,2,3,1988,1,2
1991,1,290406,7,2,2,2,4,2,3,2,2,3,1979,1,2
1991,1,290407,1,2,2,1,1,1,3,4,1,3,1983,2,2
1991,1,290408,1,2,2,1,1,1,3,4,1,3,1986,2,2
1991,1,290409,6,2,2,2,1,1,3,4,2,3,1975,2,2
1991,2,290409,2,2,2,2,1,1,3,4,2,3,1983,1,2
1991,1,290410,1,5,5,2,1,1,3,4,1,3,1983,2,2
1991,1,290411,4,1,1,1,1,1,3,4,2,3,1976,2,2
1991,1,290412,7,2,2,2,4,1,3,1,2,3,1977,1,2
1991,1,290413,1,5,5,2,1,1,3,4,2,3,1979,1,2
1991,2,290413,2,2,2,2,1,1,3,4,2,3,1975,2,2
1991,1,290414,1,2,2,2,2,2,3,4,2,3,1984,2,2
1991,1,290415,7,2,2,2,4,2,3,2,1,3,1982,1,2
1991,1,290416,1,5,5,2,1,1,3,4,2,3,1983,2,2
1991,2,290416,1,2,2,2,1,1,3,4,1,3,1977,2,2
1991,1,290417,1,2,2,2,1,1,3,4,2,3,1978,2,2
1991,1,290418,1,2,2,2,1,1,3,4,2,3,1987,2,2
1991,1,290419,7,2,2,2,4,1,3,1,1,3,1986,2,2
1991,1,290420,1,5,5,2,1,1,3,4,1,3,1981,2,2
1991,2,290420,6,4,4,2,1,1,3,4,2,3,1977,2,2
1991,1,290421,1,2,2,1,1,1,3,4,2,3,1981,1,2
1991,1,290422,2,2,2,2,1,1,3,4,2,3,1984,2,2
1991,2,290422,1,2,2,2,1,1,3,4,2,3,1984,2,2
1991,1,290423,1,2,2,2,1,1,3,4,2,3,1986,2,2
1991,2,290423,4,2,2,2,1,1,3,4,2,3,1985,2,2
1991,1,290424,1,2,2,1,1,1,3,4,1,3,1979,1,2
1991,1,290425,4,2,2,2,1,1,3,4,2,3,1983,2,2
1991,1,290426,1,3,3,1,1,1,3,4,1,3,1991,2,2
1991,1,290427,7,2,2,2,4,1,3,1,1,3,1980,2,2
1991,2,290427,1,3,3,2,1,1,3,4,2,3,1990,2,2
1991,1,290428,1,5,5,1,1,1,3,4,1,3,1989,2,2
1991,1,290429,4,2,2,2,1,1,3,4,2,3,1987,1,2
1991,1,290430,2,2,2,1,1,1,3,4,1,3,1986,1,2
1991,1,290431,6,2,2,2,1,1,3,4,2,3,1990,2,2
1991,2,290431,1,3,3,1,1,1,3,4,1,3,1982,1,2
1991,1,290432,2,2,2,1,1,1,3,4,2,3,1991,1,2
1991,1,290433,6,2,2,1,1,1,3,4,2,3,1983,2,2
1991,2,290433,4,5,5,2,1,1,3,4,2,3,1984,1,2
1991,1,290434,1,2,2,2,1,1,3,4,1,3,1985,1,2
1991,2,290434,1,5,5,2,1,1,3,4,2,3,1977,2,2
1991,1,290435,1,2,2,1,1,1,3,4,2,3,1984,2,2
1991,1,290436,6,1,1,1,1,1,3,4,1,3,1990,1,2
1991,1,290437,6,2,2,1,1,1,3,4,2,3,1980,2,2
1991,2,290437,2,3,6,2,1,1,3,4,2,3,1986,2,2
1991,1,290438,1,2,2,1,1,1,3,4,2,3,1984,1,2
1991,1,290439,1,6,6,2,3,3,3,4,2,3,9999,2,2
1991,1,290440,1,1,1,1,1,1,3,4,1,3,1978,2,2
1991,1,290441,1,2,2,2,1,1,3,4,2,3,1977,1,2
1991,2,290441,1,2,2,2,1,1,3,4,2,3,1985,2,2
1991,1,290442,1,2,2,2,1,1,3,4,2,3,1989,2,2
1991,1,290443,1,2,2,1,2,2,3,4,1,3,1981,1,2
1991,1,290444,1,2,2,2,1,1,3,4,1,3,1980,1,2
1991,1,290445,1,2,2,1,1,1,3,4,1,3,1980,1,2
1991,1,290446,3,5,3,1,1,1,3,4,1,3,1991,1,2
1991,1,290447,4,2,2,2,1,1,3,4,2,3,1986,1,2
1991,2,290447,1,2,2,1,1,1,3,4,2,3,1991,2,2
1991,1,290448,2,2,2,2,2,2,3,4,2,3,1990,1,2
1991,1,290449,3,2,2,1,1,1,3,4,1,3,1989,2,1
1991,1,290450,1,3,3,2,1,1,3,4,2,3,1986,1,2
1991,2,290450,1,2,2,2,1,1,3,4,2,3,1980,2,2
1991,1,290451,1,3,3,1,1,1,3,4,1,3,1989,2,2
1991,1,290452,1,5,2,2,1,1,3,4,2,3,1989,2,2
1991,2,290452,2,2,2,2,1,1,3,4,2,3,1989,2,2
1991,1,290453,1,2,6,1,1,1,3,4,2,3,1979,1,2
1991,1,290454,1,3,3,1,1,1,3,4,1,3,1982,1,2
1991,1,290455,7,2,2,2,4,2,3,2,2,3,1980,1,2
1991,1,290456,3,6,6,1,1,1,3,4,2,3,1984,1,2
1991,1,290457,9,1,1,1,1,1,3,4,2,3,9999,2,2
1991,1,290458,1,3,3,2,2,2,3,4,1,3,1975,1,2
1991,1,290459,7,2,2,2,4,2,3,2,2,3,1973,2,2
1991,2,290459,3,2,2,2,1,1,3,4,2,3,1988,2,2
1991,1,290460,9,1,1,2,1,1,3,4,2,3,9999,2,2
1991,1,290461,9,2,2,2,3,3,3,4,2,3,9999,1,2
1991,1,290462,2,3,3,2,1,1,3,4,2,3,1973,2,2
1991,2,290462,1,5,2,2,1,1,3,4,2,3,1967,2,2
1991,3,290462,6,2,2,1,1,1,3,4,2,3,1984,2,2
1991,1,290463,2,2,2,2,1,1,3,4,2,3,1984,1,2
1991,1,290464,1,2,2,2,1,1,3,4,2,3,1986,2,2
1991,2,290464,1,3,2,2,1,1,3,4,2,3,1979,2,2
1991,3,290464,1,5,5,1,1,1,3,4,2,3,1989,2,2
1991,1,290465,7,2,2,2,4,1,3,1,2,3,1991,2,2
1991,2,290465,1,3,3,2,1,1,3,4,2,3,1991,2,2
1991,1,290466,4,2,2,2,1,1,3,4,2,3,1990,2,2
1991,2,290466,1,5,5,2,1,1,3,4,2,3,1988,1,2
1991,1,290467,2,2,2,2,1,1,3,4,2,3,1980,2,2
1991,2,290467,1,5,5,2,1,1,3,4,2,3,1990,1,2
1991,1,290468,1,2,2,2,2,2,3,4,1,3,1980,1,2
1991,1,290469,1,2,2,2,1,1,3,4,2,3,1988,1,2
1991,2,290469,7,5,5,2,4,2,3,2,2,3,1951,2,2
1991,1,290470,7,2,2,2,4,1,3,1,2,3,1983,2,2
1991,2,290470,1,2,2,2,1,1,3,4,2,3,1981,2,2
1991,1,290471,6,2,2,2,1,1,3,4,2,3,1988,2,2
1991,2,290471,2,2,2,2,1,1,3,4,2,3,1980,1,2
1991,1,290472,2,1,1,1,1,1,3,4,1,3,1977,1,2
1991,1,290473,6,2,2,2,1,1,3,4,2,3,1987,2,2
1991,1,290474,1,2,2,2,1,1,3,4,1,3,1987,1,2
1991,1,290475,1,3,3,2,1,1,3,4,1,3,1990,2,2
1991,1,290476,6,2,2,2,1,1,3,4,2,3,1991,2,2
1991,1,290477,1,2,2,2,1,1,3,4,2,3,1985,1,2
1991,1,290478,1,1,1,1,1,1,3,4,2,3,1986,1,2
1991,1,290479,6,2,3,2,1,1,3,4,2,3,1978,1,2
1991,2,290479,1,5,4,2,1,1,3,4,2,3,1990,2,2
1991,3,290479,6,5,5,2,1,1,3,4,2,3,1991,2,2
1991,4,290479,1,2,2,2,1,1,3,4,2,3,1985,2,2
1991,1,290480,2,2,2,1,1,1,3,4,1,3,1987,1,2
1991,1,290481,4,2,3,2,1,1,3,4,2,3,1990,1,2
1991,2,290481,1,2,2,2,1,1,3,4,2,3,1980,2,2
1991,3,290481,1,2,2,2,1,1,3,4,2,3,1989,2,2
1991,1,290482,1,3,3,2,1,1,3,4,2,3,1988,2,2
1991,2,290482,1,2,2,2,1,1,3,4,1,3,1979,2,2
1991,1,290483,2,6,3,1,2,2,3,4,2,3,1981,1,2
1991,1,290484,2,2,2,2,1,1,3,4,2,3,1988,1,2
1991,1,290485,2,2,2,1,1,1,3,4,2,3,1984,1,2
1991,1,290486,1,2,2,1,1,1,3,4,1,3,1976,1,2
1991,1,290487,1,2,2,2,1,1,3,4,2,3,1984,2,2
1991,1,290488,1,5,5,2,1,1,3,4,1,3,1982,2,2
1991,2,290488,1,2,2,2,1,1,3,4,2,3,1986,2,2
1991,1,290489,1,2,2,1,1,1,3,4,1,3,1984,1,2
1991,1,290490,1,2,3,1,1,1,3,4,1,3,1988,2,2
1991,1,290491,6,2,2,2,1,1,3,4,2,3,1976,2,2
1991,2,290491,1,2,2,2,1,1,3,4,2,3,1988,1,2
1991,1,290492,1,2,2,1,1,1,3,4,2,3,1978,1,2
1991,1,290493,1,2,2,2,1,1,3,4,2,3,1986,1,2
1991,2,290493,1,2,2,2,1,1,3,4,2,3,1972,2,2
1991,1,290494,1,5,5,2,1,1,3,4,1,3,1982,2,2
1991,1,290495,1,2,5,2,1,1,3,4,2,3,1984,1,2
1991,2,290495,6,3,3,2,1,1,3,4,2,3,1973,2,2
1991,1,290496,1,2,2,2,1,1,3,4,2,3,1975,1,2
1991,1,290497,1,2,4,1,1,1,3,4,1,3,1987,2,2
1991,1,290498,1,2,2,2,1,1,3,4,2,3,1985,1,1
1991,1,290499,3,2,2,1,1,1,3,4,1,3,1991,1,2
1991,1,290500,7,1,1,2,4,1,3,1,2,3,1982,1,2
1991,1,290501,1,1,1,1,1,1,3,4,1,3,1988,2,2
1991,1,290502,3,1,1,1,1,1,3,4,2,3,1985,1,2
1991,1,290503,2,6,2,1,1,1,3,4,1,3,1986,1,2
1991,1,290504,1,3,3,2,1,1,3,4,2,3,1982,1,1
1991,1,290505,1,2,2,2,1,1,3,4,1,3,1983,2,1
1991,2,290505,1,2,2,2,1,1,3,4,2,3,1987,2,2
1991,1,290506,1,2,2,2,1,1,3,4,2,3,1977,2,2
1991,1,290507,2,3,3,2,1,1,3,4,2,3,1988,1,2
1991,2,290507,1,2,2,2,1,1,3,4,2,3,1983,2,2
1991,1,290508,3,5,5,2,1,1,3,4,2,3,1986,1,2
1991,1,290509,1,3,3,1,1,1,3,4,2,3,1978,1,2
1991,1,290510,7,3,3,2,4,2,3,2,1,3,1978,2,2
1991,1,290511,2,2,2,2,1,1,3,4,2,3,1979,1,2
1991,2,290511,1,3,3,2,1,1,3,4,2,3,1988,2,2
1991,1,290512,1,2,2,1,1,1,3,4,1,3,1989,2,2
1991,1,290513,1,2,2,2,1,1,3,4,1,3,1968,1,2
1991,1,290514,1,5,3,2,1,1,3,4,1,3,1978,1,2
1991,1,290515,2,2,2,2,1,1,3,4,2,3,1991,2,2
1991,2,290515,1,2,2,2,1,1,3,4,1,3,1984,2,2
1991,1,290516,1,2,2,2,1,1,3,4,1,3,1986,2,2
1991,1,290517,2,2,2,2,1,1,3,4,2,3,1990,2,2
1991,2,290517,4,2,2,1,1,1,3,4,2,3,1954,1,2
1991,1,290518,2,5,6,1,1,1,3,4,1,3,1989,1,2
1991,1,290519,1,1,1,1,1,1,3,4,1,3,1989,2,2
1991,1,290520,1,2,2,2,1,1,3,4,2,3,1985,1,2
1991,1,290521,3,3,2,2,1,1,3,4,2,3,1978,1,2
1991,1,290522,1,2,5,2,1,1,3,4,2,3,1975,2,2
1991,2,290522,1,2,2,2,1,1,3,4,2,3,1990,2,2
1991,3,290522,1,2,2,2,1,1,3,4,2,3,1988,2,2
1991,1,290523,3,2,2,1,1,1,3,4,2,3,1977,1,2
1991,1,290524,1,3,3,2,1,1,3,4,1,3,1983,2,2
1991,1,290525,1,2,2,2,1,1,3,4,2,3,1985,2,2
1991,1,290526,3,2,2,2,1,1,3,4,2,3,1985,1,2
1991,2,290526,1,5,5,2,1,1,3,4,2,3,1986,2,2
1991,1,290527,2,6,2,2,2,2,3,4,2,3,1991,1,2
1991,1,290528,6,2,2,2,1,1,3,4,2,3,1987,2,2
1991,2,290528,1,2,2,2,1,1,3,4,2,3,1982,1,2
1991,1,290529,1,2,2,1,1,1,3,4,1,3,1979,2,2
1991,1,290530,6,3,3,2,1,1,3,4,2,3,1980,1,2
1991,1,290531,2,2,2,1,1,1,3,4,2,3,1984,1,2
1991,1,290532,1,2,2,2,2,2,3,4,1,3,1978,2,2
1991,2,290532,1,5,2,2,1,1,3,4,2,3,1986,2,2
1991,3,290532,1,2,2,2,1,1,3,4,2,3,1984,2,2
1991,1,290533,1,2,2,2,1,1,3,4,1,3,1979,1,2
1991,1,290534,1,5,5,2,1,1,3,4,2,3,1991,2,2
1991,2,290534,1,2,2,1,1,1,3,4,2,3,1982,2,2
1991,1,290535,1,6,6,2,1,1,3,4,2,3,1987,1,2
1991,1,290536,1,2,2,2,3,3,3,4,1,3,9999,1,2
1991,1,290537,4,5,5,2,1,1,3,4,2,3,1985,1,2
1991,1,290538,6,2,5,2,1,1,3,4,2,3,1983,1,2
1991,2,290538,1,5,3,2,1,1,3,4,2,3,1983,2,2
1991,3,290538,7,2,2,2,4,1,3,1,2,3,1988,2,2
1991,1,290539,1,2,2,2,2,2,3,4,2,3,1980,1,2
1991,2,290539,6,3,3,2,1,1,3,4,2,3,1985,2,2
1991,1,290540,3,1,1,2,1,1,3,4,2,3,1977,1,2
1991,1,290541,1,2,2,2,1,1,3,4,2,3,1987,2,2
1991,2,290541,2,2,2,2,1,1,3,4,2,3,1989,2,2
1991,1,290542,7,2,2,2,4,1,3,1,1,3,1982,2,2
1991,1,290543,1,2,2,1,1,1,3,4,1,3,1981,1,2
1991,1,290544,2,2,2,2,1,1,3,4,2,3,1975,2,2
1991,2,290544,2,2,2,2,1,1,3,4,2,3,1988,1,2
1991,1,290545,6,5,5,1,1,1,3,4,2,3,1973,1,2
1991,2,290545,3,2,2,2,1,1,3,4,2,3,1990,2,2
1991,1,290546,1,1,1,1,1,1,3,4,2,3,1984,1,2
1991,1,290547,2,1,1,1,1,1,3,4,2,3,1985,2,2
1991,1,290548,1,2,2,1,1,1,3,4,1,3,1985,2,2
1991,1,290549,1,1,1,1,1,1,3,4,1,3,1991,1,2
1991,1,290550,1,2,2,1,1,1,3,4,2,3,1981,1,2
1991,1,290551,1,2,2,1,1,1,3,4,2,3,1988,1,2
1991,1,290552,1,2,2,2,1,1,3,4,2,3,1990,2,2
1991,1,290553,2,2,2,2,1,1,3,4,2,3,1979,1,2
1991,1,290554,6,2,2,2,1,1,3,4,2,3,1990,2,2
1991,2,290554,1,2,2,2,1,1,3,4,1,3,1979,2,2
1991,1,290555,7,2,2,2,4,1,3,1,2,3,1971,2,2
1991,2,290555,1,2,2,2,1,1,3,4,2,3,1982,2,2
1991,1,290556,1,5,5,2,1,1,3,4,2,3,1988,1,2
1991,2,290556,6,2,2,2,1,1,3,4,2,3,1981,2,2
1991,1,290557,2,4,4,2,1,1,3,4,2,3,1986,1,2
1991,1,290558,2,2,6,1,1,1,3,4,2,3,1982,1,2
1991,1,290559,6,5,5,2,1,1,3,4,2,3,1985,2,2
1991,2,290559,2,2,2,2,1,1,3,4,2,3,1986,2,2
1991,1,290560,2,1,1,1,1,1,3,4,2,3,1986,2,2
1991,1,290561,2,2,2,1,2,2,3,4,2,3,1977,1,2
1991,1,290562,6,2,2,1,1,1,3,4,2,3,1991,1,2
1991,2,290562,1,5,5,2,1,1,3,4,2,3,1988,2,2
1991,3,290562,2,5,5,2,1,1,3,4,2,3,1986,2,2
1991,1,290563,1,2,2,2,1,1,3,4,2,3,1973,2,2
1991,2,290563,1,3,3,2,1,1,3,4,2,3,1986,2,2
1991,1,290564,1,2,2,2,2,2,3,4,2,3,1986,1,2
1991,2,290564,6,4,4,2,1,1,3,4,2,3,1974,2,2
1991,1,290565,1,3,3,2,2,2,3,4,2,3,1978,1,2
1991,2,290565,3,2,2,2,1,1,3,4,2,3,1980,2,2
1991,1,290566,1,2,2,2,2,2,3,4,2,3,1979,2,2
1991,2,290566,1,5,5,2,2,2,3,4,2,3,1989,2,2
1991,1,290567,1,2,2,2,1,1,3,4,2,3,1989,1,2
1991,1,290568,7,2,2,2,4,1,3,1,1,3,1991,2,2
1991,1,290569,2,5,2,2,1,1,3,4,2,3,1983,1,2
1991,1,290570,6,6,6,1,1,1,3,4,1,3,1984,2,2
1991,1,290571,2,2,2,2,1,1,3,4,1,3,1987,1,2
1991,1,290572,1,6,5,2,1,1,3,4,1,3,1977,1,2
1991,1,290573,1,2,2,1,1,1,3,4,2,3,1988,1,2
1991,2,290573,2,4,4,2,1,1,3,4,2,3,1989,2,2
1991,1,290574,2,3,3,2,1,1,3,4,2,3,1974,1,2
1991,2,290574,1,2,2,2,1,1,3,4,2,3,1985,2,2
1991,1,290575,2,2,2,1,1,1,3,4,2,3,1974,1,2
1991,1,290576,1,2,2,2,1,1,3,4,2,3,1986,1,2
1991,2,290576,6,4,4,2,1,1,3,4,2,3,1989,2,2
1991,1,290577,1,2,2,2,1,1,3,4,2,3,1980,2,2
1991,2,290577,3,3,3,1,1,1,3,4,1,3,1983,1,2
1991,1,290578,1,2,2,2,1,1,3,4,1,3,1990,1,2
1991,1,290579,1,2,2,2,1,1,3,4,2,3,1989,2,2
1991,2,290579,1,2,2,2,1,1,3,4,2,3,1978,2,2
1991,1,290580,6,2,2,2,1,1,3,4,2,3,1989,2,2
1991,2,290580,7,2,2,2,4,1,3,1,2,3,1985,2,2
1991,1,290581,2,2,2,2,1,1,3,4,2,3,1989,2,2
1991,2,290581,1,3,3,2,1,1,3,4,1,3,1981,2,2
1991,1,290582,1,1,1,1,1,1,3,4,1,3,1986,1,2
1991,1,290583,1,5,5,2,1,1,3,4,2,3,1990,2,2
1991,2,290583,6,2,2,2,1,1,3,4,2,3,1991,2,2
1991,1,290584,1,3,3,2,1,1,3,4,1,3,1966,1,2
1991,2,290584,8,2,2,2,1,1,3,4,2,1,1990,2,2
1991,1,290586,1,3,3,2,1,1,3,4,2,3,1987,1,2
1991,2,290586,1,2,2,2,1,1,3,4,2,3,1984,2,2
1991,1,290587,1,2,2,2,1,1,3,4,2,3,1985,1,2
1991,2,290587,1,4,2,2,1,1,3,4,2,3,1988,2,2
1991,3,290587,1,4,2,2,1,1,3,4,2,3,1988,2,2
1991,4,290587,3,4,4,2,1,1,3,4,2,3,1988,2,2
1991,1,290588,1,6,6,1,1,1,3,4,1,3,1990,2,2
1991,1,290589,1,1,1,1,2,2,3,4,2,3,1984,1,2
1991,1,290590,2,2,2,2,1,1,3,4,2,3,1990,1,2
1991,2,290590,1,4,2,2,1,1,3,4,2,3,1988,2,2
1991,3,290590,1,2,3,2,1,1,3,4,2,3,1989,2,2
1991,4,290590,2,2,2,2,1,1,3,4,2,3,1986,2,2
1991,1,290591,2,2,2,2,1,1,3,4,1,3,1990,1,2
1991,1,290592,3,2,4,2,1,1,3,4,2,3,1974,2,2
1991,2,290592,1,2,4,2,1,1,3,4,2,3,1981,2,2
1991,3,290592,9,2,2,2,3,3,3,4,2,3,9999,1,2
1991,1,290593,1,2,2,1,1,1,3,4,1,3,1969,1,2
1991,1,290594,1,2,2,1,1,1,3,4,1,3,1984,1,2
1991,1,290595,1,5,5,1,1,1,3,4,2,3,1986,1,2
1991,1,290596,1,2,2,2,1,1,3,4,1,3,1970,1,2
1991,1,290597,1,2,2,2,1,1,3,4,2,3,1988,1,2
1991,1,290598,1,6,3,2,1,1,3,4,1,3,1983,1,2
1991,2,290598,1,2,2,2,1,1,3,4,2,3,1989,2,2
1991,1,290599,3,2,2,1,1,1,3,4,2,3,1988,2,2
1991,1,290600,2,6,2,2,2,2,3,4,1,3,1988,1,2
1991,1,290601,1,2,2,2,1,1,3,4,1,3,1980,1,2
1991,2,290601,1,2,2,1,1,1,3,4,2,3,1987,2,2
1991,1,290602,1,2,2,1,2,2,3,4,2,3,1978,1,2
1991,1,290603,2,2,2,2,1,1,3,4,2,3,1986,2,2
1991,2,290603,1,5,5,2,1,1,3,4,2,3,1984,2,2
1991,1,290604,2,2,2,1,1,1,3,4,2,3,1989,1,2
1991,1,290605,6,2,2,1,1,1,3,4,2,3,1975,2,2
1991,2,290605,4,5,5,2,1,1,3,4,2,3,1990,1,2
1991,1,290606,1,2,6,1,2,2,3,4,1,3,1981,1,2
1991,1,290607,2,2,2,2,1,1,3,4,1,3,1990,2,2
1991,2,290607,1,2,2,2,1,1,3,4,2,3,1984,2,2
1991,1,290608,2,2,2,2,1,1,3,4,2,3,1990,2,2
1991,2,290608,1,4,5,2,1,1,3,4,2,3,1985,2,2
1991,1,290609,1,2,2,2,1,1,3,4,2,3,1991,2,2
1991,1,290610,2,1,1,1,1,1,3,4,2,3,1977,1,2
1991,1,290611,6,2,2,1,1,2,3,4,1,3,1990,2,2
1991,2,290611,6,4,4,1,2,2,3,4,2,3,1971,2,2
1991,1,290612,2,6,6,1,2,2,3,4,1,3,1978,1,2
1991,1,290613,1,2,2,2,1,1,3,4,2,3,1979,2,2
1991,1,290614,4,1,1,1,1,1,3,4,2,3,1986,1,2
1991,1,290615,1,3,4,2,1,1,3,4,1,3,1986,2,2
1991,2,290615,1,2,2,2,1,1,3,4,2,3,1988,2,2
1991,1,290616,1,2,2,2,1,1,3,4,2,3,1987,1,2
1991,1,290617,1,2,2,1,1,1,3,4,2,3,1978,1,2
1991,1,290618,2,2,5,2,1,1,3,4,1,3,1989,1,2
1991,1,290619,2,2,2,2,1,1,3,4,2,3,1984,2,2
1991,2,290619,1,2,2,2,1,1,3,4,2,3,1985,2,2
1991,1,290620,1,2,2,2,1,1,3,4,1,3,1991,2,2
1991,2,290620,1,2,2,2,1,1,3,4,2,3,1990,2,2
1991,1,290621,2,2,2,2,1,1,3,4,2,3,1991,2,2
1991,1,290622,1,2,2,2,1,1,3,4,2,3,1986,2,2
1991,2,290622,1,5,5,2,1,1,3,4,2,3,1985,2,2
1991,1,290623,3,1,1,1,1,1,3,4,1,3,1985,2,2
1991,1,290624,3,2,2,1,1,1,3,4,1,3,1989,1,2
1991,1,290625,2,1,1,1,1,1,3,4,1,3,1990,2,2
1991,1,290626,6,5,5,1,1,1,3,4,2,3,1966,2,2
1991,2,290626,6,2,2,2,1,1,3,4,2,3,1979,2,2
1991,1,290627,1,5,5,2,1,1,3,4,2,3,1985,1,2
1991,2,290627,2,2,2,2,1,1,3,4,2,3,1975,2,2
1991,1,290628,1,3,3,2,2,2,3,4,1,3,1979,2,2
1991,1,290629,3,2,2,1,1,1,3,4,2,3,1987,2,2
1991,1,290630,1,2,2,2,1,1,3,4,1,3,1988,2,2
1991,2,290630,1,5,5,1,1,1,3,4,2,3,1983,2,2
1991,1,290631,1,2,2,2,1,1,3,4,2,3,1987,2,2
1991,1,290632,2,1,1,2,1,1,3,4,2,3,1985,2,2
1991,1,290633,1,2,2,2,1,1,3,4,2,3,1981,1,2
1991,2,290633,3,2,2,2,1,1,3,4,2,3,1988,2,2
1991,3,290633,1,6,6,2,1,1,3,4,2,3,1985,2,2
1991,1,290634,1,2,2,2,1,1,3,4,1,3,1979,1,2
1991,1,290635,1,2,2,2,2,2,3,4,1,3,1978,2,2
1991,1,290636,7,4,4,2,4,1,3,1,2,3,1983,2,2
1991,2,290636,2,2,2,2,1,1,3,4,2,3,1982,1,2
1991,1,290638,1,2,2,2,1,1,3,4,2,3,1990,1,2
1991,1,290639,2,2,2,1,2,2,3,4,2,3,1978,2,2
1991,2,290639,1,3,3,2,1,1,3,4,2,3,1982,2,2
1991,1,290640,1,5,5,1,1,1,3,4,2,3,1984,1,2
1991,1,290641,2,2,2,1,1,1,3,4,1,3,1991,2,2
1991,1,290642,3,1,1,1,1,1,3,4,1,3,1989,2,2
1991,1,290643,1,6,6,1,1,1,3,4,2,3,1987,1,2
1991,1,290644,9,2,2,2,3,3,3,4,2,3,9999,1,2
1991,1,290645,1,6,2,1,1,1,3,4,2,3,1985,2,1
1991,1,290646,6,2,2,2,1,1,3,4,2,3,1982,2,2
1991,2,290646,1,5,5,2,1,1,3,4,2,3,1990,2,2
1991,1,290647,1,2,2,2,2,2,3,4,1,3,1979,2,2
1991,2,290647,1,4,4,1,1,1,3,4,2,3,1987,2,2
1991,3,290647,1,5,5,2,1,1,3,4,2,3,1987,2,2
1991,1,290648,7,1,1,2,4,1,3,1,1,3,1985,1,2
1991,1,290649,1,2,3,1,2,2,3,4,1,3,1978,2,2
1991,1,290650,1,1,1,1,1,1,3,4,2,3,1980,1,2
1991,1,290651,1,2,2,2,1,1,3,4,1,3,1979,2,2
1991,2,290651,1,2,2,2,2,2,3,4,2,3,1986,2,2
1991,1,290652,2,2,2,2,1,1,3,4,2,3,1982,2,2
1991,2,290652,1,2,2,2,1,1,3,4,2,3,1979,2,2
1991,1,290653,2,6,6,2,1,1,3,4,2,3,1980,1,2
1991,1,290654,1,2,2,2,1,1,3,4,1,3,1970,1,2
1991,1,290655,1,2,2,2,1,1,3,4,2,3,1983,1,2
1991,1,290656,3,1,1,1,1,1,3,4,1,3,1951,1,2
1991,1,290657,1,2,2,1,1,1,3,4,1,3,1982,2,2
1991,1,290658,1,4,2,2,1,1,3,4,2,3,1981,2,2
1991,2,290658,2,2,2,2,1,1,3,4,2,3,1990,1,2
1991,3,290658,1,2,2,2,1,1,3,4,2,3,1987,2,2
1991,1,290659,1,2,2,2,1,1,3,4,2,3,1987,1,2
1991,2,290659,2,2,2,2,1,1,3,4,2,3,1984,2,2
1991,1,290660,9,4,4,1,1,1,3,4,2,3,1962,1,2
1991,1,290661,1,5,5,2,1,1,3,4,2,3,1975,1,2
1991,2,290661,6,2,2,1,1,1,3,4,2,3,1984,2,2
1991,1,290662,1,2,2,2,1,1,3,4,2,3,1988,2,2
1991,1,290663,1,3,3,2,1,1,3,4,2,3,1988,2,2
1991,2,290663,7,2,2,2,4,2,3,2,1,3,1981,1,2
1991,1,290664,1,6,6,1,1,1,3,4,1,3,1988,1,1
1991,1,290665,1,3,2,1,2,2,3,4,2,3,1983,2,2
1991,1,290666,1,2,2,2,1,1,3,4,2,3,1983,2,2
1991,2,290666,1,2,4,2,1,1,3,4,2,3,1987,2,2
1991,1,290667,1,1,1,1,1,1,3,4,2,3,1979,2,2
1991,1,290668,1,2,2,1,1,1,3,4,1,3,1981,1,2
1991,1,290669,1,2,2,2,1,1,3,4,1,3,1980,2,2
1991,2,290669,6,3,3,2,1,1,3,4,2,3,1987,2,2
1991,1,290670,1,5,5,2,1,1,3,4,1,3,1989,2,2
1991,1,290671,1,2,2,1,1,1,3,4,1,3,1979,2,2
1991,2,290671,1,5,5,2,1,1,3,4,1,3,1972,2,2
1991,1,290672,1,2,2,2,1,1,3,4,2,3,1990,2,2
1991,2,290672,1,2,2,1,1,1,3,4,2,3,1974,2,2
1991,1,290673,2,2,2,1,1,1,3,4,2,3,1991,1,2
1991,2,290673,1,2,2,2,1,1,3,4,2,3,1987,2,2
1991,1,290674,1,2,2,2,1,1,3,4,2,3,1986,1,2
1991,2,290674,2,4,4,2,1,1,3,4,2,3,1987,2,2
1991,1,290675,2,2,2,2,1,1,3,4,2,3,1980,2,2
1991,1,290676,1,2,2,1,1,1,3,4,2,3,1988,1,2
1991,1,290677,1,2,2,2,2,2,3,4,2,3,1988,1,2
1991,2,290677,1,2,2,2,1,1,3,4,2,3,1988,2,2
1991,3,290677,4,2,4,2,1,1,3,4,2,3,1990,2,2
1991,4,290677,1,2,2,2,1,1,3,4,2,3,1991,2,2
1991,1,290678,1,2,5,1,1,1,3,4,1,3,1988,1,2
1991,1,290679,2,2,2,2,1,1,3,4,2,3,1987,1,2
1991,1,290680,6,5,2,2,1,1,3,4,2,3,1989,2,2
1991,2,290680,6,5,5,2,1,1,3,4,2,3,1992,2,2
1991,1,290681,7,1,1,2,4,2,3,2,2,3,1979,2,2
1991,1,290682,1,2,2,2,1,1,3,4,2,3,1990,2,2
1991,1,290683,1,2,2,2,2,2,3,4,2,3,1977,1,2
1991,1,290684,1,6,6,2,1,1,3,4,2,3,1977,1,2
1991,1,290685,1,5,5,2,1,1,3,4,2,3,1988,2,2
1991,2,290685,2,2,2,2,1,1,3,4,2,3,1991,2,2
1991,1,290686,2,2,2,2,2,2,3,4,2,3,1991,2,2
1991,1,290687,2,1,1,2,1,1,3,4,2,3,1973,2,2
1991,1,290688,2,5,5,2,1,1,3,4,2,3,1982,1,2
1991,2,290688,4,2,2,2,1,1,3,4,2,3,1986,2,2
1991,1,290689,1,2,5,2,1,1,3,4,2,3,1985,2,2
1991,2,290689,6,5,5,2,1,1,3,4,2,3,1988,2,2
1991,3,290689,6,2,2,2,1,1,3,4,2,3,1991,2,2
1991,1,290690,1,2,2,2,1,1,3,4,2,3,1982,2,2
1991,2,290690,1,2,2,2,1,1,3,4,2,3,1991,2,2
1991,1,290691,3,2,2,1,1,1,3,4,2,3,1991,1,2
1991,1,290692,2,6,6,2,1,1,3,4,2,3,1972,2,2
1991,1,290693,2,2,3,2,1,1,3,4,2,3,1989,1,2
1991,2,290693,4,4,4,2,3,3,3,4,2,3,1986,2,2
1991,3,290693,1,4,5,2,1,1,3,4,2,3,1984,2,2
1991,4,290693,5,2,2,2,3,3,3,4,2,3,1988,2,2
1991,5,290693,4,4,3,2,3,3,3,4,2,3,1979,2,2
1991,6,290693,5,4,2,2,3,3,3,4,2,3,1977,2,2
1991,1,290694,1,6,2,1,2,2,3,4,1,3,1978,1,2
1991,1,290695,2,5,2,2,1,1,3,4,2,3,1971,1,2
1991,1,290696,1,3,4,2,1,1,3,4,2,3,1984,2,2
1991,2,290696,2,5,2,2,1,1,3,4,2,3,1984,2,2
1991,3,290696,6,2,6,2,1,1,3,4,2,3,1990,2,2
1991,4,290696,9,4,4,2,3,3,3,4,2,3,9999,2,2
1991,1,290697,1,3,3,2,1,1,3,4,2,3,1968,2,2
1991,1,290698,2,2,2,2,1,1,3,4,2,3,1985,2,2
1991,2,290698,1,3,3,2,1,1,3,4,2,3,1978,1,2
1991,1,290699,2,2,2,1,1,1,3,4,2,3,1978,1,2
1991,2,290699,2,2,2,2,1,1,3,4,2,3,1987,2,2
1991,1,290700,1,2,2,2,1,1,3,4,2,3,1978,1,2
1991,1,290701,1,2,2,1,2,2,3,4,1,3,1988,1,2
1991,1,290702,1,2,2,2,1,1,3,4,2,3,1978,1,2
1991,2,290702,2,2,2,2,1,1,3,4,2,3,1985,1,2
1991,1,290703,2,2,2,2,1,1,3,4,1,3,1990,2,2
1991,2,290703,1,2,2,2,1,1,3,4,2,3,1981,2,2
1991,1,290704,2,5,2,2,1,1,3,4,1,3,1983,1,2
1991,1,290705,1,2,2,2,2,2,3,4,1,3,1985,1,2
1991,1,290706,2,2,2,1,1,1,3,4,2,3,1979,1,2
1991,1,290707,2,2,2,1,1,1,3,4,1,3,1991,2,2
1991,1,290708,1,2,2,2,1,1,3,4,2,3,1982,2,2
1991,1,290709,8,1,1,2,1,1,3,4,2,3,1986,2,2
1991,1,290710,2,5,2,2,2,2,3,4,2,3,1972,1,2
1991,1,290711,1,2,2,2,1,1,3,4,1,3,1977,1,2
1991,2,290711,1,4,4,2,1,1,3,4,2,3,1983,2,2
1991,1,290712,1,5,2,1,1,1,3,4,1,3,1986,2,2
1991,1,290713,2,1,1,1,1,1,3,4,2,3,1989,2,2
1991,1,290714,1,5,5,2,1,1,3,4,2,3,1986,1,2
1991,2,290714,2,2,2,2,1,1,3,4,2,3,1987,2,2
1991,1,290715,3,2,2,1,2,2,3,4,2,3,1992,2,2
1991,2,290715,6,2,2,2,1,1,3,4,2,3,1990,2,2
1991,1,290716,1,2,2,1,1,1,3,4,1,3,1985,1,2
1991,1,290717,1,2,2,2,1,1,3,4,2,3,1980,1,2
1991,2,290717,1,2,2,2,1,1,3,4,2,3,1975,2,2
1991,1,290718,7,1,1,2,4,2,3,2,2,3,1980,1,2
1991,1,290719,2,2,2,2,1,1,3,4,2,3,1988,2,2
1991,1,290720,1,2,4,2,1,1,3,4,1,3,1974,2,2
1991,1,290721,1,2,2,2,1,1,3,4,2,3,1986,1,2
1991,2,290721,6,2,2,1,1,1,3,4,2,3,1976,2,2
1991,1,290722,1,2,2,1,1,1,3,4,2,3,1991,1,2
1991,1,290723,1,2,2,1,1,1,3,4,1,3,1990,2,2
1991,1,290724,3,5,5,2,1,1,3,4,1,3,1991,2,2
1991,1,290725,1,2,2,2,1,1,3,4,2,3,1984,2,2
1991,1,290726,2,2,2,2,1,1,3,4,2,3,1985,1,2
1991,2,290726,6,2,2,2,1,1,3,4,2,3,1987,2,2
1991,3,290726,6,2,2,2,1,1,3,4,2,3,1985,2,2
1991,1,290727,2,5,5,1,1,1,3,4,2,3,1992,1,2
1991,2,290727,1,2,2,2,1,1,3,4,2,3,1989,2,2
1991,1,290728,6,6,6,1,1,1,3,4,1,3,1988,1,2
1991,1,290729,1,2,2,2,1,1,3,4,2,3,1989,1,2
1991,2,290729,6,2,2,1,1,1,3,4,2,3,1980,2,2
1991,1,290730,1,2,2,2,1,1,3,4,2,3,1988,2,2
1991,2,290730,6,2,2,2,1,1,3,4,2,3,1991,2,2
1991,1,290731,1,3,2,1,1,1,3,4,1,3,1970,1,2
1991,1,290732,4,2,2,2,1,1,3,4,2,3,1982,2,2
1991,1,290733,1,2,2,2,1,1,3,4,2,3,1986,2,2
1991,2,290733,1,2,2,2,1,1,3,4,2,3,1988,2,2
1991,1,290734,1,2,2,2,1,1,3,4,2,3,1988,1,2
1991,2,290734,1,2,2,2,1,1,3,4,2,3,1990,2,2
1991,1,290735,2,3,2,1,1,1,3,4,2,3,1989,1,2
1991,1,290736,1,2,2,2,1,1,3,4,2,3,1978,2,2
1991,1,290737,2,5,5,1,1,1,3,4,2,3,1978,1,2
1991,2,290737,1,2,2,2,1,1,3,4,2,3,1985,2,2
1991,1,290738,6,5,5,2,1,1,3,4,2,3,1978,2,2
1991,2,290738,2,2,2,2,1,1,3,4,1,3,1990,2,2
1991,1,290739,2,2,2,2,1,1,3,4,2,3,1978,2,2
1991,1,290740,1,5,5,2,1,1,3,4,2,3,1984,2,2
1991,1,290741,2,2,2,2,1,1,3,4,2,3,1988,1,2
1991,2,290741,1,3,3,2,1,1,3,4,2,3,1985,2,2
1991,1,290742,1,2,2,2,1,1,3,4,2,3,1988,2,2
1991,2,290742,1,3,3,2,1,1,3,4,1,3,1972,2,2
1991,1,290743,2,2,2,1,1,1,3,4,1,3,1984,1,2
1991,1,290744,1,2,2,2,1,1,3,4,1,3,1988,1,2
1991,1,290745,1,2,2,2,1,1,3,4,1,3,1982,2,2
1991,2,290745,1,2,2,2,1,1,3,4,2,3,1989,2,2
1991,1,290746,6,2,2,2,1,1,3,4,2,3,1974,2,2
1991,2,290746,3,3,3,2,1,1,3,4,1,3,1983,1,2
1991,1,290747,2,2,3,2,1,1,3,4,1,3,1987,1,2
1991,1,290748,3,2,2,2,1,1,3,4,2,3,1979,2,2
1991,2,290748,1,5,5,2,1,1,3,4,2,3,1985,2,2
1991,1,290749,1,2,2,1,2,2,3,4,1,3,1986,1,2
1991,1,290750,1,2,2,2,1,1,3,4,2,3,1971,1,2
1991,2,290750,1,2,2,2,1,1,3,4,2,3,1986,2,2
1991,1,290751,1,2,2,2,1,1,3,4,2,3,1983,2,2
1991,1,290752,1,2,2,2,1,1,3,4,2,3,1983,1,2
1991,1,290753,1,2,2,2,1,1,3,4,2,3,1988,2,2
1991,2,290753,1,4,2,2,1,1,3,4,2,3,1983,2,2
1991,3,290753,1,4,4,2,1,1,3,4,2,3,1988,2,2
1991,4,290753,8,2,2,2,1,1,3,4,2,3,1990,2,2
1991,1,290754,2,3,3,1,1,1,3,4,1,3,1985,2,2
1991,1,290755,6,2,2,2,1,1,3,4,2,3,1988,2,2
1991,2,290755,2,5,5,2,1,1,3,4,2,3,1991,1,2
1991,1,290756,6,2,2,2,1,1,3,4,2,3,1973,2,2
1991,2,290756,1,2,2,2,1,1,3,4,2,3,1991,2,2
1991,1,290757,2,1,1,2,1,1,3,4,2,3,1986,2,2
1991,1,290758,9,6,6,2,1,1,3,4,2,3,1982,1,2
1991,1,290759,1,6,2,1,1,1,3,4,1,3,1985,1,2
1991,1,290760,1,2,2,2,1,1,3,4,2,3,1985,2,2
1991,2,290760,1,5,5,2,1,1,3,4,2,3,1983,1,2
1991,1,290761,3,2,2,1,1,1,3,4,1,3,1981,2,2
1991,1,290762,1,2,2,1,1,1,3,4,2,3,1983,1,2
1991,1,290763,1,5,5,2,1,1,3,4,2,3,1989,2,2
1991,1,290764,1,2,2,2,1,1,3,4,2,3,1987,2,2
1991,1,290765,1,5,5,2,1,1,3,4,2,3,1985,2,2
1991,2,290765,1,3,4,2,1,1,3,4,2,3,1990,2,2
1991,3,290765,6,2,2,2,1,1,3,4,2,3,1987,2,2
1991,1,290766,6,2,2,1,1,1,3,4,2,3,1989,2,2
1991,2,290766,1,5,5,2,1,1,3,4,1,3,1985,2,2
1991,1,290767,2,2,2,2,1,1,3,4,1,3,1991,1,2
1991,1,290768,2,2,2,2,1,1,3,4,1,3,1988,1,2
1991,2,290768,2,2,2,2,2,2,3,4,1,3,1984,1,2
1991,1,290769,4,2,2,2,1,1,3,4,2,3,1987,1,2
1991,2,290769,6,2,2,2,1,1,3,4,2,3,1987,2,2
1991,3,290769,2,2,2,2,1,1,3,4,2,3,1988,2,2
1991,1,290770,1,2,2,2,1,1,3,4,2,3,1976,2,2
1991,1,290771,2,2,2,2,2,2,3,4,1,3,1986,2,2
1991,1,290772,2,2,2,2,1,1,3,4,1,3,1978,2,2
1991,1,290773,1,2,2,2,1,1,3,4,2,3,1982,2,2
1991,2,290773,6,4,4,2,1,1,3,4,2,3,1953,2,2
1991,1,290774,1,2,2,1,1,1,3,4,1,3,1984,2,2
1991,2,290774,1,2,2,2,1,1,3,4,2,3,1988,2,2
1991,1,290775,2,1,1,1,1,1,3,4,1,3,1991,2,2
1991,1,290776,2,1,1,1,2,2,3,4,1,3,1979,2,2
1991,1,290777,1,2,2,2,1,1,3,4,2,3,1987,1,2
1991,2,290777,1,4,4,2,3,3,3,4,2,3,1990,2,2
1991,1,290779,1,2,6,1,1,1,3,4,1,3,1990,2,2
1991,1,290780,8,2,3,2,1,1,3,4,1,1,1988,2,2
1991,2,290780,2,5,4,1,1,1,3,4,2,3,1986,1,2
1991,1,290781,6,2,2,2,1,1,3,4,2,3,1981,2,2
1991,2,290781,1,3,3,2,1,1,3,4,2,3,1974,2,2
1991,1,290782,1,2,2,1,1,1,3,4,1,3,1990,2,2
1991,1,290783,1,2,2,2,1,1,3,4,2,3,1985,1,2
1991,2,290783,2,2,2,2,1,1,3,4,2,3,1976,2,2
1991,1,290784,1,2,2,2,1,1,3,4,2,3,1976,1,2
1991,1,290785,1,6,6,1,1,1,3,4,2,3,1988,2,2
1991,1,290786,1,2,2,2,1,1,3,4,2,3,1984,2,2
1991,2,290786,2,2,2,2,1,1,3,4,2,3,1987,2,2
1991,1,290787,1,2,2,2,1,1,3,4,2,3,1987,1,2
1991,2,290787,2,2,2,2,1,1,3,4,2,3,1987,2,2
1991,1,290788,3,6,2,1,1,1,3,4,1,3,1983,1,2
1991,1,290789,1,2,3,2,1,1,3,4,2,3,1984,2,2
1991,2,290789,2,2,2,2,1,1,3,4,2,3,1990,2,2
1991,1,290790,1,3,3,2,1,1,3,4,2,3,1988,2,2
1991,2,290790,1,2,2,2,1,1,3,4,2,3,1977,2,2
1991,1,290791,1,2,2,2,1,1,3,4,2,3,1978,2,2
1991,2,290791,2,3,2,2,1,1,3,4,2,3,1984,1,2
1991,1,290792,2,2,2,2,1,1,3,4,1,3,1989,1,2
1991,1,290793,1,2,2,2,1,1,3,4,2,3,1984,2,2
1991,2,290793,1,3,2,2,1,1,3,4,2,3,1990,2,2
1991,1,290794,1,2,2,2,1,1,3,4,2,3,1983,2,2
1991,2,290794,1,2,2,2,1,1,3,4,2,3,1989,2,2
1991,1,290795,1,2,2,1,1,1,3,4,2,3,1988,1,1
1991,2,290795,1,2,2,2,1,1,3,4,2,3,1991,2,2
1991,1,290796,1,2,2,1,2,2,3,4,2,3,1973,2,2
1991,1,290797,1,2,2,2,1,1,3,4,2,3,1983,2,2
1991,1,290798,1,3,5,2,1,1,3,4,2,3,1983,2,2
1991,2,290798,1,2,2,2,1,1,3,4,2,3,1985,2,2
1991,3,290798,1,2,2,2,1,1,3,4,2,3,1988,2,2
1991,1,290799,3,2,2,2,1,1,3,4,2,3,1983,2,2
1991,1,290800,1,6,2,1,2,2,3,4,2,3,1980,1,1
1991,1,290801,1,2,2,2,1,1,3,4,2,3,1988,1,2
1991,2,290801,6,2,2,2,1,1,3,4,2,3,1987,2,2
1991,1,290802,1,2,2,2,3,3,3,4,2,3,1982,2,1
1991,1,290803,1,3,2,2,1,1,3,4,2,3,1988,2,2
1991,2,290803,1,2,4,2,1,1,3,4,2,3,1987,1,2
1991,1,290804,1,2,2,2,2,2,3,4,2,3,1981,1,2
1991,1,290805,2,2,2,2,1,1,3,4,2,3,1981,1,2
1991,2,290805,1,2,2,1,1,1,3,4,2,3,1988,2,2
1991,1,290806,1,2,2,2,1,1,3,4,2,3,1984,1,2
1991,1,290807,6,2,2,2,1,1,3,4,2,3,1975,1,2
1991,2,290807,2,3,3,2,1,1,3,4,2,3,1978,2,2
1991,1,290808,1,5,2,2,1,1,3,4,1,3,1990,2,2
1991,1,290809,1,1,1,1,1,1,3,4,1,3,1988,2,2
1991,1,290810,1,2,2,2,1,1,3,4,2,3,1987,2,2
1991,1,290811,1,2,2,2,1,1,3,4,1,3,1985,2,2
1991,2,290811,1,5,5,2,1,1,3,4,2,3,1989,2,2
1991,1,290812,1,2,2,2,1,1,3,4,2,3,1976,1,2
1991,1,290813,1,2,2,2,1,1,3,4,2,3,1991,2,2
1991,2,290813,1,2,2,2,1,1,3,4,2,3,1984,2,2
1991,1,290814,1,5,5,1,1,1,3,4,2,3,1981,2,2
1991,1,290815,6,2,2,2,1,1,3,4,2,3,1986,2,2
1991,2,290815,1,5,5,2,1,1,3,4,2,3,1986,2,2
1991,1,290816,2,2,2,1,1,1,3,4,1,3,1988,1,2
1991,1,290817,1,2,3,2,2,2,3,4,1,3,1977,2,2
1991,1,290818,1,2,2,2,1,1,3,4,2,3,1984,1,2
1991,2,290818,6,5,5,2,1,1,3,4,2,3,1990,2,2
1991,1,290819,1,5,4,2,2,2,3,4,1,3,1987,2,2
1991,1,290820,1,1,1,1,1,1,3,4,2,3,1986,1,2
1991,1,290821,1,2,2,2,1,1,3,4,2,3,1979,2,2
1991,2,290821,1,2,2,2,1,1,3,4,2,3,1981,2,2
1991,1,290822,3,2,2,2,2,2,3,4,1,3,1976,1,2
1991,1,290823,1,2,2,1,1,1,3,4,2,3,1986,1,2
1991,1,290824,1,3,5,1,1,1,3,4,2,3,1989,1,2
1991,1,290825,2,5,5,1,1,1,3,4,1,3,1987,2,2
1991,2,290825,1,3,3,2,1,1,3,4,2,3,1977,2,2
1991,1,290826,2,2,3,1,1,1,3,4,1,3,1991,2,2
1991,2,290826,1,2,2,2,1,1,3,4,2,3,1977,2,2
1991,3,290826,2,2,2,2,2,2,3,4,2,3,1981,2,2
1991,1,290827,4,1,1,1,1,1,3,4,1,3,1986,1,2
1991,1,290828,1,2,2,1,1,1,3,4,1,3,1988,2,2
1991,2,290828,1,2,2,2,1,1,3,4,2,3,1986,2,2
1991,1,290829,6,5,5,2,1,1,3,4,2,3,1987,2,2
1991,2,290829,2,2,2,1,1,1,3,4,2,3,1986,2,2
1991,1,290830,4,2,2,2,1,1,3,4,2,3,1989,2,2
1991,2,290830,6,2,6,1,1,1,3,4,2,3,1980,2,2
1991,1,290831,1,1,1,1,1,1,3,4,2,3,1990,2,2
1991,1,290832,2,2,2,2,1,1,3,4,2,3,1988,2,2
1991,2,290832,1,5,5,2,1,1,3,4,2,3,1992,1,2
1991,1,290833,2,2,2,1,1,1,3,4,1,3,1983,2,2
1991,1,290834,1,2,2,2,1,1,3,4,1,3,1970,1,2
1991,1,290835,1,4,4,1,1,1,3,4,1,3,1990,1,2
1991,1,290836,1,2,2,2,1,1,3,4,1,3,1985,2,2
1991,1,290837,2,2,2,2,1,1,3,4,1,3,1979,2,2
1991,2,290837,7,2,2,2,4,1,3,1,2,3,1974,2,2
1991,1,290838,1,2,2,2,1,1,3,4,2,3,1988,2,2
1991,2,290838,6,2,2,2,1,1,3,4,2,3,1984,2,2
1991,1,290839,1,2,2,1,1,1,3,4,1,3,1984,2,2
1991,2,290839,1,5,5,2,1,1,3,4,2,3,1984,2,2
1991,3,290839,1,6,4,2,1,1,3,4,2,3,1987,2,2
1991,4,290839,1,2,2,2,1,1,3,4,2,3,1989,2,2
1991,1,290840,1,5,2,1,1,1,3,4,1,3,1987,2,2
1991,1,290841,1,1,1,1,1,1,3,4,1,3,1982,2,2
1991,1,290842,1,2,2,2,2,2,3,4,1,3,1985,2,2
1991,2,290842,1,4,2,1,1,1,3,4,2,3,1984,2,2
1991,3,290842,6,2,2,2,1,1,3,4,2,3,1984,2,2
1991,1,290843,1,4,5,1,1,1,3,4,1,3,1983,2,2
1991,1,290844,1,5,5,2,1,1,3,4,1,3,1988,2,2
1991,1,290845,1,2,2,2,1,1,3,4,2,3,1989,2,2
1991,1,290846,4,2,2,2,1,1,3,4,2,3,1984,2,2
1991,1,290847,2,2,2,2,1,1,3,4,1,3,1987,2,2
1991,2,290847,1,5,3,2,1,1,3,4,2,3,1981,2,2
1991,1,290848,1,2,2,2,1,1,3,4,2,3,1984,2,2
1991,1,290849,1,3,3,2,1,1,3,4,2,3,1985,2,2
1991,2,290849,1,6,2,2,1,1,3,4,2,3,1984,2,2
1991,3,290849,1,4,4,2,1,1,3,4,2,3,1991,2,2
1991,1,290850,3,2,2,1,1,1,3,4,1,3,1986,2,2
1991,1,290851,1,2,6,1,1,1,3,4,2,3,1975,2,2
1991,1,290852,1,2,3,2,1,1,3,4,2,3,1974,2,2
1991,2,290852,6,2,2,2,1,1,3,4,2,3,1986,2,2
1991,1,290853,1,2,2,2,1,1,3,4,2,3,1978,2,2
1991,2,290853,1,2,2,2,1,1,3,4,2,3,1985,2,2
1991,1,290854,1,2,2,2,1,1,3,4,2,3,1985,1,2
1991,2,290854,2,4,4,2,1,1,3,4,2,3,1979,2,2
1991,1,290855,1,5,5,2,1,1,3,4,2,3,1990,2,2
1991,2,290855,2,2,2,2,1,1,3,4,2,3,1987,2,2
1991,1,290856,2,2,2,2,1,1,3,4,2,3,1984,2,2
1991,2,290856,6,5,5,2,1,1,3,4,2,3,1986,2,2
1991,1,290857,1,2,2,2,1,1,3,4,2,3,1984,2,2
1991,2,290857,3,2,2,2,1,1,3,4,2,3,1987,2,2
1991,1,290858,6,2,2,2,1,1,3,4,2,3,1984,2,2
1991,1,290859,1,2,2,2,1,1,3,4,2,3,1979,1,2
1991,1,290860,1,1,1,1,1,1,3,4,2,3,1980,1,2
1991,1,290861,1,3,3,2,1,1,3,4,2,3,1979,1,2
1991,2,290861,1,2,2,1,1,1,3,4,2,3,1981,2,2
1991,1,290862,2,2,2,2,1,1,3,4,2,3,1983,1,2
1991,1,290863,1,5,5,2,3,3,3,4,1,3,1986,2,2
1991,1,290864,1,2,2,1,1,1,3,4,1,3,1981,2,2
1991,2,290864,6,2,2,2,1,1,3,4,2,3,1986,2,2
1991,1,290865,1,2,2,2,1,1,3,4,1,3,1979,1,2
1991,2,290865,1,2,2,2,1,1,3,4,1,3,1980,1,2
1991,1,290866,1,2,2,2,1,1,3,4,2,3,1989,2,2
1991,1,290867,2,2,2,1,2,2,3,4,1,3,1991,1,2
1991,1,290868,2,2,2,1,2,2,3,4,2,3,1974,1,2
1991,1,290869,1,5,5,2,1,1,3,4,2,3,1982,1,2
1991,1,290870,1,3,3,2,1,1,3,4,2,3,1973,2,2
1991,2,290870,6,2,2,2,1,1,3,4,2,3,1987,2,2
1991,1,290871,1,5,5,2,1,1,3,4,1,3,1988,2,2
1991,2,290871,6,2,2,2,1,1,3,4,2,3,1974,2,2
1991,1,290872,1,2,2,2,1,1,3,4,1,3,1982,2,2
1991,1,290873,8,2,2,2,1,1,3,4,2,3,1989,2,2
1991,2,290873,1,3,5,2,1,1,3,4,2,3,1971,1,2
1991,1,290874,2,5,5,1,1,1,3,4,2,3,1989,2,2
1991,2,290874,2,2,4,2,1,1,3,4,2,3,1989,2,2
1991,3,290874,1,2,2,2,1,1,3,4,2,3,1989,2,2
1991,1,290875,2,2,2,2,1,1,3,4,2,3,1980,2,2
1991,2,290875,1,2,2,2,1,1,3,4,2,3,1983,2,2
1991,1,290877,1,2,2,2,2,2,3,4,1,3,1980,2,2
1991,1,290878,1,2,2,2,1,1,3,4,1,3,1985,2,2
1991,1,290879,1,2,2,2,1,1,3,4,2,3,1982,2,2
1991,2,290879,2,3,4,2,1,1,3,4,2,3,1946,1,2
1991,1,290880,2,2,2,2,1,1,3,4,2,3,1988,2,2
1991,2,290880,1,5,5,2,1,1,3,4,2,3,1976,1,2
1991,1,290881,1,2,2,2,1,1,3,4,1,3,1988,1,2
1991,1,290882,2,2,2,1,1,1,3,4,2,3,1973,1,2
1991,2,290882,4,2,2,2,1,1,3,4,2,3,1987,2,2
1991,1,290883,2,1,1,1,1,1,3,4,2,3,1989,1,2
1991,1,290884,1,3,3,2,2,2,3,4,1,3,1980,1,2
1991,2,290884,2,2,2,2,1,1,3,4,2,3,1986,2,2
1991,1,290885,4,2,2,2,1,1,3,4,2,3,1977,1,2
1991,2,290885,1,3,3,2,1,1,3,4,2,3,1983,1,2
1991,1,290886,4,2,2,1,1,1,3,4,1,3,1992,2,2
1991,1,290887,6,4,2,2,1,1,3,4,2,3,1989,2,2
1991,2,290887,1,2,2,2,1,1,3,4,1,3,1982,1,2
1991,1,290888,1,2,2,2,1,1,3,4,1,3,1982,2,2
1991,2,290888,1,4,4,2,3,3,3,4,2,3,1976,2,2
1991,1,290889,1,5,2,2,1,1,3,4,2,3,1978,2,2
1991,2,290889,1,2,2,2,1,1,3,4,2,3,1976,1,2
1991,1,290890,2,1,1,1,1,1,3,4,1,3,1989,1,2
1991,1,290891,1,3,2,2,1,1,3,4,1,3,1991,1,2
1991,2,290891,1,2,2,2,1,1,3,4,2,3,1986,2,2
1991,3,290891,6,5,5,2,1,1,3,4,1,3,1988,1,2
1991,1,290892,2,2,2,2,1,1,3,4,2,3,1991,1,2
1991,2,290892,1,3,2,2,1,1,3,4,2,3,1987,2,2
1991,1,290893,2,2,2,2,1,1,3,4,2,3,1991,2,2
1991,2,290893,1,5,5,2,1,1,3,4,2,3,1983,1,2
1991,1,290894,2,5,5,2,1,1,3,4,1,3,1983,2,2
1991,1,290897,2,5,5,1,1,1,3,4,1,3,1991,2,2
1991,1,290898,2,2,2,1,1,1,3,4,1,3,1970,2,2
1991,1,290899,1,2,2,2,2,2,3,4,2,3,1983,2,2
1991,2,290899,1,2,2,2,1,1,3,4,2,3,1990,2,2
1991,1,290900,6,6,2,1,1,1,3,4,1,3,1984,1,2
1991,1,290901,1,2,2,2,1,1,3,4,2,3,1984,2,2
1991,2,290901,1,2,2,2,1,1,3,4,2,3,1981,2,2
1991,1,290902,2,2,2,2,1,1,3,4,2,3,1982,1,2
1991,1,290903,1,2,2,1,1,1,3,4,1,3,1963,2,2
1991,1,290904,9,7,7,2,3,3,3,4,2,3,9999,1,2
1991,1,290905,9,3,3,1,2,2,3,4,2,3,1990,1,2
1991,2,290905,1,2,2,2,1,1,3,4,2,3,1979,2,2
1991,1,290906,2,1,1,1,1,1,3,4,1,3,1984,2,2
1991,1,290907,1,2,2,2,1,1,3,4,2,3,1986,1,2
1991,2,290907,2,4,4,2,1,1,3,4,2,3,1990,1,2
1991,1,290908,1,2,2,1,1,1,3,4,2,3,1979,2,2
1991,2,290908,2,2,2,2,1,1,3,4,2,3,1992,2,2
1991,1,290909,1,2,2,2,1,1,3,4,1,3,1977,1,2
1991,1,290910,1,3,3,2,1,1,3,4,2,3,1991,1,2
1991,1,290911,3,2,2,2,1,1,3,4,2,3,1987,2,2
1991,2,290911,1,2,2,2,1,1,3,4,2,3,1988,2,2
1991,1,290912,1,1,1,2,1,1,3,4,2,3,1977,2,2
1991,1,290913,4,2,2,1,1,1,3,4,1,3,1992,1,2
1991,1,290914,3,2,2,2,1,1,3,4,1,3,1978,1,2
1991,1,290915,1,2,2,2,1,1,3,4,2,3,1977,1,2
1991,1,290916,1,2,2,2,1,1,3,4,2,3,1989,2,2
1991,2,290916,1,2,2,2,1,1,3,4,2,3,1986,2,2
1991,1,290917,6,2,2,2,1,2,3,4,2,3,1989,1,2
1991,2,290917,4,4,4,2,1,1,3,4,2,3,1990,1,2
1991,1,290918,1,3,3,2,1,1,3,4,2,3,1987,1,2
1991,2,290918,2,2,2,2,1,1,3,4,2,3,1987,2,2
1991,1,300001,1,5,5,2,1,1,3,4,2,3,1990,2,2
1991,2,300001,2,2,2,2,1,1,3,4,2,3,1979,2,2
1991,1,300002,3,4,5,2,1,1,3,4,2,3,1973,2,2
1991,2,300002,6,2,2,2,1,1,3,4,2,3,1986,2,2
1991,1,300003,3,1,1,1,1,1,3,4,1,3,1970,2,1
1991,1,300004,1,1,1,1,1,1,3,4,1,3,1980,2,2
1991,1,300005,1,2,2,2,1,1,3,4,2,3,1985,2,2
1991,1,300006,1,2,2,1,1,1,3,4,1,3,1982,2,2
1991,2,300006,6,2,2,2,1,1,3,4,2,3,1984,2,2
1991,1,300007,1,2,2,2,2,2,3,4,1,3,1979,2,2
1991,2,300007,2,2,2,2,1,1,3,4,2,3,1979,2,2
1991,1,300008,1,6,6,1,1,1,3,4,1,3,1985,2,2
1991,1,300009,1,2,2,2,1,1,3,4,2,3,1978,2,1
1991,1,300010,3,3,2,1,1,1,3,4,1,3,1989,2,2
1991,1,300011,2,2,2,1,1,1,3,4,1,3,1984,2,2
1991,1,300012,1,3,3,2,1,1,3,4,1,3,1977,2,2
1991,2,300012,6,2,2,2,1,1,3,4,2,3,1974,2,2
1991,1,300013,9,4,4,2,1,1,3,4,2,3,1987,2,2
1991,2,300013,9,4,4,2,1,1,3,4,2,3,1984,2,2
1991,3,300013,9,4,4,2,3,3,3,4,2,3,1982,2,2
1991,4,300013,1,4,4,2,1,1,3,4,2,3,1986,2,2
1991,5,300013,6,2,2,2,1,1,3,4,2,3,1985,2,2
1991,1,300014,1,2,2,1,2,2,3,4,2,3,1980,2,2
1991,1,300015,3,1,1,1,1,1,3,4,1,3,1981,2,2
1991,1,300016,3,3,3,2,1,1,3,4,1,3,1979,2,2
1991,2,300016,2,2,2,1,1,1,3,4,1,3,1982,2,2
1991,1,300017,6,3,2,2,1,1,3,4,2,3,1989,2,1
1991,1,300019,3,2,2,1,1,1,3,4,2,3,1975,2,2
1991,1,300020,6,3,3,1,2,2,3,4,1,3,1983,2,2
1991,1,300021,6,5,5,2,1,2,3,4,2,3,1977,2,2
1991,2,300021,1,6,6,2,1,1,3,4,2,3,1988,2,2
1991,1,300022,2,2,2,1,1,1,3,4,1,3,1973,1,2
1991,1,300023,1,2,2,2,1,1,3,4,2,3,1972,2,1
1991,2,300023,6,5,5,2,1,1,3,4,2,3,1984,2,2
1991,1,300025,1,1,1,1,1,1,3,4,1,3,1981,2,2
1991,1,300027,2,1,1,1,1,1,3,4,1,3,1988,2,2
1991,1,300028,2,4,4,2,1,1,3,4,2,3,1989,2,2
1991,2,300028,2,2,2,2,1,1,3,4,2,3,1979,1,2
1991,3,300028,1,5,5,2,1,1,3,4,2,3,1977,2,2
1991,1,300029,2,1,1,1,1,1,3,4,1,3,1991,2,2
1991,1,300030,1,5,5,2,1,1,3,4,1,3,1990,1,2
1991,2,300030,4,2,2,2,1,1,3,4,2,3,1991,2,2
1991,1,300031,4,3,3,1,1,1,3,4,1,3,1972,2,2
1991,1,300032,1,2,2,1,1,1,3,4,1,3,1987,1,2
1991,2,300032,6,4,4,2,1,1,3,4,2,3,1972,2,2
1991,1,300033,2,5,5,1,1,1,3,4,2,3,1991,2,2
1991,1,300034,1,1,1,1,1,1,3,4,2,3,1978,2,1
1991,1,300035,2,3,3,2,2,2,3,4,1,3,1971,2,2
1991,2,300035,2,2,2,2,2,2,3,4,2,3,1979,2,2
1991,1,300036,1,2,2,2,1,1,3,4,1,3,1989,1,2
1991,2,300036,6,2,2,2,1,1,3,4,2,3,1981,2,2
1991,1,300038,1,2,2,1,1,1,3,4,1,3,1980,2,2
1991,1,300039,1,2,2,2,2,2,3,4,1,3,1977,1,2
1991,1,300040,7,2,2,2,4,1,3,1,1,3,1986,1,2
1991,2,300040,3,2,2,2,1,1,3,4,2,3,1983,2,2
1991,1,300041,1,7,7,1,2,2,3,4,1,3,1970,2,2
1991,1,300042,2,2,2,1,1,1,3,4,2,3,1991,2,2
1991,2,300042,1,3,3,2,1,1,3,4,2,3,1979,1,2
1991,1,300043,1,5,5,1,1,2,3,4,1,3,1991,2,2
1991,1,300044,1,2,2,2,3,3,3,4,2,3,1990,1,2
1991,2,300044,1,2,2,2,1,1,3,4,2,3,1980,2,2
1991,1,300045,6,1,1,1,1,1,3,4,2,3,1983,2,2
1991,1,300046,1,1,1,1,1,1,3,4,2,3,1980,1,2
1991,1,300047,7,1,1,2,4,1,3,1,1,3,1979,2,2
1991,1,300048,1,5,5,1,2,2,3,4,1,3,1976,2,2
1991,1,300049,2,1,1,1,1,1,3,4,1,3,1989,2,1
1991,1,300050,3,2,2,1,1,1,3,4,1,3,1984,2,2
1991,1,300051,6,2,2,2,1,1,3,4,2,3,1988,2,2
1991,1,300052,1,2,2,2,1,1,3,4,2,3,1987,2,2
1991,1,300053,7,2,2,2,4,1,3,1,1,3,1982,2,2
1991,1,300054,3,1,1,1,1,1,3,4,2,3,1988,1,2
1991,1,300055,9,2,2,2,3,3,3,4,2,3,9999,2,2
1991,1,300056,2,2,2,2,1,1,3,4,2,3,1982,1,2
1991,1,300057,2,2,2,2,1,1,3,4,2,3,1984,2,2
1991,2,300057,2,2,2,2,1,1,3,4,2,3,1974,2,2
1991,1,300059,6,4,4,2,1,1,3,4,2,3,1970,2,2
1991,2,300059,1,2,2,2,1,1,3,4,2,3,1989,1,2
1991,1,300060,2,2,2,1,1,1,3,4,1,3,1987,2,2
1991,1,300061,1,2,2,2,1,1,3,4,2,3,1987,2,2
1991,1,300062,1,7,7,1,1,1,3,4,2,3,1980,1,2
1991,1,300063,1,1,1,1,1,1,3,4,2,3,1987,1,2
1991,1,300064,2,2,2,2,1,1,3,4,2,3,1987,1,2
1991,2,300064,1,2,2,2,1,1,3,4,2,3,1977,2,2
1991,1,300065,4,1,1,1,3,3,3,4,2,3,1989,2,1
1991,1,300066,1,2,2,1,1,1,3,4,2,3,1983,2,2
1991,1,300067,2,1,1,1,2,2,3,4,2,3,1964,2,2
1991,1,300068,1,1,1,1,1,1,3,4,1,3,1975,2,2
1991,1,300069,3,5,5,2,1,1,3,4,2,3,1987,1,2
1991,2,300069,1,2,2,2,1,1,3,4,2,3,1985,2,2
1991,1,300070,3,3,3,1,1,1,3,4,1,3,1972,1,2
1991,1,300071,2,1,1,1,1,1,3,4,1,3,1990,2,2
1991,1,300072,1,3,3,1,1,1,3,4,1,3,1988,2,2
1991,1,300073,2,1,1,2,1,1,3,4,2,3,1976,2,2
1991,1,300074,1,2,2,2,1,1,3,4,1,3,1990,2,2
1991,2,300074,4,2,2,2,1,1,3,4,2,3,1986,2,2
1991,1,300076,1,2,5,1,1,1,3,4,2,3,1989,2,1
1991,1,300077,2,2,2,1,2,2,3,4,1,3,1977,2,1
1991,1,300078,3,5,5,1,3,3,3,4,2,3,1952,2,2
1991,1,300079,7,2,2,2,4,1,3,1,2,3,1985,1,2
1991,2,300079,2,5,5,2,1,1,3,4,2,3,1977,2,2
1991,3,300079,4,5,5,1,1,1,3,4,2,3,1990,2,2
1991,1,300080,3,2,2,1,1,1,3,4,1,3,1969,2,2
1991,1,300081,2,1,1,1,1,1,3,4,1,3,1978,2,2
1991,1,300082,1,1,1,1,1,1,3,4,1,3,1988,2,1
1991,1,300083,2,3,3,2,1,1,3,4,1,3,1984,2,2
1991,2,300083,6,2,2,2,1,1,3,4,2,3,1974,2,2
1991,1,300084,2,3,3,2,1,1,3,4,2,3,1974,2,2
1991,2,300084,6,2,2,2,1,1,3,4,2,3,1981,2,2
1991,1,300085,4,1,1,1,1,1,3,4,1,3,1977,2,2
1991,1,300086,2,2,2,1,1,1,3,4,1,3,1988,2,2
1991,1,300087,2,2,2,1,2,2,3,4,1,3,1975,2,2
1991,1,300088,1,2,2,2,1,1,3,4,2,3,1981,2,2
1991,2,300088,3,5,5,2,2,2,3,4,2,3,1979,2,2
1991,3,300088,2,2,2,2,1,1,3,4,2,3,1990,2,2
1991,1,300089,2,3,3,2,1,1,3,4,1,3,1989,2,2
1991,1,300090,2,5,5,2,1,1,3,4,2,3,1989,2,2
1991,2,300090,7,3,3,2,4,2,3,2,1,3,1978,2,2
1991,1,300091,2,7,7,1,1,1,3,4,1,3,1984,2,2
1991,1,300092,1,2,2,1,2,2,3,4,2,3,1979,2,2
1991,1,300093,2,1,1,1,1,1,3,4,2,3,1972,2,1
1991,1,300094,2,1,1,1,1,1,3,4,1,3,1979,2,2
1991,1,300095,3,2,2,2,1,1,3,4,2,3,1969,2,2
1991,2,300095,1,5,5,2,1,1,3,4,1,3,1980,2,2
1991,1,300096,4,1,1,1,2,2,3,4,2,3,1991,2,2
1991,1,300097,2,3,3,1,2,2,3,4,1,3,1991,2,2
1991,1,300098,1,1,1,1,1,1,3,4,2,3,1989,2,2
1991,1,300099,2,1,1,1,1,1,3,4,1,3,1980,2,2
1991,1,300100,1,1,1,1,1,1,3,4,2,3,1981,2,1
1991,1,300101,1,1,1,1,1,1,3,4,2,3,1985,1,2
1991,1,300102,2,7,7,1,3,3,3,4,1,3,1976,2,1
1991,1,300103,7,2,2,2,4,2,3,2,1,3,1980,2,2
1991,1,300104,1,2,2,2,2,2,3,4,2,3,1973,2,2
1991,2,300104,7,4,4,2,4,1,3,1,2,3,1976,2,2
1991,3,300104,2,3,3,2,1,1,3,4,2,3,1988,2,2
1991,4,300104,1,3,3,2,1,1,3,4,2,3,1982,2,2
1991,5,300104,1,4,4,2,1,1,3,4,2,3,1984,2,2
1991,6,300104,1,4,4,2,1,1,3,4,2,3,1984,2,2
1991,7,300104,1,2,2,2,1,1,3,4,2,3,1982,2,2
1991,1,300105,1,1,1,1,1,1,3,4,1,3,1989,2,2
1991,1,300106,6,2,2,2,1,1,3,4,2,3,1986,1,2
1991,1,300107,7,5,5,2,4,1,3,1,2,3,1981,2,2
1991,2,300107,1,3,3,2,1,1,3,4,2,3,1984,2,2
1991,1,300108,1,3,3,2,1,1,3,4,2,3,1989,2,2
1991,1,300109,3,2,2,2,1,1,3,4,2,3,1986,2,2
1991,1,300110,1,2,2,1,1,1,3,4,1,3,1977,2,2
1991,1,300111,5,2,2,2,1,1,3,4,2,3,1991,2,2
1991,1,300112,2,3,2,1,2,2,3,4,2,3,1971,2,1
1991,1,300113,1,5,5,1,1,1,3,4,1,3,1981,2,1
1991,1,300114,1,2,2,2,1,1,3,4,2,3,1991,2,2
1991,1,300115,1,2,2,2,2,2,3,4,2,3,1979,2,2
1991,2,300115,1,2,2,2,1,1,3,4,2,3,1979,2,2
1991,1,300116,2,2,2,1,1,1,3,4,1,3,1989,2,2
1991,1,300117,1,4,4,1,1,1,3,4,1,3,1990,2,2
1991,1,300118,3,1,1,1,2,2,3,4,2,3,1976,2,1
1991,1,300119,2,2,2,2,1,1,3,4,2,3,1978,2,2
1991,1,300120,2,2,2,2,1,1,3,4,2,3,1982,2,1
1991,1,300121,1,1,1,1,1,1,3,4,2,3,1991,2,2
1991,1,300122,3,1,1,1,1,1,3,4,2,3,1991,2,2
1991,1,300123,6,4,4,2,1,1,3,4,2,3,1991,2,2
1991,2,300123,1,2,2,2,1,1,3,4,2,3,1980,2,1
1991,3,300123,5,5,5,2,1,1,3,4,2,3,1980,2,2
1991,4,300123,2,4,4,2,1,1,3,4,2,3,1985,2,2
1991,1,300124,2,2,2,2,1,1,3,4,1,3,1990,2,2
1991,2,300124,1,2,2,2,1,1,3,4,2,3,1977,2,2
1991,1,300125,3,2,2,1,1,1,3,4,2,3,1991,2,2
1991,1,300126,2,1,1,1,2,2,3,4,1,3,1970,2,2
1991,1,300127,6,2,2,1,1,1,3,4,2,3,1980,2,2
1991,2,300127,1,2,2,2,1,1,3,4,2,3,1984,1,2
1991,1,300128,1,2,2,2,1,1,3,4,2,3,1988,2,2
1991,2,300128,1,5,5,2,1,1,3,4,2,3,1985,2,2
1991,1,300129,1,2,2,1,1,1,3,4,2,3,1982,2,2
1991,1,300130,2,2,2,1,2,2,3,4,1,3,1987,2,2
1991,1,300131,2,2,2,2,1,1,3,4,2,3,1978,2,2
1991,1,300132,1,2,2,2,1,1,3,4,2,3,1985,2,2
1991,1,300133,9,7,7,2,3,3,3,4,2,3,9999,2,2
1991,1,300134,1,5,5,2,1,1,3,4,2,3,1990,1,2
1991,2,300134,3,2,2,2,1,1,3,4,2,3,1984,2,2
1991,1,300135,1,2,2,1,2,2,3,4,1,3,1986,2,2
1991,1,300136,2,2,6,1,1,1,3,4,2,3,1972,2,1
1991,1,300137,1,1,1,1,2,2,3,4,1,3,1978,2,2
1991,1,300138,1,2,2,2,1,1,3,4,2,3,1977,2,2
1991,2,300138,1,2,2,2,1,1,3,4,2,3,1981,2,2
1991,1,300139,2,1,1,1,2,2,3,4,2,3,1990,2,2
1991,1,300140,1,2,2,1,1,1,3,4,1,3,1990,2,2
1991,1,300141,1,2,2,1,1,1,3,4,2,3,1984,2,1
1991,1,300142,1,2,2,2,1,1,3,4,2,3,1980,2,2
1991,1,300143,7,2,2,2,4,2,3,2,1,3,1986,2,2
1991,1,300144,2,2,2,1,1,1,3,4,2,3,1980,2,2
1991,1,300145,1,2,2,1,1,1,3,4,1,3,1985,2,2
1991,1,300146,4,5,2,2,1,1,3,4,2,3,1987,1,2
1991,2,300146,6,5,5,2,1,1,3,4,2,3,1987,2,2
1991,3,300146,6,5,5,1,1,1,3,4,2,3,1990,2,2
1991,1,300147,2,1,1,1,1,1,3,4,2,3,1990,2,1
1991,1,300148,3,1,1,1,1,1,3,4,1,3,1991,2,1
1991,1,300149,1,2,2,2,1,1,3,4,2,3,1975,2,2
1991,1,300150,2,1,1,2,1,1,3,4,2,3,1973,2,2
1991,1,300152,2,1,1,1,1,1,3,4,2,3,1990,2,2
1991,1,300153,1,1,1,1,1,1,3,4,2,3,1976,2,2
1991,1,300154,4,3,3,2,1,1,3,4,1,3,1980,2,2
1991,1,300155,3,2,2,1,1,1,3,4,2,3,1986,2,2
1991,2,300155,9,4,4,2,1,1,3,4,2,3,1978,2,2
1991,1,300156,6,4,4,1,1,1,3,4,2,3,1954,2,2
1991,2,300156,3,2,2,1,2,2,3,4,2,3,1978,1,2
1991,1,300157,2,5,5,2,1,1,3,4,2,3,1983,2,2
1991,1,300158,1,2,2,2,1,1,3,4,2,3,1987,2,2
1991,1,300159,9,2,2,2,3,3,3,4,2,3,9999,2,2
1991,1,300160,1,5,5,1,2,2,3,4,2,3,1990,2,1
1991,1,300161,1,2,2,1,1,1,3,4,2,3,1969,2,2
1991,1,300162,2,5,5,1,2,2,3,4,2,3,1985,2,2
1991,1,300163,1,2,3,1,1,1,3,4,1,3,1973,2,2
1991,1,300164,1,1,1,1,1,1,3,4,1,3,1987,2,2
1991,1,300165,2,2,2,2,1,1,3,4,1,3,1991,1,2
1991,2,300165,6,4,4,2,1,1,3,4,2,3,1985,2,2
1991,1,300166,5,2,2,2,2,2,3,4,2,3,1983,1,2
1991,1,300167,2,2,2,1,1,1,3,4,2,3,1972,2,2
1991,1,300168,3,2,2,2,1,1,3,4,1,3,1976,2,2
1991,1,300169,2,2,2,2,2,2,3,4,2,3,1976,2,2
1991,2,300169,1,2,2,2,1,1,3,4,2,3,1990,2,2
1991,1,300170,1,4,4,2,2,2,3,4,2,3,1978,2,2
1991,1,300171,2,2,2,2,1,1,3,4,2,3,1988,2,2
1991,2,300171,6,2,2,2,1,1,3,4,2,3,1985,2,2
1991,1,300172,1,1,1,1,1,1,3,4,1,3,1986,2,2
1991,1,300173,9,7,7,2,3,3,3,4,2,3,9999,2,2
1991,1,300174,1,2,2,2,1,1,3,4,2,3,1979,2,2
1991,2,300174,1,2,2,2,1,1,3,4,2,3,1984,2,2
1991,1,300175,2,2,2,1,1,1,3,4,1,3,1989,2,2
1991,1,300176,2,3,3,2,1,1,3,4,2,3,1991,2,2
1991,2,300176,3,2,2,2,1,1,3,4,2,3,1991,2,2
1991,1,300177,4,1,1,1,2,2,3,4,1,3,1979,2,2
1991,1,300178,1,2,2,2,1,1,3,4,2,3,1990,2,2
1991,2,300178,1,2,4,2,1,1,3,4,2,3,1991,2,2
1991,1,300179,2,2,2,2,1,1,3,4,2,3,1987,2,2
1991,1,310001,6,2,6,1,1,1,3,4,1,3,1983,2,2
1991,1,310002,2,2,2,1,1,1,3,4,2,3,1976,2,2
1991,1,310003,2,5,5,2,1,1,3,4,2,3,1979,2,2
1991,2,310003,1,2,2,2,1,1,3,4,2,3,1986,2,2
1991,1,310004,3,5,5,2,1,1,3,4,2,3,1979,2,2
1991,1,310005,2,3,3,1,1,1,3,4,2,3,1983,2,2
1991,1,310006,1,1,1,1,3,3,3,4,1,3,1989,2,2
1991,1,310007,2,2,2,2,1,1,3,4,2,3,1988,2,2
1991,2,310007,1,2,2,1,1,1,3,4,2,3,1984,2,2
1991,1,310008,6,2,2,2,1,1,3,4,2,3,1978,2,2
1991,2,310008,2,2,2,2,2,2,3,4,2,3,1971,2,2
1991,1,310009,2,2,2,2,1,1,3,4,2,3,1985,2,2
1991,1,310010,1,2,2,2,1,1,3,4,2,3,1986,2,2
1991,1,310011,6,2,2,1,1,2,3,4,2,3,1974,2,2
1991,2,310011,2,3,3,1,1,1,3,4,2,3,1986,2,2
1991,1,310012,2,2,2,2,1,1,3,4,2,3,1985,2,2
1991,2,310012,2,4,4,1,2,2,3,4,2,3,1985,2,2
1991,1,310013,2,2,2,1,2,2,3,4,2,3,1985,2,2
1991,1,310014,2,2,2,1,1,1,3,4,2,3,1976,2,2
1991,1,310015,6,2,2,1,1,1,3,4,2,3,1984,2,2
1991,1,310016,6,2,2,2,1,1,3,4,2,3,1986,2,2
1991,2,310016,2,5,5,1,1,1,3,4,2,3,1987,2,2
1991,1,310017,1,2,2,1,1,1,3,4,1,3,1989,2,2
1991,1,310018,3,2,2,1,1,1,3,4,2,3,1980,2,2
1991,1,310019,1,1,1,1,2,2,3,4,1,3,1978,2,2
1991,1,310020,1,5,5,2,1,1,3,4,2,3,1981,2,2
1991,2,310020,1,2,2,2,1,1,3,4,2,3,1984,2,2
1991,3,310020,1,2,2,2,1,1,3,4,2,3,1979,2,2
1991,1,310021,1,2,2,1,1,1,3,4,2,3,1981,2,2
1991,1,310022,4,2,2,2,1,1,3,4,2,3,1982,2,2
1991,1,310023,1,2,2,2,1,1,3,4,2,3,1982,2,2
1991,2,310023,1,2,2,2,1,1,3,4,2,3,1988,2,2
1991,1,310024,1,2,2,2,1,1,3,4,2,3,1987,2,2
1991,1,310026,6,3,3,2,1,1,3,4,2,3,1986,2,2
1991,1,310028,2,2,2,1,1,1,3,4,2,3,1987,2,2
1991,2,310028,1,2,2,2,1,1,3,4,2,3,1978,2,2
1991,1,310029,3,1,1,1,1,1,3,4,1,3,1970,2,2
1991,1,310030,1,1,1,1,1,1,3,4,1,3,1980,2,2
1991,1,310032,2,1,1,1,1,1,3,4,1,3,1990,2,2
1991,1,310033,9,4,4,2,1,1,3,4,2,3,1990,2,2
1991,2,310033,3,2,2,2,1,1,3,4,2,3,1990,2,2
1991,1,310035,1,2,2,2,1,1,3,4,2,3,1985,2,2
1991,2,310035,1,2,3,2,1,1,3,4,2,3,1987,2,2
1991,3,310035,6,2,2,2,1,1,3,4,2,3,1988,2,2
1991,1,310036,1,2,2,2,1,1,3,4,2,3,1987,2,2
1991,2,310036,1,4,2,2,1,1,3,4,2,3,1979,2,2
1991,3,310036,5,2,2,2,1,1,3,4,2,3,1960,2,2
1991,1,310037,1,2,5,2,1,1,3,4,2,3,1980,2,2
1991,1,310038,1,2,2,2,1,1,3,4,2,3,1978,2,2
1991,1,310039,2,1,1,1,2,2,3,4,2,3,1976,2,2
1991,1,310040,1,5,5,2,1,1,3,4,2,3,1981,2,2
1991,2,310040,6,2,2,2,1,1,3,4,2,3,1989,2,2
1991,1,310041,1,2,2,1,1,1,3,4,2,3,1976,2,2
1991,1,310042,2,2,2,2,1,1,3,4,2,3,1991,2,2
1991,2,310042,1,3,3,2,1,1,3,4,2,3,1981,2,2
1991,1,310043,1,2,2,2,1,1,3,4,2,3,1983,2,2
1991,1,310044,1,2,2,2,1,1,3,4,2,3,1983,2,2
1991,1,310045,6,2,2,2,1,1,3,4,2,3,1990,2,2
1991,2,310045,2,5,5,2,1,1,3,4,2,3,1983,2,2
1991,1,310046,2,2,2,2,1,1,3,4,2,3,1976,2,2
1991,2,310046,1,5,5,2,1,1,3,4,2,3,1983,2,2
1991,1,310047,1,5,5,2,1,1,3,4,2,3,1986,2,2
1991,2,310047,2,2,2,2,1,1,3,4,2,3,1982,2,2
1991,1,310048,1,2,2,2,1,1,3,4,2,3,1979,2,2
1991,1,310049,2,1,1,1,1,1,3,4,2,3,1981,2,2
1991,1,310050,1,2,2,2,1,1,3,4,2,3,1979,2,2
1991,2,310050,1,2,2,2,1,1,3,4,2,3,1979,2,2
1991,1,310051,4,1,1,1,1,1,3,4,2,3,1979,2,2
1991,1,310052,2,4,2,2,1,1,3,4,2,3,1983,2,2
1991,2,310052,4,2,2,2,1,1,3,4,2,3,1987,1,2
1991,3,310052,6,2,2,2,1,1,3,4,2,3,1989,2,2
1991,1,310053,4,1,1,1,1,1,3,4,2,3,1989,2,1
1991,1,310054,3,1,1,1,1,1,3,4,2,3,1974,2,2
1991,1,310055,2,1,1,1,1,1,3,4,1,3,1982,2,2
1991,1,310056,1,5,5,2,1,1,3,4,2,3,1975,2,2
1991,2,310056,1,2,2,2,1,1,3,4,2,3,1982,2,2
1991,1,310057,6,3,3,2,1,1,3,4,2,3,1977,2,2
1991,2,310057,2,2,2,2,1,1,3,4,2,3,1990,2,2
1991,1,310058,6,3,3,2,1,1,3,4,2,3,1985,2,2
1991,2,310058,1,2,2,2,1,1,3,4,2,3,1988,2,2
1991,1,310059,2,2,2,2,1,1,3,4,2,3,1991,2,2
1991,2,310059,2,2,2,2,1,1,3,4,2,3,1973,2,2
1991,1,310060,1,3,3,2,2,2,3,4,2,3,1976,2,2
1991,2,310060,1,2,2,2,1,1,3,4,2,3,1984,2,2
1991,1,310061,2,2,2,2,1,1,3,4,2,3,1988,2,2
1991,2,310061,3,2,2,2,2,2,3,4,2,3,1991,2,2
1991,1,310062,1,2,2,2,2,2,3,4,2,3,1979,2,2
1991,2,310062,6,2,2,1,1,1,3,4,2,3,1980,2,2
1991,1,310063,1,2,2,2,1,1,3,4,2,3,1982,2,2
1991,2,310063,4,5,5,2,1,1,3,4,2,3,1988,2,2
1991,1,310064,1,2,2,2,1,1,3,4,2,3,1981,2,1
1991,2,310064,3,2,2,2,1,1,3,4,2,3,1987,2,2
1991,1,310065,1,5,5,2,1,1,3,4,2,3,1984,2,2
1991,2,310065,4,2,2,2,1,1,3,4,2,3,1974,2,2
1991,1,310066,1,5,5,1,1,1,3,4,2,3,1988,2,2
1991,1,310067,1,5,5,2,1,1,3,4,2,3,1979,2,2
1991,2,310067,2,2,2,2,2,2,3,4,2,3,1990,2,2
1991,1,310068,1,2,2,2,1,1,3,4,2,3,1990,2,2
1991,2,310068,4,2,2,2,1,1,3,4,2,3,1975,2,2
1991,1,310069,2,2,2,1,1,1,3,4,2,3,1982,2,2
1991,1,310070,7,2,2,2,4,1,3,1,1,3,1988,2,2
1991,1,310071,1,2,2,2,2,2,3,4,2,3,1983,2,2
1991,1,310072,5,2,2,1,1,1,3,4,2,3,1988,2,2
1991,2,310072,1,3,3,1,1,1,3,4,2,3,1983,2,2
1991,1,310073,1,2,2,2,1,1,3,4,2,3,1979,2,2
1991,1,310074,7,7,7,2,4,2,3,2,1,3,1980,2,2
1991,1,310076,1,2,2,2,1,1,3,4,2,3,1977,2,2
1991,2,310076,1,7,7,1,1,1,3,4,2,3,1982,2,2
1991,1,310077,2,1,1,1,1,1,3,4,2,3,1988,2,2
1991,1,310078,2,5,5,2,1,1,3,4,2,3,1982,2,2
1991,1,310079,1,5,5,2,1,1,3,4,2,3,1975,2,2
1991,2,310079,2,2,2,2,1,1,3,4,2,3,1983,2,2
1991,1,310080,2,2,2,2,1,1,3,4,2,3,1979,2,2
1991,2,310080,2,5,5,2,1,1,3,4,2,3,1988,2,2
1991,1,310081,9,7,7,2,3,3,3,4,2,3,9999,2,2
1991,1,310082,2,2,2,1,1,1,3,4,2,3,1988,2,2
1991,1,310083,1,2,5,2,1,1,3,4,2,3,1978,2,2
1991,2,310083,1,2,3,2,1,1,3,4,2,3,1979,2,2
1991,1,310084,2,2,2,2,1,1,3,4,2,3,1990,2,2
1991,2,310084,6,2,2,2,1,1,3,4,2,3,1989,2,2
1991,1,310085,1,2,2,2,1,1,3,4,2,3,1980,2,2
1991,1,310086,6,2,2,1,1,1,3,4,2,3,1985,2,1
1991,1,310088,7,2,2,2,4,1,3,1,1,3,1982,2,2
1991,2,310088,6,4,4,2,1,1,3,4,2,3,1987,2,2
1991,1,310089,1,2,2,1,1,1,3,4,2,3,1987,2,2
1991,1,310090,1,2,2,2,1,1,3,4,2,3,1985,2,2
1991,1,310091,1,2,2,2,1,1,3,4,2,3,1987,2,2
1991,2,310091,1,2,2,2,1,1,3,4,2,3,1979,2,2
1991,1,310092,1,4,3,2,1,1,3,4,2,3,1983,2,2
1991,2,310092,1,5,5,2,1,1,3,4,2,3,1986,2,2
1991,3,310092,1,5,5,2,1,1,3,4,2,3,1981,2,2
1991,4,310092,1,2,2,2,1,1,3,4,2,3,1991,2,2
1991,1,310093,2,4,2,2,1,1,3,4,2,3,1981,2,2
1991,2,310093,1,2,2,2,1,1,3,4,2,3,1984,2,2
1991,3,310093,1,2,2,2,1,1,3,4,2,3,1981,2,2
1991,1,310094,1,7,7,2,1,1,3,4,2,3,1986,2,2
1991,1,310095,1,4,5,2,3,3,3,4,2,3,1964,2,2
1991,2,310095,6,2,2,2,1,1,3,4,2,3,1980,2,2
1991,1,310096,4,2,2,2,1,1,3,4,2,3,1984,2,2
1991,1,310097,9,1,1,1,2,2,3,4,2,3,1982,2,2
1991,1,310098,1,5,5,2,1,1,3,4,2,3,1985,2,2
1991,2,310098,2,2,2,2,1,1,3,4,2,3,1986,2,2
1991,1,310099,6,2,2,2,1,2,3,4,2,3,1989,2,2
1991,2,310099,1,2,2,2,1,1,3,4,2,3,1986,2,2
1991,1,310100,2,1,1,1,1,1,3,4,2,3,1977,2,2
1991,1,310101,1,5,5,2,1,1,3,4,2,3,1986,2,2
1991,2,310101,1,2,2,2,1,1,3,4,2,3,1990,2,2
1991,1,310102,1,3,3,2,1,1,3,4,2,3,1974,2,2
1991,1,310103,1,2,2,2,1,1,3,4,2,3,1972,2,2
1991,2,310103,6,2,2,2,1,1,3,4,2,3,1988,2,2
1991,1,310104,2,2,2,2,1,1,3,4,2,3,1984,2,2
1991,2,310104,4,5,5,2,1,1,3,4,2,3,1988,2,2
1991,1,310105,2,2,2,2,1,1,3,4,2,3,1988,2,2
1991,2,310105,2,2,2,2,1,1,3,4,2,3,1978,2,2
1991,1,310107,1,1,1,1,2,2,3,4,1,3,1980,2,2
1991,1,310108,1,2,2,1,1,1,3,4,1,3,1978,2,2
1991,1,310109,1,7,7,1,1,1,3,4,2,3,1989,2,2
1991,1,310110,2,1,1,1,1,1,3,4,2,3,1977,2,2
1991,1,310111,2,2,2,2,1,1,3,4,2,3,1973,1,2
1991,1,310112,7,1,1,2,4,1,3,1,2,3,1985,2,2
1991,1,310113,4,2,2,2,1,1,3,4,2,3,1980,2,2
1991,1,310114,7,3,7,2,4,2,3,2,1,3,1985,2,2
1991,1,310115,1,1,1,1,1,1,3,4,2,3,1981,2,2
1991,1,310116,1,2,2,2,1,1,3,4,2,3,1982,2,2
1991,2,310116,2,2,2,2,1,1,3,4,2,3,1978,2,2
1991,1,310117,1,2,2,2,1,1,3,4,2,3,1988,2,2
1991,2,310117,9,2,2,2,1,1,3,4,2,3,1991,2,2
1991,1,310118,2,2,2,2,1,1,3,4,2,3,1986,2,2
1991,1,310119,1,5,5,2,1,1,3,4,2,3,1980,2,2
1991,2,310119,2,2,2,1,1,1,3,4,2,3,1979,2,2
1991,1,310120,2,2,2,1,1,1,3,4,2,3,1989,2,2
1991,1,310121,2,1,1,1,2,2,3,4,1,3,1976,2,2
1991,1,310122,6,2,2,1,1,1,3,4,2,3,1986,2,1
1991,1,310123,1,2,2,2,1,1,3,4,2,3,1985,2,2
1991,2,310123,1,2,2,2,1,1,3,4,2,3,1980,2,2
1991,1,310124,1,2,2,2,1,1,3,4,2,3,1974,2,2
1991,1,310125,1,1,1,1,1,1,3,4,1,3,1983,2,2
1991,1,310126,6,3,3,2,1,1,3,4,2,3,1979,2,2
1991,2,310126,7,2,2,2,4,1,3,1,2,3,1980,2,2
1991,1,310127,1,2,2,2,1,1,3,4,2,3,1984,2,2
1991,2,310127,1,4,4,2,1,1,3,4,2,3,1980,2,2
1991,1,310128,1,1,1,1,1,1,3,4,1,3,1979,2,2
1991,1,310129,1,5,5,2,1,1,3,4,2,3,1989,2,2
1991,2,310129,7,2,2,2,4,2,3,2,2,3,1979,2,2
1991,1,310130,1,2,2,2,1,1,3,4,1,3,1979,2,2
1991,2,310130,3,3,3,1,2,2,3,4,1,3,1972,2,2
1991,1,310131,2,2,2,2,1,1,3,4,2,3,1990,2,2
1991,2,310131,1,5,5,2,1,1,3,4,2,3,1986,2,2
1991,1,310132,1,5,5,2,1,1,3,4,1,3,1975,2,2
1991,1,310133,7,2,7,2,4,1,3,1,2,3,1983,2,2
1991,1,310134,1,2,2,2,1,1,3,4,2,3,1981,2,2
1991,2,310134,1,2,2,1,1,1,3,4,2,3,1978,2,2
1991,1,310135,6,3,3,2,1,1,3,4,2,3,1990,2,2
1991,1,310136,1,3,3,1,1,1,3,4,2,3,1986,2,2
1991,1,310137,4,2,2,2,1,1,3,4,2,3,1986,2,2
1991,2,310137,1,2,2,2,1,1,3,4,2,3,1991,2,2
1991,1,310138,1,2,3,2,1,1,3,4,2,3,1986,2,2
1991,1,310139,4,2,2,2,1,1,3,4,2,3,1984,2,2
1991,2,310139,1,5,5,2,1,1,3,4,2,3,1975,2,2
1991,1,310140,1,1,1,1,2,2,3,4,1,3,1982,2,2
1991,1,310141,1,2,2,1,1,1,3,4,2,3,1984,2,2
1991,1,310142,2,1,1,1,1,1,3,4,1,3,1990,2,2
1991,1,310143,1,2,2,2,1,1,3,4,2,3,1986,2,2
1991,1,310144,1,1,1,1,1,1,3,4,2,3,1980,2,2
1991,1,310145,1,7,5,2,1,1,3,4,2,3,1980,2,1
1991,2,310145,6,2,2,2,1,1,3,4,2,3,1988,2,2
1991,1,310146,1,1,1,1,1,1,3,4,1,3,1990,2,2
1991,1,310147,4,3,3,2,1,1,3,4,2,3,1988,2,2
1991,1,310148,9,4,4,2,1,1,3,4,2,3,9999,2,2
1991,1,310149,2,2,2,2,2,2,3,4,2,3,1976,2,2
1991,2,310149,2,2,2,2,2,2,3,4,2,3,1964,2,2
1991,1,310150,1,2,2,1,1,1,3,4,2,3,1974,2,2
1991,2,310150,2,3,3,1,1,1,3,4,2,3,1987,2,2
1991,1,310151,1,1,1,1,2,2,3,4,2,3,1977,2,2
1991,1,310152,7,2,7,2,4,2,3,2,2,3,1978,2,2
1991,2,310152,1,2,2,2,1,1,3,4,2,3,1987,2,2
1991,1,310153,9,2,2,2,1,2,3,4,1,3,9999,2,2
1991,1,310154,1,5,5,2,1,1,3,4,2,3,1981,2,2
1991,2,310154,2,2,2,2,1,1,3,4,2,3,1991,2,2
1991,1,310155,1,2,2,2,1,1,3,4,2,3,1982,2,2
1991,2,310155,3,2,2,1,1,1,3,4,2,3,1971,2,2
1991,1,310156,7,7,7,2,4,1,3,1,2,3,1984,2,2
1991,2,310156,1,3,3,2,1,1,3,4,2,3,1988,2,2
1991,1,310157,2,1,1,1,1,1,3,4,1,3,1990,2,2
1991,1,310158,9,2,2,2,1,1,3,4,2,3,9999,2,2
1991,1,310159,1,2,2,2,1,1,3,4,2,3,1985,2,2
1991,2,310159,3,5,5,2,1,1,3,4,2,3,1986,2,2
1991,1,310160,2,1,1,1,1,1,3,4,2,3,1989,2,2
1991,1,310161,1,2,2,2,1,1,3,4,2,3,1985,2,2
1991,2,310161,1,2,2,1,1,1,3,4,2,3,1982,2,2
1991,1,310162,1,2,2,1,1,1,3,4,2,3,1984,2,2
1991,2,310162,2,5,5,1,1,1,3,4,2,3,1985,2,2
1991,1,310164,1,3,3,2,1,1,3,4,2,3,1987,2,2
1991,1,310165,7,2,2,2,4,2,3,2,2,3,1981,2,2
1991,1,310166,2,2,2,2,1,1,3,4,2,3,1985,2,2
1991,2,310166,7,3,3,2,4,1,3,1,2,3,1974,2,2
1991,1,310167,1,2,2,2,1,1,3,4,2,3,1985,2,2
1991,2,310167,4,2,2,2,1,1,3,4,2,3,1991,2,2
1991,1,310168,2,2,2,2,1,1,3,4,2,3,1979,2,2
1991,1,310169,1,2,2,2,1,1,3,4,2,3,1990,2,2
1991,2,310169,6,2,2,1,1,1,3,4,2,3,1989,2,2
1991,1,310170,1,7,7,1,2,2,3,4,1,3,1978,2,2
1991,1,310172,3,1,1,1,1,1,3,4,2,3,1985,2,2
1991,1,310173,1,2,2,2,1,1,3,4,2,3,1967,2,2
1991,1,310174,6,2,2,2,1,1,3,4,2,3,1983,2,2
1991,2,310174,4,4,4,1,1,1,3,4,2,3,1975,2,2
1991,1,310175,6,2,2,2,1,1,3,4,2,3,1972,2,2
1991,2,310175,3,3,3,2,1,1,3,4,2,3,1984,2,2
1991,1,310176,2,4,4,2,1,1,3,4,2,3,1990,2,2
1991,2,310176,7,2,2,2,4,1,3,1,2,3,1985,2,2
1991,1,310177,3,1,1,2,1,1,3,4,2,3,1953,2,2
1991,1,310178,2,7,7,1,1,1,3,4,1,3,1986,2,2
1991,1,310179,9,7,7,2,3,3,3,4,2,3,9999,2,2
1991,1,310180,3,1,1,1,1,1,3,4,2,3,1984,2,2
1991,1,310181,3,4,4,1,1,1,3,4,2,3,1987,2,2
1991,2,310181,1,2,2,2,1,1,3,4,2,3,1982,2,2
1991,1,310182,6,3,3,2,1,1,3,4,2,3,1989,2,2
1991,2,310182,7,2,2,2,4,1,3,1,1,3,1986,2,2
1991,1,310183,1,1,1,1,2,2,3,4,2,3,1982,2,2
1991,1,310184,1,2,2,2,1,1,3,4,1,3,1985,2,2
1991,1,310185,1,2,2,2,1,1,3,4,2,3,1985,2,2
1991,1,310186,7,7,7,2,4,1,3,1,2,3,1989,2,2
1991,1,310187,6,2,2,1,1,1,3,4,2,3,1981,2,2
1991,2,310187,1,3,3,2,1,1,3,4,2,3,1985,2,2
1991,1,310188,1,2,2,2,1,1,3,4,2,3,1989,2,2
1991,2,310188,1,5,5,2,1,1,3,4,2,3,1988,2,2
1991,1,310189,1,2,2,2,1,1,3,4,2,3,1984,2,2
1991,2,310189,2,2,2,2,1,1,3,4,2,3,1988,2,2
1991,1,310190,1,2,2,2,1,1,3,4,2,3,1991,2,2
1991,1,310191,1,2,2,2,1,1,3,4,2,3,1987,2,2
1991,2,310191,4,2,2,2,3,3,3,4,2,3,1989,2,2
1991,1,310192,1,5,5,2,2,2,3,4,2,3,1983,2,2
1991,2,310192,5,2,2,2,1,1,3,4,2,3,1981,2,2
1991,1,310193,1,1,1,1,2,2,3,4,1,3,1981,2,2
1991,1,310194,1,5,5,2,1,1,3,4,2,3,1986,2,2
1991,1,310195,1,2,2,2,1,1,3,4,2,3,1986,2,2
1991,1,310196,4,2,2,2,1,1,3,4,2,3,1984,2,2
1991,2,310196,1,3,3,2,1,1,3,4,2,3,1989,2,2
1991,1,310197,1,2,2,2,1,1,3,4,2,3,1981,2,2
1991,1,310198,2,1,1,1,2,2,3,4,2,3,1983,2,2
1991,1,310199,1,2,2,2,1,1,3,4,2,3,1976,1,2
1991,2,310199,6,4,4,2,1,1,3,4,2,3,1968,2,2
1991,1,310200,2,1,1,1,1,1,3,4,1,3,1989,2,1
1991,1,310201,6,2,2,1,1,1,3,4,2,3,1973,2,2
1991,2,310201,1,5,5,2,1,1,3,4,2,3,1978,2,2
1991,1,310202,6,4,4,2,1,1,3,4,2,3,1990,2,2
1991,2,310202,1,7,7,2,1,1,3,4,2,3,1991,2,2
1991,1,310203,4,2,2,2,1,1,3,4,2,3,1971,2,2
1991,1,310204,1,3,3,1,1,1,3,4,2,3,1984,2,2
1991,2,310204,1,2,2,2,1,1,3,4,2,3,1991,2,2
1991,1,310205,2,2,2,1,1,1,3,4,2,3,1973,2,2
1991,1,310206,1,3,3,2,1,1,3,4,2,3,1982,2,2
1991,1,310207,1,2,2,2,1,1,3,4,2,3,1979,2,2
1991,2,310207,1,2,2,2,2,2,3,4,2,3,1980,2,2
1991,1,310208,1,2,7,2,1,1,3,4,2,3,1977,2,2
1991,2,310208,1,2,7,2,1,1,3,4,2,3,1988,2,2
1991,1,310209,1,2,2,2,1,1,3,4,2,3,1983,2,2
1991,2,310209,1,2,2,2,1,1,3,4,2,3,1991,2,2
1991,1,310210,1,2,2,1,1,1,3,4,1,3,1970,2,2
1991,2,310210,6,2,2,2,2,2,3,4,2,3,1977,2,2
1991,1,310211,1,5,7,1,1,1,3,4,2,3,1974,2,2
1991,1,310212,1,5,5,2,1,1,3,4,2,3,1973,2,2
1991,1,310214,4,4,4,2,1,1,3,4,2,3,1991,2,2
1991,2,310214,1,5,5,2,1,1,3,4,2,3,1969,2,2
1991,1,310215,1,2,2,2,1,1,3,4,2,3,1989,2,2
1991,2,310215,2,2,2,2,1,1,3,4,2,3,1976,2,2
1991,1,310216,1,1,1,2,1,1,3,4,2,3,1972,2,2
1991,1,310217,9,1,1,1,1,1,3,4,2,3,1965,2,2
1991,1,310218,5,5,5,2,1,1,3,4,2,3,1982,2,2
1991,2,310218,1,5,5,2,1,1,3,4,2,3,1980,2,2
1991,1,310219,6,4,4,2,1,1,3,4,2,3,1974,2,2
1991,2,310219,2,4,4,2,1,1,3,4,2,3,1989,2,2
1991,3,310219,6,2,2,2,2,2,3,4,2,3,1990,2,2
1991,1,310220,2,3,3,2,1,1,3,4,1,3,1982,2,2
1991,1,310221,2,5,5,2,1,1,3,4,2,3,1980,2,2
1991,1,310222,2,1,1,1,1,1,3,4,1,3,1981,2,2
1991,1,310223,1,2,2,2,1,1,3,4,2,3,1985,2,2
1991,2,310223,1,2,2,2,1,1,3,4,2,3,1990,2,2
1991,3,310223,1,6,6,2,1,1,3,4,2,3,1987,2,2
1991,1,310224,6,3,3,2,1,1,3,4,1,3,1977,2,2
1991,2,310224,4,5,5,2,1,1,3,4,2,3,1987,2,2
1991,1,310225,2,3,3,2,1,1,3,4,1,3,1987,2,2
1991,2,310225,1,2,2,2,1,1,3,4,2,3,1991,2,2
1991,1,310226,6,2,2,2,1,1,3,4,2,3,1991,2,2
1991,2,310226,1,2,2,2,1,1,3,4,2,3,1974,2,2
1991,1,310227,1,5,5,2,3,3,3,4,2,3,1979,2,2
1991,1,310228,6,2,2,2,1,1,3,4,2,3,1986,2,2
1991,2,310228,1,3,3,2,1,1,3,4,1,3,1977,2,2
1991,3,310228,4,2,2,2,1,1,3,4,2,3,1989,2,2
1991,1,310229,1,7,7,1,3,3,3,4,2,3,1987,2,2
1991,1,310230,3,2,2,2,1,1,3,4,2,3,1988,2,2
1991,2,310230,1,5,5,2,1,1,3,4,2,3,1986,2,2
1991,1,310231,2,1,1,1,1,1,3,4,2,3,1986,2,2
1991,1,310232,2,7,7,1,1,1,3,4,2,3,1991,2,2
1991,1,310233,1,2,2,2,1,1,3,4,2,3,1979,2,2
1991,2,310233,1,2,2,2,1,1,3,4,2,3,1989,2,2
1991,1,310234,2,3,3,2,1,1,3,4,2,3,1975,2,2
1991,1,310235,6,2,2,2,1,1,3,4,2,3,1984,2,2
1991,2,310235,2,2,2,2,1,1,3,4,1,3,1987,2,2
1991,1,310236,1,2,2,2,1,1,3,4,2,3,1989,2,1
1991,1,310237,1,3,3,2,1,1,3,4,2,3,1972,2,2
1991,2,310237,6,2,2,2,1,1,3,4,2,3,1991,2,2
1991,1,310238,4,2,7,2,3,3,3,4,2,3,1976,2,2
1991,2,310238,4,2,2,2,1,1,3,4,2,3,1990,2,2
1991,1,310239,1,5,5,2,1,1,3,4,2,3,1986,2,2
1991,1,310240,1,7,7,1,1,1,3,4,2,3,1985,2,2
1991,1,310241,2,2,7,2,1,1,3,4,1,3,1980,2,2
1991,1,310242,1,1,1,1,1,1,3,4,2,3,1984,2,2
1991,1,310243,2,2,2,2,1,1,3,4,1,3,1986,2,2
1991,1,310244,3,1,1,1,1,1,3,4,1,3,1984,2,2
1991,1,310246,1,2,2,2,2,2,3,4,1,3,1982,2,2
1991,2,310246,9,5,5,1,1,1,3,4,2,3,1992,2,2
1991,1,310247,1,2,2,2,1,1,3,4,2,3,1986,2,2
1991,2,310247,2,2,2,2,1,1,3,4,1,3,1986,2,2
1991,3,310247,2,5,5,2,1,1,3,4,2,3,1989,2,2
1991,4,310247,1,2,2,2,1,1,3,4,2,3,1980,2,2
1991,1,310248,2,2,2,1,1,1,3,4,2,3,1988,2,2
1991,1,310249,1,2,2,2,1,1,3,4,2,3,1984,2,2
1991,2,310249,1,3,3,2,1,1,3,4,2,3,1988,2,2
1991,1,310250,2,1,1,1,1,1,3,4,1,3,1986,2,2
1991,1,310251,1,2,2,2,1,1,3,4,2,3,1983,2,2
1991,2,310251,6,2,2,2,1,1,3,4,2,3,1988,2,2
1991,1,310252,1,1,1,1,2,2,3,4,2,3,1991,1,2
1991,1,310253,1,1,1,1,1,1,3,4,1,3,1959,2,2
1991,1,320001,1,2,2,2,1,1,3,4,2,3,1983,2,2
1991,2,320001,3,2,2,2,3,3,3,4,2,3,1987,2,2
1991,1,320002,6,4,4,2,3,3,3,4,2,3,1981,2,2
1991,2,320002,1,6,6,2,1,1,3,4,2,3,1973,1,2
1991,1,320003,1,7,7,1,1,1,3,4,1,3,1987,2,2
1991,1,320004,2,1,1,1,2,2,3,4,1,3,1990,2,2
1991,1,320005,1,2,2,2,1,1,3,4,2,3,1984,2,2
1991,1,320006,1,2,2,2,1,1,3,4,2,3,1980,2,2
1991,1,320007,2,1,1,2,1,1,3,4,2,3,1987,2,2
1991,1,320008,1,1,1,1,1,1,3,4,1,3,1976,1,2
1991,1,320009,2,2,2,2,1,1,3,4,2,3,1979,2,2
1991,2,320009,1,2,2,2,1,1,3,4,2,3,1991,2,2
1991,1,320010,7,1,1,2,4,2,3,2,1,3,1990,2,2
1991,1,320011,1,7,7,1,1,1,3,4,1,3,1984,2,1
1991,1,320012,7,1,1,2,4,2,3,2,2,3,1983,2,2
1991,1,320013,1,7,7,1,1,1,3,4,2,3,1990,1,2
1991,1,320014,1,2,2,1,1,1,3,4,1,3,1985,2,2
1991,2,320014,9,5,5,2,1,1,3,4,2,3,1989,2,2
1991,3,320014,3,2,2,2,1,1,3,4,2,3,1991,2,2
1991,4,320014,1,5,5,2,1,1,3,4,2,3,1991,2,2
1991,1,320015,2,2,2,2,2,2,3,4,2,3,1983,2,2
1991,2,320015,1,2,2,2,1,1,3,4,2,3,1990,2,2
1991,1,320016,1,2,2,2,2,2,3,4,1,3,1982,2,2
1991,1,320017,1,2,2,2,1,1,3,4,2,3,1979,2,2
1991,2,320017,1,3,3,2,1,1,3,4,2,3,1983,2,2
1991,1,320018,1,2,2,2,1,1,3,4,1,3,1981,2,2
1991,2,320018,1,2,2,2,1,1,3,4,2,3,1983,2,2
1991,1,320019,1,2,2,2,1,1,3,4,2,3,1991,2,2
1991,2,320019,1,3,3,2,1,1,3,4,2,3,1989,2,2
1991,1,320020,1,2,2,2,2,2,3,4,1,3,1988,2,2
1991,2,320020,1,2,2,2,1,1,3,4,2,3,1989,2,2
1991,3,320020,1,7,7,2,1,1,3,4,2,3,1976,2,2
1991,4,320020,1,7,7,2,1,1,3,4,2,3,1985,2,2
1991,1,320021,1,2,2,2,1,1,3,4,2,3,1988,1,2
1991,1,320022,1,2,2,2,3,3,3,4,2,3,9999,2,2
1991,1,320023,2,2,2,2,1,1,3,4,2,3,1985,2,2
1991,2,320023,1,2,2,2,1,1,3,4,2,3,1979,2,2
1991,1,320024,1,2,2,2,1,1,3,4,2,3,1991,2,2
1991,2,320024,6,2,2,2,1,1,3,4,2,3,1974,2,2
1991,3,320024,1,3,3,2,1,1,3,4,2,3,1987,2,2
1991,1,320025,3,1,1,1,1,1,3,4,2,3,1988,1,2
1991,1,320026,1,2,2,2,1,1,3,4,2,3,1970,2,2
1991,1,320027,1,1,1,1,1,1,3,4,1,3,1980,2,2
1991,1,320028,2,2,2,2,1,1,3,4,2,3,1985,2,2
1991,1,320029,1,2,2,2,1,1,3,4,1,3,1976,2,2
1991,2,320029,1,2,2,2,1,1,3,4,2,3,1987,2,2
1991,3,320029,2,5,5,2,1,1,3,4,2,3,1981,2,2
1991,1,320030,1,1,1,1,1,1,3,4,2,3,1986,1,2
1991,1,320031,3,1,1,1,2,2,3,4,2,3,1984,2,2
1991,1,320032,2,1,1,1,2,2,3,4,1,3,1977,1,2
1991,1,320033,1,2,2,2,1,1,3,4,2,3,1984,1,2
1991,1,320034,6,2,2,2,1,1,3,4,2,3,1982,2,2
1991,1,320035,3,4,4,1,1,1,3,4,1,3,1977,2,2
1991,1,320036,3,5,5,1,1,1,3,4,2,3,1985,2,2
1991,1,320037,1,1,1,1,1,1,3,4,2,3,1986,1,2
1991,1,320038,2,2,2,2,1,1,3,4,2,3,1990,2,2
1991,2,320038,1,6,6,2,1,1,3,4,2,3,1978,2,2
1991,1,320039,4,2,2,2,1,1,3,4,2,3,1990,2,2
1991,2,320039,6,2,2,2,1,1,3,4,2,3,1978,2,2
1991,3,320039,6,5,5,2,1,1,3,4,2,3,1990,2,2
1991,1,320040,7,5,5,2,4,1,3,1,1,3,1986,1,2
1991,1,320041,1,2,2,2,1,1,3,4,2,3,1986,2,2
1991,1,320042,1,2,2,2,1,1,3,4,2,3,1989,1,2
1991,1,320043,3,1,1,1,1,1,3,4,1,3,1989,2,2
1991,1,320044,1,1,1,1,1,1,3,4,2,3,1989,1,2
1991,1,320045,2,2,2,2,1,1,3,4,2,3,1980,2,2
1991,1,320046,1,6,6,2,1,1,3,4,2,3,1977,1,2
1991,1,320047,1,7,7,1,2,2,3,4,2,3,1978,1,2
1991,1,320048,2,1,1,1,1,1,3,4,1,3,1988,2,2
1991,1,320049,1,1,1,1,1,1,3,4,1,3,1982,1,2
1991,1,320050,2,1,1,1,1,1,3,4,2,3,1985,1,2
1991,1,320051,1,1,1,1,1,1,3,4,2,3,1986,2,2
1991,1,320052,1,2,2,2,2,2,3,4,1,3,1979,2,2
1991,2,320052,2,2,2,2,1,1,3,4,2,3,1989,2,2
1991,1,320053,2,2,2,1,1,1,3,4,1,3,1969,1,2
1991,1,320054,3,7,7,2,2,2,3,4,1,3,1986,2,2
1991,1,320055,1,3,3,2,1,1,3,4,1,3,1983,2,2
1991,2,320055,1,2,2,2,1,1,3,4,2,3,1991,2,2
1991,1,320056,3,5,5,1,1,1,3,4,2,3,1977,1,2
1991,2,320056,4,3,3,2,2,2,3,4,2,3,1982,2,2
1991,1,320057,1,1,1,1,3,3,3,4,2,3,1988,1,1
1991,1,320058,1,2,2,2,1,1,3,4,2,3,1988,2,2
1991,1,320059,1,2,2,2,1,1,3,4,2,3,1985,2,2
1991,1,320060,2,2,2,2,1,1,3,4,2,3,1969,2,2
1991,2,320060,1,6,6,2,1,1,3,4,2,3,1984,2,2
1991,1,320061,2,1,1,1,3,3,3,4,1,3,1971,2,2
1991,1,320062,1,5,5,2,1,1,3,4,2,3,1984,1,2
1991,2,320062,1,2,2,2,2,2,3,4,2,3,1987,2,2
1991,1,320063,4,1,1,1,1,1,3,4,2,3,1989,2,1
1991,1,320064,1,6,5,2,1,1,3,4,1,3,1989,2,2
1991,1,320065,7,5,5,2,4,1,3,1,2,3,1987,2,2
1991,1,320066,3,6,6,1,1,1,3,4,2,3,1980,1,2
1991,1,320067,1,1,1,1,1,1,3,4,1,3,1987,2,2
1991,1,320068,7,2,2,2,4,2,3,2,1,3,1990,2,2
1991,1,320069,1,5,4,2,1,1,3,4,1,3,1977,2,2
1991,1,320070,1,1,1,1,1,1,3,4,2,3,1989,1,2
1991,1,320071,1,2,2,2,1,1,3,4,2,3,1980,2,2
1991,2,320071,4,2,2,2,1,1,3,4,2,3,1987,2,2
1991,1,320072,7,7,7,2,4,2,3,2,1,3,1982,2,2
1991,1,320073,1,2,2,2,1,1,3,4,2,3,1989,2,2
1991,1,320074,1,1,1,1,1,1,3,4,2,3,1979,2,2
1991,1,320076,2,2,2,2,1,1,3,4,2,3,1989,1,2
1991,1,320077,1,5,5,2,1,1,3,4,1,3,1967,2,2
1991,1,320078,2,2,2,2,2,2,3,4,1,3,1968,2,2
1991,2,320078,1,4,4,2,1,1,3,4,2,3,1985,2,2
1991,3,320078,1,4,4,2,1,1,3,4,2,3,1990,2,2
1991,1,320079,3,2,2,2,1,1,3,4,2,3,1985,2,2
1991,2,320079,3,2,4,2,1,1,3,4,1,3,1977,2,2
1991,3,320079,1,2,2,2,1,1,3,4,2,3,1990,2,2
1991,4,320079,1,2,5,1,1,1,3,4,2,3,1986,2,2
1991,1,320080,2,2,2,2,1,1,3,4,2,3,1991,2,2
1991,1,320081,1,4,4,2,1,1,3,4,1,3,1974,2,2
1991,1,320082,1,2,3,2,2,2,3,4,1,3,1978,2,2
1991,2,320082,1,4,7,2,1,1,3,4,2,3,1979,2,2
1991,1,320083,1,2,2,2,1,1,3,4,2,3,1983,1,2
1991,1,320084,7,2,2,2,4,1,3,1,1,3,1981,2,2
1991,1,320085,1,1,1,1,1,1,3,4,1,3,1989,1,2
1991,1,320086,2,2,6,2,1,1,3,4,2,3,1988,2,2
1991,2,320086,1,2,2,2,2,2,3,4,2,3,1990,2,2
1991,1,320087,2,1,1,1,2,2,3,4,1,3,1986,2,2
1991,1,320088,3,2,2,2,1,1,3,4,2,3,1991,2,2
1991,2,320088,1,2,2,2,2,2,3,4,2,3,1969,2,2
1991,3,320088,2,2,2,2,1,1,3,4,2,3,1988,2,2
1991,1,320089,3,1,1,1,1,1,3,4,2,3,1990,2,2
1991,1,320090,2,1,1,1,1,1,3,4,2,3,1986,1,2
1991,1,320091,7,1,1,2,4,1,3,1,2,3,1984,1,2
1991,1,320092,1,3,3,2,1,1,3,4,1,3,1971,2,2
1991,2,320092,1,2,2,2,1,1,3,4,2,3,1978,2,2
1991,1,320093,2,2,2,2,1,1,3,4,2,3,1973,1,2
1991,1,320094,6,4,4,2,3,3,3,4,2,3,1990,2,2
1991,2,320094,7,2,2,2,4,1,3,1,2,3,1989,2,2
1991,1,320095,1,2,2,2,1,1,3,4,2,3,1990,2,2
1991,2,320095,4,2,2,2,3,3,3,4,2,3,1990,2,2
1991,1,320096,2,2,2,2,1,1,3,4,2,3,1989,2,2
1991,2,320096,1,5,5,2,1,1,3,4,2,3,1970,2,2
1991,1,320097,1,2,2,2,1,1,3,4,2,3,1971,2,2
1991,2,320097,7,2,2,2,4,1,3,1,2,3,1980,2,2
1991,1,320098,1,2,2,2,2,2,3,4,1,3,1979,1,2
1991,1,320099,1,2,6,1,1,1,3,4,2,3,1987,1,2
1991,1,320100,2,2,2,2,1,1,3,4,2,3,1978,1,2
1991,1,320101,1,2,2,2,1,1,3,4,2,3,1981,1,2
1991,1,320102,1,2,2,2,1,1,3,4,2,3,1982,1,2
1991,2,320102,1,2,2,2,1,1,3,4,2,3,1978,2,2
1991,1,320103,1,1,1,1,1,1,3,4,1,3,1990,2,2
1991,1,320104,2,2,2,2,1,1,3,4,2,3,1990,1,2
1991,2,320104,1,4,5,2,1,1,3,4,2,3,1983,2,2
1991,1,320105,2,2,2,1,1,1,3,4,2,3,1989,2,2
1991,1,320106,2,1,1,1,3,3,3,4,2,3,1980,1,2
1991,1,320107,7,2,2,2,4,2,3,2,1,3,1991,2,2
1991,2,320107,7,6,2,2,4,1,3,1,1,3,1990,2,2
1991,1,320108,3,2,2,2,1,1,3,4,2,3,1988,2,1
1991,2,320108,6,2,2,2,1,1,3,4,2,3,1984,2,2
1991,1,320109,1,2,6,2,1,1,3,4,1,3,1989,2,2
1991,2,320109,6,4,6,2,1,1,3,4,2,3,1991,2,2
1991,1,320110,1,1,1,1,1,1,3,4,2,3,1987,1,1
1991,1,320111,1,2,2,1,2,2,3,4,2,3,1971,2,2
1991,2,320111,2,2,2,2,1,1,3,4,2,3,1970,2,2
1991,3,320111,2,2,2,2,1,1,3,4,2,3,1979,2,2
1991,1,320112,4,2,2,2,1,1,3,4,2,3,1977,2,2
1991,2,320112,1,2,2,2,1,1,3,4,2,3,1988,2,2
1991,1,320113,1,2,2,1,1,1,3,4,2,3,1977,1,2
1991,1,320114,6,2,2,2,1,1,3,4,2,3,1975,1,2
1991,2,320114,1,5,5,2,1,1,3,4,2,3,1984,2,2
1991,1,320115,1,1,1,1,1,1,3,4,1,3,1988,1,2
1991,1,320116,1,2,6,2,1,1,3,4,2,3,1982,2,2
1991,1,320117,1,2,2,2,1,1,3,4,2,3,1980,2,2
1991,1,320118,1,1,1,1,1,1,3,4,2,3,1984,2,1
1991,1,320119,1,6,6,1,1,1,3,4,1,3,1990,2,2
1991,1,320120,2,2,2,1,2,2,3,4,1,3,1991,2,2
1991,1,320121,2,1,1,1,1,1,3,4,2,3,1976,1,2
1991,1,320122,1,2,2,2,1,1,3,4,1,3,1977,1,2
1991,2,320122,6,4,4,2,1,1,3,4,2,3,1991,2,2
1991,1,320123,1,3,2,2,1,1,3,4,1,3,1988,1,2
1991,1,320124,1,2,2,1,1,1,3,4,2,3,1987,1,2
1991,1,320125,7,2,2,2,4,2,3,2,1,3,9999,2,2
1991,1,320126,4,1,1,1,1,1,3,4,2,3,1983,2,1
1991,1,320127,1,2,5,1,1,1,3,4,1,3,1973,2,2
1991,2,320127,1,2,5,2,1,1,3,4,2,3,1988,2,2
1991,1,320128,1,1,1,1,2,2,3,4,1,3,1989,2,2
1991,1,320129,2,2,2,1,1,1,3,4,1,3,1973,2,2
1991,1,320130,4,1,1,1,2,2,3,4,1,3,1991,2,2
1991,1,320131,7,2,2,2,4,1,3,1,2,3,1985,2,2
1991,1,320132,1,2,2,2,1,1,3,4,2,3,1979,2,2
1991,2,320132,7,2,2,2,4,1,3,1,2,3,1988,2,2
1991,1,320133,4,2,7,1,1,1,3,4,2,3,1990,1,2
1991,1,320134,7,6,2,2,4,1,3,1,1,3,1986,2,2
1991,1,320135,2,1,1,1,2,2,3,4,2,3,1973,1,2
1991,1,320136,2,1,1,1,1,1,3,4,2,3,1979,2,2
1991,1,320137,1,4,4,2,2,2,3,4,2,3,1979,2,2
1991,2,320137,3,2,2,2,3,3,3,4,2,3,1990,2,2
1991,1,320138,7,1,1,2,4,2,3,2,2,3,1989,2,2
1991,1,320139,3,1,1,1,1,1,3,4,2,3,1986,2,2
1991,1,320140,4,2,2,1,1,1,3,4,2,3,1991,1,2
1991,1,320141,4,1,1,1,2,2,3,4,2,3,1975,2,1
1991,1,320142,1,2,2,1,1,1,3,4,2,3,1989,2,2
1991,1,320143,1,6,6,2,1,1,3,4,2,3,1976,2,2
1991,2,320143,2,2,2,2,1,1,3,4,2,3,1979,2,2
1991,1,320144,1,1,1,1,1,1,3,4,2,3,1977,1,2
1991,1,320145,4,2,2,1,2,2,3,4,2,3,1989,1,2
1991,1,320146,1,5,5,2,1,1,3,4,2,3,1986,2,2
1991,2,320146,1,2,2,2,1,1,3,4,2,3,1984,2,2
1991,1,320147,1,1,1,1,1,1,3,4,1,3,1989,2,2
1991,1,320148,7,5,2,2,4,1,3,1,1,3,1985,2,2
1991,1,320149,4,2,2,2,1,1,3,4,2,3,1990,2,2
1991,2,320149,1,2,2,2,1,1,3,4,2,3,1989,2,2
1991,3,320149,1,2,2,2,1,1,3,4,2,3,1990,2,2
1991,4,320149,1,5,5,2,1,1,3,4,2,3,1991,2,2
1991,1,320150,1,3,3,2,1,1,3,4,2,3,1976,2,2
1991,1,320151,1,2,3,2,1,1,3,4,2,3,1979,1,2
1991,1,320152,2,1,1,1,1,1,3,4,2,3,1989,1,2
1991,1,320153,1,1,1,1,1,1,3,4,2,3,1987,1,2
1991,1,320154,1,1,1,1,1,1,3,4,1,3,1983,2,2
1991,1,320155,6,2,2,1,1,1,3,4,2,3,1977,2,2
1991,2,320155,1,2,7,2,1,1,3,4,2,3,1982,2,2
1991,3,320155,1,4,4,2,1,1,3,4,2,3,1985,2,2
1991,1,320156,1,1,1,1,1,1,3,4,1,3,1991,2,2
1991,1,320157,1,5,2,1,1,1,3,4,2,3,1978,2,2
1991,1,320158,1,2,2,2,1,1,3,4,2,3,1975,2,2
1991,2,320158,1,2,2,2,1,1,3,4,2,3,1973,2,2
1991,1,320159,1,2,2,2,1,1,3,4,2,3,1975,2,2
1991,2,320159,1,3,5,2,1,1,3,4,2,3,1980,2,2
1991,1,320160,2,1,1,1,1,1,3,4,2,3,1969,2,2
1991,1,320161,2,1,1,2,1,1,3,4,2,3,1986,2,2
1991,1,320162,1,1,1,1,1,1,3,4,2,3,1981,1,2
1991,1,320163,1,6,6,2,3,3,3,4,2,3,1991,2,2
1991,1,320164,1,1,1,1,1,1,3,4,2,3,1973,2,2
1991,1,320165,3,2,6,1,1,1,3,4,2,3,1989,2,2
1991,2,320165,1,2,2,2,1,1,3,4,2,3,1990,2,2
1991,3,320165,9,2,2,2,1,1,3,4,2,3,1990,2,2
1991,1,320166,4,3,6,1,1,1,3,4,2,3,1991,1,2
1991,2,320166,1,2,2,2,1,1,3,4,2,3,1990,2,2
1991,1,320167,3,1,1,1,2,2,3,4,2,3,1986,2,1
1991,1,320168,1,1,1,1,1,1,3,4,2,3,1985,2,2
1991,1,320169,2,2,2,2,2,2,3,4,2,3,1975,1,2
1991,2,320169,7,5,5,2,4,1,3,1,2,3,1986,2,2
1991,1,320170,2,2,6,1,2,2,3,4,2,3,1979,1,2
1991,1,320171,2,1,1,1,1,1,3,4,2,3,1986,1,2
1991,1,320172,9,1,1,1,1,1,3,4,2,3,1985,1,2
1991,2,320172,4,1,1,2,1,1,3,4,2,3,1989,2,2
1991,1,320173,4,2,6,1,1,1,3,4,2,3,1988,2,2
1991,2,320173,1,4,6,1,1,1,3,4,2,3,1986,2,2
1991,1,320174,1,1,1,1,1,1,3,4,2,3,1990,1,2
1991,1,320175,1,1,1,1,1,1,3,4,2,3,1986,1,2
1991,1,320176,1,1,1,1,1,1,3,4,2,3,1988,1,2
1991,1,320177,2,1,1,1,1,1,3,4,2,3,1986,1,2
1991,1,320178,1,3,3,2,1,1,3,4,1,3,1980,2,2
1991,1,320179,4,1,1,1,3,3,3,4,1,3,1991,2,2
1991,1,320180,2,2,2,2,2,2,3,4,1,3,1978,2,2
1991,2,320180,1,4,4,2,1,1,3,4,2,3,1990,2,2
1991,1,320181,2,1,1,2,1,1,3,4,2,3,1977,2,2
1991,1,320182,1,5,5,2,2,2,3,4,1,3,1990,1,2
1991,2,320182,4,2,2,2,1,1,3,4,2,3,1986,2,2
1991,1,320183,1,1,1,1,1,1,3,4,1,3,1986,2,2
1991,1,320184,1,5,5,2,1,1,3,4,2,3,1991,2,2
1991,2,320184,1,2,2,2,1,1,3,4,2,3,1987,2,2
1991,1,320185,1,2,6,2,1,1,3,4,2,3,1981,2,2
1991,1,320186,1,2,6,1,1,1,3,4,2,3,1990,2,2
1991,2,320186,3,5,6,1,1,1,3,4,2,3,1988,2,2
1991,3,320186,4,2,2,2,1,1,3,4,2,3,1990,2,2
1991,1,320187,1,2,6,2,2,2,3,4,2,3,1982,1,2
1991,1,320188,9,1,1,1,1,1,3,4,2,3,1990,1,1
1991,1,320189,1,2,2,2,1,1,3,4,2,3,1987,2,2
1991,2,320189,1,2,2,2,1,1,3,4,2,3,1991,2,2
1991,1,320190,1,2,2,2,2,2,3,4,2,3,1971,2,2
1991,2,320190,2,2,2,2,2,2,3,4,2,3,1987,2,2
1991,1,320191,1,2,2,2,1,1,3,4,2,3,1989,2,2
1991,2,320191,1,2,2,2,1,1,3,4,2,3,1991,2,2
1991,3,320191,3,2,2,2,1,1,3,4,2,3,1970,2,2
1991,1,320192,1,1,1,1,2,1,3,4,1,3,1975,2,2
1991,1,320193,1,3,3,2,1,1,3,4,2,3,1985,2,2
1991,2,320193,1,2,2,2,1,1,3,4,1,3,1981,2,2
1991,1,320194,1,2,2,2,1,1,3,4,2,3,1990,2,2
1991,1,320195,2,3,6,1,1,1,3,4,1,3,1990,1,2
1991,1,320196,2,1,1,1,1,1,3,4,1,3,1973,1,2
1991,1,320197,1,3,5,2,1,1,3,4,2,3,1991,2,2
1991,2,320197,1,2,2,2,1,1,3,4,1,3,1986,2,2
1991,3,320197,1,2,2,2,1,1,3,4,2,3,1977,2,2
1991,1,320198,2,2,2,2,2,2,3,4,2,3,1984,2,2
1991,1,320199,1,1,1,1,1,1,3,4,2,3,1985,1,1
1991,1,320200,1,5,6,1,1,1,3,4,2,3,1990,1,2
1991,1,320201,6,2,2,2,1,1,3,4,1,3,1984,1,2
1991,2,320201,1,4,4,2,1,1,3,4,2,3,1983,2,2
1991,1,320202,1,1,1,1,1,1,3,4,2,3,1983,1,2
1991,1,320203,2,1,1,1,1,1,3,4,2,3,1984,1,2
1991,1,320204,2,1,1,1,1,1,3,4,2,3,1986,2,2
1991,1,320205,1,1,1,1,1,1,3,4,1,3,1991,2,2
1991,1,320206,4,1,1,1,2,2,3,4,2,3,1966,1,2
1991,1,320207,1,3,3,2,1,1,3,4,2,3,1980,2,2
1991,2,320207,2,2,2,2,1,1,3,4,2,3,1980,2,2
1991,1,320208,3,2,2,2,1,1,3,4,2,3,1978,1,2
1991,1,320209,2,2,2,2,1,1,3,4,1,3,1972,2,2
1991,2,320209,1,4,2,2,3,3,3,4,2,3,1978,2,2
1991,1,320210,3,2,2,2,1,1,3,4,2,3,1978,1,2
1991,1,320211,1,1,1,1,1,1,3,4,2,3,1989,1,1
1991,1,320212,1,2,3,2,1,1,3,4,2,3,1991,2,2
1991,2,320212,1,3,3,2,1,1,3,4,2,3,1985,2,2
1991,1,320213,1,2,5,2,1,1,3,4,2,3,1976,2,2
1991,2,320213,6,2,4,2,1,1,3,4,2,3,1987,2,2
1991,1,320214,1,2,2,2,1,1,3,4,2,3,1978,2,2
1991,1,320215,1,1,1,1,1,1,3,4,2,3,1988,1,2
1991,1,320216,1,2,2,2,1,1,3,4,2,3,1983,2,2
1991,1,320217,1,3,3,2,1,1,3,4,2,3,1985,2,2
1991,2,320217,1,2,2,2,1,1,3,4,2,3,1989,1,2
1991,1,320218,1,2,2,2,2,2,3,4,1,3,1982,1,2
1991,1,320219,2,2,2,2,1,1,3,4,2,3,1977,2,2
1991,1,320221,1,2,2,2,1,1,3,4,2,3,1971,2,2
1991,1,320222,1,2,2,2,1,1,3,4,2,3,1979,2,2
1991,1,320223,1,2,2,1,1,1,3,4,1,3,1986,2,2
1991,1,320224,1,5,5,2,1,1,3,4,2,3,1987,2,2
1991,2,320224,1,2,2,2,1,1,3,4,2,3,1988,2,2
1991,1,320225,3,1,1,1,1,1,3,4,2,3,1984,1,1
1991,1,320226,1,2,2,2,1,2,3,4,2,3,1987,1,2
1991,2,320226,1,2,2,2,1,1,3,4,2,3,1990,2,2
1991,1,320227,1,1,1,1,2,2,3,4,1,3,1980,2,2
1991,1,320228,1,5,5,2,1,1,3,4,2,3,1980,2,2
1991,2,320228,2,2,2,2,1,1,3,4,2,3,1987,2,2
1991,3,320228,1,2,2,2,1,1,3,4,2,3,1988,2,2
1991,1,320229,3,2,2,2,1,1,3,4,2,3,1989,2,2
1991,1,320230,1,2,2,2,1,1,3,4,1,3,1989,1,2
1991,1,320231,1,2,4,2,1,1,3,4,2,3,1988,1,2
1991,1,320232,1,6,6,2,1,1,3,4,2,3,1989,2,2
1991,2,320232,1,6,6,2,3,3,3,4,2,3,9999,2,2
1991,3,320232,1,6,6,2,3,3,3,4,2,3,9999,2,2
1991,1,320233,2,2,2,2,1,1,3,4,2,3,1977,2,2
1991,2,320233,1,2,2,2,1,1,3,4,2,3,1978,2,2
1991,1,320234,3,2,2,2,1,1,3,4,1,3,1979,2,2
1991,1,320235,1,2,2,2,1,1,3,4,2,3,1983,2,2
1991,1,320236,2,1,1,1,1,1,3,4,1,3,1977,2,1
1991,1,320237,3,1,1,1,1,1,3,4,1,3,1967,2,2
1991,1,320238,1,1,1,1,1,1,3,4,2,3,1987,2,2
1991,1,320239,1,1,1,1,1,1,3,4,2,3,1978,2,1
1991,1,320240,1,5,5,2,1,1,3,4,2,3,1964,2,2
1991,2,320240,1,2,6,2,1,1,3,4,2,3,1986,2,2
1991,1,320241,1,2,3,1,1,1,3,4,2,3,1982,1,2
1991,2,320241,6,2,2,2,1,1,3,4,2,3,1991,2,2
1991,3,320241,2,2,2,2,1,1,3,4,2,3,1990,2,2
1991,1,320242,6,2,2,2,1,1,3,4,2,3,1986,1,2
1991,2,320242,3,4,4,2,1,1,3,4,2,3,1984,2,2
1991,3,320242,6,4,4,2,1,1,3,4,2,3,1988,2,2
1991,4,320242,6,2,2,2,1,1,3,4,2,3,1980,2,2
1991,5,320242,6,2,2,2,1,1,3,4,2,3,1989,2,2
1991,1,320243,2,1,1,1,1,1,3,4,2,3,1987,1,2
1991,1,320244,1,3,3,2,1,1,3,4,2,3,1973,2,2
1991,1,320245,1,2,2,2,2,2,3,4,2,3,1965,2,2
1991,1,320246,2,4,4,1,2,2,3,4,1,3,1986,2,2
1991,2,320246,1,2,2,2,1,1,3,4,2,3,1983,2,2
1991,1,320247,7,1,1,2,4,1,3,1,2,3,1976,1,2
1991,1,320248,9,7,7,1,1,1,3,4,2,3,1985,1,1
1991,1,320249,1,6,6,1,1,1,3,4,1,3,1991,2,2
1991,1,320250,1,2,6,2,1,1,3,4,2,3,1978,1,2
1991,2,320250,6,5,5,2,1,1,3,4,2,3,1984,2,2
1991,1,320251,2,1,1,1,1,1,3,4,1,3,1992,1,2
1991,1,320252,2,5,5,1,1,1,3,4,2,3,1959,2,2
1991,2,320252,1,2,2,2,1,1,3,4,2,3,1986,2,2
1991,1,320253,2,2,2,1,1,1,3,4,1,3,1988,2,2
1991,1,320254,2,2,4,1,1,1,3,4,2,3,1991,1,2
1991,1,320255,1,2,2,2,1,1,3,4,2,3,1984,2,2
1991,1,320256,1,5,5,1,1,1,3,4,1,3,1975,2,2
1991,1,320257,2,1,1,1,1,1,3,4,2,3,1989,1,2
1991,1,320258,1,2,2,2,1,1,3,4,2,3,1975,2,2
1991,2,320258,1,2,2,2,1,1,3,4,2,3,1980,2,2
1991,3,320258,1,2,2,2,1,1,3,4,2,3,1981,2,2
1991,4,320258,2,2,2,2,1,1,3,4,2,3,1978,2,2
1991,1,320259,9,1,1,1,1,1,3,4,1,3,1991,2,2
1991,1,320260,9,2,2,2,3,3,3,4,2,3,9999,2,2
1991,1,320261,1,7,7,2,1,1,3,4,2,3,1987,1,2
1991,2,320261,1,7,7,2,3,3,3,4,2,3,1969,2,2
1991,1,320262,1,2,2,2,1,1,3,4,1,3,1979,2,2
1991,1,320263,3,2,2,2,1,1,3,4,2,3,1977,1,2
1991,1,330001,1,2,2,2,2,2,3,4,2,3,1987,2,1
1991,1,330002,5,4,4,2,1,1,3,4,2,3,1988,2,2
1991,2,330002,1,2,2,2,1,1,3,4,1,3,1982,2,2
1991,3,330002,1,3,3,2,1,1,3,4,2,3,1987,2,2
1991,1,330003,1,3,3,2,1,1,3,4,2,3,1988,2,2
1991,1,330004,4,5,5,2,1,1,3,4,2,3,1984,2,2
1991,2,330004,6,2,2,2,1,1,3,4,2,3,1987,2,2
1991,3,330004,1,3,3,2,1,1,3,4,2,3,1985,2,2
1991,1,330005,2,2,2,2,1,1,3,4,2,3,1991,2,2
1991,2,330005,1,3,3,2,2,2,3,4,2,3,1984,2,2
1991,1,330006,1,2,2,2,1,1,3,4,2,3,1989,2,2
1991,1,330007,1,3,3,2,1,1,3,4,1,3,1987,2,2
1991,1,330008,9,2,2,2,1,1,3,4,2,3,1987,2,2
1991,2,330008,1,2,2,2,1,1,3,4,2,3,1989,2,2
1991,1,330009,1,2,2,2,1,1,3,4,2,3,1987,2,2
1991,1,330010,1,4,4,2,1,1,3,4,2,3,1989,2,2
1991,2,330010,1,2,2,2,1,1,3,4,2,3,1983,2,2
1991,3,330010,1,2,2,2,1,1,3,4,2,3,1988,2,2
1991,1,330011,2,2,2,2,1,1,3,4,2,3,1985,2,2
1991,1,330012,1,2,2,2,1,1,3,4,2,3,1989,2,1
1991,2,330012,4,2,2,2,1,1,3,4,2,3,1990,2,2
1991,1,330013,1,3,3,2,1,1,3,4,2,3,1987,2,2
1991,2,330013,1,2,2,2,1,1,3,4,2,3,1986,2,2
1991,1,330014,1,4,2,2,1,1,3,4,2,3,1989,2,2
1991,2,330014,2,2,2,1,1,1,3,4,2,3,1989,2,2
1991,3,330014,1,4,4,2,1,1,3,4,2,3,1983,2,2
1991,1,330015,7,1,1,2,4,2,3,2,1,3,1977,2,2
1991,1,330016,1,3,3,2,1,1,3,4,1,3,1980,2,2
1991,1,330017,4,3,3,2,1,1,3,4,2,3,1986,2,2
1991,2,330017,1,2,2,2,1,1,3,4,2,3,1979,2,2
1991,1,330018,1,3,3,2,1,1,3,4,1,3,1966,2,2
1991,1,330019,1,2,2,1,2,2,3,4,2,3,1987,2,1
1991,1,330020,2,3,3,2,1,1,3,4,1,3,1977,2,2
1991,1,330021,1,2,2,2,2,2,3,4,2,3,1987,2,2
1991,1,330022,2,2,2,2,1,1,3,4,2,3,1989,2,2
1991,1,330023,2,3,6,1,1,1,3,4,2,3,1988,2,2
1991,1,330024,1,2,2,1,1,1,3,4,2,3,1983,2,2
1991,1,330025,3,2,2,1,1,1,3,4,2,3,1989,2,2
1991,1,330026,1,2,2,2,2,2,3,4,1,3,1978,2,2
1991,1,330027,1,2,2,2,1,1,3,4,1,3,1987,2,2
1991,1,330028,2,2,2,2,1,1,3,4,2,3,1987,1,2
1991,1,330029,2,2,2,1,1,1,3,4,2,3,1984,2,2
1991,1,330030,1,2,2,2,1,1,3,4,1,3,1984,2,2
1991,2,330030,1,2,2,2,1,1,3,4,2,3,1987,2,2
1991,1,330031,1,2,2,1,1,1,3,4,1,3,1991,2,2
1991,1,330032,1,2,2,2,1,1,3,4,2,3,1988,2,2
1991,2,330032,1,2,2,2,1,1,3,4,2,3,1989,2,2
1991,1,330033,9,2,2,2,1,1,3,4,2,3,1990,2,2
1991,1,330034,7,2,2,2,4,2,3,2,1,3,1988,2,2
1991,1,330035,1,2,2,1,1,1,3,4,1,3,1989,2,2
1991,1,330036,1,1,1,1,1,1,3,4,1,3,1963,2,2
1991,1,330037,1,2,2,2,1,1,3,4,2,3,1988,2,2
1991,2,330037,1,2,2,2,1,1,3,4,2,3,1986,2,2
1991,1,330038,1,2,2,2,1,1,3,4,2,3,1988,2,2
1991,2,330038,1,5,5,2,1,1,3,4,2,3,1990,2,2
1991,1,330039,1,2,2,1,1,1,3,4,1,3,1989,2,2
1991,1,330040,7,1,1,2,4,1,3,1,1,3,1980,2,2
1991,1,330041,7,2,2,2,4,2,3,2,1,3,1979,2,2
1991,1,330042,7,2,2,2,4,1,3,1,1,3,1985,2,2
1991,1,330043,1,1,1,1,1,1,3,4,1,3,1982,2,2
1991,1,330044,2,1,1,1,2,2,3,4,2,3,1989,2,2
1991,1,330045,2,2,2,2,1,1,3,4,2,3,1987,2,2
1991,2,330045,1,4,3,2,1,1,3,4,2,3,1991,2,2
1991,3,330045,6,2,2,2,1,1,3,4,2,3,1980,2,2
1991,1,330046,1,5,5,2,2,2,3,4,2,3,1984,2,2
1991,2,330046,2,2,2,2,1,1,3,4,2,3,1983,2,2
1991,1,330047,1,2,2,2,1,1,3,4,1,3,1983,2,2
1991,1,330048,1,2,2,2,1,1,3,4,2,3,1988,2,2
1991,1,330049,7,2,2,2,4,1,3,1,1,3,1974,2,2
1991,2,330049,2,2,2,2,1,1,3,4,2,3,1989,1,2
1991,1,330050,1,2,2,2,1,1,3,4,1,3,1981,2,2
1991,1,330051,2,2,2,2,1,1,3,4,1,3,1979,2,2
1991,1,330052,1,2,2,2,1,1,3,4,2,3,1984,2,1
1991,1,330053,1,2,2,2,1,1,3,4,2,3,1985,2,2
1991,1,330054,2,2,2,2,1,1,3,4,2,3,1987,2,2
1991,2,330054,7,2,2,2,4,1,3,1,2,3,1980,2,2
1991,1,330055,3,2,2,2,1,1,3,4,2,3,1982,2,2
1991,1,330056,7,2,2,2,4,1,3,1,1,3,1988,2,2
1991,1,330057,7,2,2,2,4,2,3,2,2,3,1983,2,2
1991,1,330058,1,5,5,2,1,1,3,4,2,3,1985,2,2
1991,2,330058,2,2,2,2,1,1,3,4,2,3,1988,2,2
1991,1,330059,1,2,2,2,1,1,3,4,1,3,1979,2,2
1991,1,330060,1,2,2,1,2,2,3,4,1,3,1983,2,2
1991,2,330060,1,4,4,2,1,1,3,4,2,3,1990,2,2
1991,1,330061,1,4,5,2,1,1,3,4,1,3,1981,2,2
1991,1,330062,1,2,2,1,1,1,3,4,2,3,1989,2,1
1991,1,330064,3,3,3,1,1,1,3,4,2,3,1989,2,2
1991,2,330064,6,2,2,2,1,1,3,4,2,3,1988,2,2
1991,1,330065,7,2,2,2,4,1,3,1,2,3,1975,2,2
1991,2,330065,1,5,5,2,1,1,3,4,2,3,1988,2,2
1991,1,330066,2,2,2,2,2,2,3,4,1,3,1985,2,2
1991,2,330066,1,2,2,2,1,1,3,4,2,3,1988,2,2
1991,1,330068,1,2,5,2,2,2,3,4,1,3,1982,2,2
1991,2,330068,1,4,4,2,1,1,3,4,2,3,1984,2,2
1991,1,330069,2,2,2,2,1,1,3,4,2,3,1987,2,2
1991,1,330070,4,2,2,2,1,1,3,4,2,3,1988,2,2
1991,2,330070,2,2,2,2,1,1,3,4,1,3,1986,2,2
1991,1,330071,4,2,2,1,1,1,3,4,2,3,1991,2,2
1991,2,330071,2,2,2,2,1,1,3,4,2,3,1981,2,2
1991,1,330072,1,2,5,2,1,1,3,4,2,3,1978,2,2
1991,1,330073,2,2,2,1,1,1,3,4,2,3,1990,2,1
1991,1,330074,7,2,2,2,4,1,3,1,2,3,1978,2,2
1991,1,330075,1,7,7,1,2,2,3,4,1,3,1979,2,2
1991,1,330076,1,2,2,1,1,1,3,4,2,3,1985,2,2
1991,2,330076,3,2,2,2,1,1,3,4,2,3,1989,2,2
1991,1,330077,2,2,2,1,1,1,3,4,2,3,1988,2,2
1991,1,330078,4,2,2,2,1,1,3,4,2,3,1988,2,2
1991,1,330080,1,2,2,2,1,1,3,4,2,3,1981,2,2
1991,1,330081,1,1,1,2,1,1,3,4,1,3,1977,2,2
1991,1,330082,1,2,2,2,1,1,3,4,2,3,1985,2,2
1991,2,330082,2,4,4,2,1,1,3,4,2,3,1980,2,2
1991,1,330083,7,2,2,2,4,1,3,1,2,3,1982,2,2
1991,1,330084,3,1,1,1,1,1,3,4,2,3,1987,2,2
1991,1,330085,1,2,2,2,1,1,3,4,2,3,1987,2,2
1991,1,330086,1,2,2,1,1,1,3,4,1,3,1984,2,2
1991,1,330088,1,1,1,1,1,1,3,4,2,3,1990,1,2
1991,1,330089,1,3,3,2,1,1,3,4,2,3,1982,2,2
1991,2,330089,3,2,2,2,1,1,3,4,2,3,1987,2,2
1991,1,330090,3,2,2,2,1,1,3,4,2,3,1988,2,1
1991,1,330091,1,5,5,2,1,1,3,4,2,3,1983,2,2
1991,2,330091,2,2,2,2,1,1,3,4,2,3,1989,2,2
1991,1,330092,1,5,5,2,1,1,3,4,2,3,1990,2,2
1991,2,330092,2,2,2,2,1,1,3,4,2,3,1983,2,2
1991,1,330093,3,1,1,1,1,1,3,4,2,3,1989,2,2
1991,1,330094,7,2,2,2,4,1,3,1,2,3,1978,2,2
1991,1,330096,1,3,3,2,1,1,3,4,1,3,1981,2,2
1991,1,330097,1,2,2,2,1,1,3,4,2,3,1987,2,2
1991,1,330098,1,2,2,2,2,2,3,4,2,3,1983,2,2
1991,2,330098,3,3,3,2,1,1,3,4,2,3,1989,2,2
1991,1,330099,1,4,4,2,1,1,3,4,2,3,1988,2,2
1991,2,330099,7,2,2,2,4,2,3,2,1,3,9999,2,2
1991,1,330100,2,1,1,1,1,1,3,4,1,3,1988,2,2
1991,1,330101,1,2,2,2,2,2,3,4,2,3,1991,2,2
1991,2,330101,1,4,4,2,1,1,3,4,2,3,1990,2,2
1991,1,330102,1,4,3,2,1,1,3,4,2,3,1990,1,2
1991,2,330102,1,2,2,2,1,1,3,4,2,3,1988,2,2
1991,3,330102,6,2,2,2,1,1,3,4,2,3,1988,2,2
1991,1,330104,1,5,5,2,1,1,3,4,2,3,1991,2,2
1991,1,330105,1,5,5,2,1,1,3,4,2,3,1987,2,2
1991,2,330105,4,2,2,2,1,1,3,4,2,3,1987,2,2
1991,1,330106,2,2,2,1,1,1,3,4,2,3,1977,2,2
1991,1,330107,4,2,2,2,1,1,3,4,2,3,1986,2,2
1991,2,330107,3,2,2,2,1,1,3,4,2,3,1986,2,2
1991,1,330108,1,2,2,2,1,1,3,4,2,3,1988,2,2
1991,1,330109,1,2,2,2,1,1,3,4,1,3,1984,2,2
1991,1,330110,1,2,2,2,1,1,3,4,1,3,1980,2,2
1991,2,330110,1,2,2,2,1,1,3,4,2,3,1984,2,2
1991,1,330111,1,5,5,2,1,1,3,4,2,3,1990,2,2
1991,2,330111,1,2,2,2,1,1,3,4,2,3,1973,2,2
1991,1,330112,1,5,5,2,1,1,3,4,2,3,1988,2,2
1991,2,330112,1,2,2,2,1,1,3,4,2,3,1991,2,2
1991,1,330113,1,2,2,2,1,1,3,4,2,3,1991,2,2
1991,2,330113,1,2,2,2,1,1,3,4,2,3,1980,2,2
1991,1,330114,1,2,2,2,1,1,3,4,2,3,1989,2,2
1991,2,330114,4,3,3,2,1,1,3,4,2,3,1986,2,2
1991,1,330115,1,2,2,2,1,1,3,4,2,3,1989,1,2
1991,1,330116,1,2,2,2,1,1,3,4,2,3,1986,2,2
1991,2,330116,1,3,3,2,1,1,3,4,2,3,1988,2,2
1991,3,330116,1,2,2,2,1,1,3,4,2,3,1985,2,2
1991,1,330117,1,3,3,2,1,1,3,4,2,3,1986,2,2
1991,2,330117,6,2,2,2,1,1,3,4,2,3,1990,2,2
1991,1,330118,1,2,3,2,1,1,3,4,1,3,1974,2,2
1991,1,330119,3,2,2,2,1,1,3,4,2,3,1979,2,2
1991,2,330119,1,5,5,2,1,1,3,4,2,3,1987,2,2
1991,1,330120,2,5,5,2,1,1,3,4,2,3,1977,2,2
1991,1,330121,1,3,3,2,1,1,3,4,2,3,1981,2,1
1991,1,330122,3,1,1,1,1,1,3,4,2,3,1989,2,1
1991,1,330123,1,2,2,2,1,1,3,4,2,3,1988,2,2
1991,1,330124,1,1,1,1,1,1,3,4,2,3,1987,2,2
1991,1,330125,2,5,5,1,2,2,3,4,2,3,1989,2,2
1991,1,330126,6,4,4,2,1,1,3,4,2,3,1978,2,2
1991,2,330126,1,2,2,2,1,1,3,4,2,3,1987,2,2
1991,1,330127,6,3,3,1,1,1,3,4,2,3,1988,2,2
1991,1,330128,1,2,2,2,1,1,3,4,2,3,1973,2,2
1991,1,330129,1,3,3,2,1,1,3,4,2,3,1986,2,2
1991,1,330130,4,2,2,2,1,1,3,4,2,3,1988,2,2
1991,1,330131,2,1,1,1,1,1,3,4,2,3,1988,2,1
1991,1,330132,1,6,6,2,1,1,3,4,2,3,1991,2,2
1991,1,330133,1,4,4,1,2,2,3,4,1,3,1986,2,2
1991,1,330134,2,2,2,2,1,1,3,4,1,3,1985,2,2
1991,1,330135,1,2,2,2,1,1,3,4,2,3,1980,2,2
1991,1,330136,1,2,2,2,1,1,3,4,2,3,1973,2,2
1991,1,330137,1,2,2,2,1,1,3,4,2,3,1989,2,1
1991,1,330138,1,2,2,1,1,1,3,4,2,3,1988,2,2
1991,1,330139,1,2,2,2,1,1,3,4,2,3,1989,2,2
1991,2,330139,1,2,2,2,1,1,3,4,2,3,1991,2,2
1991,1,330140,5,2,2,2,1,1,3,4,2,3,1987,2,2
1991,2,330140,1,3,3,2,1,1,3,4,2,3,1986,2,2
1991,1,330141,1,4,4,2,1,1,3,4,2,3,1990,2,2
1991,2,330141,2,4,4,2,1,1,3,4,2,3,1978,2,2
1991,3,330141,2,2,2,2,1,1,3,4,2,3,1988,2,2
1991,1,340001,1,2,2,2,1,1,3,4,2,3,1983,2,2
1991,2,340001,1,6,6,2,1,1,3,4,2,3,1985,2,2
1991,3,340001,1,6,6,2,1,1,3,4,2,3,1986,2,2
1991,1,340002,2,2,2,2,1,1,3,4,2,3,1987,2,2
1991,1,340003,1,3,3,2,1,1,3,4,2,3,1985,2,2
1991,1,340004,1,2,2,2,1,1,3,4,2,3,1988,2,2
1991,1,340005,3,2,2,2,1,1,3,4,2,3,1986,2,2
1991,1,340007,1,3,3,2,1,1,3,4,2,3,1988,1,2
1991,1,340008,1,2,2,2,1,1,3,4,2,3,1966,2,2
1991,1,340009,1,2,2,2,2,2,3,4,2,3,1989,1,2
1991,1,340010,1,2,2,2,3,3,3,4,2,3,9999,2,2
1991,1,340011,1,2,2,2,1,2,3,4,2,3,1983,2,2
1991,2,340011,1,2,2,2,1,1,3,4,2,3,1986,2,2
1991,1,340013,1,3,3,2,1,1,3,4,2,3,1986,2,2
1991,2,340013,6,2,2,2,1,1,3,4,2,3,1985,2,2
1991,1,340014,1,2,2,2,1,1,3,4,2,3,1962,2,2
1991,1,340016,1,2,2,2,1,1,3,4,2,3,1980,2,2
1991,1,340017,2,2,2,2,1,1,3,4,2,3,1971,2,2
1991,1,340018,1,2,2,2,1,1,3,4,2,3,1976,2,2
1991,2,340018,2,2,2,2,3,3,3,4,2,3,1988,2,2
1991,1,340019,1,2,2,2,1,1,3,4,2,3,1977,2,2
1991,1,340020,1,2,2,2,1,1,3,4,2,3,1989,2,2
1991,1,340021,1,5,5,2,2,2,3,4,2,3,1970,1,2
1991,1,340022,1,2,2,2,1,1,3,4,2,3,1990,2,1
1991,1,340023,1,2,2,2,1,1,3,4,2,3,1987,2,1
1991,1,340024,1,2,2,2,1,1,3,4,2,3,1987,2,2
1991,2,340024,1,5,5,2,1,1,3,4,2,3,1985,1,2
1991,1,340025,4,2,2,1,1,1,3,4,1,3,1989,2,2
1991,2,340025,1,5,4,2,1,1,3,4,2,3,1983,2,2
1991,3,340025,5,2,2,2,1,1,3,4,2,3,1990,2,2
1991,1,340026,3,2,2,2,1,1,3,4,2,3,1987,2,2
1991,2,340026,1,5,5,2,1,1,3,4,2,3,1982,2,2
1991,1,340027,1,6,6,1,1,1,3,4,1,3,1991,2,2
1991,1,340028,1,3,3,2,1,1,3,4,2,3,1981,1,2
1991,2,340028,3,2,2,2,1,1,3,4,2,3,1982,2,2
1991,1,340029,1,2,2,2,1,1,3,4,2,3,1987,2,2
1991,2,340029,1,2,2,2,1,1,3,4,2,3,1986,2,2
1991,3,340029,4,2,2,2,1,1,3,4,2,3,1988,2,2
1991,1,340030,2,2,2,2,1,1,3,4,1,3,1985,2,2
1991,2,340030,1,3,3,2,1,1,3,4,2,3,1988,2,2
1991,1,340032,1,4,2,2,1,1,3,4,2,3,1985,2,2
1991,2,340032,6,2,2,2,3,3,3,4,2,3,9999,2,2
1991,1,340033,1,2,2,1,1,1,3,4,2,3,1988,1,2
1991,1,340034,1,5,5,2,1,1,3,4,2,3,1987,2,2
1991,2,340034,1,2,2,2,1,1,3,4,2,3,1981,2,2
1991,1,340035,1,2,2,2,1,1,3,4,1,3,1987,2,2
1991,1,340036,1,2,2,2,1,1,3,4,2,3,1979,2,2
1991,2,340036,1,2,2,2,1,1,3,4,2,3,1987,2,2
1991,1,340037,1,5,5,1,1,1,3,4,1,3,1988,2,2
1991,1,340038,3,3,3,1,1,1,3,4,2,3,1991,2,2
1991,1,340039,1,2,2,2,1,1,3,4,2,3,1987,2,2
1991,1,340040,1,2,2,2,1,1,3,4,2,3,1985,2,2
1991,2,340040,1,2,2,2,1,1,3,4,2,3,1985,2,2
1991,3,340040,1,2,2,2,1,1,3,4,2,3,1983,2,2
1991,1,340041,1,2,2,2,1,1,3,4,2,3,1986,2,2
1991,1,340042,1,2,2,2,1,1,3,4,2,3,1988,2,2
1991,2,340042,1,5,5,2,1,1,3,4,2,3,1985,2,2
1991,1,340043,1,2,2,2,3,3,3,4,2,3,9999,2,2
1991,1,340044,1,2,2,2,1,1,3,4,2,3,1986,2,2
1991,1,340045,1,2,2,2,1,1,3,4,2,3,1987,2,2
1991,1,340046,1,5,5,2,1,1,3,4,2,3,1986,2,2
1991,1,340047,1,2,2,2,1,1,3,4,2,3,1986,2,2
1991,2,340047,1,2,2,2,1,1,3,4,2,3,1967,2,2
1991,1,340048,6,5,5,2,1,1,3,4,2,3,1987,2,2
1991,2,340048,3,2,2,2,1,1,3,4,2,3,1980,1,2
1991,1,340049,1,2,2,2,1,1,3,4,2,3,1989,2,1
1991,1,340050,1,2,2,2,1,1,3,4,2,3,1985,2,2
1991,2,340050,6,5,5,2,3,3,3,4,2,3,1985,2,2
1991,1,340051,1,2,2,2,1,1,3,4,1,3,1984,2,2
1991,1,340052,1,2,2,2,1,1,3,4,2,3,1972,2,2
1991,2,340052,1,2,2,2,1,1,3,4,2,3,1975,2,2
1991,1,340053,1,2,2,2,1,1,3,4,1,3,1981,2,2
1991,1,340054,1,2,2,2,1,1,3,4,2,3,1990,2,2
1991,2,340054,1,5,5,2,1,1,3,4,2,3,1990,2,2
1991,1,340055,3,2,2,2,1,1,3,4,2,3,1989,2,2
1991,2,340055,1,2,2,2,1,1,3,4,2,3,1991,2,2
1991,1,340056,1,2,2,2,2,2,3,4,2,3,1976,1,2
1991,1,340057,3,2,2,2,1,1,3,4,2,3,1989,1,2
1991,1,340059,1,2,2,2,1,1,3,4,2,3,1984,2,2
1991,1,340060,1,2,2,2,1,1,3,4,2,3,1981,2,2
1991,1,340061,1,2,2,2,1,1,3,4,2,3,1988,2,2
1991,2,340061,4,2,2,2,1,1,3,4,2,3,1991,2,2
1991,1,340062,1,2,2,2,1,1,3,4,2,3,1989,2,2
1991,1,340063,1,2,2,2,1,1,3,4,2,3,1966,2,2
1991,2,340063,1,2,2,2,1,1,3,4,2,3,1989,2,2
1991,3,340063,1,3,3,2,1,1,3,4,2,3,1986,2,2
1991,1,340064,1,3,3,2,1,1,3,4,2,3,1988,2,2
1991,2,340064,1,6,6,2,3,3,3,4,2,3,9999,2,2
1991,1,340065,1,2,2,2,1,1,3,4,2,3,1986,1,2
1991,1,340066,8,2,2,2,1,1,3,4,2,1,1980,1,2
1991,1,340067,1,3,3,2,1,1,3,4,2,3,1990,1,2
1991,1,340068,1,2,2,2,1,1,3,4,2,3,1985,2,2
1991,1,340069,1,2,2,2,2,2,3,4,1,3,1988,2,2
1991,1,340070,1,2,2,2,1,1,3,4,2,3,1989,1,2
1991,1,340071,1,5,5,2,1,1,3,4,2,3,1984,2,2
1991,2,340071,3,2,2,2,1,1,3,4,2,3,1984,2,2
1991,1,340072,1,2,2,2,1,1,3,4,1,3,1987,1,2
1991,1,340073,1,2,2,2,1,1,3,4,2,3,1976,2,2
1991,2,340073,1,3,3,2,1,1,3,4,2,3,1989,2,2
1991,1,340074,1,2,2,2,1,1,3,4,2,3,1991,2,2
1991,1,340075,1,2,2,2,3,3,3,4,2,3,9999,2,2
1991,2,340075,1,6,6,2,3,3,3,4,2,3,9999,2,2
1991,1,340076,6,4,4,2,1,2,3,4,2,3,1980,1,2
1991,1,340077,1,2,2,2,2,2,3,4,2,3,1982,2,2
1991,1,340078,1,2,2,2,2,2,3,4,2,3,1983,2,2
1991,1,340080,2,2,2,2,1,1,3,4,2,3,1987,2,2
1991,2,340080,1,3,3,2,1,1,3,4,2,3,1986,2,2
1991,1,340081,1,2,2,2,1,1,3,4,2,3,1983,2,2
1991,2,340081,3,2,2,2,1,1,3,4,2,3,1983,2,2
1991,3,340081,1,2,2,2,1,1,3,4,2,3,1987,2,2
1991,1,340082,1,2,2,2,1,1,3,4,2,3,1987,2,2
1991,1,340083,1,2,2,2,1,1,3,4,2,3,1989,1,2
1991,1,340085,3,2,2,2,1,1,3,4,1,3,1989,2,2
1991,2,340085,1,3,2,2,1,1,3,4,2,3,1989,2,2
1991,3,340085,1,4,4,2,1,1,3,4,2,3,1985,2,2
1991,1,340086,3,2,2,2,1,1,3,4,2,3,1989,2,2
1991,2,340086,1,3,3,2,1,1,3,4,2,3,1990,2,2
1991,1,340087,3,2,2,2,3,3,3,4,2,3,9999,2,2
1991,1,340089,1,2,2,2,1,1,3,4,2,3,1989,2,2
1991,1,340090,1,2,2,2,1,1,3,4,2,3,1990,2,2
1991,1,340091,1,2,2,2,1,1,3,4,2,3,1989,1,2
1991,2,340091,1,6,6,2,1,1,3,4,2,3,1986,2,2
1991,1,340092,1,6,6,2,1,1,3,4,2,3,1988,2,2
1991,1,340093,1,2,2,2,1,1,3,4,2,3,1990,2,2
1991,2,340093,1,3,3,2,1,1,3,4,2,3,1981,2,2
1991,1,340095,1,5,5,2,2,2,3,4,2,3,1978,1,2
1991,2,340095,6,2,2,1,1,1,3,4,2,3,1979,1,2
1991,1,340096,1,5,5,2,1,1,3,4,2,3,1984,2,2
1991,2,340096,3,2,2,2,1,1,3,4,1,3,1985,2,2
1991,1,340097,1,2,2,2,1,1,3,4,2,3,1989,2,2
1991,1,340098,1,2,2,2,1,1,3,4,2,3,1981,2,2
1991,2,340098,1,5,5,2,1,1,3,4,2,3,1987,2,2
1991,1,340099,1,3,3,2,2,1,3,4,2,3,1989,2,2
1991,1,340100,3,2,2,2,1,1,3,4,2,3,1990,1,2
1991,1,340101,1,2,2,2,2,2,3,4,1,3,1978,2,2
1991,2,340101,1,2,2,2,1,1,3,4,2,3,1986,2,2
1991,1,340102,1,2,2,2,1,1,3,4,2,3,1983,2,2
1991,2,340102,6,4,4,2,1,1,3,4,2,3,1975,2,2
1991,1,340103,1,2,2,1,1,1,3,4,1,3,1985,2,2
1991,1,340104,3,2,2,2,1,1,3,4,2,3,1987,2,2
1991,2,340104,3,2,2,2,1,1,3,4,2,3,1987,2,2
1991,1,340105,1,2,2,2,1,1,3,4,2,3,1987,2,2
1991,2,340105,1,2,2,2,1,1,3,4,2,3,1990,2,2
1991,3,340105,1,2,2,2,1,1,3,4,2,3,1979,2,2
1991,1,340106,1,2,2,2,1,1,3,4,2,3,1988,2,2
1991,1,340107,1,2,2,2,1,1,3,4,2,3,1983,2,2
1991,1,340108,1,2,2,2,1,1,3,4,2,3,1974,2,1
1991,2,340108,1,2,2,2,1,1,3,4,2,3,1983,2,2
1991,1,340109,1,4,4,2,1,1,3,4,2,3,1982,2,2
1991,1,340110,9,2,2,2,3,3,3,4,2,3,9999,2,2
1991,1,340111,1,2,2,2,3,3,3,4,2,3,1979,2,2
1991,1,340112,1,2,2,2,1,1,3,4,1,3,1990,2,2
1991,1,340114,2,3,3,2,1,1,3,4,2,3,1989,1,2
1991,1,340115,4,2,2,1,1,1,3,4,2,3,1986,2,2
1991,1,340116,4,3,3,2,1,1,3,4,2,3,1976,2,1
1991,1,340117,1,2,2,2,1,1,3,4,2,3,1989,2,2
1991,2,340117,7,3,3,2,4,1,3,1,2,3,1989,2,2
1991,1,340118,1,2,2,2,1,1,3,4,2,3,1989,1,2
1991,2,340118,1,5,5,2,1,1,3,4,2,3,1988,2,2
1991,1,340119,1,5,2,1,1,1,3,4,2,3,1985,1,2
1991,1,340120,6,4,4,2,1,1,3,4,2,3,1988,2,2
1991,2,340120,4,2,2,2,1,1,3,4,2,3,1978,1,2
1991,1,340121,1,5,5,2,1,1,3,4,2,3,1985,1,2
1991,2,340121,1,2,2,2,1,1,3,4,2,3,1986,2,2
1991,1,340122,1,2,2,2,1,1,3,4,2,3,1981,2,2
1991,2,340122,1,2,2,2,2,2,3,4,2,3,1989,1,2
1991,1,340123,1,3,3,1,1,1,3,4,1,3,1989,2,2
1991,2,340123,6,5,5,2,1,1,3,4,2,3,1986,2,2
1991,1,340124,1,3,3,2,1,1,3,4,2,3,1989,2,2
1991,2,340124,1,6,6,2,1,1,3,4,2,3,1974,2,2
1991,1,340125,7,2,2,2,4,2,3,2,1,3,1985,2,2
1991,1,340126,1,2,2,2,1,1,3,4,2,3,1987,2,2
1991,1,340127,1,2,2,2,1,1,3,4,2,3,1981,2,2
1991,2,340127,1,3,3,2,3,3,3,4,2,3,1981,2,2
1991,1,340128,1,2,2,2,1,1,3,4,2,3,1985,2,2
1991,2,340128,1,2,2,2,3,3,3,4,2,3,1991,2,2
1991,3,340128,1,2,2,2,1,1,3,4,2,3,1987,2,2
1991,1,340129,1,2,2,2,2,2,3,4,2,3,1989,1,2
1991,2,340129,6,4,2,2,2,1,3,4,2,3,1980,2,2
1991,3,340129,1,2,2,1,1,1,3,4,2,3,1977,2,2
1991,1,340130,1,6,6,1,1,1,3,4,2,3,1981,2,2
1991,1,340131,1,3,3,2,1,1,3,4,1,3,9999,2,2
1991,1,340132,1,2,2,2,1,2,3,4,2,3,1978,2,2
1991,1,340133,1,2,2,2,1,1,3,4,2,3,1981,2,2
1991,1,340134,1,2,2,2,1,1,3,4,2,3,1987,2,2
1991,2,340134,9,3,3,2,2,2,3,4,2,3,9999,2,2
1991,1,340135,1,2,2,2,1,1,3,4,2,3,1990,2,2
1991,1,340136,6,2,2,2,1,2,3,4,2,3,1986,1,2
1991,1,340137,1,4,4,2,1,1,3,4,2,3,1983,2,2
1991,2,340137,7,2,2,2,4,2,3,2,1,3,1988,2,2
1991,1,340138,1,2,2,2,1,1,3,4,2,3,1984,2,2
1991,2,340138,1,3,3,2,1,1,3,4,2,3,1980,2,2
1991,1,340139,1,2,2,2,1,1,3,4,2,3,1984,2,2
1991,2,340139,1,2,2,2,1,1,3,4,2,3,1982,2,2
1991,1,340140,4,2,2,2,1,1,3,4,2,3,1990,2,2
1991,1,340141,1,2,2,1,2,2,3,4,2,3,1979,2,2
1991,2,340141,1,5,5,2,1,1,3,4,2,3,1987,2,2
1991,1,340142,1,3,3,2,1,1,3,4,2,3,1984,2,2
1991,1,340143,1,3,3,1,1,1,3,4,2,3,1975,2,2
1991,1,340144,2,3,3,2,1,1,3,4,2,3,1981,2,2
1991,1,340145,6,4,4,2,1,1,3,4,2,3,1972,2,2
1991,2,340145,1,2,2,2,1,1,3,4,2,3,1984,2,2
1991,3,340145,1,2,2,2,1,1,3,4,2,3,1987,2,2
1991,4,340145,3,2,2,2,1,1,3,4,2,3,1990,2,2
1991,1,340146,4,2,2,1,2,2,3,4,2,3,1985,2,2
1991,2,340146,1,2,2,2,1,1,3,4,2,3,1984,2,2
1991,1,340147,1,2,2,2,1,1,3,4,1,3,1978,2,2
1991,1,340148,7,2,2,2,4,2,3,2,2,3,1990,2,2
1991,2,340148,1,3,3,2,1,1,3,4,2,3,1986,2,2
1991,1,340149,1,2,2,2,1,1,3,4,2,3,1977,2,2
1991,1,340150,1,2,2,2,1,1,3,4,2,3,1980,2,2
1991,1,340151,3,2,2,2,1,1,3,4,2,3,1985,2,2
1991,1,340152,2,1,1,1,1,1,3,4,1,3,1985,2,2
1991,1,340153,1,2,2,2,3,3,3,4,2,3,1990,1,2
1991,1,340154,6,4,4,2,1,1,3,4,2,3,1987,2,2
1991,2,340154,1,2,2,2,1,1,3,4,2,3,1981,1,2
1991,1,340155,1,2,2,2,1,1,3,4,2,3,1990,1,2
1991,2,340155,6,6,6,2,1,1,3,4,2,3,1987,2,2
1991,1,340156,1,3,3,1,1,1,3,4,2,3,1984,1,2
1991,1,340157,1,5,5,2,1,1,3,4,1,3,1988,2,2
1991,1,340158,1,2,2,2,1,1,3,4,2,3,1986,2,2
1991,2,340158,1,2,2,2,2,2,3,4,2,3,1989,2,2
1991,1,340159,1,2,2,2,1,1,3,4,2,3,1989,2,2
1991,2,340159,1,2,2,2,1,1,3,4,2,3,1979,2,2
1991,3,340159,1,2,2,2,2,2,3,4,2,3,1977,2,2
1991,1,340160,1,2,2,2,1,1,3,4,1,3,1991,2,2
1991,1,340161,1,2,2,2,1,1,3,4,1,3,1984,2,2
1991,1,340162,1,2,2,2,1,1,3,4,2,3,1990,2,2
1991,1,340163,1,3,3,1,2,2,3,4,1,3,1981,2,2
1991,1,340164,1,2,2,2,2,2,3,4,2,3,1978,2,2
1991,1,340165,7,2,2,2,4,1,3,1,2,3,1980,2,2
1991,1,340166,1,2,2,2,1,1,3,4,2,3,1984,1,2
1991,1,340167,1,2,4,2,1,1,3,4,2,3,1989,1,2
1991,2,340167,4,2,2,2,1,1,3,4,2,3,1985,1,2
1991,1,340168,1,5,5,2,1,1,3,4,2,3,1986,2,2
1991,2,340168,4,2,2,2,1,1,3,4,2,3,1988,2,2
1991,1,340169,1,2,2,2,1,1,3,4,2,3,1987,2,2
1991,1,340170,1,2,2,2,2,2,3,4,2,3,1978,2,1
1991,1,340171,1,2,2,2,1,1,3,4,2,3,1989,2,2
1991,1,340172,1,3,3,2,1,1,3,4,2,3,1986,2,2
1991,1,340173,1,2,2,1,2,2,3,4,2,3,1982,1,2
1991,1,340174,6,2,2,2,1,1,3,4,2,3,1988,2,2
1991,1,340175,1,2,2,2,1,1,3,4,2,3,1986,1,2
1991,1,340176,6,2,2,2,1,1,3,4,2,3,1982,2,2
1991,2,340176,9,5,5,2,1,1,3,4,2,3,1985,1,2
1991,1,340177,1,3,3,1,1,1,3,4,2,3,1984,2,1
1991,1,340178,1,2,2,2,1,1,3,4,2,3,1981,1,2
1991,2,340178,2,2,2,2,1,1,3,4,2,3,1989,2,2
1991,3,340178,1,2,2,2,1,1,3,4,2,3,1987,2,2
1991,1,340179,1,5,6,1,1,1,3,4,2,3,1983,2,2
1991,2,340179,6,4,4,2,1,1,3,4,1,3,1983,2,2
1991,1,340180,1,2,2,2,1,1,3,4,2,3,1990,1,2
1991,1,340181,1,2,2,2,1,1,3,4,2,3,1982,2,2
1991,2,340181,1,3,3,2,1,1,3,4,2,3,1989,1,2
1991,1,340182,2,2,2,2,1,1,3,4,2,3,1990,1,2
1991,2,340182,6,4,4,2,1,1,3,4,2,3,1972,2,2
1991,1,340183,1,2,2,2,1,1,3,4,2,3,1986,1,2
1991,2,340183,1,4,4,2,1,1,3,4,2,3,1991,2,2
1991,1,340184,7,2,2,2,4,2,3,2,2,3,1981,2,2
1991,1,340185,1,2,2,2,1,1,3,4,2,3,1989,2,2
1991,2,340185,6,2,2,2,1,1,3,4,2,3,1981,2,2
1991,1,340186,7,1,1,2,4,2,3,2,1,3,1991,2,2
1991,1,340187,2,5,5,2,1,1,3,4,1,3,1985,2,2
1991,1,340189,1,2,2,2,1,1,3,4,1,3,1984,2,2
1991,1,340190,1,2,2,2,1,1,3,4,2,3,1987,2,2
1991,2,340190,6,7,7,2,3,3,3,4,2,3,9999,2,2
1991,1,340191,1,2,2,2,1,1,3,4,2,3,1985,2,2
1991,1,340192,1,2,2,2,2,2,3,4,2,3,1981,2,2
1991,2,340192,1,5,5,2,1,1,3,4,2,3,1990,2,2
1991,1,340193,1,2,2,2,1,1,3,4,2,3,1986,2,2
1991,1,340194,1,2,2,2,2,2,3,4,1,3,1973,1,2
1991,2,340194,1,4,2,2,1,1,3,4,2,3,1988,2,2
1991,1,340195,1,2,2,2,2,2,3,4,2,3,1985,2,2
1991,1,340196,1,3,3,2,1,1,3,4,2,3,1977,2,2
1991,2,340196,1,2,2,2,1,1,3,4,2,3,1990,2,2
1991,1,340197,3,5,2,2,1,1,3,4,2,3,1979,2,2
1991,2,340197,9,2,2,2,3,3,3,4,2,3,9999,2,2
1991,1,340198,2,2,2,2,1,2,3,4,2,3,1989,2,2
1991,1,340199,6,4,4,2,1,1,3,4,2,3,1970,2,2
1991,2,340199,1,6,6,2,2,2,3,4,2,3,1982,2,2
1991,1,340200,1,5,6,1,2,2,3,4,2,3,1977,2,2
1991,1,340201,1,2,2,2,1,1,3,4,2,3,1988,2,2
1991,2,340201,1,2,2,2,1,1,3,4,2,3,1988,2,2
1991,1,340202,2,2,2,1,1,1,3,4,2,3,1970,1,2
1991,1,340203,1,2,2,2,1,1,3,4,2,3,1988,1,2
1991,1,340204,1,2,2,2,1,1,3,4,2,3,1982,2,2
1991,2,340204,1,6,6,2,1,1,3,4,2,3,1985,2,2
1991,1,340205,1,2,2,2,2,2,3,4,2,3,1984,2,2
1991,1,340206,1,2,2,2,1,1,3,4,2,3,1990,2,1
1991,1,340207,3,5,5,1,1,1,3,4,2,3,1976,2,2
1991,2,340207,1,2,2,2,1,1,3,4,2,3,1987,2,2
1991,1,340208,1,2,2,2,1,1,3,4,2,3,1984,2,2
1991,1,340209,1,2,2,2,1,1,3,4,2,3,1978,2,2
1991,2,340209,4,5,5,2,1,1,3,4,2,3,1989,2,2
1991,3,340209,1,2,2,2,1,1,3,4,2,3,1982,2,2
1991,1,340210,1,2,2,2,1,1,3,4,2,3,1989,2,2
1991,1,340211,1,2,2,1,1,1,3,4,2,3,1981,1,2
1991,1,340212,1,4,4,2,1,1,3,4,2,3,1989,2,2
1991,2,340212,6,2,2,2,1,1,3,4,2,3,1980,1,2
1991,1,340213,1,2,2,2,1,1,3,4,2,3,1985,2,2
1991,2,340213,1,5,5,2,1,1,3,4,2,3,1985,2,2
1991,1,340214,1,4,2,2,1,1,3,4,2,3,1987,2,2
1991,2,340214,6,2,2,2,1,1,3,4,2,3,1989,1,2
1991,3,340214,1,2,2,2,1,1,3,4,2,3,1990,2,2
1991,1,340215,1,5,5,2,1,1,3,4,2,3,1986,2,2
1991,2,340215,6,5,5,1,1,1,3,4,2,3,1988,2,2
1991,1,340216,1,2,2,2,2,2,3,4,1,3,1989,2,2
1991,1,340217,1,4,4,2,1,1,3,4,2,3,1985,2,2
1991,2,340217,1,4,2,2,1,1,3,4,2,3,1980,2,2
1991,3,340217,1,4,2,2,1,1,3,4,2,3,1989,2,2
1991,4,340217,3,2,2,2,1,1,3,4,2,3,1983,1,2
1991,1,340218,3,2,2,1,1,1,3,4,2,3,1991,1,2
1991,1,340219,3,2,2,2,1,1,3,4,2,3,1983,2,2
1991,2,340219,1,2,2,2,1,1,3,4,1,3,1979,2,2
1991,1,340220,6,4,4,2,1,1,3,4,2,3,1989,2,2
1991,2,340220,1,2,2,2,1,1,3,4,2,3,1986,1,2
1991,1,340222,6,2,2,2,1,1,3,4,2,3,1982,2,2
1991,2,340222,4,2,2,2,1,1,3,4,2,3,1991,2,2
1991,1,340223,1,2,2,2,1,1,3,4,2,3,1974,1,2
1991,1,340224,1,2,2,1,1,1,3,4,2,3,1986,2,2
1991,2,340224,1,2,2,2,1,1,3,4,2,3,1987,2,2
1991,3,340224,1,2,2,2,1,1,3,4,2,3,1986,2,2
1991,4,340224,1,2,2,2,1,1,3,4,2,3,1990,2,2
1991,1,340225,1,2,2,2,1,1,3,4,2,3,1986,2,2
1991,2,340225,1,2,2,1,1,1,3,4,2,3,1989,2,2
1991,1,340226,1,2,2,1,1,1,3,4,2,3,1977,2,2
1991,1,340227,1,6,6,2,1,1,3,4,2,3,1976,2,2
1991,2,340227,6,2,2,2,1,1,3,4,2,3,1983,2,2
1991,1,340228,6,2,4,2,1,1,3,4,2,3,1977,2,2
1991,2,340228,4,3,3,2,1,1,3,4,2,3,1989,2,2
1991,1,340230,1,2,2,2,1,1,3,4,2,3,1984,2,2
1991,1,340231,1,2,2,2,3,3,3,4,2,3,1978,2,2
1991,1,340232,1,2,2,2,2,2,3,4,2,3,1982,2,2
1991,2,340232,4,2,2,2,1,1,3,4,2,3,1990,2,2
1991,1,340233,1,2,2,2,1,1,3,4,2,3,1986,2,2
1991,2,340233,1,2,2,2,2,2,3,4,2,3,1978,2,2
1991,1,340234,1,3,3,2,2,2,3,4,2,3,1990,2,2
1991,2,340234,1,2,2,2,1,1,3,4,2,3,1985,2,2
1991,1,340236,2,4,4,2,1,1,3,4,2,3,1973,2,2
1991,2,340236,1,2,2,2,1,1,3,4,2,3,1990,2,2
1991,1,340237,2,2,2,2,1,1,3,4,2,3,1987,2,2
1991,1,340238,1,2,2,2,1,1,3,4,2,3,1990,2,2
1991,2,340238,1,2,2,2,1,1,3,4,2,3,1969,2,2
1991,3,340238,1,5,5,2,1,1,3,4,2,3,1985,2,2
1991,4,340238,1,2,2,2,1,1,3,4,2,3,1982,2,2
1991,5,340238,4,2,2,2,1,1,3,4,2,3,1990,2,2
1991,1,340239,1,2,2,2,1,1,3,4,2,3,1981,2,2
1991,2,340239,1,2,2,2,1,1,3,4,2,3,1985,2,1
1991,1,340240,6,2,2,2,1,1,3,4,2,3,1990,2,2
1991,1,340241,1,2,2,2,1,1,3,4,2,3,1985,2,2
1991,1,340242,1,2,2,2,1,1,3,4,2,3,1983,2,2
1991,2,340242,1,6,6,2,3,3,3,4,2,3,9999,2,2
1991,1,340244,2,2,2,2,1,1,3,4,2,3,1989,2,1
1991,2,340244,1,4,4,2,1,1,3,4,2,3,1985,2,2
1991,1,340245,1,2,2,2,1,1,3,4,2,3,1987,1,2
1991,2,340245,1,2,2,2,1,1,3,4,2,3,1984,2,2
1991,1,340246,7,2,2,2,4,2,3,2,1,3,1977,2,2
1991,1,340247,4,2,2,2,1,1,3,4,2,3,1985,2,2
1991,1,340248,1,2,2,2,1,1,3,4,2,3,1979,2,2
1991,1,340249,1,2,2,2,1,1,3,4,2,3,1990,2,2
1991,1,340250,4,5,5,1,1,1,3,4,2,3,1990,2,2
1991,2,340250,1,2,2,2,1,1,3,4,2,3,1987,2,2
1991,1,340251,2,2,2,2,1,1,3,4,2,3,1976,2,2
1991,1,340252,1,2,2,2,1,1,3,4,2,3,1983,2,2
1991,2,340252,2,2,2,2,1,1,3,4,2,3,1991,2,2
1991,1,340253,1,2,2,2,1,1,3,4,2,3,1987,2,2
1991,2,340253,1,2,2,1,1,1,3,4,2,3,1980,2,2
1991,1,340254,1,2,2,2,2,2,3,4,2,3,1984,1,2
1991,1,340255,2,5,5,2,1,1,3,4,2,3,1988,2,2
1991,2,340255,1,3,3,2,1,1,3,4,2,3,1983,2,2
1991,3,340255,1,2,2,2,1,1,3,4,2,3,1990,2,2
1991,1,340257,1,5,5,2,1,1,3,4,1,3,1981,2,2
1991,1,340258,2,2,2,2,1,1,3,4,2,3,1991,1,2
1991,2,340258,1,2,2,2,1,1,3,4,2,3,1986,2,2
1991,1,340260,1,2,2,2,1,1,3,4,2,3,1981,2,2
1991,2,340260,6,2,2,2,1,1,3,4,1,3,1979,1,2
1991,1,340261,4,3,3,1,1,1,3,4,1,3,1990,2,2
1991,1,340262,1,3,3,2,1,1,3,4,2,3,1990,2,2
1991,2,340262,6,2,2,2,1,1,3,4,2,3,1982,2,2
1991,1,340263,7,2,2,2,4,1,3,1,2,3,1981,2,2
1991,1,340264,6,2,2,2,1,1,3,4,1,3,1979,2,2
1991,1,340265,1,2,2,2,1,1,3,4,2,3,1979,2,2
1991,2,340265,1,3,3,2,1,1,3,4,2,3,1988,2,2
1991,1,340266,1,2,2,2,1,1,3,4,2,3,1991,2,2
1991,2,340266,1,5,5,2,1,1,3,4,2,3,1983,2,2
1991,1,340267,6,4,4,2,1,1,3,4,2,3,1984,2,2
1991,2,340267,1,2,2,2,1,1,3,4,1,3,1987,1,2
1991,1,340268,1,4,4,2,1,1,3,4,2,3,1991,2,2
1991,2,340268,1,2,2,2,1,1,3,4,1,3,1984,2,1
1991,1,340269,1,2,2,2,1,1,3,4,1,3,1986,2,2
1991,1,340270,1,2,2,2,1,1,3,4,2,3,1983,1,2
1991,1,340271,1,2,2,1,2,2,3,4,1,3,1977,2,2
1991,1,340273,1,2,2,2,1,1,3,4,2,3,1989,2,2
1991,1,340274,1,2,2,2,1,1,3,4,2,3,1989,1,2
1991,1,340275,1,2,2,2,1,1,3,4,1,3,1987,2,2
1991,1,340277,1,2,2,1,1,1,3,4,2,3,1985,2,2
1991,1,340278,3,2,2,1,1,1,3,4,2,3,1989,2,2
1991,1,340279,2,2,2,1,1,1,3,4,2,3,1989,2,2
1991,1,340280,2,2,2,2,3,3,3,4,2,3,9999,2,2
1991,1,340281,4,5,5,2,1,1,3,4,2,3,1990,2,2
1991,2,340281,1,2,2,2,1,1,3,4,2,3,1988,2,2
1991,1,340282,1,2,2,2,1,1,3,4,2,3,1980,2,2
1991,2,340282,7,2,2,2,4,1,3,1,2,3,1985,2,2
1991,1,340283,7,3,3,2,4,1,3,1,2,3,1987,1,2
1991,2,340283,2,2,2,2,1,1,3,4,2,3,1988,2,2
1991,1,340284,1,2,2,2,1,1,3,4,2,3,1990,2,2
1991,1,340285,1,2,2,1,1,1,3,4,2,3,1983,2,2
1991,1,340286,1,2,2,2,1,1,3,4,2,3,1986,2,2
1991,2,340286,1,2,2,2,1,1,3,4,2,3,1986,2,2
1991,1,340287,1,2,2,2,1,1,3,4,2,3,1985,2,2
1991,1,340288,7,2,2,2,4,1,3,1,2,3,1972,2,2
1991,1,340289,1,3,3,2,1,1,3,4,1,3,1991,2,2
1991,2,340289,7,2,2,2,4,1,3,1,2,3,1982,2,2
1991,1,340290,1,3,3,2,1,1,3,4,2,3,1986,2,2
1991,2,340290,7,2,2,2,4,1,3,1,1,3,1983,2,2
1991,1,340291,1,2,2,2,1,1,3,4,2,3,1987,2,2
1991,1,340292,1,2,2,2,1,1,3,4,2,3,1990,1,2
1991,1,340293,9,2,2,2,1,1,3,4,2,3,1983,2,2
1991,1,340294,1,2,2,2,1,1,3,4,2,3,1991,2,2
1991,2,340294,6,5,5,1,1,1,3,4,2,3,1989,2,2
1991,1,340295,2,1,1,1,1,1,3,4,2,3,1981,1,2
1991,1,340296,1,2,2,2,1,1,3,4,2,3,1990,2,2
1991,1,340297,1,5,5,2,1,1,3,4,2,3,1983,1,2
1991,2,340297,7,2,2,2,4,1,3,1,2,3,1982,2,2
1991,1,340298,1,5,5,2,1,1,3,4,2,3,1988,2,2
1991,1,340299,1,2,2,2,1,1,3,4,2,3,1987,2,2
1991,1,340300,1,2,2,2,1,1,3,4,2,3,1986,1,2
1991,1,340301,1,2,2,2,1,1,3,4,2,3,1990,2,2
1991,1,340303,1,2,2,2,1,1,3,4,2,3,1984,2,2
1991,1,340304,7,2,2,2,4,2,3,2,2,3,1979,2,2
1991,1,340305,3,5,6,1,1,1,3,4,2,3,1991,2,2
1991,2,340305,4,2,2,2,1,1,3,4,2,3,1984,2,2
1991,1,340306,7,2,2,2,4,2,3,2,2,3,1986,2,2
1991,1,340307,1,2,2,2,1,1,3,4,2,3,1984,2,2
1991,1,340308,7,2,2,2,4,1,3,1,1,3,1974,2,2
1991,1,340309,4,4,4,2,1,1,3,4,2,3,1982,2,2
1991,1,340311,3,1,1,1,1,1,3,4,2,3,1986,2,2
1991,1,340312,1,7,7,2,2,2,3,4,1,3,1980,2,2
1991,2,340312,1,2,2,2,3,3,3,4,2,3,9999,2,2
1991,1,340313,6,4,4,2,2,2,3,4,2,3,1983,2,2
1991,2,340313,4,2,2,2,1,1,3,4,2,3,1986,1,2
1991,1,340315,6,2,2,1,1,1,3,4,2,3,1990,2,2
1991,1,340318,2,2,2,2,1,1,3,4,2,3,1986,2,2
1991,1,340319,1,2,2,2,1,1,3,4,2,3,1983,2,2
1991,2,340319,1,3,3,2,1,1,3,4,2,3,1991,2,2
1991,1,340320,1,2,2,2,1,1,3,4,2,3,1991,1,2
1991,1,340321,1,2,2,2,1,1,3,4,2,3,1985,2,2
1991,1,340322,6,2,2,2,1,1,3,4,2,3,1984,2,2
1991,2,340322,1,2,2,2,1,1,3,4,2,3,1987,1,2
1991,1,340323,6,2,2,2,1,1,3,4,2,3,1985,2,2
1991,2,340323,1,5,5,2,1,1,3,4,2,3,1983,2,2
1991,1,340325,1,2,2,2,1,1,3,4,2,3,1986,1,2
1991,1,340326,1,2,2,2,1,1,3,4,1,3,1979,2,2
1991,2,340326,6,2,2,2,1,1,3,4,2,3,1972,2,2
1991,1,340327,1,4,4,1,1,1,3,4,1,3,1978,2,2
1991,1,340328,1,2,2,2,1,1,3,4,2,3,1977,1,2
1991,1,340329,2,2,2,2,1,1,3,4,2,3,1986,2,2
1991,2,340329,3,2,2,1,1,1,3,4,2,3,1986,2,2
1991,1,340330,1,2,2,2,1,1,3,4,2,3,1984,1,2
1991,2,340330,2,2,2,2,1,1,3,4,2,3,1991,2,2
1991,1,340331,1,2,2,2,1,1,3,4,2,3,1985,2,2
1991,2,340331,6,2,2,2,1,1,3,4,2,3,1986,2,2
1991,1,340332,1,2,2,2,1,1,3,4,2,3,1986,2,2
1991,1,340333,6,4,4,2,1,1,3,4,2,3,1978,2,2
1991,2,340333,1,2,2,2,1,1,3,4,2,3,1985,1,2
1991,1,340334,1,2,2,2,1,1,3,4,2,3,1987,2,2
1991,2,340334,1,2,2,2,1,1,3,4,2,3,1990,2,2
1991,1,340335,1,2,2,2,1,1,3,4,2,3,1987,1,2
1991,1,340336,1,2,2,2,1,1,3,4,2,3,1987,2,2
1991,1,340337,8,3,3,2,1,1,3,4,2,3,1980,2,2
1991,1,340338,1,2,2,2,2,2,3,4,2,3,1991,2,2
1991,2,340338,6,3,3,2,1,1,3,4,2,3,1987,2,2
1991,1,340340,8,2,2,2,1,1,3,4,2,3,1982,2,2
1991,1,340341,1,2,2,2,1,1,3,4,2,3,1986,2,2
1991,1,340342,4,1,1,2,3,3,3,4,2,3,1974,2,2
1991,1,340343,1,2,2,2,1,1,3,4,2,3,1971,2,2
1991,1,340344,7,2,2,2,4,1,3,1,2,3,1984,2,2
1991,2,340344,6,3,3,2,1,1,3,4,2,3,1985,2,2
1991,1,340345,1,2,2,2,2,2,3,4,2,3,1983,2,2
1991,2,340345,6,3,3,2,1,1,3,4,2,3,1984,2,2
1991,1,340346,2,2,2,2,1,1,3,4,2,3,1978,2,2
1991,1,340347,1,2,2,1,1,1,3,4,2,3,1989,1,2
1991,2,340347,1,5,5,2,1,1,3,4,2,3,1986,2,2
1991,3,340347,1,5,5,2,1,1,3,4,2,3,1986,2,2
1991,4,340347,1,5,5,2,1,1,3,4,2,3,1989,2,2
1991,1,340348,1,2,2,2,1,1,3,4,2,3,1984,2,2
1991,1,340349,1,5,5,2,1,1,3,4,2,3,1991,1,2
1991,1,340350,7,2,2,2,4,1,3,1,2,3,1981,2,2
1991,2,340350,3,3,3,2,1,1,3,4,2,3,1985,2,2
1991,1,340351,6,5,5,2,1,1,3,4,2,3,1984,2,2
1991,2,340351,3,6,6,2,1,1,3,4,2,3,1991,2,2
1991,1,340352,7,2,2,2,4,2,3,2,2,3,9999,2,2
1991,1,340353,4,2,2,2,2,2,3,4,2,3,1980,2,2
1991,1,340355,8,3,6,2,1,1,3,4,2,3,1984,2,2
1991,1,340356,1,2,2,2,1,1,3,4,2,3,1980,2,2
1991,1,340357,9,3,3,2,1,2,3,4,1,3,1984,2,2
1991,2,340357,1,5,5,2,1,1,3,4,2,3,1990,2,2
1991,1,340358,7,1,1,2,4,1,3,1,2,3,1989,1,2
1991,1,340359,1,5,5,2,1,1,3,4,2,3,1989,2,2
1991,2,340359,1,2,2,2,1,1,3,4,2,3,1987,2,2
1991,1,340360,2,5,5,1,1,1,3,4,2,3,1987,2,2
1991,1,340361,1,2,2,2,1,1,3,4,2,3,1985,2,1
1991,1,340362,1,2,2,2,1,1,3,4,2,3,1985,2,2
1991,1,340363,1,2,2,2,2,2,3,4,2,3,1981,2,2
1991,1,340364,1,2,2,2,1,1,3,4,2,3,1982,2,2
1991,1,340365,1,2,2,2,2,2,3,4,2,3,1991,2,2
1991,1,340366,2,2,2,2,1,1,3,4,2,3,1989,2,2
1991,2,340366,1,5,5,2,1,1,3,4,2,3,1986,2,2
1991,1,340367,1,2,2,2,1,1,3,4,2,3,1989,1,2
1991,1,340368,1,2,5,2,1,1,3,4,2,3,1978,1,2
1991,1,340369,9,7,7,2,3,3,3,4,2,3,9999,2,2
1991,1,340370,1,2,2,2,1,1,3,4,2,3,1985,1,2
1991,1,340371,1,5,5,2,2,2,3,4,2,3,1987,1,2
1991,1,340372,1,4,4,2,2,2,3,4,1,3,1972,2,2
1991,2,340372,1,2,2,2,2,2,3,4,2,3,1979,1,2
1991,1,340373,3,2,2,1,2,2,3,4,1,3,1989,1,2
1991,1,340374,1,2,2,2,1,1,3,4,2,3,1990,1,2
1991,1,340375,1,3,3,2,1,1,3,4,2,3,1984,1,2
1991,2,340375,1,2,2,2,1,1,3,4,2,3,1991,2,2
1991,1,340377,1,2,2,2,2,2,3,4,1,3,1979,2,2
1991,1,340379,1,2,2,2,1,1,3,4,2,3,1991,2,2
1991,1,340380,1,2,3,2,2,2,3,4,1,3,1981,2,2
1991,1,340381,1,2,4,2,1,1,3,4,1,3,1987,2,2
1991,1,340382,6,5,5,2,1,1,3,4,2,3,1985,1,2
1991,2,340382,1,2,2,2,1,1,3,4,2,3,1979,2,2
1991,3,340382,4,2,2,2,1,1,3,4,2,3,1989,2,2
1991,1,340383,1,3,3,2,1,1,3,4,2,3,1980,1,2
1991,2,340383,4,2,2,2,1,1,3,4,2,3,1988,2,2
1991,1,340384,6,2,2,2,1,1,3,4,2,3,1987,2,2
1991,2,340384,1,2,2,2,2,2,3,4,1,3,1983,2,2
1991,1,340385,1,2,2,2,1,1,3,4,2,3,1982,2,2
1991,1,340386,2,2,2,2,2,2,3,4,2,3,1991,2,2
1991,1,340387,1,2,2,2,1,1,3,4,2,3,1988,2,2
1991,1,340388,2,2,2,2,3,3,3,4,2,3,1977,1,1
1991,1,340389,1,2,2,2,1,1,3,4,2,3,1984,2,2
1991,1,340390,1,5,5,1,2,2,3,4,1,3,1991,2,2
1991,1,340391,7,2,2,2,4,2,3,2,2,3,1980,2,2
1991,1,340392,6,2,2,2,1,1,3,4,2,3,1984,1,2
1991,2,340392,1,4,4,2,2,2,3,4,2,3,1985,2,2
1991,3,340392,1,4,4,2,1,1,3,4,2,3,1991,2,2
1991,4,340392,1,4,4,2,1,1,3,4,2,3,1987,2,2
1991,5,340392,2,4,4,2,1,1,3,4,2,3,1990,2,2
1991,6,340392,1,4,4,2,1,1,3,4,2,3,1989,2,2
1991,1,340393,1,2,2,2,1,1,3,4,2,3,1985,2,2
1991,1,340394,1,2,2,2,1,1,3,4,2,3,1976,2,2
1991,1,340395,1,2,2,2,1,1,3,4,2,3,1983,1,1
1991,1,340396,1,2,2,2,1,1,3,4,2,3,1990,1,2
1991,1,340397,1,2,2,2,1,1,3,4,2,3,1981,2,2
1991,1,340398,6,7,7,2,3,3,3,4,2,3,9999,2,2
1991,1,340399,1,5,5,2,3,3,3,4,2,3,1991,2,2
1991,2,340399,1,2,6,1,1,1,3,4,2,3,1991,2,2
1991,1,340400,7,3,3,2,4,1,3,1,2,3,1990,1,2
1991,1,340401,2,2,2,2,1,1,3,4,2,3,1984,2,2
1991,2,340401,8,5,5,2,1,1,3,4,2,3,1980,2,2
1991,1,340402,1,1,1,1,1,1,3,4,2,3,1986,1,2
1991,1,340403,6,2,2,1,1,1,3,4,2,3,1983,1,2
1991,1,340404,1,2,2,2,2,2,3,4,2,3,1985,1,2
1991,1,340406,1,2,2,2,1,1,3,4,2,3,1977,2,2
1991,2,340406,1,2,2,2,1,1,3,4,2,3,1983,2,2
1991,3,340406,1,2,2,2,1,1,3,4,2,3,1990,2,2
1991,1,340407,1,1,1,1,2,2,3,4,2,3,1983,1,2
1991,1,340408,7,3,3,2,4,1,3,1,2,3,1981,1,2
1991,1,340409,1,5,5,2,1,1,3,4,2,3,1985,2,2
1991,1,340410,7,2,2,2,4,1,3,1,2,3,1976,2,2
1991,2,340410,1,2,2,2,1,1,3,4,2,3,1984,1,2
1991,1,340413,1,2,2,2,1,1,3,4,2,3,1988,2,2
1991,1,340414,1,2,2,2,1,1,3,4,2,3,1984,2,2
1991,2,340414,1,2,2,2,1,1,3,4,2,3,1987,2,2
1991,1,340415,1,5,5,2,1,1,3,4,2,3,1987,2,2
1991,2,340415,2,2,2,2,1,1,3,4,2,3,1991,2,2
1991,1,340416,1,5,5,2,1,1,3,4,2,3,1987,2,2
1991,2,340416,6,2,2,2,1,1,3,4,2,3,1988,2,2
1991,1,340417,2,2,2,1,1,1,3,4,1,3,1980,1,2
1991,1,340418,1,3,2,2,1,1,3,4,2,3,1989,2,2
1991,2,340418,4,2,2,2,1,1,3,4,2,3,1991,2,2
1991,1,340419,7,2,2,2,4,2,3,2,2,3,1985,2,2
1991,1,340420,1,5,6,1,2,2,3,4,1,3,1984,2,2
1991,2,340420,6,3,3,2,1,1,3,4,2,3,1985,2,2
1991,1,340421,1,2,2,2,1,1,3,4,2,3,1978,2,2
1991,1,340422,1,2,2,2,1,1,3,4,2,3,1988,1,2
1991,1,340424,1,2,2,2,1,1,3,4,2,3,1989,2,2
1991,1,340425,1,2,2,2,1,1,3,4,2,3,1986,1,2
1991,1,340426,1,7,7,2,1,1,3,4,2,3,1987,2,2
1991,2,340426,1,6,2,2,3,3,3,4,2,3,1984,2,2
1991,1,340427,9,2,2,2,1,1,3,4,2,3,1988,1,2
1991,1,340428,1,2,2,2,1,1,3,4,2,3,1983,2,2
1991,2,340428,4,3,3,1,1,1,3,4,2,3,1988,2,2
1991,1,340429,2,5,5,2,1,1,3,4,2,3,1990,2,2
1991,1,340430,1,2,2,2,1,1,3,4,2,3,1973,2,2
1991,2,340430,1,5,5,2,1,1,3,4,2,3,1983,1,2
1991,1,340431,1,5,5,2,3,3,3,4,2,3,1985,2,2
1991,1,340432,1,5,3,2,2,2,3,4,1,3,1989,2,2
1991,2,340432,1,2,2,2,1,1,3,4,2,3,1990,2,2
1991,3,340432,1,2,2,2,1,1,3,4,2,3,1990,2,2
1991,1,340433,7,3,3,2,4,2,3,2,2,3,1983,2,2
1991,1,340434,1,2,2,2,1,1,3,4,2,3,1990,2,2
1991,1,340435,7,3,3,2,4,1,3,1,2,3,1980,1,2
1991,1,340436,1,4,4,1,1,1,3,4,2,3,1987,2,2
1991,1,340437,1,2,2,2,1,1,3,4,2,3,1987,2,2
1991,2,340437,6,5,5,2,1,1,3,4,2,3,1984,2,2
1991,1,340438,1,2,2,2,1,1,3,4,2,3,1979,1,2
1991,1,340439,1,2,2,2,1,1,3,4,2,3,1987,2,2
1991,1,340440,1,2,2,2,1,1,3,4,2,3,1989,2,2
1991,1,340441,2,5,5,1,3,3,3,4,2,3,1990,2,1
1991,1,340442,3,5,3,2,1,1,3,4,2,3,1988,2,2
1991,2,340442,3,2,2,2,1,1,3,4,2,3,1989,2,2
1991,1,340443,1,2,2,2,1,1,3,4,2,3,1984,2,2
1991,1,340444,2,2,2,2,1,1,3,4,2,3,1990,2,2
1991,1,340445,2,2,2,2,1,1,3,4,2,3,1986,2,2
1991,2,340445,1,3,3,2,1,1,3,4,2,3,1989,2,2
1991,1,340446,1,2,2,2,2,2,3,4,2,3,1988,1,2
1991,2,340446,1,5,5,2,1,1,3,4,2,3,1989,2,2
1991,3,340446,1,5,5,2,1,1,3,4,2,3,1991,2,2
1991,1,340447,9,7,7,2,3,3,3,4,2,3,9999,2,2
1991,1,340448,1,5,5,2,1,1,3,4,2,3,1984,1,2
1991,2,340448,9,2,2,2,1,1,3,4,2,3,1986,2,2
1991,1,340449,3,2,2,2,1,1,3,4,2,3,1985,2,2
1991,2,340449,1,3,3,2,1,1,3,4,2,3,1988,2,2
1991,1,340450,2,6,2,1,1,1,3,4,2,3,1984,1,2
1991,1,340451,1,2,2,2,2,2,3,4,2,3,1985,2,2
1991,2,340451,1,2,2,2,2,2,3,4,2,3,1991,2,2
1991,3,340451,1,2,2,2,1,1,3,4,2,3,1976,2,2
1991,1,340452,6,2,2,1,3,3,3,4,2,3,1988,2,2
1991,2,340452,7,2,2,2,4,1,3,1,2,3,1965,2,2
1991,1,340453,1,2,2,2,1,1,3,4,2,3,1977,2,2
1991,1,340454,9,4,4,2,1,1,3,4,2,3,9999,2,2
1991,2,340454,1,2,2,2,1,1,3,4,2,3,1980,2,2
1991,1,340455,1,2,2,2,2,2,3,4,2,3,1988,2,2
1991,2,340455,3,2,2,2,1,1,3,4,2,3,1987,2,2
1991,1,340456,1,2,2,2,2,2,3,4,2,3,1984,2,2
1991,1,340457,1,2,2,2,1,1,3,4,2,3,1987,2,2
1991,1,340458,1,2,2,2,1,1,3,4,2,3,1984,2,2
1991,1,340459,1,2,2,2,1,1,3,4,1,3,1980,2,2
1991,1,340460,9,2,2,2,1,1,3,4,1,3,1985,2,2
1991,1,340461,7,3,3,2,4,1,3,1,2,3,1991,2,2
1991,2,340461,3,2,2,2,1,1,3,4,1,3,1990,2,2
1991,1,340462,1,2,2,2,3,3,3,4,1,3,1987,2,2
1991,2,340462,1,5,5,1,1,1,3,4,2,3,1988,2,2
1991,1,340463,7,2,2,2,4,1,3,1,1,3,1991,2,2
1991,1,340464,1,2,2,2,1,1,3,4,2,3,1985,2,2
1991,1,340466,1,2,2,2,2,2,3,4,2,3,1990,2,2
1991,2,340466,1,2,2,2,1,1,3,4,2,3,1991,2,2
1991,1,340467,4,2,2,2,1,1,3,4,2,3,1990,2,2
1991,2,340467,2,2,5,2,1,1,3,4,2,3,1989,2,2
1991,3,340467,3,2,2,2,1,1,3,4,2,3,1990,1,2
1991,1,340468,1,2,2,2,1,1,3,4,2,3,1987,2,2
1991,1,340469,1,3,3,2,1,1,3,4,2,3,1989,1,2
1991,2,340469,3,2,2,2,1,1,3,4,2,3,1991,2,2
1991,1,340470,1,3,3,2,1,1,3,4,2,3,1987,2,2
1991,1,340471,1,5,5,2,2,2,3,4,1,3,1990,2,2
1991,1,340472,1,2,2,2,1,1,3,4,2,3,1987,2,2
1991,2,340472,1,2,2,2,1,1,3,4,2,3,1980,2,2
1991,1,340473,1,5,5,2,1,1,3,4,2,3,1987,1,2
1991,1,340474,1,3,3,2,1,1,3,4,2,3,1991,2,2
1991,1,340475,2,2,2,2,1,1,3,4,2,3,1986,2,2
1991,1,340476,9,5,5,2,1,1,3,4,2,3,1986,2,2
1991,2,340476,1,2,2,2,1,1,3,4,2,3,1989,2,2
1991,1,340477,1,3,3,2,1,1,3,4,2,3,1987,1,2
1991,1,340478,1,3,3,2,1,1,3,4,2,3,1985,2,2
1991,1,340479,1,4,4,2,1,1,3,4,2,3,1986,2,2
1991,2,340479,2,2,2,2,1,1,3,4,2,3,1988,2,2
1991,1,340480,1,2,2,2,1,1,3,4,2,3,1986,2,2
1991,2,340480,1,2,2,2,1,1,3,4,2,3,1989,2,2
1991,1,340481,1,2,2,2,1,1,3,4,2,3,1988,2,2
1991,1,340482,1,5,6,1,1,1,3,4,2,3,1987,1,2
1991,1,340483,1,4,4,2,1,1,3,4,2,3,1975,2,2
1991,2,340483,1,2,2,2,1,1,3,4,2,3,1989,2,2
1991,1,340484,2,2,2,2,1,1,3,4,2,3,1987,2,2
1991,2,340484,7,2,2,2,4,1,3,1,2,3,1960,2,2
1991,1,340485,1,5,5,1,3,3,3,4,2,3,1980,2,2
1991,1,340486,1,2,2,2,1,1,3,4,2,3,1980,2,2
1991,2,340486,1,2,2,2,1,1,3,4,2,3,1984,2,2
1991,1,340487,7,2,2,2,4,1,3,1,2,3,1980,2,2
1991,1,340488,6,7,7,1,1,1,3,4,1,3,1989,2,2
1991,1,340489,1,2,2,2,1,1,3,4,2,3,1984,2,2
1991,2,340489,1,2,2,2,1,1,3,4,2,3,1977,2,2
1991,3,340489,1,2,2,2,1,1,3,4,2,3,1982,2,2
1991,1,340490,1,2,2,2,1,1,3,4,2,3,1985,2,2
1991,1,340491,1,5,5,2,1,1,3,4,2,3,1988,2,2
1991,1,340492,9,2,2,2,3,3,3,4,2,3,9999,2,2
1991,1,340493,1,2,2,2,2,2,3,4,2,3,1984,2,2
1991,1,340494,1,2,2,2,3,3,3,4,2,3,1980,2,2
1991,1,340495,6,2,2,2,1,1,3,4,2,3,1979,2,2
1991,2,340495,1,5,5,2,1,1,3,4,2,3,1988,2,2
1991,1,340496,1,2,2,2,1,1,3,4,2,3,1986,2,2
1991,1,340497,1,2,7,1,1,1,3,4,2,3,1990,2,2
1991,2,340497,1,3,3,2,3,3,3,4,2,3,1978,2,2
1991,1,340499,2,2,2,2,1,1,3,4,2,3,1980,1,2
1991,1,340500,9,7,7,2,3,3,3,4,2,3,9999,2,2
1991,1,340501,3,6,7,1,1,1,3,4,2,3,1986,2,2
1991,1,340502,1,2,2,2,3,3,3,4,2,3,1988,2,2
1991,1,340503,1,2,2,2,1,1,3,4,2,3,1989,2,2
1991,2,340503,1,2,2,2,1,1,3,4,2,3,1975,2,2
1991,1,340505,1,2,2,2,1,1,3,4,2,3,1986,2,2
1991,2,340505,1,2,2,2,1,1,3,4,2,3,1987,2,2
1991,1,340506,1,5,5,2,1,1,3,4,2,3,1989,2,2
1991,2,340506,4,2,2,2,1,1,3,4,2,3,1989,2,2
1991,1,340507,1,2,2,2,1,1,3,4,2,3,1989,2,2
1991,1,340508,6,3,3,2,1,1,3,4,2,3,1973,2,2
1991,2,340508,9,3,3,2,1,1,3,4,2,3,1981,2,2
1991,1,340509,9,2,2,2,3,3,3,4,2,3,1990,2,2
1991,2,340509,1,5,5,2,1,1,3,4,2,3,1978,2,2
1991,1,340510,9,7,7,2,1,1,3,4,1,3,1991,2,2
1991,1,340512,9,7,7,2,3,3,3,4,2,3,9999,2,2
1991,1,340514,1,2,2,2,1,1,3,4,2,3,1990,2,2
1991,1,340515,2,2,2,1,1,1,3,4,2,3,1989,2,2
1991,1,340516,7,2,2,2,4,1,3,1,2,3,1989,2,2
1991,1,340517,1,2,2,2,1,1,3,4,2,3,1987,2,2
1991,1,340518,9,2,2,2,1,1,3,4,2,3,1979,1,2
1991,1,340521,6,3,3,2,3,3,3,4,2,3,1979,2,2
1991,1,340522,6,2,2,2,3,3,3,4,2,3,1990,2,2
1991,2,340522,1,5,5,2,1,1,3,4,2,3,1983,2,2
1991,1,340523,9,2,2,2,1,1,3,4,2,3,1990,2,2
1991,1,340524,1,3,6,2,1,1,3,4,1,3,1986,2,2
1991,1,340525,1,5,5,2,1,1,3,4,2,3,1986,2,2
1991,2,340525,4,2,2,2,2,1,3,4,2,3,1970,2,2
1991,1,340527,1,2,2,2,1,1,3,4,2,3,1984,2,2
1991,1,340528,9,4,4,2,1,1,3,4,2,3,1979,2,2
1991,2,340528,1,2,4,2,3,3,3,4,2,3,1990,2,2
1991,3,340528,9,2,4,2,3,3,3,4,2,3,1989,2,2
1991,4,340528,1,2,2,2,3,3,3,4,2,3,1990,2,2
1991,1,340529,2,6,6,1,2,2,3,4,2,3,1969,2,2
1991,1,340530,1,5,5,2,1,1,3,4,2,3,1991,2,2
1991,2,340530,3,2,2,2,1,1,3,4,2,3,1988,2,2
1991,1,340531,1,2,2,2,1,1,3,4,2,3,1988,2,2
1991,1,340532,1,2,2,2,1,1,3,4,2,3,1985,2,2
1991,1,340534,1,5,6,1,1,1,3,4,2,3,1985,2,2
1991,2,340534,1,2,2,2,1,1,3,4,2,3,1986,2,2
1991,1,340535,9,3,5,2,1,1,3,4,2,3,1984,2,2
1991,1,340536,1,2,2,2,1,1,3,4,1,3,1985,2,2
1991,1,340537,1,3,3,2,1,1,3,4,2,3,1987,2,2
1991,2,340537,6,2,2,2,1,1,3,4,2,3,1968,2,2
1991,1,340538,1,2,2,2,1,1,3,4,2,3,1986,2,2
1991,1,340539,7,7,7,2,4,1,3,1,2,3,1975,2,2
1991,2,340539,7,7,7,2,4,1,3,1,2,3,1991,2,2
1991,3,340539,2,2,2,2,1,1,3,4,2,3,1986,2,2
1991,1,340540,4,2,2,2,1,1,3,4,2,3,1984,2,2
1991,2,340540,1,2,2,2,2,2,3,4,2,3,1980,2,2
1991,1,340541,1,2,2,2,1,1,3,4,2,3,1989,1,2
1991,1,340542,4,1,1,2,2,2,3,4,2,3,1978,2,2
1991,1,340543,9,7,7,2,3,3,3,4,2,3,9999,2,2
1991,1,340544,1,4,4,2,1,1,3,4,2,3,1983,2,2
1991,2,340544,1,2,2,2,1,1,3,4,1,3,1988,2,2
1991,1,340545,1,2,2,2,1,1,3,4,2,3,1984,2,2
1991,1,340546,3,5,6,1,1,1,3,4,1,3,1988,2,2
1991,1,340547,1,2,2,2,1,1,3,4,1,3,1982,2,2
1991,1,340548,3,2,2,2,1,1,3,4,2,3,1986,2,2
1991,2,340548,1,2,2,2,1,1,3,4,2,3,1987,1,2
1991,1,340549,1,2,2,2,3,3,3,4,2,3,9999,2,2
1991,1,340550,1,2,2,1,1,1,3,4,2,3,1986,2,2
1991,1,340551,6,6,6,2,1,1,3,4,2,3,1991,2,2
1991,1,340552,6,4,4,2,1,1,3,4,2,3,1978,2,2
1991,2,340552,6,2,2,2,1,1,3,4,2,3,1984,1,2
1991,1,340554,1,2,2,2,1,1,3,4,2,3,1984,2,2
1991,1,340555,2,5,5,2,1,1,3,4,2,3,1980,2,2
1991,1,340556,3,2,2,2,1,1,3,4,2,3,1990,2,2
1991,1,340557,1,2,2,2,2,2,3,4,2,3,1989,1,2
1991,1,340558,1,2,2,2,1,1,3,4,2,3,1990,1,2
1991,2,340558,4,4,4,2,1,1,3,4,2,3,1989,2,2
1991,1,340559,3,2,2,2,2,2,3,4,2,3,1979,1,2
1991,1,340560,1,2,2,2,2,2,3,4,2,3,1989,2,2
1991,1,340561,7,2,2,2,4,1,3,1,1,3,1981,1,2
1991,1,340562,3,6,6,1,2,2,3,4,1,3,1984,1,2
1991,1,340563,1,2,2,2,1,1,3,4,2,3,1987,2,2
1991,1,340564,1,2,2,2,1,1,3,4,2,3,1982,2,2
1991,1,340565,1,2,2,2,1,1,3,4,2,3,1984,2,2
1991,2,340565,1,5,5,2,1,1,3,4,2,3,1989,2,2
1991,1,340566,1,3,3,2,1,1,3,4,2,3,1988,2,2
1991,2,340566,1,2,2,2,2,2,3,4,2,3,1980,1,2
1991,1,340567,1,4,4,2,1,1,3,4,2,3,1990,1,2
1991,1,340568,1,2,2,2,1,1,3,4,2,3,1990,2,2
1991,1,340569,1,2,2,2,1,1,3,4,2,3,1986,2,2
1991,1,340570,9,6,6,1,2,2,3,4,1,3,1990,2,2
1991,1,340571,1,2,2,2,2,2,3,4,2,3,1985,2,2
1991,2,340571,9,2,2,2,2,2,3,4,1,3,1990,2,2
1991,1,340572,1,6,6,2,1,1,3,4,2,3,1987,2,2
1991,1,340573,1,3,3,2,2,2,3,4,2,3,1981,2,2
1991,1,340574,9,2,2,2,1,1,3,4,2,3,1989,2,2
1991,1,340576,1,2,2,2,1,1,3,4,2,3,1988,2,2
1991,2,340576,1,2,2,2,1,1,3,4,2,3,1979,2,2
1991,1,340577,1,2,2,2,1,1,3,4,2,3,1990,2,2
1991,1,340578,2,2,2,2,1,1,3,4,2,3,1988,2,2
1991,1,340579,1,5,5,2,2,2,3,4,1,3,1989,2,2
1991,1,340580,4,5,5,2,2,2,3,4,2,3,1982,2,2
1991,1,340581,1,2,2,2,1,1,3,4,2,3,1979,2,2
1991,1,340582,1,5,7,2,1,1,3,4,2,3,1988,2,2
1991,1,340583,3,2,2,2,1,1,3,4,2,3,1990,2,2
1991,1,340584,3,2,2,2,1,1,3,4,2,3,1972,2,2
1991,1,340585,8,2,2,2,1,1,3,4,2,3,1987,2,2
1991,2,340585,1,2,2,2,1,1,3,4,2,3,1981,2,2
1991,1,340586,1,2,2,2,1,1,3,4,2,3,1987,1,2
1991,2,340586,1,4,2,2,1,1,3,4,2,3,1977,2,2
1991,3,340586,1,4,4,2,1,1,3,4,2,3,1986,2,2
1991,1,340587,6,4,4,2,1,1,3,4,2,3,1987,2,2
1991,2,340587,2,2,2,2,1,1,3,4,2,3,1986,1,2
1991,1,340588,1,5,2,2,1,1,3,4,2,3,1991,1,2
1991,2,340588,1,5,5,2,2,2,3,4,2,3,1985,2,2
1991,3,340588,1,2,2,1,1,1,3,4,2,3,1975,2,2
1991,4,340588,1,2,2,2,1,1,3,4,2,3,1983,2,2
1991,1,340589,1,2,2,2,1,1,3,4,2,3,1988,1,2
1991,1,340590,1,2,2,2,1,1,3,4,2,3,1988,2,2
1991,1,340591,3,2,2,1,1,1,3,4,2,3,1963,2,2
1991,2,340591,1,2,2,2,1,1,3,4,2,3,1974,1,2
1991,1,340592,1,3,3,2,1,1,3,4,2,3,1984,2,2
1991,2,340592,1,2,2,2,1,1,3,4,2,3,1987,2,2
1991,1,340593,1,2,2,2,1,1,3,4,2,3,1983,2,2
1991,1,340594,1,2,2,2,1,1,3,4,2,3,1968,2,2
1991,1,340595,1,5,5,2,1,1,3,4,2,3,1980,1,2
1991,1,340596,1,2,2,2,1,1,3,4,2,3,1980,2,1
1991,1,340597,1,2,2,2,1,1,3,4,2,3,1984,2,2
1991,1,340598,1,2,2,2,1,1,3,4,2,3,1991,2,2
1991,2,340598,4,2,2,2,1,1,3,4,2,3,1988,2,2
1991,3,340598,1,2,2,2,1,1,3,4,2,3,1982,2,2
1991,1,340599,1,2,2,2,1,1,3,4,2,3,1983,2,2
1991,2,340599,3,5,5,2,1,1,3,4,2,3,1987,2,2
1991,1,340600,1,3,3,1,2,2,3,4,2,3,1989,1,2
1991,1,340601,4,2,2,2,1,1,3,4,2,3,1990,2,2
1991,2,340601,1,5,5,2,1,1,3,4,2,3,1989,2,2
1991,1,340602,1,3,3,2,1,1,3,4,2,3,1977,1,2
1991,2,340602,6,5,5,2,1,1,3,4,2,3,1989,2,2
1991,1,340603,1,2,2,2,1,1,3,4,2,3,1985,2,2
1991,1,340604,4,5,5,1,1,1,3,4,2,3,1985,2,2
1991,1,340605,1,7,7,2,1,1,3,4,2,3,1986,2,2
1991,1,340606,1,2,2,2,1,1,3,4,2,3,1987,2,2
1991,1,340607,9,2,2,2,1,1,3,4,2,3,1984,2,2
1991,1,340608,1,5,5,2,1,1,3,4,2,3,1985,2,2
1991,2,340608,6,2,2,2,1,1,3,4,2,3,1985,2,2
1991,1,340609,1,2,2,2,1,1,3,4,2,3,1988,2,2
1991,1,340610,1,7,7,2,1,1,3,4,2,3,1989,2,2
1991,2,340610,2,7,7,2,1,1,3,4,2,3,1982,2,2
1991,1,340611,1,2,2,2,1,1,3,4,2,3,1987,2,2
1991,2,340611,9,4,2,2,1,1,3,4,2,3,1991,2,2
1991,3,340611,2,4,4,2,1,1,3,4,2,3,1977,2,2
1991,4,340611,1,5,5,2,1,1,3,4,2,3,1983,2,2
1991,5,340611,1,2,2,2,1,1,3,4,2,3,1978,2,2
1991,1,340612,1,2,2,2,1,1,3,4,1,3,1976,2,2
1991,2,340612,2,2,2,2,1,1,3,4,2,3,1988,2,2
1991,1,340613,1,2,2,2,1,1,3,4,2,3,1991,2,2
1991,2,340613,1,2,2,2,1,1,3,4,2,3,1982,2,2
1991,3,340613,1,2,2,2,1,1,3,4,2,3,1978,2,2
1991,1,340615,1,2,2,2,1,1,3,4,2,3,1987,2,2
1991,2,340615,9,5,5,2,3,3,3,4,2,3,1979,2,2
1991,1,340616,1,5,5,2,1,1,3,4,1,3,1979,2,2
1991,2,340616,4,2,2,2,1,1,3,4,2,3,1988,2,2
1991,1,340617,6,2,2,2,1,1,3,4,2,3,1979,2,2
1991,2,340617,1,3,3,2,1,1,3,4,2,3,1984,2,2
1991,1,340618,1,2,2,2,1,1,3,4,2,3,1990,2,2
1991,1,340619,1,2,2,2,1,1,3,4,2,3,1979,2,2
1991,2,340619,1,2,2,2,3,3,3,4,2,3,1988,2,2
1991,1,340620,1,2,2,2,1,1,3,4,2,3,1990,2,2
1991,2,340620,1,2,2,2,1,1,3,4,2,3,1991,2,2
1991,1,340621,1,3,3,2,1,1,3,4,2,3,1977,2,2
1991,2,340621,6,2,2,2,1,1,3,4,1,3,1970,2,2
1991,3,340621,1,5,5,2,1,1,3,4,2,3,1990,2,2
1991,1,340622,1,1,1,1,1,1,3,4,2,3,1990,2,2
1991,1,340623,6,4,2,2,3,3,3,4,2,3,1982,2,2
1991,2,340623,6,2,2,2,1,1,3,4,2,3,1984,2,2
1991,3,340623,6,2,2,2,1,1,3,4,2,3,1978,2,2
1991,1,340624,1,2,2,2,1,1,3,4,2,3,1990,2,2
1991,2,340624,2,4,4,2,1,1,3,4,2,3,1982,2,2
1991,1,340625,3,2,2,2,1,1,3,4,2,3,1979,2,2
1991,1,340626,7,2,2,2,4,1,3,1,2,3,1985,1,2
1991,2,340626,3,2,2,2,1,1,3,4,2,3,1985,2,2
1991,1,340628,1,3,3,2,1,1,3,4,2,3,1988,2,2
1991,2,340628,2,2,2,2,1,1,3,4,2,3,1989,2,2
1991,1,340629,1,5,5,2,1,1,3,4,2,3,1987,2,2
1991,2,340629,7,3,3,2,4,1,3,1,2,3,1991,2,2
1991,1,340630,4,2,2,2,2,2,3,4,2,3,1987,2,2
1991,1,340631,1,2,2,2,3,3,3,4,2,3,9999,2,2
1991,1,340632,1,2,2,2,1,1,3,4,2,3,1989,2,2
1991,2,340632,9,3,2,2,1,1,3,4,2,3,1989,2,2
1991,1,340633,1,2,2,2,2,2,3,4,1,3,1987,2,2
1991,2,340633,9,5,5,2,1,1,3,4,2,3,1990,2,2
1991,1,340634,9,2,2,2,1,1,3,4,2,3,1990,2,2
1991,1,340635,4,2,2,2,1,1,3,4,2,3,1987,2,2
1991,2,340635,1,2,2,2,3,3,3,4,2,3,1986,2,2
1991,1,340636,1,2,2,2,1,1,3,4,2,3,1980,2,2
1991,1,340637,1,2,2,2,1,1,3,4,2,3,1987,2,2
1991,2,340637,7,2,2,2,4,1,3,1,2,3,1986,2,2
1991,3,340637,1,2,2,2,1,1,3,4,2,3,1986,2,2
1991,1,340638,3,3,3,2,1,1,3,4,2,3,1983,2,2
1991,2,340638,1,2,2,2,1,1,3,4,2,3,1981,2,2
1991,1,340640,1,2,2,2,1,1,3,4,2,3,1976,2,2
1991,1,340641,1,2,2,2,1,1,3,4,2,3,1986,2,2
1991,2,340641,2,2,2,1,2,2,3,4,2,3,1988,1,2
1991,1,340643,1,2,2,2,1,1,3,4,2,3,1986,1,2
1991,2,340643,3,4,2,2,1,1,3,4,2,3,1974,2,2
1991,3,340643,2,4,4,2,1,1,3,4,2,3,1988,2,2
1991,1,340644,1,2,2,2,1,1,3,4,2,3,1988,2,2
1991,2,340644,1,2,2,2,1,1,3,4,2,3,1988,2,2
1991,1,340645,1,2,2,2,3,3,3,4,2,3,1981,2,2
1991,2,340645,1,2,2,2,1,1,3,4,2,3,1986,2,2
1991,1,340646,1,2,2,2,1,1,3,4,2,3,1985,2,2
1991,1,340647,3,2,2,2,1,1,3,4,2,3,1989,2,2
1991,1,340648,1,2,2,2,1,1,3,4,2,3,1979,2,2
1991,1,340649,2,2,2,2,1,1,3,4,2,3,1969,2,2
1991,1,340650,1,2,2,2,1,1,3,4,2,3,1988,1,2
1991,2,340650,8,4,4,2,1,1,3,4,2,2,1987,2,2
1991,1,340651,1,2,2,2,1,1,3,4,2,3,1988,2,2
1991,1,340653,6,2,2,2,1,1,3,4,2,3,1988,1,2
1991,1,340654,1,2,2,2,1,1,3,4,2,3,1991,2,2
1991,2,340654,1,2,2,2,1,1,3,4,2,3,1985,2,2
1991,1,340656,1,2,2,1,1,1,3,4,2,3,1992,1,2
1991,1,340657,1,2,2,2,2,2,3,4,2,3,1989,1,2
1991,1,340658,1,3,3,2,2,2,3,4,2,3,1981,1,2
1991,2,340658,1,2,2,2,1,1,3,4,2,3,1990,2,2
1991,1,340659,3,1,1,1,2,2,3,4,2,3,1986,2,1
1991,1,340662,1,5,5,2,3,3,3,4,2,3,1990,2,2
1991,2,340662,6,5,5,2,1,1,3,4,2,3,1987,2,2
1991,1,340663,1,2,2,2,1,1,3,4,2,3,1981,2,2
1991,2,340663,2,2,2,2,1,1,3,4,2,3,1990,1,2
1991,1,340664,1,2,2,2,1,1,3,4,2,3,1982,1,2
1991,1,340665,3,2,2,2,1,1,3,4,2,3,1988,2,2
1991,1,340666,1,3,3,2,1,1,3,4,2,3,1983,2,2
1991,1,340667,1,2,2,2,1,1,3,4,2,3,1990,2,2
1991,1,340668,1,2,2,2,1,1,3,4,2,3,1990,2,2
1991,2,340668,1,6,6,2,3,3,3,4,2,3,9999,2,2
1991,1,340669,2,4,4,2,1,1,3,4,2,3,1990,2,2
1991,2,340669,1,2,2,1,1,1,3,4,2,3,1990,2,2
1991,1,340670,1,3,3,2,1,1,3,4,2,3,1984,2,2
1991,2,340670,4,2,2,2,1,1,3,4,2,3,1988,2,2
1991,1,340671,1,2,2,2,2,2,3,4,2,3,1979,2,2
1991,2,340671,8,4,4,2,1,1,3,4,2,3,1983,2,2
1991,1,340672,1,2,2,2,1,1,3,4,2,3,1964,2,2
1991,1,340673,2,2,2,2,1,1,3,4,2,3,1986,2,2
1991,1,340674,2,5,5,2,2,2,3,4,2,3,1985,2,2
1991,1,340675,1,2,2,2,1,1,3,4,2,3,1979,1,2
1991,1,340676,1,2,2,2,1,1,3,4,2,3,1978,2,2
1991,1,340677,1,2,2,2,1,1,3,4,2,3,1987,2,2
1991,2,340677,1,6,6,2,1,1,3,4,2,3,1986,2,2
1991,1,340678,1,2,2,2,3,3,3,4,2,3,9999,2,2
1991,1,340679,1,2,2,2,1,1,3,4,2,3,1987,2,2
1991,1,340680,1,2,2,2,1,1,3,4,2,3,1981,2,2
1991,1,340681,1,2,2,2,1,1,3,4,2,3,1982,2,2
1991,1,340683,1,2,2,2,1,1,3,4,2,3,1989,2,2
1991,1,340684,1,2,2,2,1,1,3,4,2,3,1978,2,2
1991,1,340685,1,2,2,2,1,1,3,4,2,3,1985,2,2
1991,2,340685,1,5,5,2,1,1,3,4,2,3,1986,2,2
1991,1,340686,1,3,3,1,1,1,3,4,2,3,1979,2,2
1991,1,340687,1,2,2,2,1,1,3,4,2,3,1984,1,2
1991,1,340688,1,2,2,2,1,1,3,4,2,3,1979,1,2
1991,2,340688,6,3,3,2,1,1,3,4,2,3,1987,2,2
1991,1,340689,1,2,2,2,1,1,3,4,2,3,1988,2,2
1991,1,340690,1,2,2,2,1,1,3,4,2,3,1984,1,2
1991,2,340690,3,4,4,2,1,1,3,4,2,3,1989,2,2
1991,1,340691,2,2,2,2,1,1,3,4,2,3,1991,1,2
1991,1,340692,1,2,2,2,1,1,3,4,2,3,1985,2,2
1991,1,340693,1,2,2,2,1,1,3,4,2,3,1989,2,2
1991,1,340694,4,2,2,2,1,1,3,4,2,3,1989,2,2
1991,1,340695,1,3,3,2,1,1,3,4,2,3,1987,1,2
1991,2,340695,1,2,2,2,1,1,3,4,2,3,1985,2,2
1991,1,340696,1,4,4,2,1,1,3,4,2,3,1984,2,2
1991,2,340696,6,2,2,2,1,1,3,4,2,3,1976,2,2
1991,1,340697,1,2,2,2,1,1,3,4,2,3,1988,2,1
1991,1,340698,1,2,2,2,1,1,3,4,2,3,1985,2,2
1991,1,340699,1,2,2,2,1,1,3,4,2,3,1981,2,2
1991,2,340699,1,2,2,2,1,1,3,4,2,3,1984,2,2
1991,1,340700,2,2,2,2,1,1,3,4,2,3,1989,2,2
1991,1,340701,1,2,2,2,1,1,3,4,2,3,1991,2,2
1991,1,340702,1,2,2,2,1,1,3,4,2,3,1985,2,2
1991,1,340703,1,5,5,2,1,1,3,4,2,3,1983,2,2
1991,2,340703,1,3,3,2,1,1,3,4,2,3,1990,2,2
1991,3,340703,1,2,2,2,3,3,3,4,2,3,1981,2,2
1991,4,340703,3,3,3,2,1,1,3,4,2,3,1981,2,2
1991,1,340704,1,2,2,2,1,1,3,4,2,3,1979,2,2
1991,2,340704,1,2,2,2,1,1,3,4,2,3,1988,1,2
1991,1,340705,1,1,1,1,2,2,3,4,1,3,1989,2,2
1991,1,340706,1,2,2,2,1,1,3,4,2,3,1988,2,2
1991,1,340707,1,3,3,1,1,1,3,4,2,3,1976,2,2
1991,1,340708,1,2,2,2,1,1,3,4,2,3,1981,1,2
1991,1,340709,1,2,2,2,1,1,3,4,2,3,1990,2,2
1991,2,340709,1,2,2,2,1,1,3,4,2,3,1979,2,2
1991,1,340710,1,4,4,2,1,1,3,4,2,3,1983,2,2
1991,2,340710,6,2,6,2,1,1,3,4,2,3,1987,2,2
1991,1,340711,1,1,1,1,1,1,3,4,2,3,1991,1,2
1991,1,340712,2,3,3,2,1,1,3,4,2,3,1988,2,2
1991,2,340712,2,3,3,2,1,1,3,4,2,3,1987,2,2
1991,1,340713,1,4,5,2,1,1,3,4,2,3,1992,2,2
1991,2,340713,6,2,2,2,1,1,3,4,2,3,1988,2,2
1991,3,340713,1,2,2,2,1,1,3,4,2,3,1992,2,2
1991,4,340713,1,2,2,2,1,1,3,4,2,3,1989,2,2
1991,1,340714,1,2,2,2,1,1,3,4,2,3,1988,2,2
1991,2,340714,1,6,6,2,3,3,3,4,2,3,9999,2,2
1991,1,340715,2,4,4,2,1,1,3,4,2,3,1983,2,2
1991,2,340715,2,2,2,2,1,1,3,4,2,3,1986,1,2
1991,1,340716,3,5,3,2,1,1,3,4,2,3,1988,2,2
1991,2,340716,1,2,2,2,1,1,3,4,2,3,1988,1,2
1991,1,340717,1,2,2,2,1,1,3,4,2,3,1987,2,2
1991,2,340717,1,6,6,2,1,1,3,4,2,3,1986,2,2
1991,1,340718,6,2,2,2,2,2,3,4,2,3,1974,2,2
1991,2,340718,1,5,5,2,1,1,3,4,2,3,1987,2,2
1991,1,340719,4,2,2,2,1,1,3,4,2,3,1987,2,2
1991,2,340719,1,2,2,2,1,1,3,4,2,3,1984,1,2
1991,1,340720,2,2,2,2,1,1,3,4,2,3,1987,2,2
1991,2,340720,1,2,2,2,1,1,3,4,2,3,1991,1,2
1991,1,340721,1,2,4,2,1,1,3,4,2,3,1987,2,2
1991,2,340721,1,2,4,2,1,1,3,4,2,3,1987,2,2
1991,3,340721,1,5,5,2,1,1,3,4,2,3,1983,2,2
1991,1,340722,1,2,2,2,1,1,3,4,2,3,1978,2,2
1991,1,340723,1,3,3,1,1,1,3,4,1,3,1989,2,2
1991,1,340724,6,2,2,2,1,1,3,4,2,3,1985,2,2
1991,1,340725,1,2,2,2,1,1,3,4,2,3,1990,1,2
1991,1,340726,1,5,5,2,1,1,3,4,2,3,1989,2,2
1991,2,340726,1,2,2,2,1,1,3,4,2,3,1988,2,2
1991,1,340727,1,2,2,2,1,1,3,4,2,3,1988,2,2
1991,1,340728,9,2,2,2,2,2,3,4,2,3,1985,2,2
1991,2,340728,7,3,3,2,4,2,3,2,2,3,1981,2,2
1991,1,340729,1,2,2,2,1,1,3,4,2,3,1990,1,2
1991,1,340730,2,2,2,1,1,1,3,4,2,3,1982,1,2
1991,1,340731,1,2,2,2,1,1,3,4,2,3,1983,2,2
1991,1,340732,1,2,2,2,1,1,3,4,2,3,1989,2,2
1991,1,340733,1,2,2,2,1,1,3,4,2,3,1984,2,2
1991,2,340733,1,2,2,2,3,3,3,4,2,3,1983,2,2
1991,1,340734,1,2,2,2,1,1,3,4,2,3,1983,2,2
1991,1,340735,1,2,2,2,1,1,3,4,2,3,1987,1,2
1991,1,340736,1,4,2,2,2,2,3,4,2,3,1984,2,2
1991,1,340737,1,2,6,2,3,3,3,4,2,3,9999,2,2
1991,2,340737,1,6,6,2,1,1,3,4,2,3,1988,2,2
1991,3,340737,1,6,2,2,1,1,3,4,2,3,1991,2,2
1991,4,340737,1,4,4,2,3,3,3,4,2,3,9999,2,2
1991,1,340738,2,2,2,2,1,1,3,4,2,3,1978,1,2
1991,1,340739,1,3,3,2,1,1,3,4,2,3,1981,2,2
1991,2,340739,4,2,2,2,1,1,3,4,2,3,1990,2,2
1991,1,340740,1,2,2,2,1,1,3,4,2,3,1985,2,1
1991,1,340741,1,2,2,2,1,1,3,4,2,3,1985,2,2
1991,1,340743,2,2,2,2,1,1,3,4,2,3,1987,2,2
1991,2,340743,1,3,3,2,1,1,3,4,2,3,1982,2,2
1991,1,340744,2,2,2,2,1,1,3,4,2,3,1984,1,2
1991,2,340744,1,2,2,2,2,2,3,4,2,3,1988,2,2
1991,1,340745,1,2,2,2,1,1,3,4,2,3,1990,2,2
1991,1,340746,1,3,3,2,1,1,3,4,2,3,1987,2,2
1991,2,340746,1,3,3,2,1,1,3,4,2,3,1982,2,2
1991,1,340747,1,2,2,2,1,1,3,4,2,3,1990,1,2
1991,2,340747,1,2,2,2,1,1,3,4,2,3,1987,2,2
1991,1,340748,1,2,2,1,1,1,3,4,2,3,1990,2,2
1991,2,340748,1,2,2,2,1,1,3,4,2,3,1981,1,2
1991,1,340749,1,2,2,2,1,1,3,4,2,3,1989,2,2
1991,1,340750,3,2,6,2,1,1,3,4,2,3,1988,1,2
1991,2,340750,6,5,5,2,1,1,3,4,2,3,1992,2,2
1991,1,340751,1,2,2,2,1,1,3,4,2,3,1981,1,2
1991,2,340751,1,2,2,2,1,1,3,4,2,3,1991,2,2
1991,1,340752,1,2,2,2,1,1,3,4,2,3,1978,2,2
1991,2,340752,1,3,3,2,1,1,3,4,2,3,1988,2,2
1991,1,340753,1,2,2,2,1,1,3,4,2,3,1985,2,2
1991,1,340754,1,5,5,2,1,1,3,4,2,3,1991,2,2
1991,1,340755,1,3,3,2,1,1,3,4,2,3,1989,1,2
1991,1,340756,3,2,2,1,1,1,3,4,2,3,1987,1,2
1991,1,340757,1,2,2,2,1,1,3,4,2,3,1992,2,2
1991,2,340757,6,5,5,2,1,1,3,4,2,3,1988,2,2
1991,1,340758,1,6,6,2,1,1,3,4,2,3,1983,2,2
1991,1,340759,1,5,5,2,2,2,3,4,1,3,1988,2,2
1991,2,340759,1,2,2,2,1,1,3,4,2,3,1989,2,2
1991,1,340760,1,6,6,2,1,1,3,4,2,3,1985,2,2
1991,2,340760,6,5,5,2,1,1,3,4,2,3,1989,2,2
1991,3,340760,1,7,7,2,1,1,3,4,2,3,1989,2,2
1991,4,340760,1,7,7,2,1,1,3,4,2,3,1991,2,2
1991,1,340761,1,4,4,2,1,1,3,4,2,3,1990,2,2
1991,2,340761,3,2,2,2,1,1,3,4,2,3,1990,2,2
1991,3,340761,1,2,2,2,1,1,3,4,2,3,1983,2,2
1991,1,340762,1,2,2,2,1,1,3,4,2,3,1991,1,2
1991,1,340763,1,2,2,2,1,1,3,4,2,3,1988,2,2
1991,1,340765,1,2,2,2,1,1,3,4,2,3,1986,1,2
1991,2,340765,6,2,2,2,1,1,3,4,2,3,1987,2,2
1991,1,340766,1,2,2,2,1,1,3,4,2,3,1988,2,2
1991,1,340767,1,2,2,2,1,1,3,4,2,3,1988,2,2
1991,1,340768,2,1,1,1,1,1,3,4,2,3,1989,2,2
1991,1,340770,1,1,1,2,1,1,3,4,2,3,1985,2,2
1991,1,340771,1,2,2,2,1,1,3,4,2,3,1979,2,2
1991,1,340772,9,2,2,2,1,1,3,4,2,3,1979,2,2
1991,2,340772,4,2,2,2,1,1,3,4,2,3,1987,2,2
1991,1,340773,1,5,5,2,1,1,3,4,2,3,1986,2,2
1991,2,340773,1,2,2,2,1,1,3,4,2,3,1967,2,2
1991,1,340774,1,2,2,1,2,2,3,4,2,3,1990,1,2
1991,1,340775,6,2,2,2,1,1,3,4,2,3,1978,2,2
1991,2,340775,2,4,2,2,1,1,3,4,2,3,1985,2,2
1991,1,340776,1,3,3,2,1,1,3,4,2,3,1989,1,2
1991,2,340776,8,2,2,2,1,1,3,4,2,3,1980,2,2
1991,1,340778,3,2,2,2,1,1,3,4,2,3,1989,2,2
1991,2,340778,1,3,3,2,1,1,3,4,2,3,1985,1,2
1991,1,340779,3,3,3,1,2,2,3,4,2,3,1983,1,2
1991,2,340779,1,5,5,2,1,1,3,4,2,3,1982,2,2
1991,1,340780,1,2,2,2,1,1,3,4,2,3,1988,2,2
1991,1,340781,1,4,4,2,1,1,3,4,2,3,1986,2,2
1991,1,340782,1,5,5,2,1,1,3,4,2,3,1991,2,2
1991,2,340782,6,2,2,2,1,1,3,4,2,3,1983,2,2
1991,1,340783,8,1,1,2,1,1,3,4,2,3,1990,2,2
1991,1,340784,1,2,2,2,1,1,3,4,2,3,1983,2,2
1991,1,340785,1,2,2,2,1,1,3,4,2,3,1987,2,2
1991,1,340786,3,2,2,2,1,1,3,4,2,3,1986,2,2
1991,1,340787,1,2,2,2,1,1,3,4,2,3,1987,2,2
1991,1,340788,7,2,2,2,4,1,3,1,2,3,1990,2,2
1991,2,340788,9,7,7,2,3,3,3,4,2,3,9999,2,2
1991,1,340789,1,2,2,2,1,1,3,4,2,3,1977,2,2
1991,1,340790,1,5,5,2,1,1,3,4,2,3,1981,2,2
1991,2,340790,2,2,2,2,1,1,3,4,2,3,1988,2,2
1991,3,340790,2,5,5,2,1,1,3,4,2,3,1983,2,2
1991,4,340790,1,2,2,2,1,1,3,4,2,3,1991,2,2
1991,5,340790,1,2,2,2,1,1,3,4,2,3,1989,2,2
1991,1,340791,1,2,2,2,3,3,3,4,2,3,9999,2,2
1991,1,340792,6,4,6,2,1,1,3,4,2,3,1991,2,2
1991,2,340792,1,2,2,1,1,1,3,4,2,3,1985,1,2
1991,1,340793,3,2,2,1,2,2,3,4,2,3,1986,2,2
1991,2,340793,1,5,5,2,1,1,3,4,2,3,1991,2,2
1991,1,340794,1,2,2,1,2,2,3,4,2,3,1979,1,2
1991,1,350001,1,2,2,2,1,1,3,4,2,3,1979,2,2
1991,2,350001,2,2,2,1,1,1,3,4,2,3,1978,2,2
1991,1,350002,1,5,5,2,1,1,3,4,1,3,1982,2,2
1991,1,350003,6,2,2,2,1,1,3,4,2,3,1987,2,2
1991,1,350004,1,2,2,2,1,1,3,4,2,3,1989,2,2
1991,1,350005,1,2,2,2,1,1,3,4,2,3,1989,2,2
1991,2,350005,4,2,2,2,1,1,3,4,2,3,1990,2,2
1991,1,350006,1,5,5,2,1,1,3,4,2,3,1980,2,1
1991,2,350006,2,4,4,1,1,1,3,4,2,3,1988,2,2
1991,1,350007,3,1,1,1,1,1,3,4,2,3,1991,1,2
1991,1,350008,6,2,2,2,1,1,3,4,2,3,1987,2,2
1991,2,350008,2,3,3,2,1,1,3,4,2,3,1979,1,2
1991,1,350009,2,5,5,2,2,2,3,4,2,3,1982,1,2
1991,2,350009,7,2,2,2,4,1,3,1,2,3,1990,2,2
1991,1,350010,3,7,7,2,1,1,3,4,1,3,1977,2,2
1991,2,350010,2,2,2,2,1,1,3,4,2,3,1988,2,2
1991,1,350011,3,2,2,2,1,1,3,4,1,3,1989,2,2
1991,1,350012,1,4,4,2,1,1,3,4,2,3,1978,2,2
1991,2,350012,1,2,2,2,1,1,3,4,1,3,1985,2,2
1991,1,350013,6,5,5,2,1,1,3,4,2,3,1980,2,2
1991,2,350013,1,3,3,2,2,2,3,4,1,3,1978,1,2
1991,1,350014,2,2,2,2,1,1,3,4,2,3,1963,2,2
1991,2,350014,2,2,2,2,1,1,3,4,2,3,1984,2,2
1991,1,350015,1,2,2,2,1,1,3,4,1,3,1989,2,2
1991,2,350015,1,4,4,2,1,1,3,4,2,3,1989,2,2
1991,3,350015,1,2,2,2,1,1,3,4,2,3,1987,2,2
1991,4,350015,6,2,2,2,1,1,3,4,2,3,1990,2,2
1991,1,350016,2,2,2,2,1,1,3,4,2,3,1978,1,2
1991,1,350017,7,2,2,2,4,2,3,2,1,3,1987,1,2
1991,1,350018,1,4,4,2,1,1,3,4,2,3,1976,2,2
1991,2,350018,2,2,2,2,1,1,3,4,2,3,1986,1,2
1991,1,350019,1,2,2,2,2,2,3,4,2,3,1982,1,2
1991,1,350020,1,1,1,1,2,2,3,4,1,3,1979,2,2
1991,1,350021,2,1,1,1,1,1,3,4,1,3,1990,1,2
1991,1,350022,2,2,2,2,1,1,3,4,2,3,1983,2,2
1991,2,350022,1,5,5,2,1,1,3,4,2,3,1991,1,2
1991,1,350023,2,4,6,2,1,1,3,4,2,3,1985,2,2
1991,1,350024,2,2,2,2,1,1,3,4,1,3,1979,2,2
1991,1,350025,2,2,2,2,1,1,3,4,1,3,1986,2,2
1991,1,350026,7,1,1,2,4,2,3,2,1,3,1983,2,2
1991,1,350027,2,1,1,1,1,1,3,4,1,3,1988,2,2
1991,1,350028,1,2,2,2,2,2,3,4,1,3,1991,2,2
1991,1,350029,3,2,2,2,1,1,3,4,2,3,1967,2,2
1991,1,350030,1,2,2,2,1,1,3,4,2,3,1988,2,2
1991,1,350031,1,1,1,1,1,1,3,4,2,3,1977,2,1
1991,1,350032,2,2,2,2,1,1,3,4,2,3,1985,2,2
1991,2,350032,1,5,5,2,1,1,3,4,2,3,1976,1,2
1991,1,350033,3,7,7,1,2,2,3,4,2,3,1989,2,2
1991,1,350034,6,4,4,2,1,1,3,4,2,3,1982,2,2
1991,2,350034,6,2,2,2,1,2,3,4,1,3,1977,2,2
1991,3,350034,3,2,2,2,1,1,3,4,2,3,1974,2,2
1991,1,350035,2,5,5,2,1,1,3,4,2,3,1989,2,2
1991,2,350035,3,2,2,1,1,1,3,4,2,3,1988,2,2
1991,1,350036,1,2,2,2,2,2,3,4,1,3,1985,1,2
1991,1,350037,1,5,5,1,1,1,3,4,1,3,1988,2,2
1991,1,350038,2,1,1,1,1,1,3,4,1,3,1972,2,2
1991,1,350039,1,5,5,2,1,1,3,4,2,3,1985,1,2
1991,1,350040,1,2,2,2,2,2,3,4,2,3,1976,2,2
1991,2,350040,1,2,2,2,1,1,3,4,2,3,1965,2,2
1991,3,350040,1,5,5,2,1,1,3,4,2,3,1984,1,2
1991,4,350040,1,2,2,2,1,1,3,4,2,3,1983,2,2
1991,1,350041,4,2,2,2,1,1,3,4,2,3,1986,2,2
1991,1,350042,2,2,2,1,1,1,3,4,1,3,1991,2,2
1991,1,350043,1,2,2,1,1,1,3,4,1,3,1984,2,1
1991,1,350044,8,2,2,2,1,1,3,4,2,1,1982,2,2
1991,2,350044,1,2,2,2,1,1,3,4,2,3,1967,1,2
1991,1,350045,6,5,5,2,1,1,3,4,2,3,1991,2,2
1991,2,350045,7,5,5,2,4,1,3,1,1,3,1982,2,2
1991,1,350046,1,5,5,2,1,1,3,4,2,3,1973,2,2
1991,2,350046,2,2,2,2,1,1,3,4,2,3,1989,2,2
1991,1,350047,9,2,2,2,3,3,3,4,2,3,9999,2,2
1991,1,350048,2,6,6,1,1,1,3,4,1,3,1985,2,2
1991,1,350049,1,1,1,1,1,1,3,4,1,3,1986,2,2
1991,1,350050,2,2,2,2,1,1,3,4,2,3,1970,2,2
1991,1,350051,1,1,1,1,1,1,3,4,1,3,1983,1,2
1991,1,350052,2,1,1,1,1,1,3,4,1,3,1973,2,2
1991,1,350053,1,2,2,1,1,1,3,4,1,3,1990,1,2
1991,1,350054,2,7,7,1,1,1,3,4,1,3,1988,2,2
1991,1,350055,6,2,2,2,1,1,3,4,2,3,1989,2,2
1991,1,350056,2,1,1,1,1,1,3,4,1,3,1979,2,2
1991,1,350057,1,2,2,2,1,1,3,4,2,3,1989,2,2
1991,2,350057,1,2,2,2,1,1,3,4,2,3,1990,2,2
1991,1,350058,1,6,2,1,2,2,3,4,1,3,1972,2,2
1991,1,350060,2,1,1,1,1,1,3,4,1,3,1988,1,2
1991,1,350061,7,2,2,2,4,1,3,1,1,3,1985,1,2
1991,2,350061,2,3,3,2,1,1,3,4,2,3,1990,1,2
1991,1,350062,2,4,4,2,1,1,3,4,2,3,1986,2,2
1991,2,350062,7,2,2,2,4,2,3,2,1,3,1980,2,2
1991,1,350063,1,2,2,2,1,1,3,4,2,3,1981,2,2
1991,1,350064,1,1,1,1,1,1,3,4,1,3,1990,2,2
1991,1,350065,1,5,2,2,1,1,3,4,2,3,1980,1,2
1991,2,350065,1,2,2,2,1,1,3,4,2,3,1983,2,2
1991,1,350066,1,7,7,1,1,1,3,4,2,3,1991,1,2
1991,1,350067,2,2,2,2,2,2,3,4,2,3,1974,2,2
1991,2,350067,1,3,3,2,2,2,3,4,2,3,1965,2,2
1991,1,350068,6,2,2,2,1,1,3,4,2,3,1979,2,2
1991,1,350069,2,1,1,1,2,2,3,4,1,3,1975,2,2
1991,1,350070,1,2,2,2,1,1,3,4,2,3,1978,2,2
1991,1,350071,1,2,2,2,2,2,3,4,2,3,1981,2,2
1991,1,350072,1,1,1,1,1,1,3,4,2,3,1987,2,1
1991,1,350073,3,1,1,1,1,1,3,4,2,3,1986,2,2
1991,1,350074,2,2,2,2,1,1,3,4,1,3,1971,1,2
1991,2,350074,1,3,3,2,1,1,3,4,2,3,1989,2,2
1991,1,350075,2,2,2,2,2,2,3,4,2,3,1987,2,2
1991,1,350076,6,2,2,2,1,1,3,4,2,3,1989,2,2
1991,1,350077,1,2,2,2,2,2,3,4,2,3,1986,2,2
1991,2,350077,1,6,6,2,3,3,3,4,2,3,9999,1,2
1991,1,350078,1,2,2,1,1,1,3,4,2,3,1987,1,1
1991,1,350079,2,1,1,1,1,1,3,4,2,3,1990,2,1
1991,1,350080,2,1,1,1,1,1,3,4,2,3,1988,1,2
1991,1,350081,3,1,1,1,1,1,3,4,2,3,1983,2,2
1991,1,350082,1,7,7,1,1,1,3,4,2,3,1991,1,2
1991,1,350083,7,2,2,2,4,2,3,2,1,3,1979,2,2
1991,1,350084,2,1,1,1,1,1,3,4,1,3,1988,2,2
1991,1,350085,4,2,2,2,2,2,3,4,2,3,1965,2,2
1991,1,350086,9,1,1,1,1,1,3,4,2,3,1988,1,2
1991,1,350087,1,7,7,1,1,1,3,4,1,3,1989,2,2
1991,1,350088,2,2,2,2,1,1,3,4,2,3,1989,2,2
1991,2,350088,1,2,2,2,1,1,3,4,1,3,1988,2,2
1991,1,350089,6,4,4,2,1,1,3,4,2,3,1989,2,2
1991,2,350089,7,2,2,2,4,2,3,2,1,3,1970,1,2
1991,1,350090,1,2,2,2,1,1,3,4,2,3,1969,2,2
1991,1,350091,1,2,5,2,2,2,3,4,2,3,1980,1,2
1991,1,350092,1,2,2,1,2,2,3,4,1,3,1981,2,2
1991,1,350093,6,3,3,2,1,1,3,4,2,3,1978,2,2
1991,2,350093,1,2,6,2,2,2,3,4,2,3,1980,2,2
1991,1,350094,2,1,1,1,1,1,3,4,2,3,1982,1,2
1991,1,350095,7,7,7,2,4,2,3,2,1,3,1986,1,2
1991,1,350096,1,1,1,1,2,2,3,4,1,3,1987,1,2
1991,1,350097,4,1,1,1,1,1,3,4,1,3,1976,2,2
1991,1,350098,1,1,1,1,2,2,3,4,2,3,1978,1,1
1991,1,350099,1,2,2,2,2,2,3,4,2,3,1975,2,2
1991,1,350100,1,2,2,2,1,1,3,4,1,3,1984,2,2
1991,1,350101,4,1,1,1,1,1,3,4,2,3,1988,1,2
1991,1,350102,2,1,1,1,2,2,3,4,1,3,1983,2,2
1991,1,350103,3,2,2,2,1,1,3,4,2,3,1988,2,2
1991,2,350103,1,2,4,2,2,2,3,4,1,3,1984,2,2
1991,1,350104,3,1,1,1,1,1,3,4,2,3,1983,2,2
1991,1,350105,1,2,2,2,2,2,3,4,1,3,1985,1,2
1991,1,350106,1,1,1,1,1,1,3,4,2,3,1979,2,1
1991,1,350107,1,1,1,1,2,2,3,4,1,3,1977,2,2
1991,1,350108,1,3,3,2,1,1,3,4,2,3,1989,1,2
1991,1,350109,4,1,1,1,1,1,3,4,2,3,1983,2,1
1991,1,350110,7,2,2,2,4,2,3,2,1,3,1988,2,2
1991,2,350110,1,5,5,1,1,1,3,4,2,3,1991,1,2
1991,1,350111,1,2,2,2,1,1,3,4,2,3,1980,2,2
1991,2,350111,3,2,2,2,1,1,3,4,2,3,1966,2,2
1991,3,350111,7,2,2,2,4,1,3,1,1,3,1987,2,2
1991,1,350112,4,2,2,2,1,1,3,4,2,3,1989,1,2
1991,1,350113,1,4,4,2,1,1,3,4,2,3,1983,2,2
1991,2,350113,1,2,2,1,1,1,3,4,2,3,1989,1,2
1991,3,350113,2,2,2,2,1,1,3,4,2,3,1980,2,2
1991,1,350114,2,6,2,1,2,2,3,4,1,3,1986,2,2
1991,1,350115,1,2,2,2,1,1,3,4,2,3,1986,1,2
1991,1,350116,1,5,5,2,1,1,3,4,2,3,1984,2,2
1991,2,350116,1,2,2,2,1,1,3,4,2,3,1989,2,2
1991,1,350117,1,2,2,2,1,1,3,4,2,3,1986,2,2
1991,1,350118,1,2,5,2,1,1,3,4,1,3,1981,2,2
1991,1,350119,2,1,1,1,1,1,3,4,2,3,1974,2,2
1991,1,350120,6,2,2,2,1,1,3,4,2,3,1988,2,2
1991,1,350121,3,7,7,2,1,1,3,4,2,3,1980,2,2
1991,1,350122,2,1,1,1,2,2,3,4,1,3,1990,2,1
1991,1,350123,7,7,7,2,4,2,3,2,1,3,1974,2,2
1991,2,350123,7,7,7,2,4,1,3,1,1,3,1971,2,2
1991,1,350124,1,1,1,1,1,1,3,4,2,3,1989,1,2
1991,1,350125,1,2,2,2,1,1,3,4,2,3,1990,1,2
1991,2,350125,6,4,4,2,1,1,3,4,2,3,1976,2,2
1991,1,350126,7,1,1,2,4,2,3,2,1,3,1979,2,2
1991,1,350127,1,2,2,2,1,1,3,4,2,3,1978,2,2
1991,1,350128,1,1,1,1,2,2,3,4,2,3,1990,2,1
1991,1,350129,1,2,2,2,1,1,3,4,2,3,1990,1,2
1991,2,350129,1,2,2,2,1,1,3,4,2,3,1990,2,2
1991,1,350130,6,1,1,1,1,1,3,4,1,3,1975,2,2
1991,1,350131,2,2,2,2,1,1,3,4,2,3,1953,2,1
1991,1,350132,6,1,1,1,1,1,3,4,2,3,1984,2,1
1991,1,350133,6,2,2,2,1,1,3,4,2,3,1984,2,2
1991,1,350134,1,1,1,1,1,1,3,4,2,3,1991,2,1
1991,1,350135,7,7,7,2,4,2,3,2,1,3,1983,2,2
1991,1,350136,6,2,2,2,1,1,3,4,2,3,1983,2,2
1991,2,350136,1,5,5,2,1,1,3,4,2,3,1985,1,2
1991,1,350137,4,2,2,2,1,1,3,4,2,3,1973,2,2
1991,2,350137,1,2,2,2,1,1,3,4,2,3,1986,2,2
1991,1,350138,1,7,7,1,2,2,3,4,1,3,1976,1,2
1991,1,350139,2,1,1,1,1,1,3,4,2,3,1974,2,2
1991,1,350140,3,1,1,1,1,1,3,4,1,3,1988,2,2
1991,1,350141,6,2,2,2,1,1,3,4,2,3,1989,2,2
1991,2,350141,2,4,4,1,1,1,3,4,2,3,1980,1,2
1991,1,350143,2,2,2,2,1,1,3,4,1,3,1989,1,2
1991,2,350143,1,2,2,2,1,1,3,4,2,3,1986,2,2
1991,1,350144,1,2,2,2,1,1,3,4,1,3,1991,2,2
1991,1,350145,1,2,2,2,1,1,3,4,2,3,1984,2,2
1991,1,350146,1,2,2,2,1,1,3,4,2,3,1990,2,2
1991,1,350147,2,1,1,1,1,1,3,4,2,3,1973,2,2
1991,1,350148,2,2,2,2,1,1,3,4,2,3,1982,2,2
1991,2,350148,2,2,2,2,1,1,3,4,2,3,1989,2,2
1991,1,350149,7,1,1,2,4,1,3,1,1,3,1982,2,2
1991,1,350150,3,1,1,1,1,1,3,4,2,3,1976,1,2
1991,1,350151,2,7,7,1,1,1,3,4,1,3,1987,2,2
1991,1,350152,7,7,7,2,4,2,3,2,1,3,1983,2,2
1991,1,350153,1,1,1,1,1,1,3,4,1,3,1986,2,2
1991,1,350154,1,1,1,1,1,1,3,4,2,3,1984,2,2
1991,1,350155,3,1,1,1,1,1,3,4,2,3,1991,2,1
1991,1,350156,7,7,7,2,4,1,3,1,1,3,1990,2,2
1991,1,350157,2,1,1,1,1,1,3,4,2,3,1990,2,1
1991,1,350158,4,1,1,1,1,1,3,4,1,3,1988,2,2
1991,1,350159,1,1,1,1,1,1,3,4,1,3,1977,1,2
1991,1,350160,4,5,5,2,1,1,3,4,2,3,1983,1,2
1991,2,350160,3,2,2,2,1,1,3,4,2,3,1990,2,2
1991,1,350161,2,2,2,1,1,1,3,4,1,3,1991,2,1
1991,1,350162,2,6,6,1,2,2,3,4,2,3,1979,1,2
1991,1,350163,7,2,2,2,4,1,3,1,1,3,1984,2,2
1991,1,350164,2,2,2,2,1,1,3,4,2,3,1979,1,2
1991,2,350164,2,4,4,2,1,1,3,4,2,3,1976,2,2
1991,1,350165,6,2,2,2,1,1,3,4,2,3,1989,2,1
1991,1,350166,2,1,1,1,1,1,3,4,2,3,1988,2,1
1991,1,350167,1,2,2,2,1,1,3,4,2,3,1987,2,2
1991,2,350167,3,2,2,2,2,2,3,4,1,3,1985,2,2
1991,1,350168,1,7,7,1,1,1,3,4,1,3,1982,2,1
1991,1,350169,2,2,2,1,1,1,3,4,2,3,1982,1,2
1991,1,350170,1,2,2,2,1,1,3,4,2,3,1990,2,2
1991,1,350171,1,2,2,2,1,1,3,4,2,3,1984,2,2
1991,1,350172,4,1,1,1,1,1,3,4,2,3,1988,1,2
1991,1,350173,1,7,7,1,1,1,3,4,1,3,1979,2,2
1991,1,350174,3,2,2,1,1,1,3,4,1,3,1977,2,2
1991,1,350175,2,3,3,2,1,1,3,4,1,3,1988,2,2
1991,1,350176,1,2,2,1,2,2,3,4,1,3,1980,2,2
1991,1,350177,1,1,1,1,1,1,3,4,2,3,1989,2,1
1991,1,350178,3,2,2,1,1,1,3,4,1,3,1987,2,1
1991,1,350179,2,1,1,1,1,1,3,4,2,3,1985,1,2
1991,1,350180,1,2,2,1,2,2,3,4,2,3,1974,2,1
1991,1,350181,2,2,2,2,2,2,3,4,2,3,1989,2,1
1991,1,350182,1,2,2,2,1,1,3,4,1,3,1986,1,2
1991,1,350183,1,2,2,2,1,1,3,4,2,3,1983,1,2
1991,2,350183,1,2,2,2,2,2,3,4,2,3,1978,1,2
1991,1,350184,7,2,2,2,4,2,3,2,1,3,1979,1,2
1991,2,350184,1,2,2,2,1,1,3,4,2,3,1986,1,2
1991,1,350185,2,2,2,2,1,1,3,4,2,3,1985,2,2
1991,2,350185,6,3,3,2,1,1,3,4,2,3,1989,2,2
1991,1,350186,1,4,4,2,2,2,3,4,2,3,1986,2,2
1991,2,350186,1,2,2,2,1,1,3,4,2,3,1970,2,2
1991,1,350187,1,4,4,2,1,1,3,4,2,3,1989,2,2
1991,2,350187,7,2,2,2,4,2,3,2,1,3,1990,2,2
1991,1,350188,6,6,6,1,1,1,3,4,1,3,1990,1,2
1991,1,350189,2,2,2,2,1,1,3,4,1,3,1976,2,2
1991,1,350190,1,1,1,1,1,1,3,4,2,3,1991,2,1
1991,1,350191,4,2,2,2,2,2,3,4,2,3,1977,1,2
1991,1,350192,9,2,2,2,1,1,3,4,2,3,1973,1,2
1991,1,350193,1,2,2,1,1,1,3,4,1,3,1985,2,2
1991,1,350194,2,2,2,2,1,1,3,4,2,3,1984,1,2
1991,2,350194,7,2,2,2,4,2,3,2,2,3,1989,2,2
1991,1,350195,1,1,1,1,2,2,3,4,1,3,1978,1,2
1991,1,350196,2,7,7,1,1,1,3,4,1,3,1985,2,2
1991,1,350197,4,1,1,1,1,1,3,4,2,3,1990,2,1
1991,1,350198,2,1,1,1,2,2,3,4,1,3,1978,2,2
1991,1,350199,2,2,2,2,1,1,3,4,2,3,1979,2,2
1991,2,350199,2,2,2,2,1,1,3,4,2,3,1969,2,2
1991,1,350200,9,4,4,1,1,1,3,4,2,3,1979,2,2
1991,2,350200,6,2,2,2,1,1,3,4,2,3,1984,1,2
1991,1,350201,2,2,2,2,1,1,3,4,2,3,1980,1,2
1991,1,350202,1,4,4,2,1,1,3,4,1,3,1977,2,2
1991,2,350202,4,2,2,2,2,2,3,4,1,3,1974,2,2
1991,3,350202,2,2,3,2,1,1,3,4,2,3,1982,2,2
1991,1,350203,1,1,1,1,1,1,3,4,2,3,1983,1,2
1991,1,350204,2,1,1,1,2,2,3,4,1,3,1985,2,2
1991,1,350205,3,2,2,2,1,1,3,4,2,3,1984,2,2
1991,2,350205,7,2,2,2,4,2,3,2,2,3,1982,1,2
1991,1,350206,2,2,2,2,1,1,3,4,2,3,1989,2,2
1991,2,350206,7,3,3,2,4,2,3,2,2,3,1982,2,2
1991,1,350207,2,2,2,2,1,1,3,4,2,3,1979,2,2
1991,2,350207,7,2,2,2,4,2,3,2,1,3,1981,2,2
1991,1,350208,9,2,2,2,1,2,3,4,1,3,1979,1,2
1991,1,350209,9,2,2,2,3,3,3,4,2,3,9999,2,2
1991,1,350210,1,1,1,1,2,2,3,4,1,3,1979,2,2
1991,1,350211,2,2,2,2,1,1,3,4,2,3,1981,1,2
1991,2,350211,1,2,2,2,1,1,3,4,2,3,1982,2,2
1991,1,350212,1,1,1,1,1,1,3,4,1,3,1984,2,2
1991,1,350213,2,1,1,1,2,2,3,4,1,3,1988,2,2
1991,1,350214,6,2,2,2,1,1,3,4,2,3,1989,2,2
1991,1,350215,1,2,2,2,2,2,3,4,2,3,1985,2,1
1991,2,350215,4,2,2,1,1,1,3,4,2,3,1990,2,2
1991,1,350216,1,1,1,2,1,1,3,4,2,3,1982,2,2
1991,1,350217,4,1,1,1,1,1,3,4,2,3,1990,2,1
1991,1,350218,2,2,2,2,2,2,3,4,1,3,1974,2,2
1991,2,350218,2,4,4,2,1,1,3,4,2,3,1981,2,2
1991,1,350219,4,1,1,1,1,1,3,4,2,3,1991,1,2
1991,1,350220,6,1,1,1,1,1,3,4,2,3,1992,1,2
1991,1,350221,1,2,2,2,1,1,3,4,2,3,1977,2,2
1991,1,350222,2,1,1,1,1,1,3,4,1,3,1989,2,2
1991,1,350223,6,2,2,2,2,2,3,4,2,3,1988,2,2
1991,2,350223,2,3,3,2,1,1,3,4,2,3,1987,2,2
1991,1,350224,9,2,2,2,3,3,3,4,2,3,9999,2,2
1991,1,350225,9,2,2,1,3,3,3,4,2,3,1978,2,2
1991,1,350226,1,1,1,1,2,2,3,4,2,3,1985,2,2
1991,1,350227,1,2,2,2,1,1,3,4,2,3,1986,2,2
1991,1,350228,1,2,2,2,1,1,3,4,2,3,1982,2,2
1991,2,350228,1,2,2,2,1,1,3,4,2,3,1986,1,2
1991,1,350229,1,4,4,2,1,1,3,4,2,3,1978,2,2
1991,2,350229,1,2,2,2,1,1,3,4,2,3,9999,2,2
1991,1,350230,2,2,2,2,3,3,3,4,2,3,1987,2,2
1991,2,350230,4,2,2,1,1,1,3,4,2,3,1984,2,2
1991,1,350231,2,2,6,2,1,1,3,4,2,3,1987,1,2
1991,2,350231,6,4,4,2,1,1,3,4,2,3,1952,2,2
1991,1,350232,6,3,3,1,1,1,3,4,2,3,1984,1,2
1991,1,350233,1,2,2,2,1,1,3,4,2,3,1976,2,2
1991,2,350233,2,4,4,1,1,1,3,4,1,3,1970,2,2
1991,1,350234,1,2,2,2,1,1,3,4,2,3,1984,2,2
1991,1,350235,6,1,1,1,2,2,3,4,2,3,1977,2,2
1991,1,350236,7,4,4,2,4,2,3,2,2,3,1974,2,2
1991,1,350237,1,2,2,2,1,1,3,4,2,3,1988,2,2
1991,1,350238,1,2,2,1,1,1,3,4,1,3,1983,1,2
1991,2,350238,4,3,3,1,1,1,3,4,2,3,1986,2,2
1991,1,350239,6,2,2,2,1,1,3,4,2,3,1991,2,2
1991,1,350240,2,2,2,2,1,1,3,4,2,3,1990,2,1
1991,1,350241,1,2,2,2,2,2,3,4,2,3,1976,2,2
1991,1,350242,3,2,2,2,1,1,3,4,2,3,1985,2,2
1991,2,350242,1,2,2,2,1,1,3,4,1,3,1982,2,2
1991,1,350243,2,2,2,2,1,1,3,4,2,3,1983,2,2
1991,1,350244,1,1,1,1,1,1,3,4,1,3,1976,2,2
1991,1,350246,4,1,1,1,2,2,3,4,2,3,1986,2,2
1991,1,350247,2,1,1,1,1,1,3,4,2,3,1984,2,2
1991,1,350248,2,2,2,2,2,2,3,4,2,3,1976,2,2
1991,2,350248,6,2,2,2,1,1,3,4,2,3,1990,2,2
1991,1,350249,1,2,2,2,2,2,3,4,1,3,1976,1,2
1991,2,350249,2,4,4,2,2,2,3,4,2,3,1982,1,2
1991,3,350249,2,4,4,2,1,1,3,4,2,3,1981,2,2
1991,1,350250,9,2,2,2,3,3,3,4,2,3,9999,2,2
1991,1,350251,1,6,6,2,1,1,3,4,2,3,1985,2,2
1991,1,350252,9,2,2,2,3,3,3,4,2,3,9999,2,2
1991,1,350253,1,1,1,1,1,1,3,4,1,3,1989,2,2
1991,1,350254,1,1,1,1,1,1,3,4,2,3,1988,1,2
1991,1,350255,3,1,1,2,1,1,3,4,2,3,1981,2,2
1991,1,350256,4,2,2,2,1,1,3,4,2,3,1991,2,2
1991,1,350257,2,2,2,2,1,1,3,4,1,3,1988,2,2
1991,1,350258,1,2,2,2,1,1,3,4,2,3,1980,2,2
1991,1,350259,2,2,2,1,1,1,3,4,1,3,1990,2,2
1991,1,350260,1,2,2,1,1,1,3,4,1,3,1981,2,2
1991,1,350261,4,2,2,2,1,1,3,4,1,3,1988,1,2
1991,1,350262,1,2,2,2,2,2,3,4,2,3,1973,1,2
1991,2,350262,1,2,2,2,1,1,3,4,2,3,1981,2,2
1991,1,350263,1,2,2,2,2,2,3,4,1,3,1973,2,2
1991,1,350264,2,2,3,1,2,2,3,4,2,3,1981,1,2
1991,1,350265,2,1,1,1,1,1,3,4,1,3,1985,2,2
1991,1,350266,2,2,2,1,1,1,3,4,2,3,1983,2,2
1991,1,350267,4,1,1,1,1,1,3,4,2,3,1979,2,1
1991,1,350268,4,2,2,2,1,1,3,4,2,3,1990,2,2
1991,2,350268,2,2,2,2,1,1,3,4,1,3,1989,2,2
1991,1,350269,2,2,2,1,1,1,3,4,1,3,1989,2,2
1991,1,350270,3,5,5,1,1,1,3,4,2,3,1976,2,2
1991,2,350270,6,2,2,1,1,1,3,4,2,3,1990,2,2
1991,1,350271,7,2,2,2,4,2,3,2,2,3,1981,1,2
1991,1,350272,2,7,7,1,1,1,3,4,2,3,1977,1,2
1991,1,350273,1,2,2,2,1,1,3,4,2,3,1987,2,2
1991,1,350274,2,5,5,2,2,2,3,4,2,3,1985,2,2
1991,2,350274,1,2,2,2,1,1,3,4,2,3,1985,2,2
1991,1,350275,9,7,7,2,3,3,3,4,2,3,9999,1,2
1991,1,350276,2,5,5,2,1,1,3,4,2,3,1990,2,2
1991,2,350276,6,2,2,2,2,2,3,4,2,3,1975,2,2
1991,1,350277,7,6,6,2,4,2,3,2,1,3,1975,1,2
1991,1,350278,1,2,2,2,1,1,3,4,2,3,1976,1,2
1991,2,350278,6,4,4,2,1,1,3,4,2,3,1991,2,2
1991,1,350279,4,1,1,1,1,1,3,4,2,3,1985,2,1
1991,1,350280,6,5,5,2,1,1,3,4,2,3,1969,1,2
1991,1,350281,6,2,2,2,1,1,3,4,2,3,1985,2,2
1991,1,350282,2,2,2,2,1,1,3,4,2,3,1987,2,2
1991,1,350283,1,1,1,1,2,2,3,4,1,3,1990,1,2
1991,1,350284,7,1,1,2,4,2,3,2,2,3,1979,2,2
1991,1,350285,1,3,3,1,1,1,3,4,1,3,1987,2,2
1991,2,350285,2,2,2,2,1,1,3,4,2,3,1978,2,2
1991,1,350286,2,1,1,1,1,1,3,4,1,3,1989,2,2
1991,1,350287,1,4,4,1,1,1,3,4,2,3,1985,1,2
1991,2,350287,6,2,2,2,3,3,3,4,2,3,9999,1,2
1991,3,350287,1,2,2,2,3,3,3,4,2,3,1990,2,2
1991,4,350287,1,5,5,2,1,1,3,4,2,3,1990,2,2
1991,5,350287,6,2,2,2,1,1,3,4,2,3,1992,2,2
1991,6,350287,9,2,2,2,1,1,3,4,2,3,1988,2,2
1991,1,350288,7,2,2,2,4,2,3,2,1,3,1979,1,2
1991,1,350289,1,2,2,2,1,1,3,4,2,3,1981,2,2
1991,1,350290,1,2,2,2,2,2,3,4,2,3,1974,2,2
1991,1,350291,2,2,2,1,1,1,3,4,2,3,1986,2,1
1991,2,350291,1,4,4,2,1,1,3,4,2,3,1983,2,2
1991,1,350292,1,2,2,2,1,1,3,4,2,3,1983,2,2
1991,2,350292,1,2,2,2,1,1,3,4,2,3,1983,2,2
1991,1,350293,1,2,2,2,2,2,3,4,1,3,1987,1,2
1991,2,350293,1,2,2,2,1,1,3,4,2,3,1982,2,2
1991,1,350294,7,2,2,2,4,2,3,2,1,3,1978,1,2
1991,1,350295,6,2,2,2,1,1,3,4,2,3,1981,2,2
1991,1,350296,2,2,2,1,1,1,3,4,2,3,1990,1,2
1991,1,350297,3,2,2,1,2,2,3,4,1,3,1977,1,2
1991,1,350298,3,4,4,1,1,1,3,4,2,3,1986,1,2
1991,1,350299,2,1,1,1,3,3,3,4,1,3,1980,2,2
1991,1,350300,7,6,6,2,4,1,3,1,2,3,1985,2,2
1991,1,350301,1,2,2,2,1,1,3,4,1,3,1991,2,2
1991,2,350301,1,2,2,2,1,1,3,4,1,3,1989,1,2
1991,1,350302,4,2,2,2,1,1,3,4,2,3,1987,2,2
1991,1,350303,7,2,2,2,4,2,3,2,2,3,1986,1,2
1991,1,350304,7,6,2,2,4,2,3,2,2,3,1980,1,2
1991,1,350305,1,2,2,1,2,2,3,4,1,3,1976,2,2
1991,1,350306,3,2,2,2,1,1,3,4,2,3,1977,2,2
1991,1,350307,1,3,3,2,1,1,3,4,2,3,1990,2,1
1991,1,350308,3,2,2,1,1,1,3,4,2,3,1988,2,1
1991,1,350309,2,1,1,1,1,1,3,4,1,3,1989,1,2
1991,1,350310,3,1,1,1,1,1,3,4,2,3,1988,1,2
1991,1,350311,2,1,1,1,1,1,3,4,2,3,1987,2,1
1991,1,350312,1,3,3,1,1,1,3,4,1,3,1983,2,2
1991,1,350313,1,6,6,1,1,1,3,4,1,3,1989,2,2
1991,1,350314,2,2,2,1,1,1,3,4,2,3,1986,1,2
1991,1,350315,2,2,2,1,1,1,3,4,1,3,1984,2,2
1991,1,350316,2,1,1,1,2,2,3,4,1,3,1985,1,2
1991,1,350317,1,2,2,2,1,1,3,4,2,3,1982,1,2
1991,1,350318,2,1,1,1,2,2,3,4,1,3,1990,1,2
1991,1,350319,1,2,2,2,1,1,3,4,2,3,1987,2,2
1991,2,350319,1,3,3,1,1,1,3,4,2,3,1977,2,2
1991,1,350320,1,2,2,2,1,1,3,4,2,3,1984,2,2
1991,1,350321,3,1,1,1,1,1,3,4,1,3,1988,2,2
1991,1,350322,1,2,2,2,3,3,3,4,1,3,1984,2,2
1991,2,350322,6,2,2,2,1,1,3,4,2,3,1991,2,2
1991,1,350323,2,2,2,2,1,1,3,4,2,3,1990,2,2
1991,2,350323,1,5,5,2,1,1,3,4,1,3,1988,1,2
1991,1,350324,3,1,1,1,1,1,3,4,1,3,1987,2,2
1991,1,350325,6,1,1,2,1,1,3,4,2,3,1989,2,2
1991,1,350326,1,2,2,2,1,1,3,4,2,3,1985,1,2
1991,2,350326,1,3,2,2,1,1,3,4,2,3,1979,2,2
1991,3,350326,1,2,2,2,2,2,3,4,2,3,1983,2,2
1991,1,350327,1,2,2,2,1,1,3,4,2,3,1974,2,2
1991,2,350327,1,3,3,2,1,1,3,4,2,3,1990,2,2
1991,1,350328,1,2,2,2,1,1,3,4,2,3,1990,2,2
1991,2,350328,1,3,3,2,2,2,3,4,2,3,1989,1,2
1991,1,350329,1,6,6,2,1,1,3,4,2,3,1971,2,2
1991,1,350330,1,1,1,1,1,1,3,4,2,3,1990,1,2
1991,1,350331,2,2,2,2,1,1,3,4,2,3,1991,2,2
1991,1,350332,2,2,2,2,2,2,3,4,2,3,1975,1,2
1991,1,350333,1,1,1,1,2,2,3,4,1,3,1976,2,2
1991,1,350334,1,2,2,2,2,2,3,4,2,3,1983,2,2
1991,1,350335,3,1,1,1,1,1,3,4,2,3,1988,2,1
1991,1,350336,6,6,6,1,1,1,3,4,2,3,1977,1,2
1991,1,350337,1,2,2,2,2,2,3,4,2,3,1985,1,2
1991,2,350337,6,2,2,2,1,1,3,4,2,3,1976,2,2
1991,1,350338,1,2,2,2,1,1,3,4,2,3,1978,2,2
1991,1,350339,6,2,2,2,1,1,3,4,2,3,1979,2,2
1991,2,350339,2,5,5,2,2,2,3,4,2,3,1984,1,2
1991,1,350340,6,2,2,2,1,1,3,4,2,3,1990,2,2
1991,2,350340,6,6,6,2,1,1,3,4,2,3,1989,2,2
1991,3,350340,2,6,6,2,1,1,3,4,2,3,1983,2,2
1991,1,350341,1,2,2,2,1,1,3,4,2,3,1978,2,1
1991,2,350341,6,4,4,2,1,1,3,4,2,3,1985,2,2
1991,1,350342,2,2,2,2,1,1,3,4,2,3,1986,2,2
1991,2,350342,6,2,2,2,1,2,3,4,2,3,1977,2,2
1991,1,350343,1,2,2,2,1,1,3,4,2,3,1989,2,2
1991,1,350344,2,1,1,1,1,1,3,4,1,3,1991,2,2
1991,1,350345,4,3,3,2,1,1,3,4,2,3,1988,2,2
1991,2,350345,7,2,2,2,4,1,3,1,1,3,1989,2,2
1991,1,350346,2,2,2,2,1,1,3,4,2,3,1991,1,2
1991,1,350347,1,5,5,2,1,1,3,4,2,3,1988,1,2
1991,2,350347,2,2,2,2,1,1,3,4,2,3,1991,2,2
1991,1,350348,2,1,1,1,1,1,3,4,1,3,1987,2,2
1991,1,350349,1,2,2,1,1,1,3,4,1,3,1984,2,2
1991,1,350350,2,1,1,1,1,1,3,4,2,3,1988,2,2
1991,1,350351,1,4,4,1,1,1,3,4,2,3,1959,2,2
1991,2,350351,1,2,2,2,3,3,3,4,2,3,9999,2,2
1991,1,350352,1,4,4,2,2,2,3,4,2,3,1970,2,2
1991,2,350352,1,2,2,2,1,1,3,4,1,3,1984,1,2
1991,1,350353,2,1,1,1,1,1,3,4,2,3,1977,2,2
1991,1,350354,1,2,2,2,1,1,3,4,2,3,1991,2,2
1991,2,350354,1,2,2,2,1,1,3,4,2,3,1988,1,2
1991,1,350355,2,2,2,2,2,2,3,4,2,3,1982,1,2
1991,1,350356,1,2,2,2,2,2,3,4,2,3,1980,1,2
1991,2,350356,6,2,2,2,1,1,3,4,2,3,1984,2,2
1991,1,350357,2,1,1,1,2,2,3,4,1,3,1989,2,2
1991,1,350358,1,2,2,2,1,2,3,4,2,3,1978,2,2
1991,1,350359,1,1,1,1,1,1,3,4,1,3,1988,2,2
1991,1,350360,2,2,2,1,3,3,3,4,1,3,1975,2,2
1991,1,350361,6,2,2,2,1,1,3,4,2,3,1987,2,2
1991,2,350361,1,2,2,2,1,1,3,4,2,3,1983,2,2
1991,1,350362,9,7,7,2,3,3,3,4,2,3,9999,2,2
1991,1,350363,2,4,4,2,1,1,3,4,1,3,1979,1,2
1991,1,350364,1,2,2,2,2,2,3,4,2,3,1979,1,2
1991,2,350364,6,2,2,2,1,1,3,4,2,3,1986,2,2
1991,1,350365,1,2,2,2,1,1,3,4,2,3,1988,2,2
1991,2,350365,1,2,2,2,1,1,3,4,2,3,1991,2,2
1991,1,350366,1,2,2,2,1,1,3,4,2,3,1992,2,1
1991,2,350366,1,2,2,2,2,2,3,4,2,3,1986,2,2
1991,1,350367,3,2,2,2,1,1,3,4,2,3,1988,2,2
1991,2,350367,9,6,6,2,3,3,3,4,2,3,9999,2,2
1991,1,350368,1,5,5,2,1,1,3,4,2,3,1987,2,2
1991,1,350369,1,2,2,2,1,1,3,4,1,3,1986,2,2
1991,2,350369,1,2,2,2,1,1,3,4,2,3,1978,2,2
1991,1,350370,2,5,5,2,1,1,3,4,2,3,1976,1,2
1991,2,350370,2,2,2,2,1,1,3,4,2,3,1991,2,2
1991,1,350371,2,2,2,2,1,1,3,4,2,3,1985,2,2
1991,1,350372,1,2,2,2,1,1,3,4,2,3,1991,2,2
1991,2,350372,2,2,2,2,1,1,3,4,1,3,1990,2,2
1991,1,350373,1,2,2,1,2,2,3,4,2,3,1987,1,2
1991,1,350374,1,5,5,2,1,1,3,4,2,3,1986,2,2
1991,2,350374,4,2,2,1,2,2,3,4,2,3,1970,2,2
1991,3,350374,1,2,2,2,1,1,3,4,2,3,1984,1,2
1991,1,350375,1,1,1,1,1,1,3,4,2,3,1985,2,2
1991,1,350376,1,2,2,2,1,1,3,4,2,3,1989,2,2
1991,2,350376,1,2,2,2,1,1,3,4,2,3,1977,1,2
1991,1,350377,1,2,2,2,1,1,3,4,2,3,1961,2,2
1991,1,350378,2,2,2,2,1,1,3,4,2,3,1977,2,2
1991,1,350379,2,2,2,2,1,1,3,4,2,3,1990,2,2
1991,2,350379,2,2,2,2,1,1,3,4,1,3,1991,2,2
1991,1,350380,1,2,2,2,2,2,3,4,1,3,1976,1,2
1991,2,350380,3,4,4,1,1,1,3,4,2,3,1968,2,2
1991,1,350381,1,1,1,1,1,1,3,4,2,3,1988,1,2
1991,1,350382,1,3,3,2,2,2,3,4,1,3,1971,2,2
1991,1,350383,1,2,2,2,1,1,3,4,2,3,1986,2,2
1991,1,350384,2,2,2,1,1,1,3,4,2,3,1987,1,2
1991,1,350385,1,7,7,1,1,1,3,4,2,3,1981,2,2
1991,1,350386,1,3,3,2,1,1,3,4,2,3,1989,1,2
1991,2,350386,6,2,2,2,1,1,3,4,2,3,1989,2,2
1991,1,350387,2,2,2,2,1,1,3,4,2,3,1991,2,2
1991,1,350388,1,1,1,1,2,2,3,4,1,3,1992,2,2
1991,1,350389,1,1,1,1,1,1,3,4,1,3,1984,2,2
1991,1,350390,1,3,3,2,1,1,3,4,1,3,1988,1,2
1991,1,350391,1,3,3,2,2,2,3,4,2,3,1973,1,2
1991,2,350391,1,2,2,2,1,1,3,4,2,3,1981,2,2
1991,1,350392,1,2,2,2,1,1,3,4,2,3,1981,2,2
1991,2,350392,1,2,2,2,2,2,3,4,2,3,1982,2,2
1991,1,350394,7,5,5,2,4,1,3,1,2,3,1978,2,2
1991,2,350394,1,2,2,2,1,1,3,4,2,3,1989,1,2
1991,1,350395,2,2,2,2,2,2,3,4,2,3,1988,1,2
1991,1,350396,1,2,2,2,1,1,3,4,2,3,1979,2,2
1991,2,350396,2,2,2,2,1,1,3,4,2,3,1991,2,2
1991,1,350397,2,2,2,1,1,1,3,4,2,3,1989,2,2
1991,2,350397,2,2,2,2,1,1,3,4,2,3,1988,2,2
1991,1,350398,2,2,2,1,1,1,3,4,1,3,1984,2,2
1991,1,350399,1,2,2,2,1,1,3,4,1,3,1986,2,2
1991,1,350400,1,4,4,1,1,1,3,4,2,3,1990,1,2
1991,2,350400,6,7,7,2,1,1,3,4,2,3,1991,2,2
1991,1,350401,2,2,2,2,1,1,3,4,2,3,1971,1,2
1991,2,350401,2,2,2,2,1,1,3,4,2,3,1986,2,2
1991,1,350402,3,2,2,2,1,1,3,4,2,3,1983,1,2
1991,2,350402,7,2,2,2,4,2,3,2,1,3,1989,1,2
1991,1,350403,3,4,4,2,1,1,3,4,2,3,1988,2,2
1991,2,350403,1,2,2,2,1,1,3,4,2,3,1985,2,2
1991,3,350403,1,3,2,2,1,1,3,4,1,3,1969,1,2
1991,1,350404,2,1,1,1,1,1,3,4,2,3,1985,2,2
1991,1,350405,1,2,2,2,2,2,3,4,1,3,1976,2,2
1991,2,350405,4,2,2,2,2,2,3,4,1,3,1982,2,2
1991,1,350406,6,2,2,2,1,1,3,4,2,3,1975,2,2
1991,2,350406,2,2,2,2,1,1,3,4,1,3,1991,2,2
1991,1,350407,2,2,2,2,1,1,3,4,2,3,1977,2,2
1991,1,350408,4,1,1,1,2,2,3,4,1,3,1989,1,2
1991,1,350409,3,2,2,2,1,1,3,4,2,3,1991,2,2
1991,1,350410,1,1,1,1,1,1,3,4,1,3,1966,1,2
1991,1,350411,1,2,2,2,1,1,3,4,1,3,1983,2,2
1991,2,350411,1,3,3,2,2,2,3,4,1,3,1987,1,2
1991,1,350412,7,1,1,2,4,1,3,1,1,3,1986,2,2
1991,1,350413,1,2,2,2,1,1,3,4,2,3,1988,1,2
1991,1,350414,1,2,2,2,1,1,3,4,2,3,1983,2,2
1991,1,350415,2,1,1,2,1,1,3,4,2,3,1964,2,2
1991,1,350416,7,5,5,2,4,1,3,1,2,3,1981,2,2
1991,1,350417,2,1,1,1,1,1,3,4,1,3,9999,2,2
1991,1,350418,1,1,1,1,3,3,3,4,2,3,1976,2,2
1991,1,350419,1,5,5,2,1,1,3,4,1,3,1980,2,2
1991,1,350420,3,2,2,2,1,1,3,4,2,3,1991,2,2
1991,1,350421,9,7,7,2,3,3,3,4,2,3,9999,2,2
1991,2,350421,9,7,7,2,3,3,3,4,2,3,9999,2,2
1991,1,350423,1,1,1,1,2,2,3,4,1,3,1991,2,2
1991,1,350424,1,2,2,2,1,1,3,4,1,3,1988,2,2
1991,1,350425,1,2,2,2,3,3,3,4,2,3,9999,1,2
1991,1,350426,6,6,6,2,1,1,3,4,2,3,1978,2,2
1991,1,350427,1,2,2,2,1,1,3,4,2,3,1986,2,2
1991,1,360001,9,7,7,2,3,3,3,4,2,3,9999,2,2
1991,2,360001,9,7,7,2,3,3,3,4,2,3,9999,2,2
1991,3,360001,9,7,7,2,3,3,3,4,2,3,9999,2,2
1991,4,360001,1,6,6,2,3,3,3,4,2,3,1990,2,2
1991,1,360002,1,3,3,1,1,1,3,4,1,3,1988,2,2
1991,1,360003,3,2,2,1,1,1,3,4,2,3,1988,2,2
1991,1,360004,1,2,2,2,1,1,3,4,2,3,1989,2,1
1991,1,360005,1,2,2,2,1,1,3,4,2,3,1987,1,2
1991,2,360005,6,7,7,2,1,1,3,4,2,3,1980,2,2
1991,1,360006,1,2,2,2,1,1,3,4,2,3,1987,2,2
1991,2,360006,1,2,2,2,1,1,3,4,2,3,1989,2,2
1991,1,360007,1,2,2,2,1,1,3,4,2,3,1985,2,2
1991,1,360008,1,3,3,2,1,1,3,4,2,3,1982,2,2
1991,2,360008,1,2,2,2,1,1,3,4,2,3,1985,2,2
1991,1,360009,4,2,2,2,1,1,3,4,2,3,1990,2,2
1991,2,360009,1,3,3,2,1,1,3,4,1,3,1985,2,2
1991,1,360010,1,5,5,2,1,1,3,4,2,3,1981,2,2
1991,2,360010,3,2,2,2,1,1,3,4,2,3,1979,2,2
1991,1,360011,1,2,3,2,1,1,3,4,1,3,1979,2,2
1991,1,360012,1,2,5,2,1,1,3,4,1,3,1989,2,1
1991,1,360013,4,2,2,2,1,1,3,4,2,3,1986,2,2
1991,1,360014,3,2,2,2,1,1,3,4,2,3,1975,2,2
1991,1,360015,1,2,5,2,1,1,3,4,1,3,1985,2,2
1991,1,360016,1,5,5,2,1,1,3,4,2,3,1984,2,2
1991,2,360016,2,2,2,2,1,1,3,4,2,3,1979,2,2
1991,1,360017,4,2,2,2,1,1,3,4,2,3,1989,2,2
1991,1,360018,2,5,5,2,1,1,3,4,2,3,1982,2,2
1991,2,360018,1,2,2,2,1,1,3,4,2,3,1983,2,2
1991,1,360019,1,2,2,2,1,1,3,4,2,3,1990,2,2
1991,2,360019,1,5,5,2,2,2,3,4,2,3,1983,2,2
1991,1,360020,3,2,2,2,1,1,3,4,2,3,1985,2,2
1991,1,360021,1,3,3,2,1,1,3,4,2,3,1983,2,2
1991,1,360022,1,3,3,1,1,1,3,4,2,3,1985,2,2
1991,2,360022,6,3,3,1,1,1,3,4,2,3,1987,2,2
1991,1,360023,3,3,3,2,1,1,3,4,2,3,1989,2,2
1991,2,360023,6,2,2,2,1,1,3,4,2,3,1989,2,2
1991,1,360024,1,5,5,2,1,1,3,4,2,3,1985,2,2
1991,1,360025,1,2,2,2,1,1,3,4,1,3,1985,2,2
1991,1,360026,2,2,2,2,1,1,3,4,2,3,1987,2,2
1991,2,360026,4,2,2,2,1,1,3,4,2,2,1987,2,2
1991,1,360027,6,2,2,2,1,1,3,4,2,3,1979,2,2
1991,2,360027,1,5,5,2,1,1,3,4,2,3,1978,2,2
1991,1,360028,2,2,5,1,1,1,3,4,1,3,1982,2,2
1991,1,360029,1,3,3,2,2,2,3,4,2,3,1990,2,2
1991,2,360029,6,2,2,2,1,1,3,4,2,3,1991,2,2
1991,1,360031,1,2,2,2,1,1,3,4,2,3,1987,2,2
1991,2,360031,1,2,2,2,1,1,3,4,2,3,1988,2,2
1991,1,360032,1,2,2,2,1,1,3,4,2,3,1979,2,2
1991,2,360032,9,5,5,2,1,1,3,4,2,3,1984,2,2
1991,1,360033,1,2,2,2,1,1,3,4,2,3,1990,2,2
1991,2,360033,1,3,3,2,1,1,3,4,2,3,1983,2,2
1991,1,360034,1,2,2,2,1,1,3,4,2,3,1988,2,2
1991,1,360035,1,2,2,2,1,1,3,4,2,3,1988,2,2
1991,2,360035,1,2,2,2,1,1,3,4,2,3,1988,2,2
1991,1,360036,2,2,2,2,2,2,3,4,2,3,1986,2,2
1991,1,360037,1,2,2,1,2,2,3,4,2,3,1979,2,2
1991,1,360038,1,2,2,2,2,2,3,4,1,3,1978,2,2
1991,2,360038,2,2,2,2,1,1,3,4,2,3,1976,2,2
1991,1,360039,2,2,2,1,1,1,3,4,1,3,1988,2,2
1991,1,360040,1,2,2,2,1,1,3,4,2,3,1983,2,2
1991,2,360040,1,5,5,2,2,2,3,4,1,3,1978,2,2
1991,1,360041,1,5,5,2,2,2,3,4,1,3,1979,2,2
1991,1,360042,1,2,2,2,1,1,3,4,2,3,1981,2,2
1991,1,360043,1,6,2,2,2,2,3,4,2,3,1984,2,2
1991,1,360044,1,5,5,2,1,1,3,4,1,3,1984,2,2
1991,2,360044,4,2,2,2,3,3,3,4,2,3,1989,2,2
1991,1,360045,3,2,2,2,1,1,3,4,2,3,1991,2,2
1991,2,360045,1,2,2,2,1,1,3,4,2,3,1988,2,2
1991,1,360046,3,2,2,2,1,1,3,4,1,3,1991,2,2
1991,1,360047,1,2,4,2,1,1,3,4,1,3,1990,2,2
1991,2,360047,6,2,2,2,1,1,3,4,2,3,1988,2,2
1991,1,360048,1,2,2,2,1,1,3,4,1,3,1989,2,2
1991,2,360048,1,2,2,2,1,1,3,4,2,3,1984,2,2
1991,1,360049,1,5,5,2,1,1,3,4,1,3,1986,2,2
1991,1,360050,1,2,2,2,1,1,3,4,1,3,1982,2,2
1991,1,360051,1,3,6,2,1,1,3,4,2,3,1985,2,2
1991,2,360051,6,2,6,2,1,1,3,4,2,3,1983,2,2
1991,1,360052,6,7,7,2,1,1,3,4,2,3,1985,2,2
1991,1,360053,1,3,3,1,2,2,3,4,1,3,1990,2,2
1991,1,360054,2,2,2,2,1,1,3,4,2,3,1986,2,2
1991,1,360055,6,2,2,2,1,1,3,4,1,3,1987,2,2
1991,2,360055,1,5,5,2,1,1,3,4,2,3,1980,2,2
1991,1,360056,1,7,7,2,2,2,3,4,1,3,1979,2,2
1991,1,360057,1,3,3,1,1,1,3,4,1,3,1976,2,2
1991,1,360058,6,2,2,2,1,1,3,4,2,3,1985,2,2
1991,2,360058,2,4,2,2,1,1,3,4,2,3,1988,2,2
1991,1,360059,1,2,2,2,1,1,3,4,2,3,1985,2,2
1991,2,360059,3,2,2,2,1,1,3,4,2,3,1989,2,2
1991,3,360059,1,4,4,2,1,1,3,4,2,3,1986,2,2
1991,1,360060,1,4,4,2,1,1,3,4,1,3,1987,2,2
1991,1,360061,1,7,7,2,1,1,3,4,2,3,1988,2,2
1991,1,360062,1,2,2,2,1,1,3,4,1,3,1984,2,2
1991,1,360063,6,6,6,2,3,3,3,4,2,3,1987,2,2
1991,2,360063,1,6,6,2,1,1,3,4,2,3,1981,2,2
1991,1,360064,1,2,2,2,1,1,3,4,2,3,1987,2,2
1991,1,360065,2,2,2,2,1,1,3,4,2,3,1983,2,2
1991,1,360066,1,2,2,2,1,1,3,4,2,3,1983,2,2
1991,2,360066,3,2,2,2,2,2,3,4,1,3,1979,2,2
1991,1,360067,1,2,2,2,1,1,3,4,1,3,1983,2,2
1991,2,360067,1,2,2,2,1,1,3,4,2,3,1986,2,2
1991,1,360068,1,2,2,2,1,1,3,4,2,3,1986,2,2
1991,2,360068,4,2,2,2,1,1,3,4,2,3,1990,2,2
1991,1,360069,1,5,5,2,1,1,3,4,1,3,1988,2,2
1991,1,360070,1,2,2,2,1,1,3,4,2,3,1985,2,2
1991,1,360071,1,3,3,2,1,1,3,4,2,3,1988,2,2
1991,2,360071,2,2,2,2,1,1,3,4,2,3,1984,2,2
1991,1,360072,9,2,2,2,1,1,3,4,1,3,1987,2,2
1991,1,360073,1,2,2,2,1,1,3,4,1,3,1985,2,2
1991,2,360073,1,2,2,2,1,1,3,4,2,3,1990,2,2
1991,1,360074,1,2,2,2,1,1,3,4,2,3,1990,2,2
1991,1,360075,1,2,2,2,1,1,3,4,1,3,1981,2,2
1991,1,360076,1,7,7,2,1,1,3,4,2,3,1988,2,2
1991,1,360077,3,2,2,2,1,1,3,4,2,3,1982,2,2
1991,2,360077,1,2,2,2,1,1,3,4,2,3,1981,2,2
1991,1,360078,3,2,2,2,1,1,3,4,2,3,1978,2,2
1991,2,360078,1,2,2,2,1,1,3,4,2,3,1985,2,2
1991,1,360079,1,5,5,2,1,1,3,4,1,3,1981,2,2
1991,1,360080,6,2,2,2,1,1,3,4,2,3,1981,2,1
1991,1,360081,3,3,3,2,1,1,3,4,1,3,1988,2,2
1991,1,360082,1,3,3,2,1,1,3,4,2,3,1986,2,2
1991,2,360082,6,2,2,2,1,1,3,4,2,3,1979,2,2
1991,1,360083,1,3,3,1,1,1,3,4,2,3,1984,2,2
1991,1,360084,4,2,2,2,1,1,3,4,2,3,1987,2,2
1991,2,360084,1,2,2,2,1,1,3,4,2,3,1982,2,2
1991,1,360085,1,2,2,2,1,1,3,4,2,3,1978,1,2
1991,1,360086,1,4,4,2,1,1,3,4,1,3,1990,2,2
1991,1,360087,1,2,2,2,2,2,3,4,2,3,1979,2,2
1991,2,360087,1,5,3,2,2,2,3,4,2,3,1980,2,2
1991,1,360088,1,2,2,2,2,2,3,4,1,3,1982,2,2
1991,1,360089,1,2,2,1,1,1,3,4,1,3,1984,2,2
1991,1,360090,1,2,2,2,1,1,3,4,2,3,1984,2,2
1991,2,360090,1,2,2,2,1,1,3,4,2,3,1982,2,2
1991,1,360091,1,7,7,2,1,1,3,4,2,3,1984,2,2
1991,2,360091,3,2,2,2,1,1,3,4,2,3,1988,2,2
1991,1,360092,1,2,2,1,1,1,3,4,1,3,1990,2,2
1991,1,360093,1,2,2,2,1,1,3,4,1,3,1985,2,2
1991,1,360094,1,7,7,2,1,1,3,4,1,3,1985,2,2
1991,1,360095,2,2,2,2,1,1,3,4,2,3,1986,2,2
1991,2,360095,1,3,3,2,1,1,3,4,2,3,1986,2,2
1991,1,360096,3,2,2,2,1,1,3,4,1,3,1987,2,2
1991,1,360097,1,3,3,2,1,1,3,4,2,3,1987,2,2
1991,2,360097,6,2,2,2,1,2,3,4,2,3,1984,2,2
1991,1,360098,2,2,4,2,1,1,3,4,1,3,1991,2,2
1991,2,360098,1,2,2,2,1,1,3,4,2,3,1990,2,2
1991,3,360098,1,2,2,2,1,1,3,4,1,3,1990,2,2
1991,1,360099,1,6,2,2,1,1,3,4,2,3,1978,2,2
1991,1,360100,1,2,2,2,1,1,3,4,1,3,1985,2,2
1991,1,360101,6,4,4,2,1,1,3,4,2,3,1990,2,2
1991,2,360101,1,2,2,2,1,1,3,4,2,3,1987,1,2
1991,1,360102,1,5,5,2,1,1,3,4,1,3,1988,2,2
1991,1,360103,6,2,2,2,1,1,3,4,2,3,1987,2,2
1991,1,360104,1,2,2,2,1,1,3,4,2,3,1979,2,2
1991,1,360105,1,5,5,2,1,1,3,4,2,3,1982,2,2
1991,2,360105,1,2,2,2,1,1,3,4,2,3,1984,2,2
1991,1,360106,1,2,2,2,1,1,3,4,2,3,1985,2,2
1991,2,360106,1,3,3,2,1,1,3,4,2,3,1981,2,2
1991,1,360107,1,2,2,2,1,1,3,4,2,3,1989,2,2
1991,2,360107,3,2,2,2,1,1,3,4,2,3,1988,2,2
1991,1,360108,1,2,2,2,1,1,3,4,2,3,1985,2,2
1991,1,360109,1,2,2,2,1,1,3,4,2,3,1978,2,2
1991,1,360110,1,2,2,2,1,1,3,4,2,3,1989,2,2
1991,2,360110,6,2,2,2,1,1,3,4,2,3,1976,2,2
1991,1,360111,1,7,7,2,1,1,3,4,1,3,1983,2,2
1991,1,360112,1,2,2,2,1,1,3,4,1,3,1987,2,2
1991,2,360112,1,5,5,2,1,1,3,4,2,3,1986,2,2
1991,1,360113,1,5,2,2,1,1,3,4,2,3,1985,2,2
1991,2,360113,1,6,2,1,2,2,3,4,1,3,1977,2,2
1991,1,360114,6,2,2,2,1,1,3,4,2,3,1980,2,2
1991,2,360114,1,2,2,2,1,1,3,4,2,3,1980,1,2
1991,1,360115,1,5,5,2,2,2,3,4,2,3,1985,2,2
1991,1,360116,1,2,2,2,1,1,3,4,2,3,1988,2,1
1991,2,360116,3,5,5,1,1,1,3,4,2,3,1990,2,2
1991,1,360117,1,2,2,2,1,1,3,4,2,3,1984,2,2
1991,1,360118,1,2,2,2,1,1,3,4,1,3,1987,2,2
1991,2,360118,4,2,2,2,1,1,3,4,2,3,1988,2,2
1991,1,360119,1,2,2,2,1,1,3,4,2,3,1982,2,2
1991,2,360119,6,2,2,2,1,1,3,4,2,3,1986,2,2
1991,1,360120,1,7,7,2,1,1,3,4,2,3,1986,2,2
1991,1,360121,1,2,2,2,1,1,3,4,2,3,1988,2,2
1991,2,360121,7,3,3,2,4,1,3,1,2,3,1948,2,2
1991,1,360122,1,3,3,2,1,1,3,4,1,3,1973,2,2
1991,1,360123,1,3,3,2,1,1,3,4,1,3,1985,2,2
1991,2,360123,3,2,2,2,1,1,3,4,2,3,1991,2,2
1991,1,360124,1,2,2,2,2,2,3,4,1,3,1987,2,2
1991,1,360125,1,2,6,2,3,3,3,4,2,3,1970,2,2
1991,1,360127,1,2,2,2,2,2,3,4,1,3,1978,2,2
1991,1,360128,1,7,7,2,3,3,3,4,1,3,9999,2,2
1991,1,360129,4,3,3,2,2,2,3,4,2,3,1983,2,2
1991,1,360131,9,7,7,2,3,3,3,4,2,3,9999,2,2
1991,1,360132,9,7,7,2,3,3,3,4,2,3,9999,1,2
1991,2,360132,1,7,7,2,1,1,3,4,2,3,1988,2,2
1991,1,360133,1,3,3,2,1,1,3,4,2,3,1983,2,2
1991,2,360133,6,2,2,2,1,1,3,4,2,3,1980,2,2
1991,1,360134,5,2,2,2,2,2,3,4,2,3,1987,2,2
1991,1,360135,1,2,2,2,1,1,3,4,2,3,1986,2,2
1991,2,360135,1,3,3,2,1,1,3,4,2,3,1981,2,2
1991,1,360136,6,3,3,2,1,1,3,4,2,3,1982,2,2
1991,1,360137,4,2,2,2,2,2,3,4,2,3,1985,2,2
1991,1,360138,1,2,2,2,1,1,3,4,2,3,1989,2,2
1991,1,360139,1,2,2,2,1,1,3,4,2,3,1984,2,2
1991,2,360139,1,4,4,2,1,1,3,4,1,3,1984,2,2
1991,1,360140,3,2,2,2,1,1,3,4,2,3,1991,1,2
1991,2,360140,1,3,3,2,3,3,3,4,2,3,1981,2,2
1991,1,360141,1,2,2,2,1,1,3,4,2,3,1985,2,2
1991,1,360142,1,2,2,2,2,2,3,4,1,3,1988,2,2
1991,1,360143,6,2,2,2,1,1,3,4,2,3,1985,2,2
1991,1,360144,4,2,2,2,2,2,3,4,1,3,1982,2,2
1991,1,360145,1,5,5,2,1,1,3,4,2,3,1985,2,2
1991,2,360145,1,2,2,2,1,1,3,4,2,3,1986,2,2
1991,1,360146,4,2,2,2,2,2,3,4,2,3,1979,2,2
1991,1,360147,6,2,2,2,1,1,3,4,2,3,1990,2,2
1991,2,360147,4,4,4,2,3,3,3,4,2,3,1989,2,2
1991,3,360147,5,4,2,2,3,3,3,4,2,3,1985,2,2
1991,1,360148,6,5,5,2,1,1,3,4,2,3,1991,2,2
1991,2,360148,1,2,2,2,2,2,3,4,1,3,1987,2,2
1991,1,360149,1,2,2,2,1,1,3,4,2,3,1986,2,2
1991,2,360149,4,4,2,2,3,3,3,4,2,3,1983,2,2
1991,1,360150,1,2,2,2,1,1,3,4,2,3,1985,2,2
1991,1,360151,3,2,2,2,1,1,3,4,2,3,1991,2,2
1991,2,360151,1,2,2,2,2,2,3,4,2,3,1979,2,2
1991,3,360151,1,2,2,2,1,1,3,4,2,3,1984,2,2
1991,1,360152,4,2,6,2,3,3,3,4,2,3,9999,2,2
1991,1,360153,1,5,5,2,2,2,3,4,1,3,1981,2,2
1991,1,360154,1,2,2,2,1,1,3,4,2,3,1987,2,2
1991,1,360155,2,2,2,2,1,1,3,4,2,3,1986,2,2
1991,1,360156,1,2,2,1,1,1,3,4,1,3,1983,2,2
1991,1,360157,1,5,5,2,1,1,3,4,2,3,1986,2,2
1991,2,360157,3,2,2,2,1,1,3,4,2,3,1987,2,2
1991,1,360158,1,5,5,2,1,1,3,4,1,3,1990,2,2
1991,1,360159,9,7,7,2,3,3,3,4,2,3,9999,2,2
1991,1,360160,4,2,2,2,1,1,3,4,2,3,1986,2,2
1991,1,360161,7,7,7,2,4,2,3,2,1,3,1990,2,2
1991,2,360161,1,5,5,2,2,2,3,4,2,3,1981,2,2
1991,1,360162,1,2,2,2,2,2,3,4,2,3,1979,2,2
1991,1,360163,1,2,2,1,1,1,3,4,2,3,1986,2,2
1991,1,360164,9,7,7,2,3,3,3,4,2,3,9999,2,2
1991,1,360165,1,2,2,2,1,1,3,4,2,3,1980,2,2
1991,1,360167,2,2,2,2,1,1,3,4,1,3,1990,2,2
1991,2,360167,6,6,6,2,3,3,3,4,2,3,1990,2,2
1991,1,360168,1,6,6,2,1,1,3,4,1,3,1980,2,2
1991,1,360169,1,2,2,2,1,1,3,4,2,3,1988,2,2
1991,2,360169,1,6,6,2,1,1,3,4,2,3,1982,2,2
1991,1,360170,6,6,6,2,1,1,3,4,2,3,1989,2,2
1991,1,360171,1,5,5,2,1,1,3,4,2,3,1986,2,2
1991,2,360171,1,2,2,2,1,1,3,4,2,3,1982,2,2
1991,1,360172,1,6,2,2,2,2,3,4,2,3,1986,2,1
1991,1,360173,9,7,7,2,3,3,3,4,2,3,9999,2,2
1991,1,360174,2,4,4,2,3,3,3,4,2,3,1984,2,2
1991,2,360174,1,4,2,2,3,3,3,4,2,3,1979,2,2
1991,3,360174,1,2,2,2,1,1,3,4,2,3,1984,2,2
1991,1,360175,1,2,2,2,1,1,3,4,2,3,1985,2,2
1991,2,360175,1,3,3,2,1,1,3,4,2,3,1986,2,2
1991,1,360176,1,3,3,2,1,1,3,4,2,3,1990,2,2
1991,2,360176,1,2,2,2,1,1,3,4,2,3,1990,2,2
1991,1,360177,1,3,3,2,1,1,3,4,1,3,1985,2,2
1991,1,360178,1,2,2,1,3,3,3,4,2,3,1983,2,1
1991,1,360179,1,3,5,2,1,1,3,4,1,3,1975,2,2
1991,1,360180,1,4,4,2,1,1,3,4,2,3,1987,2,2
1991,2,360180,6,2,2,2,1,1,3,4,2,3,1990,2,2
1991,1,360181,1,2,2,2,1,1,3,4,2,3,1989,2,2
1991,2,360181,1,5,5,2,1,1,3,4,1,3,1984,2,2
1991,1,360182,2,2,2,2,1,1,3,4,2,3,1977,2,2
1991,2,360182,1,3,3,2,1,1,3,4,2,3,1986,2,2
1991,1,360183,4,2,2,2,1,1,3,4,2,3,1985,2,2
1991,1,360184,1,2,2,2,2,2,3,4,2,3,1976,2,1
1991,1,360185,1,3,3,1,1,1,3,4,1,3,1988,2,2
1991,2,360185,6,2,2,2,1,1,3,4,2,3,1985,2,2
1991,1,360186,1,2,2,2,1,1,3,4,2,3,1982,2,2
1991,1,360187,1,2,2,2,1,1,3,4,2,3,1985,2,2
1991,2,360187,1,2,2,2,1,1,3,4,2,3,1986,2,2
1991,3,360187,1,2,2,2,1,1,3,4,2,3,1989,2,2
1991,1,360188,1,2,4,2,1,1,3,4,2,3,1984,2,2
1991,2,360188,1,4,4,2,1,1,3,4,2,3,1976,2,2
1991,3,360188,1,2,2,2,1,1,3,4,2,3,1990,2,2
1991,1,360189,1,2,2,2,1,1,3,4,1,3,1984,2,2
1991,1,360190,1,2,2,1,1,1,3,4,2,3,1986,2,2
1991,2,360190,3,2,2,2,1,1,3,4,2,3,1988,2,2
1991,1,360191,1,2,2,1,1,1,3,4,1,3,1977,2,2
1991,1,360192,1,2,2,1,2,2,3,4,1,3,1984,2,2
1991,1,360193,1,2,2,2,1,1,3,4,2,3,1986,2,2
1991,1,360194,7,2,2,2,4,1,3,1,1,3,1988,2,2
1991,1,360195,6,5,5,2,1,1,3,4,2,3,1973,2,2
1991,2,360195,8,2,2,2,1,1,3,4,2,3,1975,2,2
1991,3,360195,5,2,2,2,1,1,3,4,2,3,1991,2,2
1991,1,360196,1,5,3,2,2,2,3,4,2,3,1981,2,2
1991,2,360196,5,2,2,2,2,2,3,4,1,3,1989,2,2
1991,1,360197,1,3,3,2,1,1,3,4,1,3,1981,2,2
1991,1,360198,1,2,2,1,1,1,3,4,1,3,1990,2,2
1991,1,360199,4,2,2,2,1,1,3,4,2,3,1989,2,2
1991,2,360199,1,3,3,2,1,1,3,4,2,3,1981,1,2
1991,1,360200,4,2,2,2,1,1,3,4,2,3,1982,1,2
1991,1,360201,3,5,5,1,1,1,3,4,1,3,1979,2,2
1991,1,360202,1,2,2,2,1,1,3,4,2,3,1985,2,2
1991,1,360203,1,2,2,2,1,1,3,4,2,3,1981,2,2
1991,2,360203,3,2,2,2,1,1,3,4,2,3,1990,2,2
1991,1,360204,6,6,6,1,1,1,3,4,2,3,1985,2,2
1991,1,360205,2,4,4,2,1,1,3,4,2,3,1986,1,2
1991,1,360206,1,2,2,2,1,1,3,4,2,3,1985,2,2
1991,1,360207,1,2,5,2,2,2,3,4,1,3,1985,2,2
1991,1,360208,1,2,2,2,1,1,3,4,2,3,1989,2,1
1991,2,360208,6,6,6,2,1,1,3,4,2,3,1988,2,2
1991,1,360209,1,3,3,2,1,1,3,4,2,3,1986,2,2
1991,2,360209,2,2,2,2,1,1,3,4,2,3,1988,2,2
1991,1,360210,1,2,2,2,1,1,3,4,2,3,1985,2,2
1991,2,360210,1,3,3,2,1,1,3,4,2,3,1988,2,2
1991,1,360211,1,2,2,2,2,1,3,4,2,3,1984,1,2
1991,2,360211,1,4,4,1,2,2,3,4,2,3,1986,2,2
1991,1,360213,1,2,2,2,1,1,3,4,2,3,1983,2,2
1991,1,360214,1,3,3,2,1,1,3,4,2,3,1980,2,2
1991,2,360214,1,2,2,2,3,3,3,4,2,3,1989,2,2
1991,1,360215,1,2,2,2,2,2,3,4,2,3,1988,2,2
1991,1,360216,1,2,2,2,1,1,3,4,2,3,1973,2,2
1991,1,360217,1,2,2,2,1,1,3,4,2,3,1986,2,2
1991,2,360217,1,4,4,2,3,3,3,4,2,3,1982,2,2
1991,1,360218,1,2,2,2,2,2,3,4,2,3,1983,2,2
1991,2,360218,1,3,3,2,1,1,3,4,1,3,1987,2,2
1991,1,360219,1,6,6,1,1,1,3,4,2,3,1986,2,2
1991,1,360220,1,3,3,2,1,1,3,4,2,3,1986,2,2
1991,2,360220,1,5,6,2,1,1,3,4,2,3,1986,2,2
1991,1,360221,7,7,7,2,4,2,3,2,1,3,1988,2,2
1991,1,360222,1,3,3,2,1,1,3,4,2,3,1985,2,2
1991,2,360222,1,2,2,2,1,1,3,4,2,3,1990,2,2
1991,1,360223,4,2,2,2,1,1,3,4,2,3,1985,2,2
1991,2,360223,1,3,3,2,1,1,3,4,2,3,1985,2,2
1991,1,360224,2,2,2,2,1,1,3,4,1,3,1987,2,2
1991,1,360225,1,6,2,2,1,1,3,4,1,3,1980,2,2
1991,1,360226,3,2,2,1,2,2,3,4,1,3,1987,2,2
1991,2,360226,1,3,3,2,1,1,3,4,2,3,1980,2,2
1991,1,360227,2,4,4,2,3,3,3,4,2,3,1985,2,2
1991,2,360227,1,2,2,2,2,2,3,4,2,3,1977,1,2
1991,1,360228,4,2,2,1,1,1,3,4,2,3,1987,2,2
1991,1,360229,4,2,2,2,2,2,3,4,2,3,1984,2,2
1991,1,360230,9,7,7,2,3,3,3,4,2,3,9999,2,2
1991,1,360231,2,2,2,2,1,1,3,4,2,3,1988,2,1
1991,1,360232,1,2,2,1,1,1,3,4,1,3,1979,2,2
1991,1,360233,1,2,2,2,1,1,3,4,2,3,1986,2,2
1991,1,360234,1,2,2,2,1,1,3,4,2,3,1983,2,2
1991,1,360235,1,3,2,2,2,2,3,4,1,3,1991,2,2
1991,2,360235,6,4,4,2,1,1,3,4,2,3,1987,2,2
1991,1,360236,1,2,2,2,1,1,3,4,2,3,1982,2,2
1991,1,360237,1,2,5,2,1,1,3,4,2,3,1982,2,1
1991,1,360238,1,5,5,2,1,1,3,4,2,3,1987,2,2
1991,2,360238,2,2,2,2,1,1,3,4,2,3,1984,2,2
1991,1,360239,6,2,2,2,1,1,3,4,2,3,1989,2,2
1991,1,360240,9,2,2,2,1,1,3,4,1,3,1989,2,2
1991,2,360240,3,2,2,2,1,1,3,4,2,3,1988,2,2
1991,1,360241,4,2,2,2,1,1,3,4,2,3,1982,2,2
1991,2,360241,1,5,2,2,1,1,3,4,2,3,1989,2,2
1991,1,360243,1,3,3,2,1,1,3,4,2,3,1982,2,2
1991,2,360243,1,2,2,2,2,2,3,4,2,3,1982,2,2
1991,1,360244,4,3,3,2,1,1,3,4,1,3,1989,2,2
1991,1,360245,1,2,2,2,1,1,3,4,2,3,1982,2,2
1991,1,360246,3,2,2,2,1,1,3,4,2,3,1989,2,2
1991,2,360246,1,5,5,2,1,1,3,4,2,3,1984,2,2
1991,1,360247,1,6,3,1,1,1,3,4,1,3,1989,2,2
1991,1,360248,1,2,2,2,1,1,3,4,2,3,1987,2,2
1991,2,360248,1,2,2,2,1,1,3,4,2,3,1986,2,2
1991,1,360249,1,3,3,2,2,2,3,4,1,3,1991,2,2
1991,1,360250,1,2,2,1,2,2,3,4,1,3,1983,2,2
1991,1,360251,2,5,5,1,1,1,3,4,2,3,1976,2,2
1991,2,360251,6,2,2,2,1,1,3,4,2,3,1984,2,2
1991,1,360252,1,2,2,2,1,1,3,4,2,3,1984,2,2
1991,2,360252,3,2,2,2,2,2,3,4,2,3,1989,2,2
1991,1,360253,1,2,2,2,1,1,3,4,2,3,1982,2,2
1991,1,360254,4,2,2,2,1,1,3,4,2,3,1986,2,2
1991,1,360255,4,2,2,2,1,1,3,4,2,3,1980,2,2
1991,1,360256,1,2,2,2,1,1,3,4,2,3,1986,2,2
1991,1,360257,2,2,2,2,1,1,3,4,2,3,1989,2,2
1991,2,360257,9,7,7,2,1,1,3,4,1,3,1979,2,2
1991,1,360258,1,2,2,2,3,3,3,4,2,3,9999,2,2
1991,1,360260,6,2,2,2,1,1,3,4,2,3,1990,2,2
1991,2,360260,1,5,5,2,1,1,3,4,2,3,1987,2,2
1991,1,360261,1,1,1,1,1,1,3,4,2,3,1991,2,2
1991,1,360262,2,2,2,2,1,1,3,4,2,3,1984,2,2
1991,1,360263,1,2,2,2,1,1,3,4,2,3,1985,2,2
1991,2,360263,4,5,5,1,1,1,3,4,2,3,1990,2,2
1991,1,360264,1,2,2,2,1,1,3,4,2,3,1984,1,2
1991,1,360265,4,3,3,2,1,1,3,4,2,3,1987,2,2
1991,1,360266,4,7,7,2,1,1,3,4,2,3,1987,2,2
1991,1,360267,1,2,2,2,1,1,3,4,2,3,1979,2,2
1991,2,360267,1,5,5,2,1,1,3,4,2,3,1988,2,2
1991,1,360269,1,2,2,2,1,1,3,4,2,3,1990,2,2
1991,2,360269,1,5,5,2,1,1,3,4,2,3,1984,2,2
1991,1,360270,6,2,2,2,1,1,3,4,2,3,1974,2,2
1991,2,360270,1,2,2,2,1,1,3,4,2,3,1986,2,2
1991,1,360272,1,2,2,2,1,1,3,4,1,3,1988,2,2
1991,1,360273,1,2,2,2,1,1,3,4,1,3,1989,2,2
1991,1,360274,1,2,2,2,1,1,3,4,2,3,1986,2,2
1991,2,360274,1,5,5,2,1,1,3,4,2,3,1981,2,2
1991,1,360276,3,5,5,1,1,1,3,4,2,3,1987,2,2
1991,2,360276,1,2,2,2,1,1,3,4,2,3,1979,2,2
1991,1,360277,1,3,3,2,1,1,3,4,1,3,1975,2,2
1991,1,360278,1,2,2,2,1,1,3,4,2,3,1979,2,2
1991,1,360279,7,6,2,2,4,1,3,1,2,3,1985,2,2
1991,1,360280,1,2,2,2,1,1,3,4,2,3,1987,2,2
1991,1,360281,1,2,2,2,2,2,3,4,2,3,1986,2,2
1991,1,360282,2,3,3,2,1,1,3,4,2,3,1983,2,2
1991,1,360283,1,2,2,2,1,1,3,4,1,3,1980,2,2
1991,1,360284,1,2,2,2,1,1,3,4,2,3,1989,2,2
1991,2,360284,9,6,6,2,3,3,3,4,2,3,9999,2,2
1991,3,360284,9,6,6,2,3,3,3,4,2,3,9999,2,2
1991,1,360285,3,2,2,2,1,1,3,4,1,3,1991,2,2
1991,1,360286,4,2,2,2,1,1,3,4,2,3,1983,2,2
1991,2,360286,1,2,2,2,1,1,3,4,2,3,1981,2,1
1991,1,360287,2,2,2,2,1,1,3,4,2,3,1991,2,2
1991,1,360288,1,2,2,2,1,1,3,4,1,3,1991,2,2
1991,1,360289,2,2,2,2,1,1,3,4,1,3,1982,2,2
1991,1,360290,1,5,5,2,2,2,3,4,2,3,1989,1,2
1991,1,360291,1,2,2,2,2,2,3,4,1,3,1984,2,2
1991,2,360291,6,2,2,2,3,3,3,4,2,3,1983,2,2
1991,1,360292,1,2,2,2,1,1,3,4,2,3,1989,2,1
1991,1,360293,1,2,2,2,1,1,3,4,1,3,1984,2,2
1991,1,360295,6,3,3,1,1,1,3,4,1,3,1991,2,2
1991,1,360296,1,5,5,2,1,1,3,4,2,3,1983,2,2
1991,1,360297,1,2,2,2,1,1,3,4,2,3,1972,2,2
1991,1,360298,6,1,1,2,3,3,3,4,2,3,9999,2,2
1991,1,360299,3,2,2,2,3,3,3,4,2,3,9999,2,2
1991,1,360300,1,5,2,2,1,1,3,4,2,3,1987,2,2
1991,1,360301,2,2,2,2,1,1,3,4,2,3,1989,2,2
1991,2,360301,1,5,2,2,1,1,3,4,2,3,1991,2,2
1991,1,360302,1,2,2,2,2,2,3,4,2,3,1980,2,2
1991,2,360302,1,5,2,2,1,1,3,4,2,3,1984,2,2
1991,1,360303,1,2,7,1,2,2,3,4,1,3,1987,2,2
1991,2,360303,3,5,5,2,2,2,3,4,2,3,1988,2,2
1991,3,360303,1,2,2,2,1,1,3,4,2,3,1982,2,2
1991,4,360303,1,2,2,2,1,1,3,4,2,3,1986,2,2
1991,1,360304,2,2,2,2,1,1,3,4,2,3,1972,2,2
1991,2,360304,1,2,2,2,2,2,3,4,2,3,1980,2,2
1991,1,360305,1,2,2,2,1,1,3,4,2,3,1982,2,2
1991,1,360306,1,3,3,2,1,1,3,4,2,3,1989,2,2
1991,2,360306,1,2,2,2,1,1,3,4,2,3,1984,2,2
1991,3,360306,1,5,5,2,1,1,3,4,2,3,1991,2,2
1991,1,360307,1,2,2,2,1,1,3,4,1,3,1988,2,2
1991,1,360308,1,2,2,2,1,1,3,4,1,3,1990,2,2
1991,2,360308,1,4,4,2,1,1,3,4,2,3,1987,2,2
1991,1,360309,1,3,3,2,1,1,3,4,1,3,1986,2,2
1991,1,360310,1,2,2,2,1,1,3,4,2,3,1990,2,2
1991,1,360312,1,7,7,2,3,3,3,4,2,3,1986,2,2
1991,1,360313,1,3,3,1,1,1,3,4,2,3,1982,2,2
1991,2,360313,1,2,2,2,1,1,3,4,2,3,1991,2,2
1991,1,360315,1,2,2,2,1,1,3,4,2,3,1984,2,2
1991,1,360316,1,2,2,2,1,1,3,4,2,3,1979,2,2
1991,1,360317,1,2,2,2,1,1,3,4,1,3,1986,2,2
1991,1,360318,6,5,5,2,1,1,3,4,2,3,1988,2,2
1991,2,360318,2,4,2,2,1,1,3,4,2,3,1988,2,2
1991,3,360318,1,2,2,2,1,1,3,4,2,3,1988,2,2
1991,1,360319,2,2,2,2,1,1,3,4,2,3,1980,2,2
1991,1,360320,1,2,2,2,2,2,3,4,1,3,1981,2,2
1991,1,360321,2,2,2,2,1,1,3,4,2,3,1977,2,1
1991,2,360321,1,2,2,2,1,1,3,4,2,3,1985,2,2
1991,1,360322,1,2,4,2,1,1,3,4,1,3,1977,2,2
1991,2,360322,1,3,3,2,1,1,3,4,2,3,1987,2,2
1991,3,360322,3,7,7,2,3,3,3,4,2,3,9999,2,2
1991,1,360323,1,2,2,2,1,1,3,4,2,3,1981,2,2
1991,1,360324,1,5,5,2,1,1,3,4,2,3,1977,2,2
1991,1,360326,1,5,5,2,1,1,3,4,2,3,1978,2,2
1991,2,360326,7,2,2,2,4,2,3,2,1,3,1988,2,2
1991,1,360327,1,4,4,2,1,1,3,4,1,3,1989,2,2
1991,2,360327,2,2,2,2,1,1,3,4,2,3,1989,2,2
1991,1,360328,1,2,2,2,2,2,3,4,2,3,1981,2,2
1991,2,360328,3,5,5,2,1,1,3,4,2,3,1988,2,2
1991,3,360328,1,4,4,2,1,1,3,4,2,3,1991,2,2
1991,4,360328,8,4,4,2,1,1,3,4,2,3,1985,2,2
1991,1,360329,9,2,2,2,3,3,3,4,2,3,9999,2,2
1991,1,360330,5,4,4,2,1,1,3,4,2,3,1990,2,2
1991,1,360331,1,2,2,2,1,1,3,4,2,3,1990,2,2
1991,1,360332,1,2,2,2,2,2,3,4,2,3,1982,2,2
1991,2,360332,1,3,2,2,1,1,3,4,2,3,1990,2,2
1991,1,360333,1,6,6,1,1,1,3,4,2,3,1987,2,2
1991,1,360334,1,2,2,2,1,1,3,4,2,3,1989,2,2
1991,1,360335,9,7,7,2,3,3,3,4,2,3,9999,2,2
1991,1,360336,1,2,2,2,1,1,3,4,2,3,1989,2,2
1991,1,360337,1,2,2,2,1,1,3,4,2,3,1988,2,2
1991,2,360337,1,2,2,2,1,1,3,4,2,3,1983,2,2
1991,1,360338,2,2,2,2,1,1,3,4,2,3,1966,2,2
1991,1,360339,2,7,7,2,3,3,3,4,2,3,9999,2,2
1991,1,360340,1,2,2,2,1,1,3,4,2,3,1980,2,2
1991,2,360340,1,5,5,2,2,2,3,4,2,3,1987,2,2
1991,1,360341,1,2,4,2,1,1,3,4,2,3,1983,2,2
1991,1,360342,4,2,2,2,1,1,3,4,2,3,1991,2,2
1991,1,360343,1,2,2,2,3,3,3,4,2,3,9999,2,2
1991,1,360346,1,2,2,2,1,1,3,4,2,3,1983,2,2
1991,1,360347,6,5,2,2,3,3,3,4,2,3,1972,2,2
1991,2,360347,1,5,5,2,1,1,3,4,2,3,1989,2,2
1991,1,360348,1,5,5,1,2,2,3,4,2,3,1989,2,2
1991,2,360348,1,2,2,2,1,1,3,4,2,3,1978,2,2
1991,1,360349,2,2,2,2,1,1,3,4,2,3,1990,2,2
1991,1,360350,1,2,2,2,1,1,3,4,2,3,1987,2,2
1991,2,360350,4,2,2,2,1,1,3,4,2,3,1989,2,2
1991,1,360351,1,2,2,1,1,1,3,4,1,3,1990,2,2
1991,1,360352,1,5,5,1,1,1,3,4,1,3,1985,2,2
1991,1,360353,1,2,2,2,1,1,3,4,2,3,1990,2,2
1991,1,360354,7,2,2,2,4,2,3,2,1,3,1978,2,2
1991,1,360355,3,1,1,1,1,1,3,4,2,3,1989,2,1
1991,1,360357,1,2,2,2,1,1,3,4,1,3,1972,2,2
1991,1,360358,6,2,2,2,1,1,3,4,1,3,1987,2,2
1991,2,360358,5,5,5,2,1,1,3,4,2,3,9999,2,2
1991,1,360359,1,7,7,2,3,3,3,4,2,3,1985,2,2
1991,1,360360,1,2,2,2,1,1,3,4,2,3,1988,2,2
1991,1,360361,1,2,2,2,3,3,3,4,2,3,1986,2,2
1991,1,360362,3,1,1,1,1,1,3,4,2,3,1948,2,2
1991,1,360363,2,2,2,2,1,1,3,4,2,3,1982,2,2
1991,1,360365,1,2,2,2,2,2,3,4,2,3,1989,2,2
1991,1,360366,1,2,2,2,1,1,3,4,1,3,1988,2,2
1991,1,360367,3,2,2,2,1,1,3,4,2,3,1983,2,2
1991,2,360367,1,2,2,2,2,2,3,4,2,3,1983,2,1
1991,1,360368,1,5,5,1,1,1,3,4,1,3,1981,2,2
1991,1,360369,1,5,5,2,1,1,3,4,1,3,1979,2,2
1991,1,360370,2,2,2,2,1,1,3,4,2,3,1989,2,2
1991,2,360370,1,5,5,2,1,1,3,4,2,3,1981,2,2
1991,1,360371,1,2,2,2,1,1,3,4,2,3,1979,2,2
1991,1,360372,1,2,2,2,1,1,3,4,2,3,1984,2,2
1991,1,360373,1,2,2,2,1,1,3,4,2,3,1977,2,2
1991,2,360373,1,5,5,2,1,1,3,4,2,3,1987,2,2
1991,1,360374,1,2,2,2,1,1,3,4,1,3,1989,2,2
1991,1,360375,4,2,2,2,1,1,3,4,1,3,1990,2,2
1991,2,360375,1,5,5,2,1,1,3,4,2,3,1980,2,2
1991,1,360376,4,2,2,2,1,1,3,4,2,3,1986,2,2
1991,2,360376,1,3,5,2,1,1,3,4,2,3,1988,1,2
1991,3,360376,1,5,5,2,1,1,3,4,2,3,1989,2,2
1991,1,360377,1,1,1,1,1,1,3,4,1,3,1990,2,2
1991,1,360378,1,5,2,2,1,1,3,4,2,3,1981,2,2
1991,2,360378,1,2,2,2,1,1,3,4,2,3,1984,2,2
1991,1,360379,2,4,4,2,1,1,3,4,2,3,1985,2,2
1991,2,360379,6,5,5,2,2,2,3,4,1,3,1987,1,2
1991,3,360379,1,2,2,2,1,1,3,4,2,3,1988,2,2
1991,1,360380,4,2,2,2,1,1,3,4,1,3,1989,2,2
1991,1,360381,1,2,6,1,1,1,3,4,1,3,1981,2,2
1991,1,360382,1,1,1,2,1,1,3,4,2,3,1978,2,2
1991,1,360383,1,2,2,1,1,1,3,4,1,3,1990,2,2
1991,1,360384,2,1,1,1,1,1,3,4,1,3,1979,2,2
1991,1,360385,2,2,2,2,1,1,3,4,2,3,1985,2,2
1991,1,360387,1,2,2,2,3,3,3,4,2,3,9999,1,2
1991,1,360388,4,2,2,2,1,1,3,4,2,3,1989,2,2
1991,1,360389,1,5,5,2,1,1,3,4,1,3,1983,2,2
1991,2,360389,3,2,2,2,1,1,3,4,2,3,1989,2,2
1991,1,360390,1,2,2,2,2,2,3,4,2,3,1989,2,2
1991,1,360392,1,2,2,2,1,1,3,4,2,3,1991,2,2
1991,1,360393,1,3,3,1,1,1,3,4,2,3,1989,2,2
1991,2,360393,2,2,2,2,1,1,3,4,2,3,1976,2,2
1991,1,360394,3,6,6,1,1,1,3,4,2,3,1987,2,1
1991,1,360395,1,2,2,2,1,1,3,4,2,3,1989,2,1
1991,1,360396,8,4,4,2,1,1,3,4,2,3,1983,2,2
1991,2,360396,1,2,2,2,1,1,3,4,2,3,1990,1,2
1991,1,360397,1,2,2,2,1,1,3,4,2,3,1982,2,2
1991,1,360398,7,2,2,2,4,1,3,1,1,3,1983,2,2
1991,1,360399,1,2,2,2,1,1,3,4,2,3,1984,2,1
1991,1,360400,1,2,2,2,1,1,3,4,2,3,1978,2,2
1991,1,360401,2,2,2,2,1,1,3,4,2,3,1989,2,2
1991,1,360402,1,5,5,2,1,1,3,4,1,3,1986,2,2
1991,2,360402,4,2,2,2,1,1,3,4,2,3,1976,2,2
1991,1,360403,1,2,2,2,1,1,3,4,2,3,1987,2,2
1991,2,360403,1,3,3,2,1,1,3,4,2,3,1977,2,2
1991,1,360404,2,3,3,2,1,1,3,4,2,3,1971,2,2
1991,1,360405,6,2,2,2,1,1,3,4,2,3,1983,2,2
1991,1,360406,7,2,2,2,4,1,3,1,1,3,1979,2,2
1991,1,360407,2,2,2,1,1,1,3,4,2,3,1990,2,2
1991,1,360408,1,6,2,1,1,1,3,4,2,3,1990,2,2
1991,1,360410,1,2,2,1,1,1,3,4,2,3,1990,2,1
1991,1,360411,1,2,2,2,1,1,3,4,2,3,1980,2,2
1991,1,360412,6,7,7,2,1,1,3,4,2,3,1984,2,2
1991,1,360413,1,2,2,2,1,1,3,4,1,3,1979,2,2
1991,1,360415,3,2,2,2,1,1,3,4,2,3,1987,2,2
1991,1,360416,2,2,2,2,1,1,3,4,2,3,1988,2,2
1991,2,360416,1,3,3,2,1,1,3,4,2,3,1986,2,2
1991,1,360417,1,2,2,2,1,1,3,4,2,3,1983,2,2
1991,2,360417,4,4,5,2,1,1,3,4,1,3,1988,2,2
1991,1,360418,1,2,2,2,2,2,3,4,2,3,1989,2,2
1991,2,360418,1,2,2,2,1,1,3,4,2,3,1981,2,2
1991,1,360419,5,2,2,2,1,1,3,4,1,3,1990,2,2
1991,1,360420,1,2,2,2,1,1,3,4,2,3,1982,2,2
1991,1,360421,7,2,2,2,4,2,3,2,1,3,1989,2,2
1991,1,360422,1,2,2,2,1,1,3,4,2,3,1984,2,2
1991,1,360423,1,2,2,2,1,1,3,4,2,3,1988,1,2
1991,1,360424,9,2,2,2,3,3,3,4,2,3,9999,1,2
1991,1,360425,1,3,3,2,2,2,3,4,1,3,1981,2,2
1991,1,360426,1,3,3,2,1,1,3,4,1,3,1984,2,2
1991,1,360427,2,2,2,2,1,1,3,4,2,3,1991,2,2
1991,2,360427,1,3,3,1,2,2,3,4,2,3,1981,2,2
1991,1,360428,1,2,2,2,1,1,3,4,1,3,1988,2,2
1991,2,360428,1,2,2,2,1,1,3,4,2,3,1984,2,2
1991,1,360429,1,2,2,2,1,1,3,4,2,3,1987,2,2
1991,2,360429,7,5,5,2,4,2,3,2,2,3,1989,2,2
1991,1,360430,1,2,2,1,3,3,3,4,2,3,1976,2,2
1991,1,360431,4,2,2,2,1,1,3,4,2,3,1985,2,2
1991,1,360432,1,2,2,1,3,3,3,4,1,3,1985,2,2
1991,2,360432,1,2,2,1,1,1,3,4,2,3,1989,2,2
1991,3,360432,1,5,5,2,1,1,3,4,2,3,1990,2,2
1991,4,360432,6,5,5,2,1,1,3,4,2,3,1981,2,2
1991,1,360433,1,2,2,2,1,1,3,4,2,3,1977,2,2
1991,1,360434,1,2,2,2,1,1,3,4,2,3,1976,2,2
1991,2,360434,1,2,2,2,1,1,3,4,2,3,1989,2,2
1991,1,360435,7,7,7,2,4,2,3,2,1,3,1987,2,2
1991,1,360436,1,5,5,2,1,1,3,4,2,3,1982,2,2
1991,2,360436,1,2,2,2,2,2,3,4,2,3,1984,2,2
1991,1,360437,6,2,2,2,1,1,3,4,2,3,1981,2,2
1991,2,360437,1,5,5,2,2,2,3,4,2,3,1984,2,2
1991,1,360438,1,4,4,2,1,1,3,4,2,3,1989,2,2
1991,2,360438,1,2,2,2,1,1,3,4,2,3,1988,2,2
1991,1,360439,1,2,2,2,1,1,3,4,2,3,1989,2,2
1991,2,360439,1,3,3,2,1,1,3,4,2,3,1986,2,2
1991,1,360440,1,4,2,2,1,1,3,4,2,3,1989,2,2
1991,1,360441,1,3,3,2,1,1,3,4,2,3,1984,2,2
1991,2,360441,4,2,2,2,1,1,3,4,1,3,1989,2,2
1991,1,360442,1,2,2,1,1,1,3,4,1,3,1982,2,2
1991,1,360443,1,4,4,2,1,1,3,4,1,3,1984,2,2
1991,2,360443,7,5,5,2,4,1,3,1,1,3,1959,2,2
1991,1,360444,1,3,3,2,1,1,3,4,1,3,1991,2,2
1991,1,360445,1,5,5,2,1,1,3,4,1,3,1990,2,2
1991,1,360446,1,5,5,2,1,1,3,4,2,3,1984,2,2
1991,2,360446,6,2,2,2,1,1,3,4,2,3,1987,2,2
1991,1,360447,1,2,2,2,1,1,3,4,2,3,1989,2,2
1991,2,360447,1,4,2,2,2,2,3,4,2,3,1984,2,2
1991,3,360447,1,2,2,2,1,1,3,4,2,3,1975,2,2
1991,1,360448,1,2,2,2,1,1,3,4,2,3,1991,2,2
1991,1,360449,1,2,2,2,2,2,3,4,1,3,1982,2,2
1991,1,360450,1,2,2,2,1,1,3,4,2,3,1983,2,2
1991,2,360450,1,2,2,2,1,1,3,4,2,3,1987,2,2
1991,1,360451,1,2,5,2,1,1,3,4,1,3,1980,2,2
1991,2,360451,1,4,4,2,1,1,3,4,2,3,1990,2,2
1991,3,360451,1,2,2,2,1,1,3,4,2,3,1985,2,2
1991,1,360452,3,2,2,2,1,1,3,4,1,3,1990,2,2
1991,1,360453,1,2,2,2,1,1,3,4,2,3,1980,2,2
1991,1,360454,4,2,2,2,1,1,3,4,2,3,1988,2,2
1991,1,360455,1,2,2,2,1,1,3,4,2,3,1977,2,2
1991,1,360456,2,1,1,1,2,2,3,4,1,3,1987,2,2
1991,1,360457,1,3,4,2,1,1,3,4,2,3,1989,2,2
1991,1,360458,1,2,2,2,1,1,3,4,2,3,1986,2,2
1991,1,360460,1,2,2,2,1,1,3,4,2,3,1980,2,1
1991,1,360461,1,2,2,2,1,1,3,4,2,3,1985,1,2
1991,1,360462,7,2,2,2,4,1,3,1,2,3,1980,2,2
1991,1,360463,1,2,2,2,1,1,3,4,2,3,1983,2,2
1991,1,360464,1,3,2,1,1,1,3,4,2,3,1991,2,2
1991,1,360465,1,2,4,2,1,1,3,4,1,3,1990,2,2
1991,2,360465,8,2,2,2,1,1,3,4,2,3,1981,2,2
1991,1,360466,4,2,3,2,1,1,3,4,1,3,1988,2,2
1991,1,360467,1,2,2,2,1,1,3,4,2,3,1982,2,2
1991,2,360467,1,2,2,2,2,2,3,4,2,3,1986,1,2
1991,1,360468,6,2,2,2,1,1,3,4,2,3,1986,2,2
1991,1,360469,6,3,3,2,2,2,3,4,2,3,1982,2,2
1991,1,360470,1,2,2,2,3,3,3,4,2,3,1988,2,2
1991,1,360471,4,2,2,2,1,1,3,4,2,3,1990,2,2
1991,1,360472,1,5,5,2,3,3,3,4,2,3,1986,2,2
1991,1,360473,2,2,2,2,1,1,3,4,2,3,1989,2,2
1991,1,360474,1,2,2,2,3,3,3,4,2,3,1990,2,2
1991,1,360475,1,2,2,2,1,1,3,4,2,3,1985,2,2
1991,2,360475,1,2,2,2,1,1,3,4,2,3,1987,2,2
1991,3,360475,6,2,2,2,1,1,3,4,2,3,1970,2,2
1991,1,360476,1,5,5,2,1,1,3,4,2,3,1986,2,2
1991,1,360478,4,4,4,2,1,1,3,4,2,3,1977,2,2
1991,1,360479,7,2,2,2,4,2,3,2,1,3,1983,2,2
1991,2,360479,1,4,4,2,1,1,3,4,2,3,1977,2,2
1991,1,360480,4,1,1,2,3,3,3,4,2,3,9999,2,2
1991,1,360481,1,2,2,2,1,1,3,4,2,3,1985,2,2
1991,1,360482,1,2,2,2,1,1,3,4,2,3,1985,2,2
1991,1,360483,1,2,2,2,1,1,3,4,2,3,1989,2,2
1991,2,360483,3,2,2,2,1,1,3,4,1,3,1990,2,2
1991,1,360484,7,7,7,2,4,2,3,2,2,3,1987,2,2
1991,2,360484,2,6,6,2,1,1,3,4,2,3,1986,2,2
1991,1,360485,1,2,2,2,1,1,3,4,2,3,1985,2,2
1991,1,360486,7,2,2,2,4,1,3,1,2,3,1978,2,2
1991,2,360486,1,5,5,2,1,1,3,4,2,3,1984,2,2
1991,3,360486,1,5,5,2,1,1,3,4,2,3,1987,2,2
1991,1,360487,1,2,2,2,2,2,3,4,2,3,1986,2,2
1991,2,360487,1,4,4,2,1,1,3,4,2,3,1983,2,2
1991,3,360487,6,2,2,2,1,1,3,4,2,3,1976,2,2
1991,1,360488,1,2,2,2,1,1,3,4,2,3,1986,2,2
1991,2,360488,1,6,6,2,3,3,3,4,2,3,1990,2,2
1991,1,360489,1,2,2,1,1,1,3,4,1,3,1984,2,2
1991,1,360490,8,6,6,2,1,1,3,4,2,3,1977,2,2
1991,2,360490,7,2,2,2,4,2,3,2,2,3,1987,2,2
1991,1,360491,3,2,2,2,1,1,3,4,1,3,1989,2,2
1991,1,360492,1,2,2,2,1,1,3,4,2,3,1985,2,2
1991,1,360493,1,3,3,2,1,1,3,4,2,3,1987,2,2
1991,2,360493,7,3,3,2,4,2,3,2,1,3,1988,2,2
1991,1,360494,7,2,2,2,4,2,3,2,1,3,9999,2,2
1991,1,360495,1,5,5,2,1,1,3,4,2,3,1989,2,2
1991,2,360495,1,2,2,2,1,1,3,4,2,3,1988,2,2
1991,1,360496,1,6,6,2,1,1,3,4,2,3,1989,2,2
1991,1,360497,1,5,2,2,1,1,3,4,2,3,1986,2,2
1991,2,360497,1,2,2,2,1,1,3,4,2,3,1979,2,2
1991,3,360497,1,5,5,2,1,1,3,4,2,3,1986,2,2
1991,1,360498,1,3,5,2,1,1,3,4,2,3,1981,2,2
1991,2,360498,1,2,2,2,1,1,3,4,2,3,1983,2,2
1991,1,360500,8,2,2,2,1,1,3,4,2,1,1990,2,2
1991,1,360501,9,7,7,2,3,3,3,4,2,3,9999,2,2
1991,1,360502,4,4,4,2,1,1,3,4,2,3,1990,1,2
1991,1,360503,1,5,5,2,1,1,3,4,2,3,1987,2,2
1991,2,360503,1,2,2,2,1,1,3,4,2,3,1983,2,2
1991,1,360504,1,2,2,2,1,1,3,4,1,3,1990,2,2
1991,1,360505,1,2,2,2,1,1,3,4,2,3,1985,1,2
1991,1,360506,1,2,2,2,1,1,3,4,2,3,1978,1,2
1991,2,360506,1,2,2,2,1,1,3,4,2,3,1979,2,2
1991,1,360507,1,2,2,2,1,1,3,4,2,3,1984,2,2
1991,1,360508,1,2,2,2,1,1,3,4,1,3,1989,2,1
1991,1,360509,2,2,2,1,1,1,3,4,1,3,1977,2,2
1991,1,360510,1,2,2,2,1,1,3,4,1,3,1986,2,2
1991,2,360510,1,4,4,1,2,2,3,4,2,3,1980,2,2
1991,1,360511,1,2,2,2,1,1,3,4,2,3,1986,2,2
1991,1,360512,1,5,5,2,1,1,3,4,2,3,1989,2,2
1991,2,360512,1,2,2,2,1,1,3,4,2,3,1986,2,2
1991,1,360513,1,2,3,2,1,1,3,4,1,3,1979,2,2
1991,2,360513,3,4,4,2,2,2,3,4,2,3,1985,2,2
1991,3,360513,8,2,2,2,1,1,3,4,2,3,1990,2,2
1991,1,360514,1,6,5,2,2,2,3,4,1,3,1983,2,2
1991,1,360515,1,2,2,2,1,1,3,4,2,3,1974,2,2
1991,1,360516,1,2,2,2,1,1,3,4,2,3,1983,2,2
1991,1,360517,1,2,2,2,1,1,3,4,2,3,1984,2,2
1991,2,360517,7,2,2,2,4,1,3,1,2,3,1982,2,2
1991,1,360518,1,2,2,2,1,1,3,4,2,3,1972,2,2
1991,1,360519,7,2,2,2,4,2,3,2,1,3,1990,2,2
1991,1,360520,4,3,3,2,1,1,3,4,2,3,1989,2,2
1991,1,360521,1,2,2,2,1,1,3,4,1,3,1989,2,2
1991,1,360522,1,2,2,2,1,1,3,4,2,3,1983,2,2
1991,1,360523,1,4,4,2,1,1,3,4,2,3,1985,2,2
1991,2,360523,7,2,2,2,4,1,3,1,1,3,1987,2,2
1991,1,360524,1,2,2,2,1,1,3,4,2,3,1989,2,2
1991,1,360525,1,4,4,1,1,1,3,4,2,3,1985,1,2
1991,1,360526,2,2,6,2,1,1,3,4,2,3,1985,2,2
1991,1,360527,1,3,3,2,1,1,3,4,2,3,1986,2,2
1991,2,360527,1,2,2,2,1,1,3,4,2,3,1985,2,2
1991,1,360528,1,5,5,2,1,1,3,4,2,3,1988,2,2
1991,1,360529,1,2,2,2,1,1,3,4,2,3,1982,2,2
1991,1,360530,1,1,1,1,1,1,3,4,1,3,1972,2,2
1991,1,360531,1,2,5,2,2,2,3,4,1,3,1985,2,2
1991,1,360532,2,6,6,2,1,1,3,4,2,3,1980,1,2
1991,1,360533,2,6,6,2,1,1,3,4,2,3,1988,2,2
1991,1,360534,1,2,2,2,1,1,3,4,1,3,1980,2,2
1991,1,360535,1,2,2,2,1,1,3,4,2,3,1985,2,2
1991,2,360535,1,2,2,2,2,2,3,4,1,3,1986,2,2
1991,1,360536,7,2,2,2,4,2,3,2,1,3,1984,2,2
1991,1,360537,1,3,3,2,1,1,3,4,2,3,1988,2,2
1991,2,360537,7,2,2,2,4,1,3,1,2,3,1990,2,2
1991,1,360538,1,2,2,2,1,1,3,4,2,3,1984,2,2
1991,2,360538,1,7,7,2,2,2,3,4,2,3,1982,2,2
1991,1,360539,1,2,2,2,1,1,3,4,2,3,1985,1,2
1991,1,360540,2,2,2,2,1,1,3,4,2,3,1987,2,1
1991,1,360541,4,5,5,2,1,1,3,4,2,3,1986,2,2
1991,2,360541,7,2,2,2,4,2,3,2,1,3,1986,2,2
1991,1,360542,1,2,2,2,1,1,3,4,2,3,1978,2,2
1991,2,360542,4,2,2,1,1,1,3,4,2,3,1985,2,2
1991,1,360543,3,2,2,2,1,1,3,4,2,3,1989,2,2
1991,1,360544,6,2,2,2,2,2,3,4,2,3,1984,2,2
1991,2,360544,3,2,2,2,1,1,3,4,2,3,1990,2,2
1991,1,360545,2,4,4,2,1,1,3,4,2,3,1987,2,2
1991,2,360545,7,2,2,2,4,1,3,1,2,3,1980,1,2
1991,1,360546,2,2,2,2,1,1,3,4,2,3,1985,2,2
1991,1,360547,7,2,2,2,4,2,3,2,1,3,1988,2,2
1991,1,360548,1,5,7,2,1,1,3,4,1,3,1982,2,2
1991,1,360549,1,2,2,2,3,3,3,4,2,3,1977,2,2
1991,1,360550,4,1,1,1,2,2,3,4,2,3,1990,2,1
1991,1,360551,1,6,6,2,1,1,3,4,2,3,1980,2,2
1991,1,360552,1,2,2,2,1,1,3,4,2,3,1982,2,2
1991,1,360553,7,2,2,2,4,2,3,2,1,3,1990,2,2
1991,1,360554,1,2,2,1,1,1,3,4,2,3,1984,2,2
1991,1,360555,4,2,2,2,1,1,3,4,2,3,1985,2,2
1991,1,360556,2,6,2,1,1,1,3,4,1,3,1988,2,2
1991,1,360557,1,2,2,2,1,1,3,4,2,3,1988,2,2
1991,2,360557,1,2,2,2,1,1,3,4,2,3,1980,2,2
1991,1,360558,3,2,2,1,1,1,3,4,1,3,1987,2,2
1991,1,360559,1,2,2,2,1,1,3,4,1,3,1987,2,2
1991,1,360560,1,2,2,2,1,1,3,4,1,3,1983,2,2
1991,1,360561,1,5,5,2,3,3,3,4,1,3,1971,2,2
1991,1,360562,4,6,6,2,1,1,3,4,2,3,1981,2,2
1991,1,360563,1,2,2,2,1,1,3,4,2,3,1990,2,2
1991,2,360563,7,2,2,2,4,1,3,1,1,3,1987,2,2
1991,1,360564,1,2,2,2,1,1,3,4,2,3,1986,2,2
1991,1,360565,1,2,2,2,1,1,3,4,2,3,1981,2,2
1991,1,360566,1,2,2,2,1,1,3,4,2,3,1986,2,2
1991,2,360566,1,5,5,2,1,1,3,4,2,3,1984,2,2
1991,1,360567,1,2,2,2,2,2,3,4,2,3,1980,2,2
1991,1,360568,1,5,5,2,1,1,3,4,1,3,1979,2,2
1991,1,360569,4,4,4,1,1,1,3,4,2,3,1988,2,2
1991,2,360569,1,2,2,2,1,1,3,4,1,3,1988,2,2
1991,1,360570,1,6,6,1,1,1,3,4,2,3,1989,2,2
1991,1,360571,1,1,1,1,2,2,3,4,2,3,1990,2,1
1991,1,360572,1,2,2,2,3,3,3,4,2,3,1990,1,2
1991,2,360572,1,3,3,2,1,1,3,4,2,3,1991,2,2
1991,1,360573,1,3,3,2,1,1,3,4,1,3,1989,2,2
1991,1,360574,7,2,2,2,4,2,3,2,1,3,1981,2,2
1991,1,360575,1,3,6,1,1,1,3,4,1,3,1986,2,2
1991,1,360576,1,5,5,2,1,1,3,4,2,3,1989,2,2
1991,2,360576,4,2,2,2,1,1,3,4,2,3,1988,2,2
1991,1,360577,1,5,5,2,1,1,3,4,2,3,1986,2,2
1991,2,360577,4,2,2,2,1,1,3,4,2,3,1984,2,2
1991,1,360578,1,2,2,2,1,1,3,4,2,3,1986,2,2
1991,2,360578,1,2,4,2,1,1,3,4,2,3,1988,2,2
1991,3,360578,1,2,2,2,1,1,3,4,2,3,1988,2,2
1991,1,360579,1,2,2,2,2,2,3,4,2,3,1985,2,2
1991,2,360579,1,5,5,2,1,1,3,4,2,3,1982,2,2
1991,1,360580,1,2,2,2,1,1,3,4,2,3,1988,2,2
1991,1,360581,2,2,2,2,1,1,3,4,2,3,1989,2,2
1991,1,360582,1,5,4,2,1,1,3,4,2,3,1980,2,2
1991,2,360582,1,2,2,2,1,1,3,4,2,3,1987,2,2
1991,3,360582,5,2,2,2,1,1,3,4,2,3,1990,2,2
1991,1,360583,1,3,3,1,2,2,3,4,1,3,1985,2,2
1991,1,360584,1,5,5,2,1,1,3,4,2,3,1985,1,2
1991,2,360584,1,2,2,2,1,1,3,4,2,3,1983,2,2
1991,1,360585,7,7,7,2,4,1,3,1,1,3,1983,2,2
1991,1,360586,2,3,3,2,1,1,3,4,2,3,1984,2,2
1991,2,360586,7,2,2,2,4,1,3,1,1,3,1985,2,2
1991,1,360587,6,2,2,2,1,1,3,4,1,3,1987,2,2
1991,2,360587,1,5,5,2,1,1,3,4,2,3,1978,2,2
1991,1,360588,5,4,2,2,2,2,3,4,2,3,1985,2,2
1991,2,360588,1,2,2,2,1,1,3,4,1,3,1982,2,2
1991,1,360589,1,2,5,2,1,1,3,4,2,3,1976,2,2
1991,2,360589,1,4,2,2,1,1,3,4,2,3,1981,2,2
1991,1,360590,1,2,2,2,1,1,3,4,2,3,1989,2,2
1991,1,360591,4,2,2,2,2,2,3,4,2,3,1984,2,2
1991,1,360592,1,5,5,2,1,1,3,4,2,3,1985,2,2
1991,1,360593,1,3,3,2,1,1,3,4,2,3,1984,2,2
1991,2,360593,1,2,2,2,1,1,3,4,2,3,1976,2,2
1991,1,360595,1,3,5,2,1,1,3,4,2,3,1987,2,2
1991,2,360595,4,2,2,2,1,1,3,4,2,3,1989,2,2
1991,1,360596,4,2,2,2,1,1,3,4,2,3,1984,2,2
1991,1,360597,9,7,7,2,3,3,3,4,2,3,9999,2,2
1991,1,360598,1,2,2,2,2,2,3,4,2,3,1986,1,2
1991,1,360599,1,2,2,2,1,1,3,4,2,3,1985,2,1
1991,1,360600,4,2,2,2,1,1,3,4,2,3,1982,2,2
1991,1,360601,1,4,4,2,1,1,3,4,2,3,1981,2,2
1991,2,360601,6,2,2,2,1,1,3,4,1,3,1984,1,2
1991,1,360602,1,4,4,1,1,1,3,4,1,3,1986,2,1
1991,1,360603,1,2,2,1,2,2,3,4,2,3,1982,2,2
1991,1,360604,7,2,2,2,4,2,3,2,1,3,1989,2,2
1991,1,360605,1,2,5,2,1,1,3,4,1,3,1983,2,2
1991,1,360606,6,2,2,2,1,1,3,4,1,3,1986,2,2
1991,2,360606,7,5,5,2,4,2,3,2,2,3,1982,2,2
1991,1,360607,9,2,2,2,1,1,3,4,1,3,1982,2,2
1991,1,360608,1,2,2,2,1,1,3,4,2,3,1958,2,2
1991,1,360609,1,2,2,2,1,1,3,4,2,3,1978,2,2
1991,1,360610,1,2,2,2,1,1,3,4,1,3,1983,2,2
1991,1,360611,2,1,1,1,1,1,3,4,1,3,1989,2,2
1991,1,360612,7,2,2,2,4,1,3,1,1,3,1986,2,2
1991,2,360612,1,2,2,2,1,1,3,4,2,3,1982,2,2
1991,1,360613,4,2,2,2,2,2,3,4,2,3,1988,2,2
1991,2,360613,1,5,5,2,1,1,3,4,2,3,1989,2,2
1991,1,360614,1,2,2,2,1,1,3,4,2,3,1985,1,2
1991,2,360614,8,4,4,2,1,1,3,4,2,3,1985,2,2
1991,1,360615,1,2,2,2,1,1,3,4,2,3,1979,2,2
1991,1,360616,1,2,2,1,1,1,3,4,2,3,1980,2,2
1991,1,360617,4,2,2,2,3,3,3,4,2,3,1978,1,2
1991,2,360617,1,4,4,2,1,1,3,4,2,3,1987,2,2
1991,3,360617,1,4,4,2,3,3,3,4,2,3,1984,2,2
1991,1,360618,1,5,5,2,2,2,3,4,2,3,1982,2,2
1991,2,360618,1,2,2,2,1,1,3,4,2,3,1985,2,2
1991,1,360619,1,2,2,2,1,1,3,4,2,3,1989,1,2
1991,1,360620,1,2,2,2,1,1,3,4,1,3,1971,2,2
1991,1,360621,1,5,5,2,1,1,3,4,2,3,1986,2,2
1991,2,360621,1,2,2,2,2,2,3,4,2,3,1983,2,2
1991,1,360622,4,2,2,2,1,1,3,4,1,3,1987,2,2
1991,1,360623,1,7,7,2,3,3,3,4,2,3,9999,2,2
1991,1,360624,5,5,5,2,3,3,3,4,2,3,9999,2,2
1991,2,360624,6,6,6,2,1,1,3,4,2,3,1988,2,2
1991,1,360625,1,2,2,2,1,1,3,4,1,3,1989,2,2
1991,1,360626,1,2,2,2,1,1,3,4,2,3,1983,2,2
1991,1,360627,1,2,2,2,1,1,3,4,2,3,1987,2,2
1991,1,360628,1,4,4,2,3,3,3,4,2,3,1986,2,2
1991,2,360628,1,2,5,2,1,1,3,4,2,3,1985,2,2
1991,3,360628,4,2,2,2,2,2,3,4,2,3,1976,2,2
1991,4,360628,1,2,2,2,1,1,3,4,2,3,1974,2,2
1991,1,360629,3,2,2,2,1,1,3,4,2,3,1980,2,2
1991,2,360629,1,2,2,2,1,1,3,4,1,3,1981,2,2
1991,1,360630,1,3,3,2,1,1,3,4,2,3,1981,2,2
1991,2,360630,1,2,2,2,1,1,3,4,2,3,1977,2,2
1991,1,360631,1,5,5,2,1,1,3,4,2,3,1991,1,2
1991,2,360631,3,2,2,2,2,2,3,4,2,3,1983,2,2
1991,1,360632,4,2,2,2,1,1,3,4,2,3,1988,2,2
1991,1,360633,1,4,4,2,3,3,3,4,2,3,1978,2,2
1991,2,360633,1,2,2,2,2,2,3,4,2,3,1987,2,2
1991,1,360634,1,2,2,2,1,1,3,4,2,3,1989,2,2
1991,2,360634,1,6,6,2,1,1,3,4,2,3,1986,2,2
1991,1,360635,1,4,4,2,1,1,3,4,2,3,1990,2,2
1991,1,360636,1,6,6,1,1,1,3,4,2,3,1989,2,2
1991,1,360637,1,2,2,2,1,1,3,4,1,3,1975,2,2
1991,1,360638,1,2,2,2,1,1,3,4,2,3,1982,2,2
1991,2,360638,1,4,4,2,1,1,3,4,2,3,1991,2,2
1991,1,360639,1,5,5,2,1,1,3,4,1,3,1985,2,2
1991,1,360640,1,2,5,2,1,1,3,4,1,3,1987,2,2
1991,2,360640,1,4,4,2,1,1,3,4,2,3,1986,2,2
1991,1,360641,1,5,5,2,1,1,3,4,2,3,1982,2,2
1991,2,360641,8,2,2,2,1,1,3,4,2,3,1981,2,2
1991,1,360642,1,2,2,2,2,2,3,4,2,3,1986,2,2
1991,1,360643,1,3,3,2,1,1,3,4,2,3,1980,2,2
1991,2,360643,7,2,2,2,4,2,3,2,1,3,1985,1,2
1991,1,360644,1,2,2,2,1,1,3,4,1,3,1987,2,2
1991,1,360645,1,2,2,2,1,1,3,4,2,3,1983,2,2
1991,2,360645,7,7,7,2,4,1,3,1,2,3,1985,2,2
1991,1,360646,2,2,2,2,1,1,3,4,2,3,1984,2,2
1991,1,360647,1,2,2,2,2,2,3,4,2,3,1983,2,2
1991,1,360648,7,1,1,2,4,1,3,1,2,3,1980,2,2
1991,1,360649,7,2,2,2,4,2,3,2,2,3,1969,2,2
1991,1,360650,2,2,2,1,1,1,3,4,1,3,1984,2,2
1991,1,360651,1,5,5,2,1,1,3,4,2,3,1979,1,2
1991,2,360651,4,2,2,2,1,1,3,4,2,3,1990,2,2
1991,1,360652,1,2,2,2,1,1,3,4,1,3,1982,2,2
1991,2,360652,1,2,2,2,1,1,3,4,1,3,1980,2,2
1991,1,360653,1,2,2,2,1,1,3,4,2,3,1987,2,2
1991,1,360654,1,2,2,2,1,1,3,4,2,3,1980,2,2
1991,1,360655,1,3,3,2,1,1,3,4,1,3,1985,2,2
1991,1,360656,1,5,5,2,1,1,3,4,1,3,1988,2,2
1991,1,360657,1,2,2,1,1,1,3,4,1,3,1984,2,2
1991,1,360658,1,2,2,2,1,1,3,4,2,3,1983,2,2
1991,2,360658,4,2,2,2,1,1,3,4,2,3,1984,2,2
1991,3,360658,4,2,2,2,1,1,3,4,2,3,1990,2,2
1991,1,360659,1,3,3,2,1,1,3,4,2,3,1991,2,2
1991,1,360660,1,3,3,1,1,1,3,4,1,3,1981,2,2
1991,1,360661,2,2,2,2,1,1,3,4,2,3,1989,2,2
1991,1,360662,6,2,2,1,1,1,3,4,2,3,1985,2,2
1991,2,360662,1,3,6,2,3,3,3,4,2,3,1991,2,2
1991,1,360663,1,1,1,1,1,1,3,4,2,3,1982,2,1
1991,1,360664,2,2,2,2,1,1,3,4,2,3,1988,2,2
1991,2,360664,1,2,2,2,1,1,3,4,2,3,1979,2,2
1991,1,360665,1,2,2,2,2,2,3,4,2,3,1969,2,2
1991,1,360666,1,7,3,2,1,1,3,4,1,3,1987,1,2
1991,2,360666,1,2,2,2,1,1,3,4,2,3,1986,2,2
1991,1,360667,1,2,2,2,1,1,3,4,1,3,1984,2,2
1991,1,360668,6,7,7,2,1,1,3,4,2,3,1990,2,2
1991,2,360668,2,2,2,2,1,1,3,4,2,3,1991,2,2
1991,1,360669,1,1,1,1,1,1,3,4,1,3,1989,2,2
1991,1,360670,7,2,2,2,4,2,3,2,1,3,1989,2,2
1991,1,360671,1,3,3,2,1,1,3,4,1,3,1984,2,2
1991,1,360672,4,2,2,2,2,2,3,4,1,3,1979,2,2
1991,1,360673,2,2,3,2,1,1,3,4,1,3,1988,2,2
1991,1,360674,7,6,6,2,4,2,3,2,1,3,1990,2,2
1991,1,360675,1,2,2,2,2,2,3,4,2,3,1988,2,2
1991,2,360675,1,2,2,2,1,1,3,4,2,3,1977,2,2
1991,3,360675,6,2,2,2,1,1,3,4,2,3,1991,2,2
1991,1,360676,1,3,2,2,1,1,3,4,2,3,1979,2,2
1991,2,360676,1,2,2,2,1,1,3,4,2,3,1979,2,2
1991,1,360677,1,5,5,2,1,1,3,4,1,3,1990,2,2
1991,1,360678,7,3,3,2,4,1,3,1,2,3,1986,2,2
1991,2,360678,1,2,2,2,1,1,3,4,2,3,1983,2,2
1991,1,360679,7,2,2,2,4,2,3,2,2,3,1981,2,2
1991,1,360680,4,2,2,2,1,1,3,4,2,3,9999,2,2
1991,2,360680,1,2,2,2,2,2,3,4,2,3,1988,2,2
1991,3,360680,1,2,2,2,2,2,3,4,1,3,1979,2,2
1991,1,360681,1,1,1,2,1,1,3,4,2,3,1988,2,2
1991,1,360682,1,2,2,2,1,1,3,4,2,3,1991,2,2
1991,2,360682,1,5,5,2,1,1,3,4,2,3,1980,2,2
1991,1,360683,1,4,2,2,1,1,3,4,1,3,1986,2,2
1991,1,360684,1,2,3,2,1,1,3,4,2,3,1979,2,2
1991,1,360685,1,7,7,1,1,1,3,4,1,3,1988,2,2
1991,1,360686,2,2,2,1,1,1,3,4,1,3,1987,2,2
1991,2,360686,1,5,5,2,1,1,3,4,2,3,1989,2,2
1991,1,360687,3,2,2,1,1,1,3,4,1,3,1991,2,2
1991,2,360687,1,4,4,2,1,1,3,4,2,3,1986,2,2
1991,1,360688,1,2,5,1,1,1,3,4,2,3,1989,1,1
1991,1,360689,1,2,2,2,1,1,3,4,2,3,1987,1,2
1991,1,360690,1,2,2,2,1,1,3,4,2,3,1987,2,2
1991,1,360691,2,5,5,2,1,1,3,4,2,3,1989,2,2
1991,2,360691,2,2,2,2,1,1,3,4,2,3,1986,2,2
1991,1,360692,2,2,2,2,1,1,3,4,2,3,1989,2,2
1991,2,360692,1,3,3,2,1,1,3,4,2,3,1984,2,2
1991,1,360693,4,2,2,2,1,1,3,4,2,3,1988,2,2
1991,2,360693,1,3,3,2,1,1,3,4,2,3,1988,2,2
1991,3,360693,1,4,4,2,1,1,3,4,2,3,1991,2,2
1991,1,360694,1,2,2,2,1,1,3,4,2,3,1989,2,2
1991,1,360695,1,2,2,2,1,1,3,4,2,3,1988,1,2
1991,1,360696,6,2,2,2,1,1,3,4,2,3,1989,2,2
1991,2,360696,1,5,5,2,1,1,3,4,2,3,1983,2,2
1991,1,360697,1,4,4,2,1,1,3,4,2,3,1984,2,2
1991,2,360697,6,2,2,2,1,1,3,4,2,3,1987,2,2
1991,3,360697,1,2,2,2,1,1,3,4,2,3,1975,2,2
1991,1,360698,1,2,2,2,1,1,3,4,1,3,1987,2,2
1991,2,360698,1,3,3,2,1,1,3,4,2,3,1987,2,2
1991,1,360699,2,2,2,1,1,1,3,4,1,3,1985,2,2
1991,1,360700,1,2,2,2,2,2,3,4,2,3,1981,2,2
1991,1,360701,6,2,2,2,1,1,3,4,2,3,1983,2,2
1991,2,360701,1,5,5,2,1,1,3,4,2,3,1978,2,2
1991,1,360702,1,2,2,2,1,1,3,4,2,3,1981,2,2
1991,1,360703,2,2,2,2,2,2,3,4,2,3,1987,2,2
1991,2,360703,1,2,2,2,1,1,3,4,2,3,1988,2,2
1991,3,360703,1,2,2,2,1,1,3,4,2,3,1990,2,2
1991,1,360704,6,3,6,2,1,1,3,4,2,3,1989,2,2
1991,1,360705,1,2,2,2,2,2,3,4,2,3,1990,2,2
1991,2,360705,2,2,2,2,1,1,3,4,2,3,1988,2,2
1991,1,360706,3,2,2,2,2,2,3,4,2,3,1988,2,2
1991,2,360706,1,6,6,2,1,1,3,4,2,3,1981,2,2
1991,3,360706,1,6,6,2,1,1,3,4,2,3,9999,2,2
1991,4,360706,6,6,6,2,1,1,3,4,2,3,1991,2,2
1991,1,360707,1,4,4,2,1,1,3,4,2,3,1990,2,2
1991,2,360707,1,2,5,2,1,1,3,4,2,3,1985,2,2
1991,3,360707,8,2,2,2,1,1,3,4,1,3,1989,2,2
1991,1,360708,1,2,2,2,1,1,3,4,2,3,1990,2,2
1991,1,360709,9,1,1,2,1,1,3,4,2,3,9999,2,2
1991,1,360710,1,4,4,1,1,1,3,4,1,3,1986,2,2
1991,1,360711,3,2,2,2,1,1,3,4,1,3,1977,2,2
1991,2,360711,1,5,5,2,1,1,3,4,2,3,1978,2,2
1991,1,360712,1,1,1,1,1,1,3,4,2,3,1982,2,2
1991,1,360713,7,1,1,2,4,1,3,1,1,3,1972,2,2
1991,1,360714,1,2,2,1,1,1,3,4,1,3,1988,1,2
1991,2,360714,6,4,4,2,1,1,3,4,2,3,1986,2,2
1991,1,360715,1,2,2,2,1,1,3,4,2,3,1984,2,2
1991,1,360716,1,1,1,1,1,1,3,4,2,3,1985,2,2
1991,1,360717,2,1,1,1,1,1,3,4,1,3,1989,2,2
1991,1,360718,1,4,4,1,1,1,3,4,1,3,1982,2,2
1991,1,360719,1,6,3,1,2,2,3,4,1,3,1989,2,2
1991,1,360720,2,2,2,2,1,1,3,4,2,3,1987,2,2
1991,1,360722,1,3,3,2,1,1,3,4,1,3,1987,2,1
1991,1,360723,2,2,2,2,1,1,3,4,2,3,1981,2,2
1991,2,360723,1,5,5,2,1,1,3,4,2,3,1987,2,2
1991,1,360725,1,2,2,2,1,1,3,4,2,3,1985,2,2
1991,2,360725,6,2,2,2,1,1,3,4,2,3,1986,2,2
1991,1,360726,1,2,2,2,1,1,3,4,2,3,1988,2,2
1991,1,360727,1,2,2,2,1,1,3,4,2,3,1979,2,2
1991,1,360728,1,6,2,1,3,3,3,4,1,3,1976,2,2
1991,1,360729,1,2,2,2,1,1,3,4,1,3,1991,2,2
1991,2,360729,1,5,5,2,1,1,3,4,2,3,1988,2,2
1991,3,360729,6,2,2,2,1,1,3,4,2,3,1986,2,2
1991,1,360730,1,2,2,2,1,1,3,4,2,3,1984,2,2
1991,1,360731,1,2,2,2,1,1,3,4,2,3,1981,2,2
1991,1,360732,1,2,2,2,1,1,3,4,2,3,1984,2,2
1991,2,360732,6,2,2,2,1,1,3,4,2,3,1990,2,2
1991,1,360733,1,3,3,2,2,2,3,4,1,3,1980,2,2
1991,1,360734,6,4,4,2,1,1,3,4,2,3,1973,2,2
1991,1,360735,1,7,7,1,1,1,3,4,1,3,1985,2,2
1991,1,360736,1,2,4,2,1,1,3,4,2,3,1978,1,2
1991,1,360737,1,3,3,2,1,1,3,4,2,3,1975,2,2
1991,1,360738,1,3,5,1,1,1,3,4,2,3,1991,2,2
1991,1,360739,4,2,2,2,1,1,3,4,2,3,1980,2,2
1991,2,360739,1,5,5,2,1,1,3,4,2,3,1982,2,2
1991,1,360740,1,3,3,2,1,1,3,4,1,3,1985,2,2
1991,1,360741,1,4,2,2,1,1,3,4,2,3,1985,2,2
1991,2,360741,6,2,2,2,3,3,3,4,2,3,9999,2,2
1991,3,360741,1,5,5,2,1,1,3,4,2,3,1988,2,2
1991,4,360741,1,2,2,2,1,1,3,4,2,3,1986,2,2
1991,1,360742,1,2,3,2,2,2,3,4,2,3,1985,2,2
1991,1,360743,1,3,3,2,1,1,3,4,2,3,1990,2,2
1991,2,360743,6,2,2,2,1,1,3,4,2,3,1978,2,2
1991,1,360744,8,2,2,2,1,1,3,4,2,1,1982,2,2
1991,2,360744,1,3,3,2,1,1,3,4,2,3,1983,2,2
1991,1,360745,1,2,2,2,1,1,3,4,2,3,1982,2,2
1991,1,360746,6,5,5,2,1,1,3,4,2,3,1991,2,2
1991,2,360746,6,2,2,2,1,2,3,4,2,3,1990,1,2
1991,1,360747,1,2,2,1,1,1,3,4,1,3,1991,2,2
1991,1,360748,1,3,3,2,1,1,3,4,2,3,1990,1,2
1991,2,360748,1,2,2,2,1,1,3,4,2,3,1991,2,2
1991,1,360749,7,7,7,2,4,2,3,2,1,3,1986,2,2
1991,1,360750,8,2,2,2,1,1,3,4,2,3,1986,2,2
1991,1,360751,2,2,2,2,1,1,3,4,2,3,1986,2,2
1991,2,360751,1,5,5,2,1,1,3,4,2,3,1987,2,2
1991,1,360752,1,3,4,1,1,1,3,4,2,3,1983,2,2
1991,2,360752,1,2,2,2,1,1,3,4,2,3,1986,2,2
1991,1,360753,1,1,1,2,1,1,3,4,2,3,1983,2,2
1991,1,360754,1,2,2,2,1,1,3,4,2,3,1987,2,2
1991,2,360754,1,3,5,1,1,1,3,4,2,3,1986,2,2
1991,3,360754,1,2,6,2,1,1,3,4,2,3,1985,2,2
1991,1,360755,1,2,2,2,2,2,3,4,1,3,1987,2,2
1991,1,360756,7,2,2,2,4,1,3,1,1,3,1978,2,2
1991,1,360757,1,3,3,2,1,1,3,4,2,3,1988,2,2
1991,2,360757,6,2,2,2,1,1,3,4,2,3,1987,2,2
1991,1,360758,1,2,2,2,1,1,3,4,2,3,1991,2,2
1991,1,360759,1,2,5,2,1,1,3,4,2,3,1983,2,2
1991,2,360759,4,4,4,2,1,1,3,4,2,3,1987,2,2
1991,1,360760,4,2,2,2,1,1,3,4,2,3,1983,2,2
1991,1,360761,1,2,3,2,1,1,3,4,2,3,1989,2,2
1991,1,360762,1,3,3,2,1,1,3,4,2,3,1981,2,2
1991,1,360763,1,2,2,2,1,1,3,4,2,3,1990,2,2
1991,1,360764,7,1,1,2,4,2,3,2,1,3,1988,2,2
1991,1,360765,1,2,2,2,1,1,3,4,1,3,1987,2,2
1991,1,360766,1,2,2,2,1,1,3,4,2,3,1982,2,2
1991,2,360766,8,2,2,2,1,1,3,4,2,3,1989,2,2
1991,1,360768,7,2,2,2,4,1,3,1,1,3,1987,2,2
1991,2,360768,2,3,3,2,1,1,3,4,2,3,1980,2,2
1991,1,360769,1,2,2,2,1,1,3,4,2,3,1988,2,2
1991,1,360770,1,2,3,2,1,1,3,4,1,3,1981,2,2
1991,1,360771,1,2,2,2,1,1,3,4,2,3,1990,2,2
1991,2,360771,4,4,4,2,3,3,3,4,2,3,1987,2,2
1991,1,360772,2,3,3,1,1,1,3,4,2,3,1977,1,2
1991,1,360773,6,2,2,1,1,1,3,4,1,3,1979,2,2
1991,1,360774,7,7,7,2,4,1,3,1,1,3,1989,2,2
1991,2,360774,1,7,7,2,2,2,3,4,2,3,1984,2,2
1991,1,360775,1,2,2,1,1,1,3,4,2,3,1989,2,2
1991,1,360776,1,2,2,2,1,1,3,4,2,3,1986,2,2
1991,1,360777,1,2,2,2,1,1,3,4,2,3,1989,2,2
1991,2,360777,3,2,2,2,1,1,3,4,2,3,1988,2,2
1991,3,360777,2,2,2,2,1,1,3,4,2,3,1991,2,2
1991,1,360778,6,1,1,1,2,2,3,4,1,3,1986,2,2
1991,1,360779,1,5,5,1,1,1,3,4,2,3,1984,2,2
1991,2,360779,6,2,2,2,1,1,3,4,2,3,1989,2,2
1991,1,360780,1,2,2,2,1,1,3,4,2,3,1988,2,1
1991,1,360781,6,2,6,2,1,1,3,4,2,3,1974,2,2
1991,1,360782,1,6,6,2,1,1,3,4,2,3,1988,2,2
1991,2,360782,1,2,2,2,1,1,3,4,2,3,1979,2,2
1991,1,360783,1,2,5,2,2,2,3,4,1,3,1991,2,2
1991,1,360784,4,2,2,2,1,1,3,4,2,3,1991,2,2
1991,2,360784,1,2,2,2,2,2,3,4,2,3,1984,2,2
1991,1,360785,1,2,2,2,1,1,3,4,2,3,1983,2,2
1991,1,360786,8,2,2,2,1,1,3,4,2,3,1982,2,2
1991,1,360787,1,2,2,2,1,1,3,4,1,3,1990,2,2
1991,2,360787,1,4,2,2,1,1,3,4,2,3,1982,2,2
1991,3,360787,1,4,2,2,1,1,3,4,2,3,1988,2,2
1991,4,360787,1,5,5,2,1,1,3,4,2,3,1983,2,2
1991,1,360788,7,2,2,2,4,2,3,2,1,3,1989,2,2
1991,2,360788,1,2,2,2,1,1,3,4,2,3,1985,1,2
1991,1,360789,7,2,2,2,4,2,3,2,1,3,1988,2,2
1991,1,360790,7,2,2,2,4,2,3,2,1,3,1986,2,2
1991,1,360791,3,2,2,1,1,1,3,4,1,3,1979,2,2
1991,1,360792,7,2,2,2,4,2,3,2,1,3,1991,2,2
1991,2,360792,1,4,4,2,1,1,3,4,2,3,1988,2,2
1991,1,360793,1,4,2,2,1,2,3,4,1,3,1985,2,2
1991,2,360793,1,2,2,2,3,3,3,4,2,3,9999,2,2
1991,1,360794,1,3,3,2,1,1,3,4,2,3,1983,2,2
1991,2,360794,1,2,2,2,3,3,3,4,2,3,1986,2,2
1991,1,360795,1,2,2,2,1,1,3,4,1,3,1984,2,2
1991,2,360795,6,4,4,2,3,3,3,4,2,3,1982,2,2
1991,1,360796,1,2,2,2,1,1,3,4,1,3,1986,2,2
1991,1,360797,1,5,5,2,1,1,3,4,1,3,1988,2,2
1991,1,360798,1,2,2,2,1,1,3,4,2,3,1978,2,2
1991,1,360799,1,2,2,2,1,1,3,4,2,3,1989,2,2
1991,2,360799,1,2,2,2,1,1,3,4,2,3,1980,2,2
1991,1,360800,2,2,2,1,1,1,3,4,2,3,1983,2,1
1991,1,360801,1,2,2,2,1,1,3,4,2,3,1983,2,2
1991,1,360802,4,2,2,2,2,2,3,4,2,3,1984,2,2
1991,1,360803,1,2,2,2,1,1,3,4,2,3,1979,2,2
1991,1,360804,1,7,7,2,3,3,3,4,2,3,9999,2,2
1991,2,360804,9,7,7,2,3,3,3,4,2,3,9999,2,2
1991,1,360805,1,2,2,2,1,1,3,4,2,3,1987,2,2
1991,1,360806,1,2,2,2,1,1,3,4,2,3,1990,1,2
1991,1,360807,1,2,2,2,3,3,3,4,2,3,1983,2,2
1991,1,360808,1,2,2,2,1,1,3,4,2,3,1984,2,1
1991,1,360809,1,2,2,2,1,1,3,4,2,3,1987,2,2
1991,1,360810,1,7,7,2,2,2,3,4,2,3,1985,2,2
1991,1,360811,1,2,2,1,2,2,3,4,2,3,1987,2,2
1991,1,360812,2,2,2,1,1,1,3,4,2,3,1986,2,2
1991,2,360812,2,2,2,1,3,3,3,4,2,3,1989,2,2
1991,1,360813,1,2,2,2,2,2,3,4,2,3,1989,2,2
1991,1,360814,1,2,2,2,1,1,3,4,1,3,1987,2,2
1991,1,360815,7,1,1,2,4,1,3,1,2,3,1978,2,2
1991,1,360816,5,7,7,2,3,3,3,4,2,3,9999,2,2
1991,1,360817,1,2,3,2,1,1,3,4,2,3,1989,2,2
1991,2,360817,1,2,2,2,1,1,3,4,2,3,1988,2,2
1991,3,360817,4,2,2,2,1,1,3,4,2,3,1990,2,2
1991,1,360818,6,4,4,2,1,1,3,4,2,3,1984,2,2
1991,1,360819,1,6,6,2,1,1,3,4,2,3,1980,1,2
1991,1,360820,1,7,7,1,1,1,3,4,1,3,1984,2,2
1991,1,360821,1,2,2,2,1,1,3,4,2,3,1985,2,2
1991,2,360821,1,5,3,2,1,1,3,4,2,3,1985,2,2
1991,3,360821,7,2,7,2,4,1,3,1,2,3,1979,2,2
1991,4,360821,2,2,2,2,1,1,3,4,2,3,1984,2,2
1991,1,360822,1,2,2,2,1,1,3,4,2,3,1989,2,1
1991,1,360823,2,2,2,2,2,2,3,4,2,3,1985,2,2
1991,1,360824,4,2,2,2,1,1,3,4,2,3,1990,2,2
1991,1,360825,1,3,3,2,1,1,3,4,1,3,1989,2,2
1991,2,360825,1,2,2,2,1,1,3,4,2,3,1986,2,2
1991,1,360826,4,2,2,2,1,1,3,4,2,3,1984,2,2
1991,2,360826,1,2,2,2,1,1,3,4,2,3,1986,2,2
1991,1,360827,2,2,2,1,1,1,3,4,2,3,1988,2,2
1991,2,360827,1,5,5,2,1,1,3,4,2,3,1990,2,2
1991,1,360828,1,5,5,2,1,1,3,4,1,3,1985,2,2
1991,1,360829,1,5,5,1,1,1,3,4,1,3,1985,2,2
1991,1,360830,1,2,2,1,1,1,3,4,1,3,1976,2,2
1991,1,360831,1,2,2,2,1,1,3,4,2,3,1985,2,2
1991,2,360831,2,3,3,1,1,1,3,4,2,3,1985,2,2
1991,1,360832,1,2,2,2,1,1,3,4,2,3,1980,2,2
1991,2,360832,1,2,2,2,1,1,3,4,2,3,1986,2,2
1991,1,360833,1,2,2,2,1,1,3,4,2,3,1983,2,2
1991,1,360834,1,2,6,1,1,1,3,4,1,3,1983,2,2
1991,1,360835,6,2,2,1,1,1,3,4,2,3,1990,2,2
1991,1,360836,1,2,2,2,1,1,3,4,2,3,1988,2,2
1991,2,360836,7,2,2,2,4,1,3,1,2,3,1981,2,2
1991,1,360837,9,2,2,2,3,3,3,4,2,3,9999,2,2
1991,1,360838,4,2,2,2,1,1,3,4,2,3,1989,2,2
1991,1,360839,1,2,2,2,1,1,3,4,2,3,1981,2,2
1991,2,360839,3,2,2,2,1,1,3,4,2,3,1990,2,2
1991,1,360840,1,3,3,2,1,1,3,4,2,3,1980,2,2
1991,2,360840,1,2,2,2,1,1,3,4,2,3,1990,2,2
1991,1,360841,7,2,2,2,4,1,3,1,2,3,1951,2,2
1991,1,360842,7,2,2,2,4,1,3,1,2,3,1989,2,2
1991,1,360843,7,2,2,2,4,1,3,1,2,3,1986,2,2
1991,1,360844,4,2,2,2,1,1,3,4,2,3,1988,2,2
1991,1,360845,1,3,3,2,1,1,3,4,1,3,1981,2,2
1991,1,360846,7,5,5,2,4,1,3,1,2,3,1986,2,2
1991,2,360846,1,5,5,2,1,1,3,4,2,3,1985,2,2
1991,1,360847,3,2,2,2,1,1,3,4,1,3,1988,2,1
1991,1,360848,1,2,2,2,2,2,3,4,2,3,1984,2,2
1991,2,360848,1,2,2,2,1,1,3,4,2,3,1987,2,2
1991,1,360849,1,3,3,1,2,2,3,4,2,3,1989,2,2
1991,2,360849,1,2,2,1,2,2,3,4,2,3,1986,2,2
1991,1,360850,1,6,6,1,3,3,3,4,1,3,1979,2,2
1991,1,360851,1,3,3,2,1,1,3,4,2,3,1990,1,2
1991,1,360852,7,2,2,2,4,1,3,1,2,3,1987,2,2
1991,1,360853,7,2,2,2,4,1,3,1,2,3,1981,1,2
1991,1,360854,1,1,1,1,1,1,3,4,1,3,1985,2,1
1991,1,360855,1,2,2,2,1,1,3,4,1,3,1981,2,2
1991,1,360856,7,2,2,2,4,2,3,2,2,3,1984,2,2
1991,1,360857,1,2,2,2,2,2,3,4,1,3,1977,2,2
1991,2,360857,1,5,2,2,1,1,3,4,2,3,1985,2,2
1991,3,360857,4,2,2,2,1,1,3,4,2,3,1986,2,2
1991,1,360858,7,7,7,2,4,1,3,1,2,3,1979,2,2
1991,1,360859,1,2,2,2,1,1,3,4,2,3,1981,2,2
1991,1,360860,1,2,2,2,1,1,3,4,2,3,1980,2,2
1991,1,360862,1,2,2,2,1,1,3,4,2,3,1981,2,2
1991,2,360862,1,3,3,2,1,1,3,4,2,3,1985,2,2
1991,1,360863,1,2,2,2,3,3,3,4,1,3,1984,2,2
1991,1,360864,1,3,3,2,1,1,3,4,1,3,1982,2,2
1991,2,360864,3,2,4,2,1,1,3,4,2,3,1978,2,2
1991,3,360864,1,2,2,2,1,1,3,4,2,3,1986,2,2
1991,1,360865,2,2,2,1,1,1,3,4,1,3,1989,2,2
1991,1,360866,4,2,2,2,1,1,3,4,2,3,1989,2,2
1991,1,360867,3,2,2,2,2,2,3,4,2,3,1982,2,2
1991,1,360868,1,3,3,2,1,1,3,4,2,3,1980,2,2
1991,1,360869,3,2,2,1,1,1,3,4,1,3,1984,2,2
1991,1,360870,1,5,5,2,1,1,3,4,2,3,1989,2,2
1991,2,360870,2,2,2,2,1,1,3,4,2,3,1988,2,2
1991,1,360871,1,2,2,2,1,1,3,4,2,3,1989,2,2
1991,2,360871,6,2,2,2,1,1,3,4,2,3,1990,2,2
1991,1,360872,1,1,1,2,1,1,3,4,2,3,1990,2,2
1991,1,360873,1,3,3,2,1,1,3,4,2,3,1979,2,2
1991,1,360874,1,2,2,2,1,1,3,4,2,3,1982,2,2
1991,1,360875,2,2,2,2,2,2,3,4,2,3,1988,2,2
1991,1,360876,3,1,1,1,1,1,3,4,2,3,1986,2,2
1991,1,360877,7,2,2,2,4,1,3,1,2,3,1978,2,2
1991,2,360877,2,2,2,2,1,1,3,4,2,3,1984,2,2
1991,1,360878,2,2,2,2,1,1,3,4,2,3,1990,2,2
1991,1,360879,1,3,3,2,1,1,3,4,2,3,1988,2,2
1991,2,360879,1,5,5,2,3,3,3,4,2,3,1979,2,2
1991,1,360880,1,2,2,2,1,1,3,4,1,3,1988,2,2
1991,1,360881,1,4,2,2,1,1,3,4,2,3,1980,2,2
1991,2,360881,1,2,2,2,1,1,3,4,2,3,1989,1,2
1991,3,360881,1,2,2,2,1,1,3,4,2,3,1985,2,2
1991,4,360881,3,2,2,2,1,1,3,4,2,3,1991,2,2
1991,1,360882,1,2,4,1,1,1,3,4,2,3,1984,2,2
1991,2,360882,1,2,2,2,1,1,3,4,2,3,1988,2,2
1991,3,360882,1,2,2,2,1,1,3,4,2,3,1985,2,2
1991,1,360883,1,2,2,2,1,1,3,4,2,3,1978,2,2
1991,1,360884,7,2,2,2,4,2,3,2,1,3,1977,2,2
1991,1,360885,1,2,2,2,1,1,3,4,2,3,1979,2,2
1991,2,360885,2,5,5,2,1,1,3,4,2,3,1987,2,2
1991,1,360886,4,2,2,2,1,1,3,4,1,3,1987,2,2
1991,2,360886,1,4,4,2,1,1,3,4,2,3,1987,2,2
1991,1,360887,7,6,2,2,4,2,3,2,1,3,1986,2,2
1991,1,360888,1,3,3,1,1,1,3,4,2,3,1988,2,2
1991,2,360888,4,2,2,2,1,1,3,4,1,3,1991,2,2
1991,1,360889,1,2,3,2,1,1,3,4,1,3,1988,2,2
1991,2,360889,1,4,4,2,1,1,3,4,2,3,1990,2,2
1991,1,360890,1,4,4,2,1,1,3,4,2,3,1985,2,2
1991,2,360890,7,2,2,2,4,1,3,1,1,3,1991,2,2
1991,1,360891,1,5,5,2,3,3,3,4,2,3,1989,2,1
1991,1,360892,1,5,5,2,1,1,3,4,2,3,1978,2,2
1991,1,360893,1,2,2,1,1,1,3,4,2,3,1984,2,2
1991,2,360893,2,2,2,2,1,1,3,4,2,3,1990,2,2
1991,1,360894,2,2,2,1,1,1,3,4,2,3,1991,2,1
1991,1,360895,2,2,2,2,3,3,3,4,2,3,1989,2,2
1991,2,360895,1,3,3,2,2,2,3,4,2,3,1983,2,2
1991,3,360895,6,2,2,2,2,2,3,4,2,3,1987,2,2
1991,1,360896,1,2,2,2,3,3,3,4,2,3,1984,2,2
1991,1,360897,1,2,2,2,2,2,3,4,2,3,1977,2,2
1991,2,360897,1,3,3,2,1,1,3,4,2,3,1985,2,2
1991,1,360898,4,2,2,2,1,1,3,4,2,3,1982,2,2
1991,2,360898,1,3,3,2,2,1,3,4,2,3,1984,2,2
1991,1,360899,1,2,2,2,1,1,3,4,2,3,1991,2,2
1991,2,360899,1,2,2,2,1,1,3,4,2,3,1981,2,2
1991,1,360900,1,4,4,2,1,1,3,4,2,3,1987,2,2
1991,2,360900,6,2,2,2,1,1,3,4,2,3,1986,2,2
1991,1,360901,1,2,2,2,1,1,3,4,2,3,1990,2,2
1991,2,360901,1,4,2,2,1,1,3,4,2,3,1985,2,2
1991,3,360901,1,2,2,2,1,1,3,4,2,3,1988,2,2
1991,4,360901,4,5,5,2,1,1,3,4,2,3,1985,2,2
1991,5,360901,1,4,4,2,1,1,3,4,2,3,1990,2,2
1991,6,360901,1,2,2,2,1,1,3,4,2,3,1987,2,2
1991,1,360902,1,2,2,2,1,1,3,4,2,3,1983,2,2
1991,2,360902,2,2,2,2,1,1,3,4,2,3,1988,2,2
1991,1,360903,1,2,2,2,1,1,3,4,2,3,1983,2,2
1991,1,360904,1,6,5,2,1,1,3,4,1,3,1987,2,2
1991,1,360905,1,2,2,2,2,2,3,4,2,3,1991,2,2
1991,1,360906,1,2,5,2,1,1,3,4,1,3,1988,2,2
1991,2,360906,1,4,4,2,1,1,3,4,2,3,1986,2,2
1991,1,360907,6,4,6,2,1,1,3,4,2,3,1990,2,2
1991,1,360908,1,4,2,2,2,2,3,4,2,3,1985,2,2
1991,2,360908,1,5,5,2,2,2,3,4,2,3,1983,2,2
1991,3,360908,4,5,5,1,1,1,3,4,2,3,1991,2,2
1991,1,360909,2,2,2,2,1,1,3,4,2,3,1991,2,2
1991,1,360910,1,2,2,2,2,2,3,4,1,3,1987,2,2
1991,1,360911,1,2,2,2,2,2,3,4,2,3,1984,1,2
1991,1,360912,3,5,5,2,1,1,3,4,1,3,1984,2,2
1991,1,360913,7,7,7,2,4,2,3,2,1,3,9999,2,2
1991,1,360914,4,2,2,1,3,3,3,4,2,3,1987,2,2
1991,1,360915,1,7,7,2,3,3,3,4,2,3,9999,2,2
1991,1,360916,1,2,2,2,1,1,3,4,1,3,1989,2,2
1991,2,360916,1,3,3,2,1,1,3,4,2,3,1984,2,2
1991,1,360917,1,2,2,2,1,1,3,4,2,3,1987,2,2
1991,2,360917,6,6,6,2,1,1,3,4,2,3,1986,2,2
1991,1,360918,3,2,2,2,1,1,3,4,2,3,1990,2,2
1991,1,360919,1,5,5,2,2,2,3,4,1,3,1986,2,2
1991,1,360920,2,2,2,2,1,1,3,4,2,3,1987,2,2
1991,1,360921,1,2,2,2,2,2,3,4,2,3,1977,2,2
1991,1,360922,1,4,4,2,1,1,3,4,2,3,1986,2,2
1991,2,360922,1,2,2,2,1,1,3,4,2,3,1986,1,2
1991,1,360923,1,2,2,1,1,1,3,4,2,3,1991,2,2
1991,1,360924,9,7,7,2,3,3,3,4,2,3,9999,2,2
1991,1,360925,8,7,7,2,1,1,3,4,2,3,1983,2,2
1991,1,360926,1,7,7,2,3,3,3,4,2,3,9999,2,2
1991,1,360927,1,2,2,2,1,1,3,4,2,3,1986,2,2
1991,2,360927,1,3,3,2,1,1,3,4,2,3,1984,2,2
1991,1,360928,6,7,6,2,1,1,3,4,2,3,1988,1,2
1991,1,360929,1,2,2,2,1,1,3,4,1,3,1988,2,2
1991,1,360930,6,2,2,2,1,2,3,4,2,3,1986,2,2
1991,2,360930,1,2,5,2,1,1,3,4,2,3,1988,2,1
1991,1,360931,1,2,2,2,1,1,3,4,2,3,1985,2,2
1991,1,360932,1,2,2,2,2,2,3,4,2,3,1982,2,2
1991,2,360932,1,3,3,2,1,1,3,4,2,3,1985,2,2
1991,1,360933,1,2,2,2,1,1,3,4,1,3,1983,2,2
1991,1,360934,6,5,5,1,2,2,3,4,1,3,1979,2,2
1991,1,360935,7,6,2,2,4,1,3,1,1,3,1979,2,2
1991,1,360936,1,7,7,2,1,1,3,4,2,3,1986,2,2
1991,1,360937,1,2,2,2,1,1,3,4,2,3,1985,2,2
1991,1,360938,1,5,5,2,3,3,3,4,2,3,1984,2,2
1991,2,360938,6,2,2,1,1,1,3,4,2,3,1973,2,2
1991,1,360939,2,2,2,2,1,1,3,4,2,3,1990,2,2
1991,1,360940,1,5,2,2,1,1,3,4,2,3,1983,2,2
1991,2,360940,9,7,7,2,3,3,3,4,2,3,9999,2,2
1991,1,360941,1,5,5,2,2,2,3,4,1,3,1980,2,2
1991,1,360942,1,2,2,2,1,1,3,4,2,3,1983,2,2
1991,1,360943,2,3,3,2,2,2,3,4,1,3,1985,2,2
1991,1,360944,7,2,2,2,4,1,3,1,1,3,1980,1,2
1991,1,360945,1,2,2,2,1,1,3,4,2,3,1989,2,2
1991,1,360946,1,2,2,2,1,1,3,4,2,3,1990,2,2
1991,1,360947,1,2,2,1,3,3,3,4,1,3,1990,2,2
1991,1,360948,8,2,2,2,1,1,3,4,2,3,1988,2,2
1991,1,360949,1,2,2,2,2,2,3,4,2,3,1990,1,2
1991,2,360949,4,4,4,2,1,1,3,4,2,3,1989,2,2
1991,1,360950,1,5,7,1,2,2,3,4,1,3,1984,2,2
1991,2,360950,1,2,2,2,1,1,3,4,2,3,1989,2,2
1991,1,360951,2,5,5,1,3,3,3,4,1,3,1983,2,2
1991,1,360952,1,2,2,2,1,1,3,4,2,3,1982,2,2
1991,2,360952,1,5,5,2,1,1,3,4,2,3,1991,2,2
1991,1,360953,1,5,5,2,1,1,3,4,2,3,1989,2,2
1991,2,360953,1,2,2,2,1,1,3,4,2,3,1979,1,2
1991,1,360954,1,2,2,2,1,1,3,4,2,3,1987,2,2
1991,1,360955,1,2,2,2,1,1,3,4,1,3,1991,2,2
1991,2,360955,1,3,3,2,1,1,3,4,2,3,1979,2,2
1991,1,360956,6,4,4,2,1,1,3,4,2,3,1985,1,2
1991,1,360957,1,2,2,2,2,2,3,4,2,3,1987,2,2
1991,2,360957,1,5,5,2,1,1,3,4,2,3,1989,2,2
1991,1,360958,1,4,4,2,1,1,3,4,2,3,1990,2,2
1991,2,360958,1,2,2,2,1,1,3,4,2,3,1984,2,2
1991,1,360959,1,7,7,2,3,3,3,4,2,3,1982,2,2
1991,1,360960,7,7,7,2,4,1,3,1,1,3,1982,2,2
1991,1,360961,1,2,2,2,3,3,3,4,2,3,1974,2,2
1991,1,360962,1,7,7,2,3,3,3,4,2,3,1991,2,2
1991,2,360962,1,6,6,2,1,1,3,4,2,3,1990,2,2
1991,1,360963,1,2,2,2,1,1,3,4,2,3,1983,1,2
1991,2,360963,7,5,5,2,4,2,3,2,1,3,1984,2,2
1991,1,360964,1,4,4,2,1,1,3,4,2,3,1990,1,2
1991,1,360965,1,2,2,2,1,1,3,4,2,3,1977,2,2
1991,2,360965,2,4,4,2,1,1,3,4,2,3,1978,2,2
1991,3,360965,6,2,2,2,1,1,3,4,2,3,1988,2,2
1991,1,360966,1,4,4,2,2,2,3,4,1,3,1986,2,2
1991,1,360967,1,6,5,2,2,2,3,4,1,3,1985,2,2
1991,1,360968,1,5,5,2,1,1,3,4,2,3,1986,2,2
1991,2,360968,6,2,2,2,1,1,3,4,2,3,1979,2,2
1991,1,360969,1,2,2,2,1,1,3,4,2,3,1977,2,2
1991,1,360970,2,2,2,2,1,1,3,4,2,3,1983,2,2
1991,1,360971,1,2,2,2,1,1,3,4,2,3,1983,2,2
1991,2,360971,1,2,2,2,1,1,3,4,2,3,1987,2,2
1991,1,360972,1,2,2,2,1,1,3,4,2,3,1984,2,2
1991,2,360972,7,2,2,2,4,2,3,2,1,3,1985,2,2
1991,1,360973,1,2,2,2,1,1,3,4,2,3,1988,2,2
1991,2,360973,1,4,4,2,1,1,3,4,2,3,1989,2,2
1991,1,360974,7,2,2,2,4,2,3,2,2,3,1979,2,2
1991,1,360975,4,2,2,2,1,1,3,4,2,3,1988,2,2
1991,2,360975,1,5,5,2,1,1,3,4,2,3,1985,2,2
1991,1,360976,1,4,4,2,1,1,3,4,2,3,1991,2,2
1991,2,360976,6,2,2,2,1,1,3,4,2,3,1989,1,2
1991,1,360977,3,7,7,1,1,1,3,4,1,3,1987,2,2
1991,1,360978,1,4,4,2,2,2,3,4,2,3,1983,2,2
1991,1,360979,1,2,2,2,1,1,3,4,1,3,1979,2,2
1991,2,360979,1,7,7,2,1,1,3,4,2,3,1985,2,2
1991,1,360980,1,2,6,1,1,1,3,4,2,3,1989,1,2
1991,1,360981,1,2,2,2,1,1,3,4,2,3,1980,2,2
1991,1,360982,1,3,3,2,1,1,3,4,2,3,1991,2,2
1991,1,360983,3,2,2,2,2,2,3,4,1,3,1983,2,2
1991,1,360984,4,5,5,2,1,1,3,4,2,3,1986,2,2
1991,1,360985,1,3,2,2,2,2,3,4,1,3,1987,2,2
1991,1,360986,2,2,2,2,1,1,3,4,2,3,1977,2,2
1991,1,360987,4,2,2,2,1,1,3,4,2,3,1991,2,2
1991,1,360988,1,2,2,2,1,1,3,4,2,3,1987,2,2
1991,1,360989,1,4,6,2,1,1,3,4,2,3,1989,2,2
1991,1,360990,1,3,5,2,1,1,3,4,2,3,1990,2,2
1991,2,360990,1,2,2,2,1,1,3,4,2,3,1977,2,2
1991,1,360992,1,2,2,2,1,1,3,4,2,3,1986,2,2
1991,2,360992,2,2,2,2,1,1,3,4,2,3,1985,2,2
1991,1,360993,1,3,3,2,1,1,3,4,2,3,1985,2,2
1991,2,360993,2,2,2,2,1,1,3,4,2,3,1985,2,2
1991,1,360994,1,2,2,2,1,1,3,4,2,3,1983,2,2
1991,2,360994,1,2,2,2,1,1,3,4,2,3,1990,2,2
1991,1,360995,1,2,2,1,1,1,3,4,2,3,1973,2,2
1991,1,360996,3,2,2,2,1,1,3,4,2,3,1984,2,2
1991,1,360997,1,2,2,2,1,1,3,4,2,3,1986,2,2
1991,2,360997,1,2,2,2,1,1,3,4,2,3,1986,2,2
1991,1,360998,1,3,3,2,1,1,3,4,2,3,1990,2,2
1991,1,360999,1,3,3,2,1,1,3,4,2,3,1986,2,2
1991,2,360999,6,2,2,2,1,1,3,4,2,3,1991,2,2
1991,1,361000,4,2,2,1,1,1,3,4,2,3,1991,2,1
1991,1,361002,7,4,4,2,4,2,3,2,2,3,1981,2,2
1991,2,361002,7,2,2,2,4,1,3,1,2,3,1986,2,2
1991,1,361003,1,2,2,2,1,1,3,4,2,3,1987,2,2
1991,1,361004,3,2,2,2,2,2,3,4,2,3,1979,2,2
1991,1,361005,1,4,4,1,1,1,3,4,1,3,1987,2,2
1991,1,361006,1,2,2,2,1,1,3,4,2,3,1984,2,2
1991,1,361007,1,2,2,2,1,1,3,4,1,3,1987,2,2
1991,1,361008,1,5,5,2,2,2,3,4,1,3,1986,2,2
1991,2,361008,2,2,2,2,1,1,3,4,2,3,1985,2,2
1991,1,361009,1,3,3,2,1,1,3,4,2,3,1989,2,2
1991,2,361009,1,2,2,2,1,1,3,4,2,3,1986,2,2
1991,1,361010,1,5,5,2,1,1,3,4,1,3,1981,2,2
1991,1,361011,1,5,5,2,1,1,3,4,2,3,1988,2,2
1991,2,361011,4,2,2,2,2,2,3,4,2,3,1975,2,2
1991,1,361012,1,6,2,2,1,1,3,4,1,3,1987,2,2
1991,1,361013,1,2,2,2,1,1,3,4,2,3,1991,2,2
1991,1,361014,7,2,2,2,4,1,3,1,2,3,1984,2,2
1991,2,361014,6,4,4,2,1,1,3,4,2,3,1973,2,2
1991,1,361015,1,2,2,2,1,1,3,4,2,3,1984,1,2
1991,2,361015,1,2,2,2,1,1,3,4,2,3,1985,2,2
1991,1,361016,1,2,2,2,1,1,3,4,2,3,1985,2,2
1991,2,361016,3,2,2,2,1,1,3,4,2,3,1989,2,2
1991,1,361017,2,2,2,1,1,1,3,4,2,3,1981,2,2
1991,2,361017,1,2,2,2,1,1,3,4,2,3,1976,2,2
1991,1,361018,1,3,3,2,1,1,3,4,2,3,1986,2,2
1991,2,361018,7,2,2,2,4,2,3,2,2,3,1991,2,2
1991,1,361019,6,2,2,1,1,1,3,4,2,3,1990,1,2
1991,2,361019,4,3,3,2,1,1,3,4,2,3,1987,2,2
1991,1,361020,1,5,5,2,1,1,3,4,2,3,1987,2,2
1991,2,361020,6,2,2,2,1,1,3,4,2,3,1981,2,2
1991,1,361021,1,2,2,2,2,2,3,4,2,3,1981,2,2
1991,1,361022,1,2,2,2,1,1,3,4,2,3,1985,2,2
1991,2,361022,2,2,2,2,1,1,3,4,2,3,1989,2,2
1991,1,361023,1,7,7,2,1,1,3,4,1,3,1988,2,2
1991,1,361024,6,2,2,2,1,1,3,4,2,3,1989,2,2
1991,1,361025,4,2,2,2,1,1,3,4,2,3,1987,2,1
1991,1,361026,6,4,4,2,1,1,3,4,2,3,1979,2,2
1991,2,361026,1,2,2,2,1,1,3,4,2,3,1985,2,2
1991,1,361027,1,2,2,2,1,1,3,4,2,3,1984,2,2
1991,1,361028,6,2,2,2,1,1,3,4,1,3,1991,2,2
1991,2,361028,4,2,2,2,1,1,3,4,2,3,1987,2,2
1991,3,361028,1,2,2,2,1,1,3,4,2,3,1983,2,2
1991,1,361029,2,2,2,2,1,1,3,4,2,3,1983,2,2
1991,1,361030,1,4,4,2,3,3,3,4,2,3,1986,1,2
1991,1,361031,1,2,2,2,1,1,3,4,2,3,1981,2,2
1991,2,361031,6,2,2,2,1,1,3,4,2,3,1991,2,2
1991,1,361032,4,2,2,2,1,1,3,4,2,3,1990,2,2
1991,1,361033,1,2,2,2,1,1,3,4,2,3,1988,2,2
1991,1,361034,1,2,2,2,1,1,3,4,2,3,1990,2,2
1991,2,361034,1,2,2,2,1,1,3,4,2,3,1980,2,2
1991,1,361035,1,2,2,2,1,1,3,4,2,3,1983,2,2
1991,1,361036,6,2,2,2,2,2,3,4,1,3,9999,2,2
1991,2,361036,1,5,5,2,1,1,3,4,2,3,1989,2,2
1991,3,361036,1,3,3,2,1,1,3,4,2,3,1987,2,2
1991,1,361037,1,5,5,2,1,1,3,4,2,3,1990,2,2
1991,2,361037,2,2,2,2,1,1,3,4,2,3,1978,2,2
1991,1,361038,8,2,2,2,1,1,3,4,2,3,1985,2,2
1991,1,361039,1,2,2,2,2,2,3,4,2,3,1985,2,2
1991,1,361040,4,2,2,2,1,1,3,4,2,3,1991,2,2
1991,2,361040,6,2,2,2,1,1,3,4,1,3,1984,2,2
1991,1,361041,1,2,2,2,1,1,3,4,1,3,1983,2,2
1991,2,361041,1,2,2,2,1,1,3,4,2,3,1988,2,2
1991,1,361042,1,2,2,2,1,1,3,4,2,3,1989,2,2
1991,2,361042,1,5,5,2,1,1,3,4,2,3,1991,2,2
1991,1,361043,1,2,2,2,1,1,3,4,1,3,1990,2,2
1991,1,361044,1,2,2,2,1,1,3,4,1,3,1981,2,2
1991,1,361045,6,1,1,2,1,1,3,4,2,3,1989,1,2
1991,1,361046,1,7,7,2,1,1,3,4,1,3,1978,2,2
1991,1,361047,1,3,3,2,1,1,3,4,2,3,1982,2,2
1991,2,361047,6,2,2,2,1,1,3,4,2,3,1987,1,2
1991,1,361048,1,5,5,1,2,2,3,4,1,3,1982,2,2
1991,1,361049,2,2,2,2,1,1,3,4,2,3,1990,2,1
1991,1,361050,1,3,3,2,1,1,3,4,2,3,1985,2,2
1991,2,361050,3,2,2,2,1,1,3,4,2,3,1991,2,2
1991,1,361051,1,2,2,2,2,2,3,4,2,3,1984,2,2
1991,2,361051,4,5,5,1,1,1,3,4,2,3,1986,2,2
1991,1,361052,7,1,1,2,4,2,3,2,2,3,1987,2,2
1991,1,361053,1,5,5,1,1,1,3,4,1,3,1986,2,2
1991,1,361054,3,1,1,2,1,1,3,4,2,3,1985,2,2
1991,1,361055,4,4,4,2,1,1,3,4,2,3,1974,2,2
1991,1,361056,4,1,1,1,1,1,3,4,2,3,1990,1,2
1991,1,361057,1,2,2,2,1,1,3,4,2,3,1986,2,2
1991,2,361057,1,3,3,2,1,1,3,4,2,3,1989,2,2
1991,1,361058,1,2,2,2,1,1,3,4,2,3,1977,2,2
1991,1,361059,1,2,2,2,1,1,3,4,2,3,1991,2,2
1991,1,361060,1,2,2,2,1,1,3,4,2,3,1988,2,2
1991,2,361060,1,2,2,2,1,1,3,4,2,3,1983,2,2
1991,1,361061,6,2,2,2,2,2,3,4,2,3,1981,2,2
1991,2,361061,1,2,2,2,1,1,3,4,2,3,1986,2,2
1991,1,361062,6,2,2,2,1,1,3,4,2,3,1988,2,2
1991,1,361063,2,2,2,2,1,1,3,4,2,3,1988,2,2
1991,2,361063,1,2,2,2,1,1,3,4,2,3,1989,2,2
1991,1,361064,1,2,2,2,1,1,3,4,1,3,1986,2,2
1991,1,361065,2,7,7,2,1,1,3,4,1,3,1991,2,2
1991,1,361066,1,5,5,2,1,1,3,4,2,3,1988,2,2
1991,2,361066,1,2,2,2,1,1,3,4,2,3,1982,2,2
1991,1,361067,1,2,2,2,2,2,3,4,1,3,1990,2,2
1991,2,361067,1,4,4,2,1,1,3,4,2,3,1989,2,2
1991,1,361068,1,2,5,2,2,2,3,4,1,3,1983,2,2
1991,2,361068,1,2,2,2,1,1,3,4,2,3,1978,2,2
1991,1,361069,9,2,2,2,1,1,3,4,2,3,1988,2,2
1991,1,361070,1,2,6,2,1,1,3,4,1,3,1989,2,2
1991,1,361071,1,2,2,2,1,1,3,4,1,3,1987,2,2
1991,2,361071,1,4,4,2,1,1,3,4,2,3,1990,2,2
1991,1,361073,6,4,4,2,1,1,3,4,2,3,1989,2,2
1991,2,361073,1,2,2,2,2,2,3,4,1,3,1980,2,2
1991,1,361074,6,6,6,2,1,1,3,4,2,3,1985,2,2
1991,1,361075,1,2,2,2,2,1,3,4,2,3,1990,2,2
1991,1,361076,4,2,2,2,1,1,3,4,2,3,1978,2,2
1991,2,361076,7,2,2,2,4,2,3,2,1,3,1987,2,2
1991,1,361077,1,2,2,2,3,3,3,4,2,3,1985,2,2
1991,1,361078,6,5,2,2,1,1,3,4,2,3,1986,2,2
1991,2,361078,1,2,2,2,1,1,3,4,2,3,1982,2,2
1991,1,361079,3,6,6,1,1,1,3,4,1,3,1989,2,2
1991,1,361080,1,2,2,2,2,2,3,4,2,3,1984,2,2
1991,1,361081,1,2,2,2,2,2,3,4,2,3,1982,2,2
1991,2,361081,1,5,5,2,1,1,3,4,2,3,1987,2,2
1991,1,361082,8,2,2,2,1,1,3,4,2,3,1980,2,2
1991,2,361082,1,5,5,2,3,3,3,4,2,3,1983,2,2
1991,1,361083,2,2,2,1,1,1,3,4,2,3,1974,2,1
1991,1,361084,1,2,2,2,1,1,3,4,2,3,1982,2,2
1991,2,361084,7,2,2,2,4,2,3,2,2,3,1986,2,2
1991,1,361085,1,2,2,2,1,1,3,4,2,3,1985,2,2
1991,2,361085,7,7,7,2,4,1,3,1,2,3,1979,2,2
1991,1,361086,7,2,2,2,4,1,3,1,1,3,1989,2,2
1991,1,361087,1,2,2,2,1,1,3,4,2,3,1986,2,2
1991,2,361087,1,2,2,2,1,1,3,4,2,3,1984,2,2
1991,1,361088,2,2,2,2,1,1,3,4,2,3,1986,2,2
1991,1,361089,1,2,2,2,1,1,3,4,2,3,1987,2,2
1991,2,361089,6,6,6,2,1,1,3,4,2,3,1982,2,2
1991,1,361090,1,4,4,2,1,1,3,4,2,3,1990,2,2
1991,2,361090,1,4,3,2,1,1,3,4,2,3,1985,2,2
1991,3,361090,4,2,2,2,1,1,3,4,2,3,1985,1,2
1991,4,361090,1,2,2,2,1,1,3,4,2,3,1988,2,2
1991,1,361091,1,2,2,2,1,1,3,4,2,3,1983,2,2
1991,2,361091,4,2,2,2,1,1,3,4,2,3,1987,2,2
1991,1,361092,7,1,1,2,4,1,3,1,2,3,1985,2,2
1991,1,361093,4,2,2,2,2,2,3,4,2,3,1975,2,2
1991,1,361094,1,2,2,2,2,2,3,4,2,3,1988,2,2
1991,2,361094,1,2,2,2,2,2,3,4,1,3,1982,2,2
1991,1,361095,1,2,2,2,1,1,3,4,2,3,1986,2,2
1991,1,361096,2,2,2,2,1,1,3,4,2,3,1984,2,2
1991,2,361096,1,2,2,2,1,1,3,4,2,3,1979,2,2
1991,1,361097,1,7,7,2,1,1,3,4,2,3,1982,2,2
1991,2,361097,1,2,2,2,1,1,3,4,2,3,1978,2,2
1991,1,361098,2,2,2,2,1,1,3,4,2,3,1978,2,2
1991,2,361098,7,2,2,2,4,1,3,1,2,3,1987,2,2
1991,1,361099,1,2,2,2,1,1,3,4,2,3,1980,2,2
1991,1,361100,4,2,2,1,1,1,3,4,1,2,1987,2,2
1991,1,361101,1,2,2,2,1,1,3,4,2,3,1988,1,2
1991,1,361102,1,5,5,2,1,1,3,4,2,3,1985,2,2
1991,2,361102,4,2,2,2,1,1,3,4,2,3,1983,2,2
1991,1,361103,7,2,2,2,4,2,3,2,2,3,1978,2,2
1991,2,361103,6,4,4,2,1,1,3,4,2,3,1989,2,2
1991,1,361104,2,2,2,2,1,1,3,4,2,3,1989,2,2
1991,2,361104,1,5,5,2,1,1,3,4,2,3,1984,1,2
1991,1,361105,6,4,4,2,1,1,3,4,2,3,1973,2,2
1991,2,361105,1,2,2,2,1,1,3,4,2,3,1987,2,2
1991,1,361106,1,7,7,2,1,1,3,4,2,3,1985,2,2
1991,1,361107,3,2,2,2,2,2,3,4,2,3,1989,2,2
1991,1,361108,6,2,2,2,1,1,3,4,2,3,1988,2,2
1991,1,361109,4,2,2,2,1,1,3,4,1,3,1990,2,2
1991,1,361110,1,5,5,2,2,2,3,4,1,3,1977,2,2
1991,1,361111,1,2,2,2,1,1,3,4,2,3,1979,2,1
1991,1,361112,6,6,6,2,3,3,3,4,2,3,1987,2,2
1991,1,361113,1,2,2,2,1,1,3,4,2,3,1985,2,2
1991,1,361114,1,2,2,2,1,1,3,4,2,3,1991,2,2
1991,1,361115,4,2,2,2,1,1,3,4,2,3,1987,1,2
1991,1,361116,1,2,2,2,2,1,3,4,2,3,1986,2,2
1991,1,361117,1,4,4,2,1,1,3,4,2,3,1990,2,2
1991,2,361117,1,2,2,2,1,1,3,4,1,3,1985,2,2
1991,1,361118,1,2,2,2,1,1,3,4,2,3,1984,2,2
1991,2,361118,1,2,2,2,1,1,3,4,2,3,1988,2,2
1991,1,361119,1,2,2,2,1,1,3,4,2,3,1991,2,2
1991,1,361120,1,2,2,2,2,2,3,4,2,3,1984,2,2
1991,1,361121,1,2,2,2,1,1,3,4,2,3,1988,2,2
1991,1,361122,1,5,5,2,2,2,3,4,2,3,1988,2,2
1991,1,361123,6,7,7,2,1,1,3,4,2,3,1987,2,2
1991,1,361124,9,7,7,2,3,3,3,4,2,3,9999,2,2
1991,1,361125,1,3,2,2,1,1,3,4,2,3,1990,2,2
1991,2,361125,1,2,2,2,1,1,3,4,2,3,1985,2,2
1991,3,361125,1,5,5,2,1,1,3,4,2,3,1986,2,2
1991,1,361126,1,7,7,2,2,2,3,4,1,3,1984,2,2
1991,1,361127,1,3,3,2,1,1,3,4,2,3,1991,2,2
1991,2,361127,1,2,2,2,1,1,3,4,2,3,1989,2,2
1991,1,361128,1,2,2,2,2,2,3,4,2,3,1980,2,2
1991,2,361128,1,4,4,2,1,1,3,4,2,3,1991,2,2
1991,1,361129,4,1,1,1,1,1,3,4,2,3,1990,2,1
1991,1,361130,1,3,3,2,1,1,3,4,1,3,1990,2,2
1991,2,361130,1,2,2,2,1,1,3,4,2,3,1991,2,2
1991,1,361131,7,2,2,2,4,2,3,2,2,3,1988,1,2
1991,2,361131,1,4,4,2,2,2,3,4,2,3,1985,2,2
1991,1,361132,1,2,2,2,1,1,3,4,2,3,1991,2,2
1991,1,361133,2,2,2,2,1,1,3,4,2,3,1987,2,2
1991,1,361134,3,1,1,1,2,2,3,4,1,3,1990,2,2
1991,1,361135,1,1,1,1,1,1,3,4,1,3,1984,2,2
1991,1,361136,1,2,2,2,1,1,3,4,2,3,1978,2,2
1991,1,361137,2,7,7,1,1,1,3,4,2,3,1988,2,2
1991,1,361138,7,3,3,2,4,3,3,3,1,3,1989,2,2
1991,2,361138,2,4,4,2,1,1,3,4,2,3,1990,2,2
1991,1,361139,1,4,4,2,1,1,3,4,1,3,1984,2,2
1991,1,361140,1,3,3,2,3,3,3,4,1,3,1981,2,2
1991,1,361141,1,2,2,1,2,2,3,4,1,3,1983,2,2
1991,1,361142,2,4,4,1,1,1,3,4,2,3,1990,2,2
1991,1,361143,1,2,2,2,1,1,3,4,1,3,1989,2,2
1991,1,361144,1,2,2,1,1,1,3,4,2,3,1987,2,2
1991,1,361145,1,2,2,2,1,1,3,4,2,3,1981,2,2
1991,1,361146,1,2,2,2,1,1,3,4,2,3,1984,2,2
1991,2,361146,1,4,4,2,1,1,3,4,2,3,1981,2,2
1991,1,361147,4,2,2,1,1,1,3,4,2,3,1985,2,2
1991,2,361147,5,2,2,2,2,2,3,4,2,3,1990,2,2
1991,1,361148,1,2,2,2,1,1,3,4,2,3,1983,1,2
1991,1,361149,1,5,5,1,2,2,3,4,1,3,1990,2,2
1991,1,361150,1,3,3,2,1,1,3,4,2,3,1984,2,2
1991,1,361151,7,7,7,2,4,2,3,2,2,3,1985,2,2
1991,1,361152,4,2,2,2,1,2,3,4,2,3,1988,2,2
1991,1,361153,1,3,3,2,1,1,3,4,2,3,1981,2,2
1991,1,361154,1,7,7,2,2,2,3,4,1,3,1987,2,2
1991,2,361154,1,2,2,2,1,1,3,4,1,3,1979,2,2
1991,1,361155,1,2,2,1,1,1,3,4,1,3,1986,2,2
1991,1,361156,1,3,2,1,1,1,3,4,2,3,1990,2,2
1991,2,361156,1,2,2,2,1,1,3,4,2,3,1985,2,2
1991,1,361157,1,6,6,1,1,1,3,4,1,3,1985,2,2
1991,1,361158,6,6,6,2,1,1,3,4,2,3,1984,2,2
1991,1,361159,1,7,7,2,2,2,3,4,1,3,1988,2,2
1991,1,361160,4,2,2,2,1,1,3,4,1,3,1987,2,2
1991,2,361160,1,4,4,2,1,1,3,4,2,3,1988,2,2
1991,3,361160,1,2,2,2,1,1,3,4,2,3,1990,2,2
1991,1,361161,1,2,2,2,2,2,3,4,2,3,1988,2,2
1991,2,361161,4,4,4,2,1,1,3,4,2,3,1985,2,2
1991,1,361162,4,2,2,2,3,3,3,4,1,3,9999,2,2
1991,1,361163,1,2,2,2,1,1,3,4,1,3,1936,2,2
1991,2,361163,3,4,2,2,1,1,3,4,2,3,1986,2,2
1991,3,361163,3,4,2,2,1,1,3,4,2,3,1989,2,2
1991,4,361163,1,4,2,2,1,1,3,4,2,3,1984,2,2
1991,5,361163,2,4,2,2,1,1,3,4,2,3,1986,2,2
1991,6,361163,1,4,4,2,1,1,3,4,2,3,1989,2,2
1991,7,361163,1,6,6,2,1,1,3,4,2,3,1984,2,2
1991,8,361163,1,5,5,2,1,1,3,4,2,3,1990,2,2
1991,1,361164,1,2,2,2,2,2,3,4,2,3,1986,2,2
1991,1,361165,1,2,2,1,1,1,3,4,1,3,1986,2,2
1991,1,361166,7,1,1,2,4,1,3,1,1,3,1991,2,2
1991,1,361167,1,2,2,2,1,1,3,4,1,3,1988,2,2
1991,1,361168,7,2,2,2,4,2,3,2,1,3,1975,2,2
1991,1,361169,1,7,7,1,1,1,3,4,1,3,1991,2,2
1991,1,361170,1,2,2,2,1,1,3,4,2,3,1985,2,2
1991,1,361171,7,2,2,2,4,1,3,1,1,3,1990,2,2
1991,2,361171,1,4,4,2,1,1,3,4,2,3,1990,2,2
1991,1,361172,1,4,2,2,1,1,3,4,1,3,1983,2,2
1991,2,361172,1,4,4,2,1,1,3,4,2,3,1984,2,2
1991,1,361173,6,7,7,1,1,1,3,4,2,3,1985,1,2
1991,1,361174,7,6,3,2,4,2,3,2,2,3,1968,2,2
1991,2,361174,6,6,6,2,1,2,3,4,2,3,1989,2,2
1991,1,361175,1,2,2,2,2,2,3,4,1,3,1987,2,2
1991,1,361176,1,5,5,2,1,1,3,4,2,3,1980,2,2
1991,2,361176,7,2,2,2,4,1,3,1,2,3,1990,2,2
1991,1,361177,1,5,3,1,1,1,3,4,1,3,1990,2,2
1991,2,361177,1,2,2,2,1,1,3,4,2,3,1986,2,2
1991,3,361177,1,5,2,2,1,1,3,4,2,3,1987,2,2
1991,4,361177,8,5,5,2,1,1,3,4,2,3,1978,2,2
1991,5,361177,2,2,2,2,1,1,3,4,2,3,1979,2,2
1991,1,361178,1,3,3,2,1,1,3,4,2,3,1989,1,2
1991,2,361178,1,2,2,2,1,1,3,4,2,3,1982,2,2
1991,1,361179,6,7,7,2,1,1,3,4,1,3,1986,2,2
1991,1,361180,1,2,2,2,2,2,3,4,1,3,1987,2,2
1991,1,361181,1,2,2,2,1,1,3,4,2,3,1981,1,2
1991,1,361182,1,5,5,2,1,1,3,4,2,3,1986,2,2
1991,2,361182,1,2,2,2,1,1,3,4,2,3,1982,2,2
1991,1,361183,1,2,2,2,1,1,3,4,1,3,1991,2,2
1991,2,361183,6,4,4,2,3,3,3,4,2,3,1988,2,2
1991,1,361184,2,6,6,2,1,1,3,4,2,3,1981,1,2
1991,1,361185,2,2,2,2,1,1,3,4,2,3,1983,2,2
1991,2,361185,2,2,5,2,1,1,3,4,2,3,1986,2,2
1991,3,361185,1,2,2,2,1,1,3,4,2,3,1976,2,2
1991,4,361185,6,6,6,2,1,1,3,4,2,3,1983,2,2
1991,1,361186,1,2,5,2,1,1,3,4,2,3,1986,2,2
1991,1,361187,1,2,2,2,2,2,3,4,2,3,1979,2,2
1991,1,361188,1,2,2,2,1,1,3,4,2,3,1988,2,2
1991,2,361188,7,2,2,2,4,1,3,1,2,3,1975,2,2
1991,1,361189,1,2,2,2,1,1,3,4,2,3,1987,1,2
1991,1,361190,1,2,2,2,1,1,3,4,2,3,1987,2,2
1991,1,361191,1,2,2,2,2,2,3,4,2,3,1981,2,2
1991,1,361192,1,2,3,2,1,1,3,4,2,3,1984,2,2
1991,2,361192,6,2,2,2,1,1,3,4,2,3,1978,2,2
1991,1,361193,1,2,2,2,1,1,3,4,1,3,1990,2,2
1991,2,361193,1,5,2,2,1,1,3,4,2,3,1985,2,2
1991,3,361193,1,5,5,2,1,1,3,4,2,3,1984,2,2
1991,1,361194,1,2,2,2,1,1,3,4,2,3,1990,2,2
1991,2,361194,1,5,5,2,2,2,3,4,2,3,1979,2,2
1991,1,361195,1,4,2,2,1,1,3,4,2,3,1988,2,2
1991,2,361195,9,7,7,2,3,3,3,4,2,3,9999,2,2
1991,1,361196,1,2,2,2,1,1,3,4,2,3,1984,2,2
1991,2,361196,1,3,3,2,1,1,3,4,2,3,1965,2,2
1991,3,361196,1,2,2,2,1,1,3,4,2,3,1984,2,2
1991,1,361197,1,2,2,2,1,1,3,4,1,3,1991,2,2
1991,1,361198,1,2,2,2,1,1,3,4,2,3,1981,1,2
1991,1,361199,1,7,7,2,1,1,3,4,2,3,1984,2,2
1991,1,361200,1,7,7,1,1,1,3,4,1,3,1981,2,2
1991,1,361201,1,3,3,2,1,1,3,4,1,3,1978,2,2
1991,1,361202,1,2,5,2,1,1,3,4,1,3,1982,2,2
1991,1,361203,4,2,2,2,1,1,3,4,2,3,1990,2,2
1991,1,361204,1,2,2,2,1,1,3,4,2,3,1986,2,2
1991,1,361205,1,3,3,2,1,1,3,4,2,3,1976,2,2
1991,2,361205,4,2,2,2,1,1,3,4,2,3,1983,2,2
1991,1,361206,1,3,3,2,1,1,3,4,2,3,1986,2,2
1991,2,361206,3,2,2,2,1,1,3,4,2,3,1989,2,2
1991,1,361207,1,3,3,2,1,1,3,4,2,3,1988,2,2
1991,1,361208,6,2,2,2,1,1,3,4,2,3,1975,2,2
1991,2,361208,1,2,2,2,1,1,3,4,2,3,1985,2,2
1991,1,361209,1,2,2,2,1,1,3,4,1,3,1987,1,2
1991,1,361210,1,3,5,2,1,1,3,4,1,3,1975,2,2
1991,1,361211,9,7,7,2,3,3,3,4,2,3,9999,2,2
1991,1,361212,1,2,2,2,1,1,3,4,1,3,1991,2,2
1991,1,361213,1,3,3,2,1,1,3,4,2,3,1988,2,2
1991,2,361213,3,2,2,2,1,1,3,4,2,3,1991,2,2
1991,1,361214,1,2,2,2,1,1,3,4,2,3,1981,2,2
1991,2,361214,1,2,2,2,1,1,3,4,2,3,1988,2,2
1991,1,361215,9,2,2,2,1,2,3,4,1,3,9999,2,2
1991,1,361216,2,2,2,2,1,1,3,4,2,3,1987,2,2
1991,2,361216,1,2,2,2,1,1,3,4,2,3,1988,2,2
1991,3,361216,4,5,5,2,1,1,3,4,2,3,1989,2,2
1991,4,361216,1,5,5,2,1,1,3,4,2,3,1986,2,2
1991,1,361217,1,2,2,2,2,2,3,4,2,3,1987,2,2
1991,2,361217,7,7,7,2,4,1,3,1,2,3,1986,2,2
1991,1,361218,1,5,5,2,1,1,3,4,2,3,1989,2,2
1991,2,361218,1,2,2,2,1,1,3,4,2,3,1987,2,2
1991,1,361219,1,2,2,2,1,1,3,4,2,3,1985,2,2
1991,2,361219,4,3,3,2,1,1,3,4,2,3,1990,2,2
1991,1,361220,1,2,2,2,1,1,3,4,2,3,1980,2,1
1991,1,361221,7,1,1,2,4,2,3,2,2,3,1984,2,2
1991,1,361222,1,2,2,2,1,1,3,4,2,3,1979,2,2
1991,2,361222,1,2,2,2,1,1,3,4,2,3,1986,2,2
1991,1,361223,1,2,2,2,1,1,3,4,1,3,1988,2,2
1991,1,361224,1,2,2,2,1,1,3,4,2,3,1990,2,2
1991,1,361225,7,7,7,2,4,2,3,2,1,3,1987,2,2
1991,1,361226,1,2,2,2,2,2,3,4,1,3,1984,2,2
1991,1,361228,1,2,2,2,1,1,3,4,1,3,1985,2,2
1991,1,361229,2,3,3,2,1,1,3,4,1,3,1978,2,2
1991,1,361230,1,2,2,2,1,1,3,4,2,3,1984,2,2
1991,1,361231,6,2,2,2,1,1,3,4,2,3,1990,2,2
1991,2,361231,7,2,2,2,4,2,3,2,1,3,1981,2,2
1991,1,361232,2,2,7,1,1,1,3,4,1,3,1987,2,2
1991,1,361233,1,5,5,2,1,1,3,4,2,3,1989,2,2
1991,2,361233,2,2,2,2,1,1,3,4,2,3,1982,2,2
1991,1,361234,1,2,2,1,1,1,3,4,1,3,1978,2,2
1991,1,361235,1,2,2,2,1,1,3,4,2,3,1989,2,2
1991,1,361236,2,2,2,2,1,1,3,4,2,3,1989,2,2
1991,2,361236,1,3,3,2,1,1,3,4,2,3,1988,2,2
1991,1,361237,6,2,2,2,1,1,3,4,2,3,1984,2,2
1991,1,361238,1,2,2,2,2,2,3,4,2,3,1985,2,2
1991,2,361238,1,2,2,2,1,1,3,4,2,3,1989,2,2
1991,1,361239,1,2,2,2,1,1,3,4,2,3,1982,2,2
1991,1,361240,1,2,2,2,1,1,3,4,2,3,1990,2,2
1991,2,361240,2,5,5,1,1,1,3,4,1,3,1970,2,2
1991,1,361241,6,2,2,2,1,1,3,4,1,3,1991,2,2
1991,2,361241,1,5,5,2,1,1,3,4,2,3,1984,2,2
1991,1,361242,1,2,5,2,1,1,3,4,1,3,1982,2,2
1991,1,361243,1,5,5,2,1,1,3,4,2,3,1988,2,2
1991,2,361243,1,2,2,2,1,1,3,4,2,3,1990,2,2
1991,1,361244,6,2,2,1,3,3,3,4,2,3,1977,2,1
1991,1,361245,7,2,2,2,4,1,3,1,1,3,1985,2,2
1991,2,361245,1,2,2,2,1,1,3,4,2,3,1989,2,2
1991,1,361246,1,7,7,2,2,2,3,4,1,3,1982,2,2
1991,1,361247,7,2,2,2,4,2,3,2,2,3,9999,2,2
1991,2,361247,1,2,2,2,3,3,3,4,2,3,9999,2,2
1991,1,361248,1,2,2,2,2,2,3,4,2,3,1985,2,2
1991,1,361249,1,2,2,2,1,1,3,4,2,3,1982,2,2
1991,1,361250,1,2,2,2,2,2,3,4,2,3,1987,2,2
1991,1,361251,1,1,1,1,1,1,3,4,1,3,1976,2,2
1991,1,361252,7,2,2,2,4,2,3,2,2,3,1978,2,2
1991,1,361253,1,2,2,2,1,1,3,4,2,3,1983,2,2
1991,2,361253,3,2,2,2,1,1,3,4,2,3,1977,2,2
1991,1,361254,3,5,5,1,2,2,3,4,1,3,1990,2,2
1991,2,361254,1,2,2,2,1,1,3,4,2,3,1981,2,2
1991,1,361255,1,7,7,2,2,2,3,4,2,3,1982,2,2
1991,1,361256,1,3,3,2,1,1,3,4,2,3,1987,2,2
1991,2,361256,1,2,2,2,1,1,3,4,2,3,1989,2,2
1991,1,361257,1,2,2,2,1,1,3,4,2,3,1985,2,2
1991,1,361258,1,5,5,2,1,1,3,4,2,3,1991,2,2
1991,2,361258,6,2,2,1,1,1,3,4,2,3,1990,2,2
1991,3,361258,1,6,6,2,1,1,3,4,2,3,1991,2,2
1991,1,361259,2,2,2,2,1,1,3,4,2,3,1988,2,2
1991,1,361260,1,5,5,2,1,1,3,4,2,3,1991,2,2
1991,2,361260,1,2,2,2,1,1,3,4,1,3,1982,2,2
1991,1,361261,7,2,2,2,4,1,3,1,2,3,1980,1,2
1991,2,361261,1,4,4,2,1,1,3,4,2,3,1988,2,2
1991,1,361262,1,2,2,2,1,1,3,4,2,3,1975,2,2
1991,1,361263,1,2,2,2,1,1,3,4,2,3,1989,2,2
1991,1,361264,1,2,2,2,2,2,3,4,1,3,1967,2,2
1991,1,361265,1,5,5,2,1,1,3,4,1,3,1989,2,2
1991,1,361266,1,3,3,2,1,1,3,4,2,3,1982,2,2
1991,2,361266,1,2,2,2,1,1,3,4,1,3,1967,2,2
1991,1,361267,1,2,2,1,1,1,3,4,2,3,1985,2,2
1991,1,361268,2,2,2,1,1,1,3,4,2,3,1985,2,2
1991,2,361268,1,2,2,2,1,1,3,4,2,3,1989,2,2
1991,1,361269,1,2,2,2,2,2,3,4,2,3,1979,2,2
1991,2,361269,1,2,2,2,1,1,3,4,2,3,1990,2,2
1991,1,361270,1,2,2,2,1,1,3,4,2,3,1982,2,2
1991,1,361271,6,2,2,2,1,1,3,4,1,3,1985,2,2
1991,2,361271,1,2,2,2,1,1,3,4,2,3,1982,2,2
1991,1,361272,2,2,2,1,1,1,3,4,2,3,1983,2,2
1991,1,361273,1,5,5,2,1,1,3,4,2,3,1978,2,2
1991,1,361274,2,2,2,2,1,1,3,4,2,3,1985,2,2
1991,1,361275,1,2,2,1,2,2,3,4,1,3,1980,2,2
1991,1,361276,8,2,2,2,1,1,3,4,2,1,1981,2,2
1991,1,361277,9,7,7,2,3,3,3,4,2,3,9999,2,2
1991,1,361278,7,7,7,2,4,2,3,2,1,3,1977,2,2
1991,1,361279,3,3,3,2,1,1,3,4,2,3,1989,2,2
1991,2,361279,7,2,2,2,4,2,3,2,2,3,1990,2,2
1991,1,361280,1,2,2,2,1,1,3,4,2,3,1984,2,2
1991,2,361280,7,2,2,2,4,2,3,2,1,3,1989,2,2
1991,3,361280,7,2,2,2,4,1,3,1,1,3,1982,2,2
1991,1,361281,1,5,5,2,2,2,3,4,2,3,1982,2,2
1991,2,361281,1,2,2,2,2,2,3,4,2,3,1985,2,2
1991,1,361282,1,6,6,1,1,1,3,4,1,3,1989,2,2
1991,1,361283,1,2,2,2,2,2,3,4,1,3,1986,2,2
1991,1,361284,1,2,2,2,1,1,3,4,2,3,1988,2,2
1991,1,361285,1,2,2,2,3,3,3,4,2,3,1985,2,1
1991,1,361286,1,2,2,2,1,1,3,4,2,3,1977,2,2
1991,1,361287,1,2,2,2,1,1,3,4,1,3,1981,2,2
1991,2,361287,1,3,3,2,1,1,3,4,2,3,1988,2,2
1991,1,361288,6,6,6,2,1,1,3,4,2,3,1981,2,2
1991,2,361288,1,6,6,2,2,2,3,4,2,3,1986,2,2
1991,1,361289,4,2,2,2,1,1,3,4,2,3,1974,2,2
1991,1,361290,6,7,7,2,1,1,3,4,2,3,1987,2,2
1991,2,361290,1,6,6,2,1,1,3,4,2,3,1978,2,2
1991,1,361291,2,3,3,2,1,1,3,4,2,3,1984,2,2
1991,2,361291,7,2,2,2,4,1,3,1,2,3,1985,2,2
1991,1,361292,1,6,6,2,1,1,3,4,2,3,1987,2,2
1991,1,361293,3,2,2,2,1,1,3,4,2,3,1977,2,2
1991,1,361294,1,4,4,2,3,3,3,4,2,3,1990,2,2
1991,2,361294,1,2,2,2,1,1,3,4,2,3,1987,1,2
1991,1,361295,4,5,5,1,1,1,3,4,2,3,1989,2,2
1991,1,361296,2,2,2,2,1,1,3,4,1,3,1991,2,2
1991,1,361297,2,2,2,2,1,1,3,4,2,3,1986,2,2
1991,1,361298,2,1,1,2,1,1,3,4,2,3,1984,2,2
1991,1,361299,1,5,5,2,1,1,3,4,1,3,1983,2,2
1991,2,361299,3,2,2,2,1,1,3,4,1,3,1972,2,2
1991,1,361300,1,3,3,1,2,2,3,4,2,3,1978,2,2
1991,2,361300,1,2,2,2,1,1,3,4,2,3,1984,2,2
1991,1,361301,2,2,2,1,1,1,3,4,2,3,1984,2,1
1991,1,361302,9,2,2,2,1,1,3,4,2,3,1989,2,2
1991,2,361302,4,2,2,2,1,1,3,4,2,3,1988,2,2
1991,1,361303,7,1,1,2,4,2,3,2,2,3,1982,2,2
1991,1,361304,1,2,3,2,1,1,3,4,1,3,1987,2,2
1991,2,361304,1,4,4,2,1,1,3,4,2,3,1991,2,2
1991,3,361304,3,2,2,2,1,1,3,4,2,3,1990,2,2
1991,1,361305,1,2,2,1,1,1,3,4,2,3,1988,2,2
1991,1,361306,1,2,2,2,1,1,3,4,2,3,1982,2,2
1991,2,361306,6,4,4,2,3,3,3,4,2,3,1960,2,2
1991,1,361307,1,5,5,2,1,1,3,4,2,3,1984,2,2
1991,2,361307,1,2,2,2,1,1,3,4,2,3,1983,2,2
1991,1,361308,1,2,2,2,1,1,3,4,2,3,1986,2,2
1991,2,361308,1,3,5,2,1,1,3,4,2,3,1985,2,2
1991,1,361309,1,2,2,2,1,1,3,4,2,3,1986,2,2
1991,1,361310,1,2,2,2,1,1,3,4,2,3,1981,2,2
1991,1,361311,3,2,2,2,1,1,3,4,2,3,1984,2,2
1991,2,361311,1,2,2,2,1,1,3,4,2,3,1988,2,2
1991,3,361311,1,2,2,2,1,1,3,4,2,3,1986,2,2
1991,1,361312,5,2,2,2,2,2,3,4,1,3,1990,2,2
1991,1,361313,1,3,3,2,1,1,3,4,2,3,1982,2,2
1991,2,361313,6,2,2,2,1,1,3,4,2,3,1983,2,2
1991,1,361314,1,7,7,2,3,3,3,4,2,3,9999,2,2
1991,1,361315,1,5,5,2,1,1,3,4,1,3,1989,2,2
1991,1,361316,1,2,2,2,3,3,3,4,2,3,1991,2,2
1991,1,361317,9,7,7,2,3,3,3,4,2,3,9999,2,2
1991,1,361318,1,4,2,2,1,1,3,4,2,3,1986,2,2
1991,2,361318,6,2,4,2,1,1,3,4,2,3,1988,2,2
1991,3,361318,6,2,2,2,1,1,3,4,2,3,1984,2,2
1991,4,361318,1,2,5,2,1,1,3,4,2,3,1990,2,2
1991,1,361319,4,2,2,2,1,1,3,4,2,3,1986,2,2
1991,2,361319,1,2,4,2,1,1,3,4,2,3,1982,2,2
1991,3,361319,1,2,2,2,1,1,3,4,2,3,1984,2,2
1991,1,361320,2,2,2,2,1,1,3,4,2,3,1989,2,2
1991,2,361320,1,2,2,2,1,1,3,4,2,3,1982,2,2
1991,1,361321,1,2,2,2,1,1,3,4,2,3,1990,2,2
1991,1,361322,6,6,6,2,1,1,3,4,2,3,1988,2,2
1991,1,361323,1,2,2,2,1,1,3,4,2,3,1984,2,2
1991,2,361323,1,3,3,2,3,3,3,4,2,3,1981,2,2
1991,1,361324,1,2,2,1,1,1,3,4,1,3,1991,2,2
1991,1,361325,1,2,2,2,1,1,3,4,1,3,1991,2,2
1991,1,361326,1,2,2,2,1,1,3,4,2,3,1984,2,2
1991,1,361327,6,2,2,2,1,1,3,4,2,3,1988,2,2
1991,2,361327,1,5,5,2,2,2,3,4,2,3,1980,2,2
1991,1,361328,3,3,3,2,1,1,3,4,1,3,1986,2,2
1991,1,361329,1,2,2,2,1,1,3,4,1,3,1984,2,2
1991,2,361329,1,6,6,2,1,1,3,4,2,3,1983,2,2
1991,1,361330,4,2,2,2,1,1,3,4,1,3,1990,1,2
1991,2,361330,2,4,4,2,1,1,3,4,2,3,9999,2,2
1991,3,361330,1,2,2,2,1,1,3,4,2,3,1978,2,2
1991,1,361331,1,2,2,2,1,1,3,4,1,3,1978,2,2
1991,1,361332,1,5,5,1,1,1,3,4,2,3,1979,2,1
1991,1,361333,3,1,1,2,1,1,3,4,2,3,1987,2,2
1991,1,361334,1,2,2,2,2,2,3,4,2,3,1983,2,2
1991,2,361334,1,3,3,1,1,1,3,4,2,3,1991,2,2
1991,1,361335,2,2,2,2,1,1,3,4,2,3,1987,2,2
1991,2,361335,1,2,4,2,1,1,3,4,2,3,1987,2,2
1991,1,361336,4,2,2,2,1,1,3,4,1,3,1989,2,2
1991,1,361337,1,2,2,1,2,2,3,4,1,3,1988,2,2
1991,1,361338,1,7,7,2,3,3,3,4,2,3,9999,2,2
1991,1,361339,2,2,2,2,1,1,3,4,2,3,1986,2,2
1991,2,361339,1,4,2,2,1,1,3,4,2,3,1983,2,2
1991,3,361339,2,5,5,2,1,1,3,4,2,3,1977,2,2
1991,1,361340,1,2,2,1,1,1,3,4,1,3,1991,2,2
1991,1,361341,3,1,1,1,1,1,3,4,1,3,1983,2,2
1991,1,361342,6,7,7,2,1,2,3,4,2,3,1985,2,2
1991,1,361343,1,2,2,2,1,1,3,4,2,3,1981,2,2
1991,2,361343,1,5,2,2,1,1,3,4,2,3,1983,2,2
1991,1,361344,4,3,4,1,2,2,3,4,2,3,1990,2,2
1991,2,361344,1,2,2,2,1,1,3,4,1,3,1988,2,2
1991,1,361345,1,2,2,2,1,1,3,4,2,3,1991,2,2
1991,2,361345,6,2,2,2,1,1,3,4,2,3,1979,2,2
1991,1,361346,1,2,2,2,1,1,3,4,1,3,1982,2,2
1991,2,361346,1,4,4,2,3,3,3,4,2,3,1981,2,2
1991,1,361347,1,2,2,2,1,1,3,4,2,3,1985,2,2
1991,1,361348,1,2,2,2,1,1,3,4,2,3,1986,2,2
1991,1,361349,4,6,6,2,1,1,3,4,2,3,1987,2,2
1991,1,361350,2,3,3,1,1,1,3,4,2,3,1981,2,1
1991,1,361351,1,2,2,2,1,1,3,4,2,3,1979,2,2
1991,2,361351,3,3,3,2,1,1,3,4,2,3,1988,2,2
1991,1,361352,1,1,1,1,1,1,3,4,1,3,1986,2,2
1991,1,361353,1,2,2,2,1,1,3,4,2,3,1987,2,2
1991,1,361354,5,2,3,2,1,1,3,4,1,3,1990,2,2
1991,2,361354,7,5,5,2,4,2,3,2,2,3,1981,2,2
1991,3,361354,1,2,2,2,1,1,3,4,2,3,1982,2,2
1991,1,361355,6,4,4,2,1,1,3,4,2,3,1987,2,2
1991,2,361355,7,2,2,2,4,2,3,2,2,3,1978,1,2
1991,1,361356,1,7,7,2,1,1,3,4,2,3,1990,2,2
1991,1,361357,4,2,2,2,1,1,3,4,2,3,1990,2,2
1991,1,361358,1,2,2,2,1,1,3,4,2,3,1989,2,2
1991,1,361359,1,6,7,1,2,2,3,4,1,3,1986,2,2
1991,1,361360,9,7,7,2,3,3,3,4,2,3,9999,2,2
1991,1,361361,2,1,1,1,1,1,3,4,1,3,1986,2,2
1991,1,361362,2,2,2,2,1,1,3,4,1,3,1990,2,2
1991,2,361362,1,5,5,2,1,1,3,4,1,3,1991,2,2
1991,1,361363,6,4,4,2,1,1,3,4,2,3,1987,2,2
1991,2,361363,1,2,2,2,1,1,3,4,1,3,1988,2,2
1991,1,361364,1,5,6,2,1,1,3,4,2,3,1984,2,2
1991,2,361364,6,2,6,1,1,1,3,4,1,3,1967,2,2
1991,1,361365,1,2,2,2,1,1,3,4,1,3,1987,2,2
1991,1,361366,1,2,2,2,1,1,3,4,2,3,1985,2,2
1991,2,361366,1,4,4,2,3,3,3,4,2,3,1986,2,2
1991,1,361367,1,2,2,1,1,1,3,4,2,3,1986,2,2
1991,2,361367,1,5,5,2,1,1,3,4,2,3,1971,2,2
1991,1,361368,1,2,2,2,1,1,3,4,2,3,1990,2,2
1991,1,361369,1,2,5,2,1,1,3,4,2,3,1986,2,2
1991,1,361370,4,2,2,2,1,1,3,4,2,3,1984,2,2
1991,1,361371,4,2,2,2,1,1,3,4,2,3,1982,2,2
1991,1,361372,4,2,2,2,2,2,3,4,2,3,1974,2,2
1991,1,361373,2,2,2,2,1,1,3,4,1,3,1986,2,1
1991,1,361374,1,1,1,1,1,1,3,4,2,3,1989,2,2
1991,1,361375,1,3,3,2,1,1,3,4,2,3,1987,2,2
1991,1,361376,6,2,2,2,1,1,3,4,2,3,1987,2,2
1991,1,361377,9,2,2,2,3,3,3,4,2,3,9999,2,2
1991,1,361378,1,2,2,2,1,1,3,4,2,3,1989,2,2
1991,1,361379,3,2,2,2,2,2,3,4,2,3,1984,2,2
1991,2,361379,7,2,2,2,4,2,3,2,2,3,1983,2,2
1991,1,361380,4,2,2,2,1,1,3,4,2,3,1986,2,2
1991,1,361381,7,7,7,2,4,2,3,2,1,3,1992,2,2
1991,1,361382,4,7,7,2,1,1,3,4,2,3,1987,2,2
1991,1,361383,4,2,2,2,1,1,3,4,2,3,1978,2,2
1991,2,361383,6,2,2,2,1,1,3,4,2,3,1985,2,2
1991,1,361384,1,2,2,2,1,1,3,4,2,3,1977,2,2
1991,1,361385,1,2,2,2,1,1,3,4,1,3,1982,2,2
1991,2,361385,1,3,3,2,1,1,3,4,2,3,1981,2,2
1991,1,361386,1,2,2,2,1,1,3,4,2,3,1991,2,2
1991,1,361387,1,2,2,2,1,1,3,4,2,3,1989,2,2
1991,1,361388,1,2,2,2,1,1,3,4,2,3,1988,2,2
1991,1,361389,1,5,5,2,1,1,3,4,2,3,1984,2,2
1991,2,361389,3,2,2,2,2,2,3,4,1,3,1991,2,2
1991,1,361390,1,7,7,2,3,3,3,4,1,3,9999,1,2
1991,1,361391,1,2,2,2,2,2,3,4,1,3,1981,2,2
1991,1,361392,1,5,5,2,1,1,3,4,1,3,1991,2,2
1991,1,361393,1,3,3,2,1,1,3,4,2,3,1990,2,2
1991,2,361393,1,2,2,2,1,1,3,4,2,3,1990,2,2
1991,1,361394,1,2,2,2,1,1,3,4,2,3,1989,2,2
1991,2,361394,1,5,3,2,1,1,3,4,2,3,1989,2,2
1991,3,361394,1,2,2,2,2,2,3,4,2,3,1989,2,2
1991,1,361395,7,7,7,2,4,2,3,2,1,3,1980,2,2
1991,1,361396,1,2,2,2,1,1,3,4,2,3,1984,2,2
1991,1,361397,1,2,2,2,2,2,3,4,2,3,1982,2,2
1991,1,361398,1,2,2,2,1,1,3,4,2,3,1978,2,2
1991,1,361399,4,3,3,2,1,1,3,4,2,3,1985,2,2
1991,2,361399,7,2,2,2,4,2,3,2,1,3,1976,2,2
1991,1,361400,8,2,2,2,1,1,3,4,2,3,1984,2,2
1991,1,361401,6,6,6,2,1,1,3,4,1,3,1989,2,2
1991,2,361401,2,6,6,2,1,1,3,4,2,3,1978,2,2
1991,1,361402,4,2,2,2,1,1,3,4,2,3,1990,2,2
1991,1,361403,1,2,2,2,1,1,3,4,1,3,1988,2,2
1991,2,361403,1,2,2,2,1,1,3,4,2,3,1982,2,2
1991,1,361404,7,2,2,2,4,1,3,1,2,3,1975,2,2
1991,2,361404,1,2,2,2,1,1,3,4,2,3,1988,2,2
1991,1,361405,1,2,5,1,1,1,3,4,1,3,1986,2,2
1991,1,361406,4,2,2,2,1,1,3,4,2,3,1990,2,2
1991,2,361406,1,3,3,2,2,2,3,4,2,3,1980,2,1
1991,1,361407,3,2,2,2,1,1,3,4,2,3,1988,2,2
1991,2,361407,1,2,2,2,1,1,3,4,2,3,1983,2,2
1991,3,361407,6,5,5,2,1,1,3,4,2,3,1985,2,2
1991,1,361408,1,7,7,2,1,1,3,4,2,3,1986,2,2
1991,2,361408,1,2,2,2,1,1,3,4,2,3,1984,2,2
1991,1,361409,2,2,2,2,1,1,3,4,2,3,1983,2,2
1991,2,361409,1,5,5,2,1,1,3,4,2,3,1980,2,2
1991,1,361410,1,4,2,2,1,1,3,4,2,3,1989,2,2
1991,2,361410,1,2,2,2,1,1,3,4,2,3,1982,2,2
1991,3,361410,1,2,2,2,1,1,3,4,2,3,1988,2,2
1991,1,361411,1,2,3,2,1,1,3,4,1,3,1984,2,2
1991,1,361412,1,5,2,2,1,1,3,4,2,3,1991,2,2
1991,2,361412,1,4,4,2,1,1,3,4,2,3,1989,2,2
1991,3,361412,1,2,2,2,1,1,3,4,2,3,1988,2,2
1991,1,361413,1,2,2,2,1,1,3,4,2,3,1989,2,2
1991,1,361414,1,2,2,1,1,1,3,4,2,3,1990,2,2
1991,1,361415,1,2,2,2,1,1,3,4,2,3,1988,2,2
1991,2,361415,1,2,2,2,2,2,3,4,2,3,1985,2,2
1991,3,361415,1,2,2,2,2,2,3,4,2,3,1985,2,2
1991,1,361416,1,2,2,1,2,2,3,4,1,3,1985,2,2
1991,1,361417,1,2,2,2,1,1,3,4,2,3,1987,2,2
1991,1,361418,1,2,2,1,1,1,3,4,1,3,1973,2,2
1991,1,361419,1,2,2,2,1,1,3,4,2,3,1989,2,2
1991,2,361419,4,7,7,2,1,1,3,4,2,3,1976,2,2
1991,1,361420,1,2,2,2,1,1,3,4,1,3,1990,2,2
1991,1,361421,1,2,2,2,1,1,3,4,2,3,1987,2,1
1991,1,361422,3,1,1,1,2,2,3,4,1,3,1974,2,2
1991,1,361423,1,2,2,2,1,1,3,4,2,3,1975,2,2
1991,2,361423,1,5,5,2,1,1,3,4,2,3,1981,2,2
1991,1,361424,1,2,3,1,1,1,3,4,1,3,1989,2,1
1991,1,361425,2,2,2,2,1,1,3,4,1,3,1990,2,2
1991,2,361425,6,5,5,1,1,1,3,4,2,3,1987,2,2
1991,1,361426,3,2,2,2,1,1,3,4,2,3,1988,2,2
1991,1,361427,1,3,3,2,1,1,3,4,2,3,1987,2,2
1991,2,361427,4,2,2,2,1,1,3,4,2,3,1990,2,2
1991,1,361428,1,3,3,2,1,1,3,4,2,3,1988,2,2
1991,1,361429,1,2,2,2,2,2,3,4,1,3,1987,2,2
1991,2,361429,1,2,2,2,1,1,3,4,2,3,1985,2,2
1991,3,361429,1,2,2,2,1,1,3,4,2,3,1986,2,2
1991,1,361430,2,5,3,2,1,1,3,4,1,3,1988,2,2
1991,1,361431,1,2,2,2,1,1,3,4,2,3,1986,2,2
1991,1,361433,1,2,2,2,1,1,3,4,2,3,1991,2,1
1991,1,361434,1,2,2,2,1,1,3,4,2,3,1984,2,2
1991,2,361434,1,2,2,2,1,1,3,4,2,3,1982,2,2
1991,1,361435,1,2,2,2,1,1,3,4,2,3,1992,2,2
1991,2,361435,1,2,2,2,2,2,3,4,2,3,1985,2,2
1991,1,361436,1,2,2,2,1,1,3,4,2,3,1987,2,2
1991,2,361436,4,2,2,2,1,1,3,4,2,3,1985,2,2
1991,1,361437,1,2,2,1,1,1,3,4,1,3,1981,2,2
1991,1,361438,1,2,2,2,1,1,3,4,2,3,1985,2,2
1991,1,361439,1,3,3,2,1,1,3,4,1,3,1988,2,2
1991,2,361439,2,2,2,2,1,1,3,4,2,3,1990,2,2
1991,1,361440,1,2,2,2,1,1,3,4,2,3,1982,2,2
1991,1,361441,2,2,2,2,1,1,3,4,2,3,1977,2,2
1991,2,361441,7,2,2,2,4,1,3,1,2,3,1957,2,2
1991,1,361442,1,3,3,2,1,1,3,4,2,3,1989,2,2
1991,2,361442,1,2,2,2,2,2,3,4,2,3,1988,2,2
1991,1,361443,1,5,5,2,1,1,3,4,1,3,1970,2,2
1991,1,361444,1,2,2,2,1,1,3,4,2,3,1983,2,2
1991,1,361445,2,2,2,2,2,2,3,4,2,3,1988,1,2
1991,1,361446,1,4,2,2,1,1,3,4,2,3,1982,2,2
1991,2,361446,1,2,2,2,2,2,3,4,2,3,1986,2,2
1991,1,361447,1,2,2,2,1,1,3,4,2,3,1985,2,2
1991,2,361447,1,3,3,2,1,1,3,4,2,3,1989,2,2
1991,1,361448,4,7,7,2,1,1,3,4,2,3,1989,2,1
1991,1,361449,3,2,2,2,1,1,3,4,2,3,1986,2,2
1991,1,361450,1,2,2,2,2,2,3,4,2,3,1963,2,2
1991,1,361451,1,2,2,2,1,1,3,4,2,3,1990,2,2
1991,2,361451,1,5,5,2,1,1,3,4,2,3,1985,2,2
1991,1,361452,1,2,2,2,1,1,3,4,2,3,1989,2,2
1991,2,361452,1,3,3,2,1,1,3,4,2,3,1986,2,2
1991,1,361453,1,2,2,2,2,1,3,4,2,3,1982,2,2
1991,1,361454,3,4,4,1,1,1,3,4,2,3,1991,2,2
1991,2,361454,6,2,2,2,1,1,3,4,2,3,1978,2,2
1991,1,361456,1,2,2,2,1,1,3,4,2,3,1986,2,2
1991,1,361457,4,2,2,2,1,1,3,4,2,3,1986,2,1
1991,1,361458,4,3,2,2,2,2,3,4,1,3,1976,1,2
1991,1,361459,7,2,2,2,4,2,3,2,2,3,1979,2,2
1991,1,361460,1,2,2,2,1,1,3,4,2,3,1987,2,2
1991,2,361460,6,5,5,2,1,1,3,4,2,3,1981,2,2
1991,1,361461,1,2,2,2,1,1,3,4,2,3,1989,2,2
1991,1,361462,1,2,2,2,1,1,3,4,2,3,1984,2,2
1991,1,361463,3,2,2,1,2,2,3,4,1,3,1986,2,2
1991,1,361464,9,7,7,2,1,1,3,4,2,3,9999,2,2
1991,1,361465,1,2,2,2,1,1,3,4,2,3,1987,2,1
1991,2,361465,2,2,2,1,1,1,3,4,2,3,1982,2,2
1991,3,361465,1,2,2,2,1,1,3,4,2,3,1987,2,2
1991,1,361466,4,2,2,2,1,1,3,4,2,3,1990,2,2
1991,1,361467,1,2,2,2,1,1,3,4,2,3,1982,2,2
1991,2,361467,7,2,2,2,4,2,3,2,2,3,1980,2,2
1991,1,361468,4,2,2,2,1,1,3,4,2,3,1977,2,2
1991,2,361468,1,5,5,2,1,1,3,4,2,3,1986,2,2
1991,1,361469,1,2,2,2,1,1,3,4,1,3,1980,2,2
1991,1,361470,1,6,6,1,1,1,3,4,1,3,1981,2,2
1991,1,361471,1,2,2,2,1,1,3,4,2,3,1977,2,2
1991,2,361471,6,4,4,2,1,1,3,4,2,3,1976,2,2
1991,1,361472,1,3,3,2,1,1,3,4,1,3,1989,2,2
1991,1,361473,4,2,2,2,1,1,3,4,1,3,1990,2,2
1991,1,361474,1,2,2,2,2,2,3,4,1,3,1983,2,2
1991,2,361474,3,2,2,2,1,1,3,4,2,3,1991,2,2
1991,1,361475,1,2,2,2,1,1,3,4,2,3,1983,2,2
1991,1,361476,1,2,2,2,1,1,3,4,2,3,1985,2,1
1991,1,361477,1,1,1,1,1,1,3,4,1,3,1985,2,2
1991,1,361478,1,3,3,2,1,1,3,4,1,3,1984,2,2
1991,2,361478,3,2,2,2,1,1,3,4,2,3,1990,2,2
1991,3,361478,1,5,5,2,1,1,3,4,2,3,1990,2,2
1991,1,361479,1,3,3,2,1,1,3,4,2,3,1991,2,2
1991,1,361480,3,2,2,1,1,1,3,4,2,3,1990,2,2
1991,2,361480,1,2,2,2,1,1,3,4,2,3,1991,2,1
1991,1,361481,1,5,5,1,1,1,3,4,1,3,1984,2,2
1991,1,361482,1,2,2,2,1,1,3,4,1,3,1986,2,2
1991,1,361483,1,2,2,2,2,2,3,4,1,3,1983,2,2
1991,1,361484,1,2,2,2,2,2,3,4,2,3,1979,2,2
1991,1,361485,1,2,2,2,1,1,3,4,2,3,1991,2,2
1991,1,361486,1,7,7,2,3,3,3,4,2,3,9999,2,2
1991,1,361487,1,2,2,2,1,1,3,4,2,3,1990,2,2
1991,1,361488,4,2,2,2,1,1,3,4,2,3,1990,1,2
1991,1,361489,8,2,2,2,1,1,3,4,2,3,1991,2,2
1991,1,361490,9,7,7,2,3,3,3,4,2,3,9999,2,2
1991,1,361491,1,2,2,2,1,1,3,4,2,3,1989,2,2
1991,2,361491,1,3,3,2,1,1,3,4,2,3,1987,2,2
1991,1,361492,1,6,3,2,1,1,3,4,2,3,1985,2,2
1991,1,361493,1,2,2,2,1,1,3,4,2,3,1984,2,2
1991,2,361493,1,6,6,2,1,1,3,4,2,3,1983,2,2
1991,1,361494,7,6,6,2,4,1,3,1,1,3,1984,2,2
1991,1,361495,1,2,2,2,1,1,3,4,2,3,1990,2,2
1991,2,361495,4,4,4,1,2,2,3,4,2,3,1988,2,2
1991,1,361496,1,2,2,2,1,1,3,4,2,3,1981,2,2
1991,1,361497,1,3,3,2,1,1,3,4,2,3,1990,2,2
1991,1,361498,1,2,2,2,1,1,3,4,2,3,1987,2,2
1991,1,361499,6,2,2,2,1,1,3,4,2,3,1987,1,2
1991,1,361500,3,2,2,2,1,1,3,4,2,3,1985,2,2
1991,1,361501,1,2,2,1,1,1,3,4,2,3,1988,2,2
1991,1,361502,1,2,2,2,1,1,3,4,2,3,1987,2,2
1991,1,361503,1,1,1,1,2,2,3,4,1,3,1989,2,2
1991,1,361504,1,2,2,2,1,1,3,4,1,3,1972,2,2
1991,1,361505,1,2,2,2,1,1,3,4,1,3,1983,2,2
1991,1,361506,1,2,2,2,2,2,3,4,1,3,1984,2,2
1991,1,361507,1,2,2,2,1,1,3,4,2,3,1989,2,2
1991,2,361507,1,5,2,2,1,1,3,4,2,3,1987,2,2
1991,1,361508,4,7,7,2,1,1,3,4,2,3,1991,2,2
1991,1,361509,1,2,2,2,1,1,3,4,2,3,1982,1,2
1991,2,361509,1,2,2,2,1,1,3,4,2,3,1986,2,2
1991,1,361510,1,2,2,2,1,1,3,4,2,3,1980,2,2
1991,2,361510,1,4,4,2,3,3,3,4,2,3,1986,2,2
1991,3,361510,1,5,5,2,2,2,3,4,2,3,1981,2,2
1991,1,361511,1,2,2,2,1,1,3,4,2,3,1984,2,2
1991,1,361512,9,7,7,2,1,1,3,4,1,3,1990,2,2
1991,2,361512,9,2,2,2,1,1,3,4,1,3,1989,2,2
1991,1,361513,1,2,2,2,3,3,3,4,2,3,9999,2,2
1991,1,361514,1,2,2,2,2,2,3,4,2,3,1982,2,2
1991,1,361515,6,2,2,2,2,2,3,4,2,3,1988,2,2
1991,1,361516,1,2,2,2,2,2,3,4,2,3,1985,2,2
1991,1,361517,1,3,3,2,1,1,3,4,2,3,1978,2,2
1991,1,361518,8,2,2,2,1,1,3,4,2,3,1990,2,2
1991,1,361519,1,2,2,2,1,1,3,4,1,3,1987,1,2
1991,2,361519,1,5,5,2,1,1,3,4,2,3,1985,1,2
1991,1,361520,6,6,6,2,1,1,3,4,2,3,1991,2,2
1991,2,361520,1,5,2,1,1,1,3,4,2,3,1990,2,2
1991,1,361521,9,7,7,1,1,1,3,4,1,3,1991,2,2
1991,1,361522,9,2,2,2,2,2,3,4,2,3,1988,2,2
1991,1,361523,1,5,5,1,1,1,3,4,2,3,1987,2,2
1991,2,361523,8,2,2,2,1,1,3,4,2,3,1984,2,2
1991,1,361524,1,6,2,2,1,1,3,4,1,3,1980,2,2
1991,1,361525,1,2,2,2,1,1,3,4,2,3,1974,2,2
1991,1,361526,1,2,2,2,1,1,3,4,2,3,1989,2,2
1991,1,361527,1,2,2,2,1,1,3,4,2,3,1989,2,2
1991,1,361528,6,2,2,2,1,1,3,4,2,3,1990,2,2
1991,2,361528,1,4,4,2,1,1,3,4,2,3,1987,2,2
1991,1,361529,1,3,3,2,1,1,3,4,2,3,1978,2,2
1991,2,361529,7,2,2,2,4,1,3,1,2,3,1983,2,2
1991,1,361531,1,5,5,2,1,1,3,4,2,3,1978,2,2
1991,2,361531,2,2,2,2,1,1,3,4,2,3,1988,2,2
1991,1,361532,4,2,2,2,1,1,3,4,2,3,1987,2,2
1991,2,361532,1,3,3,2,1,1,3,4,2,3,1982,2,2
1991,1,361533,1,6,6,1,1,1,3,4,1,3,1983,2,1
1991,1,361534,1,6,2,2,1,1,3,4,2,3,1991,2,2
1991,2,361534,1,6,6,2,2,2,3,4,2,3,1987,2,2
1991,1,361535,1,6,2,2,1,1,3,4,2,3,1985,2,2
1991,1,361536,1,2,2,1,1,1,3,4,2,3,1991,2,2
1991,1,361537,1,5,5,2,1,1,3,4,1,3,1980,2,2
1991,2,361537,1,5,5,2,1,1,3,4,2,3,1978,2,2
1991,3,361537,1,2,2,2,1,1,3,4,2,3,1980,2,2
1991,1,361538,1,2,2,2,1,1,3,4,2,3,1987,2,2
1991,2,361538,1,6,6,2,1,1,3,4,2,3,1973,2,2
1991,1,361539,1,2,2,2,2,2,3,4,2,3,1991,2,2
1991,1,361540,1,2,2,1,1,1,3,4,2,3,1986,2,2
1991,1,361541,1,3,2,2,1,1,3,4,1,3,1983,2,2
1991,1,361542,1,2,2,2,2,2,3,4,2,3,1982,2,2
1991,2,361542,1,2,2,2,1,1,3,4,2,3,1991,2,2
1991,1,361543,1,3,3,2,1,1,3,4,2,3,1989,2,2
1991,2,361543,1,2,2,2,1,1,3,4,2,3,1990,2,2
1991,1,361544,1,2,2,2,2,2,3,4,2,3,1979,2,2
1991,2,361544,8,2,2,2,1,1,3,4,2,1,1987,2,2
1991,1,361545,1,2,2,2,1,1,3,4,2,3,1987,2,2
1991,1,361546,1,2,2,2,1,1,3,4,1,3,1984,2,2
1991,2,361546,1,2,2,2,1,1,3,4,2,3,1985,2,2
1991,1,361547,2,2,2,2,1,1,3,4,2,3,1990,2,2
1991,1,361548,1,2,2,2,1,1,3,4,2,3,1985,2,2
1991,2,361548,1,3,3,2,1,1,3,4,2,3,1981,2,2
1991,1,361549,1,5,5,2,1,1,3,4,1,3,1989,2,2
1991,1,361550,2,2,2,2,1,1,3,4,1,3,1988,2,2
1991,2,361550,1,2,2,2,2,2,3,4,2,3,1988,2,2
1991,1,361551,1,4,4,2,1,1,3,4,2,3,1987,2,2
1991,2,361551,1,2,2,2,2,2,3,4,2,3,1982,2,2
1991,1,361552,1,2,2,2,1,1,3,4,2,3,1991,1,2
1991,2,361552,1,5,3,2,1,1,3,4,2,3,1985,2,2
1991,3,361552,1,2,2,2,1,1,3,4,2,3,1988,2,2
1991,1,361553,2,2,2,2,1,1,3,4,2,3,1986,2,2
1991,1,361554,9,7,7,2,3,3,3,4,2,3,9999,2,2
1991,1,361555,1,5,5,2,1,1,3,4,2,3,1976,2,2
1991,1,361556,1,2,2,2,1,1,3,4,2,3,1985,2,2
1991,2,361556,1,2,2,2,1,1,3,4,2,3,1988,2,2
1991,1,361557,2,2,2,2,1,1,3,4,2,3,1988,2,2
1991,1,361558,1,2,2,2,2,2,3,4,1,3,1975,2,2
1991,1,361559,1,2,2,2,2,2,3,4,1,3,1987,2,2
1991,1,361560,1,6,6,1,1,1,3,4,1,3,1981,2,2
1991,1,361561,1,2,2,1,1,1,3,4,1,3,1977,2,2
1991,1,361562,1,5,5,2,1,1,3,4,1,3,1986,2,2
1991,1,361563,1,3,3,2,1,1,3,4,2,3,1990,2,2
1991,1,361564,1,3,3,2,1,1,3,4,1,3,1988,1,2
1991,1,361565,1,5,2,2,3,3,3,4,2,3,1980,2,2
1991,2,361565,4,2,2,2,1,1,3,4,2,3,1986,2,2
1991,3,361565,1,7,7,2,3,3,3,4,1,3,1988,2,2
1991,1,361566,1,2,2,2,2,1,3,4,2,3,1983,2,2
1991,2,361566,1,3,2,2,1,1,3,4,2,3,1982,2,2
1991,1,361567,1,3,3,2,1,1,3,4,1,3,1987,2,2
1991,1,361568,6,7,7,1,1,1,3,4,2,3,1983,2,2
1991,1,361569,1,2,2,2,1,1,3,4,2,3,1977,2,2
1991,1,361570,1,7,7,2,3,3,3,4,1,3,1979,2,2
1991,1,361571,1,2,2,1,1,1,3,4,1,3,1990,2,2
1991,1,361572,1,5,5,2,1,1,3,4,2,3,1983,2,2
1991,2,361572,3,2,2,2,1,1,3,4,2,3,1990,2,2
1991,1,361573,2,2,2,2,1,1,3,4,2,3,1980,2,2
1991,1,361574,1,2,2,2,1,1,3,4,2,3,1990,2,2
1991,1,361575,1,2,2,2,1,1,3,4,2,3,1986,2,2
1991,1,361576,1,2,2,2,2,2,3,4,2,3,1985,2,2
1991,2,361576,1,2,2,2,2,2,3,4,2,3,1987,2,2
1991,1,361577,2,2,2,2,1,1,3,4,2,3,1991,2,1
1991,2,361577,6,2,2,2,1,1,3,4,2,3,1990,2,2
1991,1,361578,1,3,3,2,1,1,3,4,2,3,1985,2,2
1991,1,361579,1,5,4,2,1,1,3,4,2,3,1983,2,2
1991,2,361579,1,3,2,1,1,1,3,4,2,3,1991,2,2
1991,3,361579,1,6,4,2,1,1,3,4,2,3,1985,2,2
1991,4,361579,1,6,4,2,1,1,3,4,2,3,1989,2,2
1991,5,361579,3,2,2,2,1,1,3,4,2,3,1991,2,2
1991,1,361580,1,3,3,2,1,1,3,4,1,3,1981,2,2
1991,1,361581,1,3,3,2,1,1,3,4,1,3,1972,2,2
1991,1,361582,1,7,7,2,1,1,3,4,1,3,1988,2,2
1991,1,361583,6,2,2,2,1,1,3,4,2,3,1985,2,2
1991,2,361583,1,2,3,2,1,1,3,4,2,3,1985,2,2
1991,1,361584,1,7,7,2,3,3,3,4,2,3,1977,2,2
1991,1,361585,3,2,2,2,1,1,3,4,2,3,1987,2,2
1991,2,361585,1,3,3,2,1,1,3,4,2,3,1990,2,2
1991,1,361586,1,4,2,2,1,1,3,4,2,3,1982,2,2
1991,2,361586,3,2,2,2,1,1,3,4,2,3,1985,2,2
1991,3,361586,2,2,2,2,1,1,3,4,2,3,1986,2,2
1991,1,361587,1,2,2,2,1,1,3,4,2,3,1988,2,2
1991,2,361587,1,2,2,2,1,1,3,4,2,3,1984,2,2
1991,1,361588,1,2,2,2,1,1,3,4,2,3,1981,2,2
1991,2,361588,2,2,2,2,2,2,3,4,1,3,1990,2,2
1991,1,361589,7,2,2,2,4,2,3,2,2,3,1986,2,2
1991,1,361590,7,7,7,2,4,1,3,1,2,3,1982,2,2
1991,2,361590,4,2,2,2,1,1,3,4,2,3,1987,2,2
1991,3,361590,4,4,4,2,1,1,3,4,2,3,1989,2,2
1991,1,361591,1,2,2,2,1,1,3,4,2,3,1982,2,2
1991,2,361591,6,2,2,2,1,1,3,4,2,3,1989,2,2
1991,1,361592,1,2,2,2,1,1,3,4,2,3,1988,2,2
1991,1,361593,1,3,3,2,1,1,3,4,2,3,1980,2,2
1991,2,361593,4,2,2,2,1,1,3,4,2,3,1987,2,2
1991,1,361594,4,2,5,2,1,1,3,4,2,3,1986,2,2
1991,1,361595,1,2,2,2,1,1,3,4,2,3,1974,2,2
1991,1,361596,1,2,2,2,1,1,3,4,1,3,1985,2,2
1991,1,361597,1,2,2,2,2,1,3,4,2,3,1986,1,2
1991,2,361597,1,2,2,2,1,1,3,4,2,3,1980,2,2
1991,3,361597,1,2,2,2,1,1,3,4,2,3,1991,2,2
1991,4,361597,1,2,2,2,1,1,3,4,2,3,1989,2,2
1991,1,361598,1,5,5,2,1,1,3,4,1,3,1990,2,2
1991,1,361599,1,2,2,2,1,1,3,4,2,3,1989,2,2
1991,1,361600,1,5,5,2,1,1,3,4,2,3,1984,2,2
1991,2,361600,4,2,2,2,1,1,3,4,1,3,1984,2,2
1991,1,361601,1,2,2,2,3,3,3,4,2,3,1992,2,2
1991,1,361602,1,2,2,2,1,1,3,4,2,3,1990,2,2
1991,1,361603,1,2,2,2,1,1,3,4,2,3,1986,2,2
1991,1,361604,6,2,2,2,1,1,3,4,1,3,1988,2,2
1991,1,361605,1,5,5,2,1,1,3,4,2,3,1979,2,2
1991,2,361605,7,2,2,2,4,2,3,2,1,3,1991,2,2
1991,1,361606,6,2,6,2,1,1,3,4,2,3,1992,2,2
1991,1,361607,1,2,2,2,2,2,3,4,2,3,1991,2,2
1991,2,361607,1,2,2,2,1,1,3,4,2,3,1991,2,2
1991,1,361608,2,2,2,2,1,1,3,4,2,3,1990,2,2
1991,2,361608,1,2,2,2,1,1,3,4,2,3,1982,2,2
1991,3,361608,1,2,2,2,1,1,3,4,2,3,1989,2,2
1991,1,361609,1,2,2,2,1,1,3,4,2,3,1979,2,2
1991,1,361610,1,2,2,2,2,2,3,4,1,3,1983,2,2
1991,2,361610,1,2,2,2,2,2,3,4,2,3,1985,2,2
1991,1,361611,1,2,2,2,1,1,3,4,2,3,1973,2,2
1991,2,361611,3,2,2,2,1,1,3,4,2,3,1989,2,2
1991,1,361612,1,4,4,2,1,1,3,4,2,3,1984,2,2
1991,2,361612,1,2,2,2,1,1,3,4,1,3,1986,2,2
1991,1,361613,1,5,5,1,1,1,3,4,2,3,1977,2,2
1991,2,361613,1,2,2,2,1,1,3,4,2,3,1989,2,2
1991,1,361614,1,2,2,2,1,1,3,4,2,3,1985,2,2
1991,2,361614,1,5,5,2,1,1,3,4,2,3,1987,2,2
1991,1,361615,1,2,2,2,1,1,3,4,2,3,1985,2,2
1991,1,361616,1,3,3,2,1,1,3,4,2,3,1985,2,2
1991,2,361616,7,2,2,2,4,1,3,1,1,3,1986,2,2
1991,1,361617,1,2,2,2,1,1,3,4,2,3,1978,2,2
1991,2,361617,1,5,5,2,1,1,3,4,2,3,1986,2,2
1991,1,361618,1,2,2,2,1,1,3,4,2,3,1985,2,2
1991,2,361618,1,2,2,2,1,1,3,4,2,3,1986,2,2
1991,1,361619,4,2,2,1,1,1,3,4,1,3,1990,2,2
1991,1,361620,1,3,3,2,1,1,3,4,2,3,1990,2,2
1991,2,361620,1,2,2,2,2,1,3,4,1,3,1978,2,2
1991,3,361620,3,5,5,2,1,1,3,4,2,3,1988,2,2
1991,4,361620,4,2,2,2,1,1,3,4,2,3,1987,2,2
1991,1,361621,4,2,2,2,1,1,3,4,2,3,1991,2,2
1991,2,361621,1,3,3,2,1,1,3,4,2,3,1985,2,2
1991,1,361622,1,2,2,2,2,2,3,4,2,3,1981,2,2
1991,1,361623,1,2,2,2,1,1,3,4,2,3,1990,1,2
1991,2,361623,1,5,3,2,1,1,3,4,2,3,1989,2,2
1991,1,361624,6,6,6,2,1,1,3,4,2,3,1989,2,2
1991,1,361625,1,6,6,1,1,1,3,4,1,3,1991,2,2
1991,1,361626,1,2,2,2,1,1,3,4,2,3,1980,2,2
1991,1,361627,2,4,4,1,1,1,3,4,2,3,1988,2,2
1991,2,361627,4,2,2,2,1,1,3,4,2,3,1978,2,2
1991,1,361628,3,6,6,2,1,1,3,4,2,3,1984,2,2
1991,1,361629,1,3,3,2,1,1,3,4,2,3,1978,2,2
1991,2,361629,1,5,5,2,1,1,3,4,2,3,1986,2,2
1991,1,361630,1,4,4,2,3,3,3,4,2,3,1986,2,2
1991,2,361630,9,2,2,2,3,3,3,4,2,3,9999,2,2
1991,1,361631,1,2,2,2,2,2,3,4,2,3,1978,2,2
1991,2,361631,1,3,3,2,2,2,3,4,2,3,1978,2,2
1991,1,361632,1,2,2,2,1,1,3,4,2,3,1983,2,2
1991,2,361632,1,2,2,2,1,1,3,4,1,3,1984,2,2
1991,1,361633,1,2,2,1,2,2,3,4,2,3,1981,2,2
1991,1,361634,1,2,2,2,1,1,3,4,2,3,1987,2,2
1991,1,361635,1,6,5,2,1,1,3,4,1,3,1983,2,2
1991,1,361636,1,2,2,2,1,1,3,4,1,3,1988,2,2
1991,1,361637,1,5,5,2,1,1,3,4,2,3,1988,2,2
1991,1,361638,1,2,2,2,1,1,3,4,1,3,1985,2,2
1991,1,361639,1,2,2,2,1,1,3,4,2,3,1985,2,2
1991,2,361639,1,2,2,2,1,1,3,4,2,3,1989,2,2
1991,1,361640,1,2,2,2,1,1,3,4,2,3,1984,2,2
1991,2,361640,1,2,2,2,1,1,3,4,2,3,1982,2,2
1991,1,361641,1,2,2,2,1,1,3,4,2,3,1990,2,2
1991,2,361641,1,2,2,2,1,1,3,4,2,3,1986,2,2
1991,1,361642,1,6,6,2,1,1,3,4,2,3,1991,2,2
1991,1,361643,1,7,7,2,3,3,3,4,1,3,9999,2,2
1991,1,361644,6,2,2,2,1,1,3,4,2,3,1971,2,2
1991,1,361645,1,2,2,2,1,1,3,4,1,3,1988,2,2
1991,2,361645,3,2,2,2,1,1,3,4,2,3,1984,2,2
1991,1,361646,1,2,2,2,1,1,3,4,2,3,1985,2,2
1991,1,361647,1,2,2,2,1,1,3,4,2,3,1990,2,2
1991,1,361648,1,5,2,2,1,1,3,4,2,3,1988,2,2
1991,2,361648,1,2,2,2,2,2,3,4,2,3,1986,2,2
1991,1,361649,6,6,6,2,3,3,3,4,2,3,1986,2,2
1991,2,361649,1,2,2,2,1,1,3,4,2,3,1982,1,2
1991,1,361650,1,2,2,1,2,2,3,4,1,3,1983,2,2
1991,2,361650,2,2,2,2,1,1,3,4,2,3,1986,2,2
1991,3,361650,3,2,2,2,1,1,3,4,2,3,1978,2,2
1991,1,361651,1,4,4,2,2,2,3,4,2,3,1988,2,2
1991,1,361652,2,2,2,2,2,2,3,4,1,3,1981,2,2
1991,1,361653,1,2,2,2,1,1,3,4,2,3,1987,2,2
1991,1,361654,1,2,2,2,1,1,3,4,2,3,1980,2,2
1991,1,361655,1,2,2,2,1,1,3,4,2,3,1990,2,2
1991,1,361656,1,2,2,2,1,1,3,4,1,3,1979,2,2
1991,1,361657,1,2,2,2,1,1,3,4,2,3,1983,2,2
1991,2,361657,1,3,5,2,1,1,3,4,2,3,1985,2,2
1991,3,361657,1,5,5,2,1,1,3,4,2,3,1991,2,2
1991,1,361658,1,2,2,2,1,1,3,4,2,3,1979,2,2
1991,1,361659,6,6,6,2,2,2,3,4,2,3,1977,2,2
1991,2,361659,1,6,6,2,1,1,3,4,2,3,1982,1,2
1991,1,361660,1,2,2,2,1,1,3,4,1,3,1991,2,2
1991,2,361660,6,4,4,2,1,1,3,4,2,3,1984,2,2
1991,1,361661,1,5,5,2,1,1,3,4,2,3,1986,2,2
1991,2,361661,1,2,2,2,1,1,3,4,2,3,1971,2,2
1991,1,361662,2,2,2,2,2,2,3,4,2,3,1987,2,2
1991,1,361663,1,2,2,2,1,1,3,4,2,3,1979,2,2
1991,1,361664,6,2,2,2,1,1,3,4,2,3,1988,2,2
1991,1,361665,1,2,2,2,1,1,3,4,2,3,1984,2,2
1991,1,361666,4,3,3,1,1,1,3,4,2,3,1984,2,2
1991,2,361666,1,2,2,2,1,1,3,4,2,3,1980,2,2
1991,1,361667,1,2,2,2,1,1,3,4,2,3,1989,2,2
1991,2,361667,1,3,3,2,1,1,3,4,2,3,1988,2,2
1991,1,361668,1,3,3,2,1,1,3,4,2,3,1980,2,2
1991,2,361668,1,2,2,2,1,1,3,4,2,3,1989,2,2
1991,1,361670,1,2,2,2,1,1,3,4,2,3,1991,2,2
1991,2,361670,1,4,4,2,1,1,3,4,1,3,1981,2,2
1991,1,361671,1,2,2,2,2,2,3,4,2,3,1984,2,2
1991,1,361672,6,2,2,2,1,2,3,4,2,3,1990,2,2
1991,1,361673,8,2,2,2,1,1,3,4,2,3,1990,2,2
1991,1,361674,1,2,2,2,1,1,3,4,2,3,1988,2,2
1991,1,361675,1,5,5,2,1,1,3,4,2,3,1981,2,2
1991,2,361675,9,7,7,2,3,3,3,4,2,3,9999,2,2
1991,1,361676,2,5,5,2,1,1,3,4,2,3,1989,2,2
1991,1,361677,1,2,2,2,1,1,3,4,2,3,1988,2,2
1991,1,361678,1,2,2,2,1,1,3,4,2,3,1981,2,2
1991,1,361679,1,2,6,1,1,1,3,4,1,3,1979,2,2
1991,1,361680,1,2,2,2,1,1,3,4,2,3,1982,2,2
1991,1,361681,1,2,2,2,1,1,3,4,2,3,1985,2,2
1991,1,361682,9,7,7,2,3,3,3,4,2,3,9999,2,2
1991,1,361683,1,2,2,2,1,1,3,4,2,3,1985,2,2
1991,1,361684,1,5,5,2,1,1,3,4,2,3,1982,2,2
1991,2,361684,2,2,2,2,1,1,3,4,2,3,1985,2,2
1991,1,361685,1,2,2,2,1,1,3,4,1,3,1983,2,2
1991,2,361685,6,2,2,2,1,1,3,4,2,3,1986,2,2
1991,1,361686,6,6,6,2,1,1,3,4,2,3,1990,2,2
1991,2,361686,1,6,6,2,1,1,3,4,2,3,1990,2,2
1991,3,361686,1,2,2,2,1,1,3,4,2,3,1986,2,2
1991,1,361687,1,5,5,2,1,1,3,4,2,3,1987,2,2
1991,2,361687,2,2,2,2,1,1,3,4,2,3,1989,2,2
1991,1,361688,3,2,2,2,1,1,3,4,2,3,1991,1,2
1991,1,361689,1,2,2,2,1,1,3,4,1,3,1986,2,2
1991,1,361690,2,2,2,2,1,1,3,4,2,3,1989,2,2
1991,1,361691,1,3,3,2,1,1,3,4,1,3,1988,2,2
1991,1,361692,1,5,5,2,3,3,3,4,2,3,1988,2,2
1991,2,361692,1,2,2,2,1,1,3,4,2,3,1986,2,2
1991,1,361693,1,2,2,2,1,1,3,4,2,3,1985,2,2
1991,2,361693,1,3,3,2,1,1,3,4,2,3,1979,2,2
1991,1,361694,2,3,3,1,1,1,3,4,2,3,1984,2,2
1991,1,361695,1,2,2,2,1,1,3,4,2,3,1986,2,2
1991,2,361695,1,3,3,2,1,1,3,4,1,3,1987,2,2
1991,1,361696,1,2,2,2,2,2,3,4,2,3,1982,2,2
1991,2,361696,1,5,5,2,3,3,3,4,2,3,1981,2,2
1991,1,361697,1,2,2,2,1,1,3,4,2,3,1977,2,2
1991,1,361698,1,2,2,2,1,1,3,4,2,3,1988,2,2
1991,2,361698,2,2,2,2,2,2,3,4,2,3,1987,2,2
1991,1,361699,1,2,2,2,1,1,3,4,2,3,1986,2,2
1991,2,361699,3,2,2,2,1,1,3,4,2,3,1983,2,2
1991,3,361699,1,4,4,2,1,1,3,4,2,3,1989,2,2
1991,1,361700,1,2,2,2,1,1,3,4,2,3,1986,2,2
1991,1,361701,1,5,5,2,1,1,3,4,1,3,1979,2,2
1991,2,361701,1,2,2,2,1,1,3,4,2,3,1992,2,2
1991,1,361702,1,3,3,2,1,1,3,4,2,3,1981,2,2
1991,2,361702,1,2,2,2,1,1,3,4,2,3,1986,2,2
1991,1,361703,1,2,2,2,1,1,3,4,2,3,1988,2,2
1991,1,361704,1,2,2,2,2,2,3,4,1,3,1986,2,2
1991,1,361705,1,3,3,2,1,1,3,4,1,3,1977,2,2
1991,1,361706,6,6,6,2,1,1,3,4,2,3,1985,2,2
1991,2,361706,1,6,6,2,1,1,3,4,2,3,1984,1,2
1991,1,361707,7,4,4,2,4,2,3,2,2,3,9999,2,2
1991,2,361707,1,2,2,2,1,1,3,4,2,3,1979,2,2
1991,1,361708,1,2,2,2,1,1,3,4,2,3,1985,2,2
1991,1,361709,4,2,2,2,1,1,3,4,2,3,1988,2,2
1991,2,361709,1,2,2,2,1,1,3,4,2,3,1991,2,2
1991,1,361710,1,2,2,2,2,2,3,4,2,3,1985,2,2
1991,2,361710,1,2,2,2,1,1,3,4,2,3,1987,2,2
1991,1,361711,1,2,2,2,1,1,3,4,2,3,1989,2,2
1991,2,361711,1,2,2,2,1,1,3,4,1,3,1983,2,2
1991,1,361712,1,2,2,1,1,1,3,4,1,3,1976,2,2
1991,1,361713,1,3,3,2,1,1,3,4,1,3,1988,2,2
1991,2,361713,2,2,2,2,1,1,3,4,2,3,1986,2,2
1991,1,361714,1,2,2,2,1,1,3,4,2,3,1984,2,2
1991,1,361715,1,2,2,2,1,1,3,4,2,3,1982,2,2
1991,2,361715,1,3,3,2,1,1,3,4,2,3,1983,2,2
1991,3,361715,1,2,2,2,1,1,3,4,2,3,1985,2,2
1991,1,361716,1,2,2,1,1,1,3,4,1,3,1987,2,2
1991,1,361717,4,2,2,2,2,2,3,4,2,3,1976,2,2
1991,2,361717,2,2,2,2,1,1,3,4,2,3,1979,2,2
1991,1,361718,1,2,2,2,1,1,3,4,1,3,1990,2,2
1991,1,361719,3,2,2,2,1,1,3,4,2,3,1988,2,2
1991,2,361719,1,6,6,2,1,1,3,4,2,3,1986,2,2
1991,3,361719,1,6,6,2,1,1,3,4,2,3,1984,2,2
1991,1,361720,3,4,4,1,1,1,3,4,2,3,1991,2,2
1991,2,361720,1,2,2,2,1,1,3,4,2,3,1974,2,2
1991,1,361721,9,2,2,2,3,3,3,4,2,3,9999,2,2
1991,1,361722,1,2,2,2,1,1,3,4,2,3,1988,2,2
1991,2,361722,1,2,2,2,1,1,3,4,2,3,1988,2,2
1991,1,361723,2,2,2,2,1,1,3,4,1,3,1988,2,2
1991,2,361723,1,5,3,2,1,1,3,4,2,3,1984,2,2
1991,1,361724,2,2,2,2,1,1,3,4,2,3,1982,2,2
1991,1,361725,1,3,3,2,2,2,3,4,1,3,1986,2,2
1991,2,361725,1,2,2,2,1,1,3,4,2,3,1989,2,2
1991,1,361726,1,2,2,2,1,1,3,4,2,3,1982,2,2
1991,2,361726,1,2,2,2,1,1,3,4,2,3,1985,2,2
1991,1,361727,4,2,2,2,1,1,3,4,2,3,1990,2,2
1991,2,361727,1,4,2,2,1,1,3,4,2,3,1985,2,2
1991,3,361727,1,4,2,2,1,1,3,4,2,3,1991,2,2
1991,4,361727,1,4,2,2,1,1,3,4,2,3,1991,2,2
1991,5,361727,3,4,4,2,1,1,3,4,2,3,1984,2,2
1991,1,361728,1,3,3,2,1,1,3,4,2,3,1984,2,2
1991,2,361728,6,2,2,2,1,1,3,4,2,3,1979,2,2
1991,1,361729,1,2,2,2,1,1,3,4,2,3,1983,2,2
1991,1,361730,3,2,2,2,1,1,3,4,1,3,1991,2,2
1991,1,361731,2,2,2,2,1,1,3,4,2,3,1983,2,2
1991,1,361732,1,2,2,2,1,1,3,4,2,3,1986,2,2
1991,1,361733,2,3,3,1,1,1,3,4,1,3,1977,2,2
1991,1,361734,2,2,2,2,1,1,3,4,2,3,1990,1,2
1991,1,361735,9,7,7,2,3,3,3,4,2,3,9999,2,2
1991,1,361736,1,2,2,2,1,1,3,4,2,3,1989,2,2
1991,2,361736,1,2,2,2,1,1,3,4,2,3,1978,2,2
1991,1,361737,1,2,2,2,2,2,3,4,2,3,1976,2,2
1991,1,361738,1,2,2,2,1,1,3,4,1,3,1991,2,2
1991,1,361739,1,5,5,2,1,1,3,4,2,3,1988,2,2
1991,2,361739,1,2,2,2,1,1,3,4,2,3,1988,2,2
1991,1,361740,1,2,2,2,2,2,3,4,1,3,1988,2,2
1991,1,361741,1,2,2,2,1,2,3,4,1,3,1983,2,2
1991,1,361742,1,2,2,2,1,1,3,4,2,3,1967,2,2
1991,1,361743,2,4,4,2,1,1,3,4,2,3,1989,2,2
1991,1,361744,1,2,2,2,3,3,3,4,2,3,1982,2,2
1991,1,361745,1,2,3,2,1,1,3,4,2,3,1982,2,2
1991,2,361745,6,2,2,2,1,1,3,4,2,3,1989,2,2
1991,3,361745,1,3,4,2,1,1,3,4,2,3,1988,2,2
1991,1,361746,1,2,5,1,1,1,3,4,1,3,1990,2,2
1991,2,361746,9,6,6,2,3,3,3,4,2,3,9999,2,2
1991,3,361746,4,6,6,2,1,1,3,4,2,3,1984,2,2
1991,1,361747,1,5,5,2,1,1,3,4,1,3,1983,2,2
1991,1,361748,1,2,2,1,1,1,3,4,2,3,1985,2,1
1991,1,361749,9,7,7,2,3,3,3,4,2,3,9999,2,2
1991,1,361750,6,6,6,2,1,1,3,4,2,3,1985,2,2
1991,1,361751,9,7,7,2,3,3,3,4,2,3,9999,2,2
1991,1,361753,1,2,2,2,1,1,3,4,2,3,1986,2,2
1991,1,361754,3,3,3,2,1,1,3,4,2,3,1991,2,2
1991,2,361754,1,6,6,2,3,3,3,4,2,3,9999,2,2
1991,1,361755,9,7,7,2,3,3,3,4,2,3,9999,2,2
1991,1,361756,2,2,2,2,1,1,3,4,1,3,1990,2,2
1991,1,361757,1,2,2,2,2,2,3,4,1,3,1991,2,2
1991,1,361758,1,3,3,2,1,1,3,4,2,3,1990,2,2
1991,2,361758,1,2,2,2,1,1,3,4,2,3,1984,2,2
1991,1,361759,1,2,2,2,1,1,3,4,2,3,1987,2,2
1991,2,361759,1,5,5,2,1,1,3,4,2,3,1985,2,2
1991,1,361760,4,4,2,2,2,2,3,4,2,3,1986,2,2
1991,2,361760,6,2,2,2,1,1,3,4,2,3,1981,2,2
1991,1,361761,1,2,2,2,1,1,3,4,2,3,1985,2,2
1991,1,361762,6,4,4,2,1,1,3,4,2,3,1982,2,2
1991,1,361763,2,2,2,1,1,1,3,4,2,3,1984,2,2
1991,1,361764,1,2,2,2,1,1,3,4,2,3,1976,2,2
1991,1,361765,1,2,2,2,3,3,3,4,1,3,9999,2,2
1991,1,361766,1,2,2,2,1,1,3,4,2,3,1988,2,2
1991,2,361766,1,5,5,2,1,1,3,4,2,3,1990,2,2
1991,1,361767,1,2,2,2,2,2,3,4,2,3,1977,2,2
1991,1,361768,4,2,2,2,2,2,3,4,2,3,1991,2,2
1991,1,361769,1,2,2,2,1,1,3,4,2,3,1982,2,2
1991,1,361770,1,3,3,2,2,2,3,4,2,3,1983,2,2
1991,2,361770,1,2,2,2,1,1,3,4,2,3,1989,2,2
1991,1,361771,1,3,3,2,1,1,3,4,2,3,1984,2,2
1991,2,361771,2,2,2,2,1,1,3,4,2,3,1988,2,2
1991,1,361772,1,5,5,2,1,1,3,4,2,3,1984,2,1
1991,1,361773,8,6,6,2,1,1,3,4,2,3,1990,1,2
1991,1,361775,4,4,4,2,1,1,3,4,2,3,1980,2,2
1991,1,361776,7,2,2,2,4,1,3,1,2,3,1991,2,2
1991,1,361777,4,2,2,2,1,1,3,4,2,3,1968,2,2
1991,1,361778,1,2,2,2,1,1,3,4,2,3,1987,2,2
1991,1,361779,9,2,2,2,3,3,3,4,2,3,9999,2,2
1991,1,361781,8,6,6,2,3,3,3,4,2,3,9999,2,2
1991,1,361782,6,4,4,2,1,1,3,4,2,3,1985,2,2
1991,2,361782,2,2,2,2,1,1,3,4,2,3,1986,2,2
1991,3,361782,1,2,2,2,1,1,3,4,2,3,1987,2,1
1991,1,361783,1,2,2,2,1,1,3,4,2,3,1984,2,2
1991,2,361783,1,2,2,2,2,2,3,4,2,3,1990,2,2
1991,1,361784,1,5,5,2,1,1,3,4,2,3,1979,2,2
1991,1,361785,2,2,2,2,1,1,3,4,2,3,1988,2,2
1991,2,361785,1,5,5,2,1,1,3,4,2,3,1989,2,2
1991,1,361786,9,7,7,2,3,3,3,4,2,3,9999,2,2
1991,1,361787,1,2,2,2,1,1,3,4,1,3,1986,2,2
1991,1,361788,1,2,2,2,1,1,3,4,2,3,1991,1,2
1991,2,361788,6,4,4,2,1,1,3,4,2,3,1980,2,2
1991,1,361789,4,2,2,2,1,1,3,4,2,3,1985,2,2
1991,2,361789,1,3,3,2,1,1,3,4,2,3,1987,2,2
1991,1,361790,1,2,2,1,1,1,3,4,1,3,1982,2,2
1991,1,361791,1,2,2,2,1,1,3,4,2,3,1989,2,2
1991,1,361792,1,2,2,2,1,1,3,4,2,3,1989,1,2
1991,2,361792,6,4,4,2,1,1,3,4,2,3,1986,2,2
1991,1,361793,1,2,5,2,1,1,3,4,2,3,1988,2,2
1991,1,361794,6,2,2,2,1,1,3,4,2,3,1988,2,2
1991,2,361794,1,5,5,2,1,1,3,4,2,3,1982,1,2
1991,1,361795,2,2,2,2,2,2,3,4,2,3,1978,2,2
1991,2,361795,4,2,2,2,1,1,3,4,2,3,1990,2,2
1991,1,361796,1,2,2,2,1,1,3,4,2,3,1984,2,2
1991,2,361796,4,5,5,2,1,1,3,4,2,3,1979,2,2
1991,1,361797,1,1,1,1,1,1,3,4,1,3,1988,2,2
1991,1,361798,1,5,5,2,1,1,3,4,2,3,1991,2,2
1991,1,361799,1,7,7,2,1,1,3,4,2,3,1989,2,2
1991,2,361799,2,7,7,1,1,1,3,4,1,3,1971,2,2
1991,1,361800,1,3,3,2,2,2,3,4,2,3,1982,2,2
1991,1,361801,4,2,2,2,1,1,3,4,2,3,1986,2,2
1991,2,361801,4,2,2,2,1,1,3,4,2,3,1991,1,2
1991,1,361802,2,2,2,2,1,1,3,4,2,3,1980,2,2
1991,1,361803,1,2,2,2,1,1,3,4,1,3,1986,2,2
1991,1,361804,9,7,7,2,3,3,3,4,2,3,9999,2,2
1991,1,361805,6,2,2,2,1,1,3,4,2,3,1987,2,2
1991,1,361806,2,2,2,2,1,1,3,4,1,3,1973,2,2
1991,1,361807,1,2,2,2,2,2,3,4,1,3,1991,2,2
1991,2,361807,3,2,2,2,3,3,3,4,2,3,1983,2,2
1991,1,361808,2,2,2,2,1,1,3,4,2,3,1990,2,2
1991,2,361808,9,4,4,2,1,1,3,4,2,3,1989,2,2
1991,1,361809,1,2,2,2,1,1,3,4,2,3,1987,2,2
1991,2,361809,1,3,3,2,1,1,3,4,2,3,1989,2,2
1991,3,361809,1,7,7,2,1,1,3,4,2,3,1988,2,2
1991,1,361810,1,2,2,2,1,1,3,4,2,3,1985,2,2
1991,2,361810,1,3,3,2,2,2,3,4,2,3,1984,2,2
1991,1,361811,3,6,6,1,1,1,3,4,1,3,1988,2,2
1991,1,361812,1,2,2,2,1,1,3,4,2,3,1987,2,2
1991,1,361813,1,2,2,2,2,2,3,4,2,3,1983,2,2
1991,1,361814,1,2,2,2,1,1,3,4,2,3,1990,2,2
1991,1,361815,1,4,4,2,1,1,3,4,2,3,1980,2,2
1991,2,361815,1,5,5,1,2,2,3,4,2,3,1986,2,2
1991,1,361816,1,5,2,2,1,1,3,4,2,3,1991,2,2
1991,2,361816,1,2,2,2,2,2,3,4,2,3,1988,2,2
1991,1,361817,1,2,2,2,1,1,3,4,2,3,1979,2,2
1991,1,361818,1,2,2,2,1,1,3,4,2,3,1974,2,2
1991,1,361819,9,7,7,2,3,3,3,4,1,3,9999,2,2
1991,1,361820,1,2,2,2,1,1,3,4,2,3,1989,2,2
1991,2,361820,1,2,2,2,1,1,3,4,2,3,1974,2,2
1991,3,361820,1,3,5,2,2,2,3,4,1,3,1986,2,2
1991,1,361821,1,3,3,2,1,1,3,4,2,3,1985,2,2
1991,2,361821,1,2,2,2,2,2,3,4,2,3,1982,2,2
1991,1,361822,1,3,3,2,1,1,3,4,2,3,1992,2,2
1991,1,361823,1,2,5,2,1,1,3,4,1,3,1990,2,2
1991,2,361823,6,4,5,2,1,1,3,4,2,3,1984,2,2
1991,3,361823,9,7,7,2,3,3,3,4,2,3,9999,2,2
1991,1,361824,6,2,2,2,1,1,3,4,2,3,1988,1,2
1991,1,361825,4,3,3,2,1,1,3,4,2,3,1989,2,2
1991,2,361825,6,4,4,2,3,3,3,4,2,3,1977,2,2
1991,1,361826,1,2,2,2,1,1,3,4,2,3,1981,2,2
1991,2,361826,3,2,2,1,1,1,3,4,2,3,1985,2,2
1991,1,361827,4,2,2,2,1,1,3,4,2,3,1986,2,2
1991,2,361827,1,2,5,2,1,1,3,4,2,3,1984,2,2
1991,3,361827,3,2,2,2,1,1,3,4,2,3,1985,2,2
1991,1,361828,1,3,3,2,2,2,3,4,1,3,1987,1,2
1991,1,361829,1,2,2,2,2,2,3,4,2,3,1981,2,2
1991,1,361830,5,7,7,2,2,2,3,4,2,3,1986,2,2
1991,1,361831,1,2,2,2,1,1,3,4,1,3,1985,2,2
1991,2,361831,1,3,3,2,1,1,3,4,2,3,1974,2,2
1991,1,361832,1,2,2,2,2,1,3,4,2,3,1982,2,2
1991,1,361833,6,4,4,2,1,1,3,4,2,3,1973,2,2
1991,2,361833,4,2,2,2,1,1,3,4,2,3,1988,1,2
1991,1,361834,1,2,2,2,1,1,3,4,2,3,1983,2,2
1991,1,361835,1,3,3,2,1,1,3,4,2,3,1986,2,2
1991,1,361836,1,2,2,2,1,1,3,4,1,3,1991,2,2
1991,2,361836,1,3,3,2,2,2,3,4,1,3,1986,2,2
1991,1,361837,1,2,2,2,1,1,3,4,2,3,1984,2,2
1991,2,361837,1,3,3,2,2,2,3,4,2,3,1985,2,2
1991,1,361838,1,3,3,2,2,2,3,4,2,3,1981,2,2
1991,1,361839,9,7,7,2,3,3,3,4,2,3,9999,2,2
1991,1,361840,9,7,7,2,3,3,3,4,2,3,9999,2,2
1991,1,361841,1,3,3,2,1,1,3,4,2,3,1987,2,2
1991,2,361841,2,2,2,2,1,1,3,4,2,3,1986,2,2
1991,1,361842,1,2,2,2,1,1,3,4,2,3,1991,2,2
1991,1,361843,4,7,7,2,1,1,3,4,2,3,1988,2,2
1991,1,361844,1,2,2,2,1,1,3,4,2,3,1991,2,2
1991,2,361844,1,5,5,2,1,1,3,4,2,3,1985,2,2
1991,1,361845,9,2,2,2,3,3,3,4,2,3,9999,2,2
1991,1,361846,6,4,4,2,1,1,3,4,2,3,1988,2,2
1991,1,361847,1,3,3,2,1,1,3,4,2,3,1989,2,2
1991,2,361847,6,6,6,2,1,1,3,4,2,3,1983,2,2
1991,1,361848,1,2,2,2,1,1,3,4,2,3,1988,2,2
1991,1,361849,1,2,2,1,1,1,3,4,2,3,1986,2,1
1991,1,361850,1,2,2,2,1,1,3,4,2,3,1985,2,2
1991,1,361851,1,2,2,2,2,2,3,4,2,3,1986,2,2
1991,2,361851,1,3,3,2,1,1,3,4,2,3,1988,2,2
1991,1,361852,1,5,5,2,1,1,3,4,2,3,1990,2,2
1991,2,361852,1,2,2,2,1,1,3,4,2,3,1987,2,2
1991,1,361853,1,2,2,2,2,2,3,4,1,3,1989,2,2
1991,1,361854,1,7,7,2,1,1,3,4,1,3,1968,2,2
1991,1,361855,6,2,2,2,1,1,3,4,2,3,1986,2,2
1991,1,361856,7,6,6,2,4,1,3,1,1,3,1971,2,2
1991,1,361857,1,2,2,2,1,1,3,4,2,3,1980,2,1
1991,1,361858,1,2,2,2,1,1,3,4,2,3,1983,2,2
1991,2,361858,2,2,2,2,1,1,3,4,2,3,1978,2,2
1991,1,361859,3,5,3,2,1,1,3,4,2,3,1980,1,2
1991,2,361859,1,6,6,2,1,1,3,4,2,3,1985,2,2
1991,1,361860,1,3,3,2,1,1,3,4,2,3,1981,2,2
1991,1,361861,1,7,7,2,2,2,3,4,2,3,1983,2,2
1991,1,361862,1,5,5,2,1,1,3,4,2,3,1988,2,2
1991,1,361863,1,2,2,2,1,1,3,4,2,3,1983,2,2
1991,1,361864,1,2,2,2,1,1,3,4,2,3,1984,2,2
1991,1,361865,4,7,7,2,1,1,3,4,2,3,1988,2,2
1991,1,361866,1,1,1,2,2,2,3,4,2,3,1980,1,2
1991,1,361867,1,3,3,2,1,1,3,4,2,3,1989,2,2
1991,1,361868,1,5,5,2,1,1,3,4,2,3,1984,1,2
1991,2,361868,1,2,2,2,1,1,3,4,2,3,1988,2,2
1991,1,370001,2,2,2,2,1,1,3,4,2,3,1976,2,2
1991,1,370002,2,1,1,2,2,2,3,4,2,3,1989,2,2
1991,1,370003,4,5,6,1,1,1,3,4,2,3,1990,2,2
1991,1,370004,2,3,3,2,1,1,3,4,1,3,1986,2,2
1991,1,370005,5,2,5,2,1,1,3,4,1,3,1989,2,2
1991,1,370006,1,2,3,2,1,1,3,4,1,3,1977,2,2
1991,2,370006,1,5,5,2,1,1,3,4,2,3,1981,2,2
1991,1,370007,1,2,2,2,1,1,3,4,2,3,1983,2,2
1991,1,370008,1,2,6,1,1,1,3,4,1,3,1982,2,2
1991,1,370009,1,5,5,2,1,1,3,4,2,3,1978,2,2
1991,2,370009,6,2,2,2,1,1,3,4,2,3,1986,2,2
1991,1,370010,1,2,2,2,1,1,3,4,2,3,1986,2,2
1991,2,370010,1,2,2,2,1,1,3,4,2,3,1986,2,2
1991,1,370011,2,2,2,2,1,1,3,4,1,3,1988,2,2
1991,1,370012,1,5,5,2,1,1,3,4,2,3,1988,2,2
1991,2,370012,5,2,2,2,1,1,3,4,2,3,1985,2,2
1991,1,370013,1,1,1,1,1,1,3,4,1,3,1982,2,2
1991,1,370014,2,2,2,2,1,1,3,4,2,3,1986,2,2
1991,2,370014,1,2,2,2,1,1,3,4,2,3,1982,2,2
1991,1,370015,1,2,6,1,2,2,3,4,1,3,1987,2,2
1991,2,370015,1,2,2,2,1,1,3,4,2,3,1989,2,2
1991,1,370016,1,2,2,2,1,1,3,4,1,3,1984,2,2
1991,1,370017,1,2,2,2,1,1,3,4,2,3,1972,2,2
1991,2,370017,1,2,2,1,1,1,3,4,1,3,1967,2,2
1991,1,370018,1,6,5,1,2,2,3,4,1,3,1974,2,2
1991,1,370019,1,5,2,2,1,1,3,4,1,3,1990,2,2
1991,2,370019,1,3,5,2,1,1,3,4,1,3,1988,2,2
1991,1,370020,2,2,2,2,1,1,3,4,2,3,1987,2,2
1991,2,370020,1,3,3,2,1,1,3,4,2,3,1989,2,2
1991,1,370021,1,1,1,1,1,1,3,4,2,3,1987,2,2
1991,1,370022,6,2,2,2,1,1,3,4,2,3,1984,2,2
1991,1,370023,1,2,2,2,1,1,3,4,2,3,1989,2,2
1991,1,370025,1,2,2,2,1,1,3,4,1,3,1984,2,2
1991,2,370025,4,2,2,2,1,1,3,4,2,3,1987,2,2
1991,1,370026,1,2,2,2,2,2,3,4,1,3,1973,2,2
1991,2,370026,1,2,2,2,1,1,3,4,2,3,1976,2,2
1991,1,370027,1,5,5,2,1,1,3,4,2,3,1980,2,2
1991,2,370027,1,2,2,2,1,1,3,4,2,3,1982,2,2
1991,1,370028,1,3,3,2,1,1,3,4,2,3,1988,2,2
1991,1,370029,1,2,2,2,1,1,3,4,2,3,1981,2,2
1991,1,370030,1,2,2,2,1,1,3,4,2,3,1976,2,2
1991,2,370030,1,2,2,2,1,1,3,4,2,3,1972,2,2
1991,1,370031,1,3,3,2,1,1,3,4,1,3,1984,2,2
1991,1,370032,2,3,3,2,1,1,3,4,2,3,1979,2,2
1991,2,370032,6,2,2,2,1,1,3,4,2,3,1989,2,2
1991,1,370033,1,2,6,1,1,1,3,4,2,3,1986,2,2
1991,1,370035,1,5,5,2,1,1,3,4,2,3,1984,2,2
1991,2,370035,4,2,2,2,2,2,3,4,2,3,1991,2,2
1991,1,370036,5,7,7,2,3,3,3,4,2,3,9999,2,2
1991,1,370038,2,2,6,1,1,1,3,4,1,3,1990,2,2
1991,1,370039,2,3,6,1,1,1,3,4,1,3,1989,2,2
1991,1,370040,2,5,5,1,1,1,3,4,2,3,1987,2,2
1991,2,370040,1,2,2,2,1,1,3,4,2,3,1985,2,2
1991,1,370041,7,4,3,2,4,1,3,1,1,3,1982,2,2
1991,2,370041,1,2,2,2,1,1,3,4,1,3,1985,2,2
1991,1,370042,1,2,2,2,1,1,3,4,2,3,1990,2,2
1991,2,370042,1,2,2,2,1,1,3,4,2,3,1976,2,2
1991,3,370042,1,5,5,2,1,1,3,4,2,3,1987,2,2
1991,1,370043,1,2,2,2,1,1,3,4,2,3,1978,2,2
1991,1,370044,6,2,2,2,1,1,3,4,2,3,1987,1,2
1991,2,370044,1,3,3,2,1,1,3,4,1,3,1966,2,2
1991,1,370045,4,2,2,2,1,1,3,4,2,3,1989,2,2
1991,2,370045,1,2,2,2,1,1,3,4,2,3,1941,2,2
1991,1,370046,1,2,2,2,1,1,3,4,2,3,1989,2,2
1991,1,370047,3,2,2,2,1,1,3,4,2,3,1980,2,2
1991,1,370048,1,5,5,1,1,1,3,4,1,3,1978,2,2
1991,1,370049,2,2,2,1,1,1,3,4,1,3,1977,2,2
1991,1,370050,1,2,2,2,1,1,3,4,2,3,1988,2,2
1991,1,370051,1,3,4,2,1,1,3,4,2,3,1987,2,2
1991,2,370051,1,2,2,2,1,1,3,4,2,3,1977,2,2
1991,3,370051,1,5,5,2,1,1,3,4,2,3,1991,2,2
1991,1,370052,6,2,2,2,1,1,3,4,2,3,1986,1,2
1991,2,370052,1,2,2,2,1,1,3,4,1,3,1989,2,2
1991,1,370053,3,2,2,2,1,1,3,4,2,3,1989,1,2
1991,2,370053,1,5,5,2,2,2,3,4,2,3,1990,2,2
1991,1,370054,1,2,2,2,2,2,3,4,2,3,1982,2,2
1991,2,370054,6,2,2,2,1,1,3,4,2,3,1984,2,2
1991,1,370055,1,3,3,2,1,1,3,4,1,3,1986,2,2
1991,2,370055,6,4,4,1,1,1,3,4,2,3,1987,1,2
1991,1,370056,1,2,6,1,2,2,3,4,1,3,1983,2,2
1991,1,370057,2,2,2,2,1,1,3,4,2,3,1984,2,2
1991,2,370057,1,5,5,2,1,1,3,4,1,3,1987,2,2
1991,1,370058,2,2,2,2,2,2,3,4,1,3,1986,2,2
1991,1,370059,2,5,5,2,1,1,3,4,2,3,1981,2,2
1991,2,370059,1,3,3,2,1,1,3,4,2,3,1987,2,2
1991,1,370060,1,5,5,2,1,1,3,4,2,3,1988,2,2
1991,2,370060,6,2,2,2,2,2,3,4,2,3,1989,2,2
1991,1,370061,1,2,6,1,1,1,3,4,1,3,1990,2,2
1991,1,370062,1,2,2,2,1,1,3,4,2,3,1986,2,2
1991,2,370062,1,5,5,2,1,1,3,4,2,3,1967,2,2
1991,1,370063,6,2,2,2,1,1,3,4,2,3,1989,2,2
1991,2,370063,2,3,3,2,1,1,3,4,2,3,1989,2,2
1991,1,370064,6,2,2,2,1,1,3,4,2,3,1985,2,2
1991,2,370064,1,5,5,2,1,1,3,4,2,3,1980,2,2
1991,1,370065,2,5,5,2,1,1,3,4,2,3,1984,2,2
1991,2,370065,6,2,3,1,1,1,3,4,1,3,1986,2,2
1991,1,370066,4,1,1,1,3,3,3,4,2,3,1991,2,2
1991,1,370067,1,5,5,2,1,1,3,4,2,3,1986,2,2
1991,2,370067,2,2,2,2,1,1,3,4,2,3,1969,2,2
1991,1,370068,1,2,2,2,1,1,3,4,2,3,1972,2,2
1991,2,370068,1,4,4,2,1,1,3,4,2,3,1982,2,2
1991,1,370069,1,3,3,2,1,1,3,4,2,3,1978,2,2
1991,2,370069,2,2,2,2,2,2,3,4,2,3,1986,2,2
1991,1,370070,1,2,2,2,1,1,3,4,1,3,1989,2,2
1991,2,370070,1,2,2,2,1,1,3,4,2,3,1979,2,2
1991,1,370071,1,2,2,2,1,1,3,4,2,3,1985,2,2
1991,2,370071,1,5,5,2,1,1,3,4,2,3,1983,2,2
1991,1,370072,1,2,6,1,1,1,3,4,1,3,1986,2,2
1991,1,370073,1,2,2,2,1,1,3,4,2,3,1983,2,2
1991,2,370073,1,2,2,2,1,1,3,4,2,3,1979,2,2
1991,1,370074,1,5,2,2,1,1,3,4,2,3,1982,2,2
1991,1,370075,5,7,7,2,3,3,3,4,2,3,9999,2,2
1991,1,370076,1,2,2,2,3,3,3,4,2,3,1984,2,2
1991,2,370076,1,2,2,2,2,2,3,4,2,3,1976,2,2
1991,1,370077,2,3,3,2,2,2,3,4,1,3,1988,2,2
1991,1,370078,1,3,3,2,1,1,3,4,1,3,1984,2,2
1991,1,370079,4,2,2,2,1,1,3,4,2,3,1987,2,2
1991,1,370080,1,5,5,2,1,1,3,4,1,3,1989,2,2
1991,1,370081,1,2,2,2,1,1,3,4,2,3,1987,2,2
1991,1,370082,1,2,2,2,1,1,3,4,1,3,1976,2,2
1991,1,370083,4,1,1,1,1,1,3,4,2,3,1977,2,2
1991,1,370084,2,2,2,2,2,2,3,4,2,3,1984,2,2
1991,1,370085,1,2,2,1,1,1,3,4,2,3,1979,2,2
1991,1,370086,2,2,2,2,1,1,3,4,2,3,1989,2,2
1991,2,370086,2,2,2,2,1,1,3,4,2,3,1982,2,2
1991,1,370087,1,3,5,2,1,1,3,4,2,3,1991,2,2
1991,2,370087,2,5,5,2,2,2,3,4,2,3,1973,2,2
1991,3,370087,6,2,2,2,1,1,3,4,2,3,1977,2,2
1991,4,370087,2,5,5,2,1,1,3,4,2,3,1967,2,2
1991,1,370088,2,3,3,2,1,1,3,4,1,3,1987,2,2
1991,2,370088,1,2,2,2,1,1,3,4,2,3,1984,2,2
1991,1,370089,1,5,6,1,1,1,3,4,1,3,1980,2,2
1991,1,370090,1,5,5,2,1,1,3,4,2,3,1976,2,2
1991,1,370091,6,5,5,2,1,1,3,4,2,3,1990,2,2
1991,2,370091,6,2,2,2,1,1,3,4,2,3,1985,2,2
1991,1,370092,1,5,5,2,1,1,3,4,2,3,1970,2,2
1991,2,370092,1,2,2,2,1,1,3,4,2,3,1976,2,2
1991,1,370093,1,2,2,2,1,1,3,4,2,3,1981,2,2
1991,1,370094,1,2,2,2,1,1,3,4,1,3,1990,2,2
1991,1,370095,9,2,2,2,1,1,3,4,2,3,1989,2,2
1991,2,370095,1,2,2,2,2,2,3,4,1,3,1982,2,2
1991,1,370096,4,2,2,2,1,1,3,4,2,3,1985,2,2
1991,1,370097,1,2,2,1,1,1,3,4,2,3,1977,2,2
1991,1,370098,6,5,5,2,1,1,3,4,2,3,1989,2,2
1991,2,370098,1,2,2,2,1,1,3,4,2,3,1986,2,2
1991,1,370099,2,5,5,1,1,1,3,4,1,3,1986,2,2
1991,1,370101,1,5,5,2,1,1,3,4,2,3,1976,2,2
1991,2,370101,1,5,5,2,1,1,3,4,2,3,1972,2,2
1991,1,370102,2,2,2,2,1,1,3,4,2,3,1977,2,2
1991,1,370103,2,2,6,1,1,1,3,4,1,3,1978,2,2
1991,1,370104,1,5,5,2,1,1,3,4,1,3,1990,2,2
1991,1,370105,1,5,5,2,1,1,3,4,1,3,1979,2,2
1991,1,370106,1,2,2,2,1,1,3,4,2,3,1977,2,2
1991,2,370106,1,5,5,2,1,1,3,4,2,3,1986,2,2
1991,1,370107,6,3,6,1,1,1,3,4,1,3,1988,2,2
1991,1,370108,1,5,5,2,1,1,3,4,2,3,1982,2,2
1991,1,370109,6,3,3,2,2,2,3,4,2,3,1968,2,2
1991,2,370109,1,2,2,2,1,1,3,4,2,3,1988,2,2
1991,3,370109,2,2,2,2,1,1,3,4,2,3,1987,2,2
1991,1,370110,1,2,6,1,1,1,3,4,2,3,1987,2,2
1991,1,370111,1,2,2,2,1,1,3,4,2,3,1981,2,2
1991,1,370112,1,2,2,2,1,1,3,4,2,3,1985,2,2
1991,1,370113,1,2,2,2,2,2,3,4,1,3,1979,2,2
1991,2,370113,1,2,2,2,1,1,3,4,2,3,1988,2,2
1991,1,370114,2,2,2,2,1,1,3,4,1,3,1988,2,2
1991,2,370114,1,2,2,2,1,1,3,4,2,3,1988,2,2
1991,1,370115,2,3,3,1,2,2,3,4,2,3,1986,2,2
1991,1,370116,1,5,5,2,1,1,3,4,1,3,1986,2,2
1991,1,370117,1,2,2,2,1,1,3,4,2,3,1982,2,2
1991,1,370118,1,2,2,2,1,1,3,4,2,3,1990,2,2
1991,1,370119,2,5,6,1,1,1,3,4,1,3,1967,2,2
1991,1,370120,2,2,6,1,2,2,3,4,1,3,1969,2,2
1991,1,370121,1,3,2,2,1,1,3,4,2,3,1988,2,2
1991,1,370122,1,2,2,2,1,1,3,4,2,3,1985,2,2
1991,2,370122,6,5,5,2,1,1,3,4,2,3,1986,2,2
1991,1,370123,1,2,3,1,1,1,3,4,1,3,1985,2,2
1991,1,370124,1,2,2,2,1,1,3,4,2,3,1981,2,2
1991,1,370125,1,3,3,2,1,1,3,4,1,3,1983,2,2
1991,1,370126,1,3,3,2,1,1,3,4,2,3,1982,2,2
1991,2,370126,2,2,2,2,1,1,3,4,2,3,1984,2,2
1991,1,370127,2,2,2,2,1,1,3,4,2,3,1989,2,2
1991,2,370127,1,2,5,2,1,1,3,4,2,3,1988,2,2
1991,3,370127,1,2,2,2,2,2,3,4,2,3,1978,2,2
1991,4,370127,2,2,2,2,1,1,3,4,2,3,1989,2,2
1991,1,370128,2,5,5,2,1,1,3,4,2,3,1988,2,2
1991,1,370129,3,2,2,2,1,1,3,4,2,3,1984,2,2
1991,2,370129,1,2,2,2,1,1,3,4,2,3,1987,2,2
1991,1,370130,1,5,5,2,1,1,3,4,2,3,1987,2,2
1991,2,370130,2,2,2,2,1,1,3,4,2,3,1990,2,2
1991,1,370131,1,2,2,2,1,1,3,4,1,3,1985,2,2
1991,1,370132,6,3,3,2,1,1,3,4,2,3,1989,2,2
1991,2,370132,6,5,5,2,3,3,3,4,2,3,1990,2,2
1991,1,370133,1,3,3,2,1,1,3,4,2,3,1987,2,2
1991,2,370133,1,2,2,2,1,1,3,4,2,3,1987,2,2
1991,1,370134,1,2,2,2,1,1,3,4,2,3,1984,2,2
1991,1,370135,8,2,2,2,1,1,3,4,2,1,1981,2,2
1991,2,370135,9,4,4,2,2,1,3,4,2,3,1990,2,2
1991,1,370136,1,2,2,2,1,1,3,4,2,3,1982,2,2
1991,1,370137,1,2,2,2,1,1,3,4,2,3,1972,2,2
1991,2,370137,1,2,4,2,1,1,3,4,2,3,1979,2,2
1991,3,370137,2,2,2,2,1,1,3,4,2,3,1985,2,2
1991,1,370138,2,5,5,2,1,1,3,4,2,3,1990,2,2
1991,2,370138,4,3,3,2,2,2,3,4,2,3,1983,1,2
1991,1,370139,1,2,2,2,1,1,3,4,2,3,1988,2,2
1991,1,370140,1,3,3,2,1,1,3,4,2,3,1982,2,2
1991,1,370141,2,3,3,1,2,2,3,4,1,3,1987,2,2
1991,1,370142,2,3,3,2,1,1,3,4,2,3,1986,2,2
1991,2,370142,1,3,3,2,1,1,3,4,2,3,1977,2,2
1991,1,370143,1,2,2,2,1,1,3,4,2,3,1987,2,2
1991,2,370143,1,2,2,2,1,1,3,4,2,3,1984,2,2
1991,3,370143,1,6,6,2,1,1,3,4,2,3,1990,2,2
1991,1,370144,1,2,6,1,2,2,3,4,1,3,1976,2,2
1991,1,370145,1,3,3,2,1,1,3,4,2,3,1979,2,2
1991,2,370145,6,2,2,2,1,1,3,4,2,3,1979,2,2
1991,1,370146,1,2,2,2,1,1,3,4,2,3,1988,2,2
1991,2,370146,2,2,2,2,1,1,3,4,2,3,1985,2,2
1991,1,370147,5,7,7,2,3,3,3,4,2,3,9999,2,2
1991,1,370148,6,2,2,2,1,1,3,4,2,3,1984,2,2
1991,1,370149,9,3,3,2,1,1,3,4,1,3,1972,2,2
1991,2,370149,6,5,5,2,1,2,3,4,2,3,1987,2,2
1991,1,370150,7,2,2,2,4,2,3,2,1,3,1980,2,2
1991,1,370151,2,5,6,1,1,1,3,4,1,3,1984,2,2
1991,1,370152,1,2,2,2,1,1,3,4,2,3,1983,2,2
1991,1,370153,1,5,6,1,1,1,3,4,1,3,1986,2,2
1991,1,370154,1,3,2,2,1,1,3,4,1,3,1985,2,2
1991,2,370154,2,5,5,2,1,1,3,4,2,3,1990,2,2
1991,3,370154,1,2,2,2,1,1,3,4,2,3,1987,2,2
1991,1,370155,2,5,5,2,1,1,3,4,2,3,1984,2,2
1991,1,370156,2,2,2,2,1,1,3,4,2,3,1986,2,2
1991,1,370157,1,3,3,2,1,1,3,4,2,3,1986,2,2
1991,2,370157,4,2,2,2,1,1,3,4,2,3,1985,2,2
1991,1,370158,1,5,5,2,1,1,3,4,1,3,1987,2,2
1991,1,370159,1,2,2,2,1,1,3,4,2,3,1985,2,2
1991,2,370159,1,5,5,2,1,1,3,4,2,3,1978,2,2
1991,1,370160,1,2,2,2,1,1,3,4,2,3,1977,2,2
1991,1,370161,6,2,2,2,1,1,3,4,2,3,1987,2,2
1991,2,370161,1,4,4,2,1,1,3,4,2,3,1982,2,2
1991,1,370162,1,2,2,2,1,1,3,4,1,3,1975,2,2
1991,1,370163,6,1,1,2,1,1,3,4,2,3,1980,2,2
1991,1,370164,1,2,2,2,1,1,3,4,2,3,1988,2,2
1991,1,370165,1,2,5,2,2,2,3,4,1,3,1968,2,2
1991,1,370167,4,2,3,2,1,1,3,4,1,3,1986,2,2
1991,2,370167,1,2,2,2,1,1,3,4,2,3,1981,2,2
1991,3,370167,1,2,2,2,1,1,3,4,2,3,1986,2,2
1991,4,370167,1,2,2,2,2,2,3,4,2,3,1984,2,2
1991,1,370168,1,2,2,2,1,1,3,4,2,3,1979,2,2
1991,2,370168,6,5,5,1,1,1,3,4,2,3,1991,2,2
1991,1,370169,1,2,2,2,1,1,3,4,1,3,1973,2,2
1991,1,370170,2,2,6,1,1,1,3,4,2,3,1973,2,2
1991,1,370171,2,2,2,2,2,2,3,4,1,3,1980,2,2
1991,1,370172,1,2,2,2,1,1,3,4,2,3,1986,2,2
1991,2,370172,1,2,2,2,1,1,3,4,2,3,1986,2,2
1991,1,370173,2,2,2,2,1,1,3,4,2,3,1984,2,2
1991,2,370173,1,2,2,2,1,1,3,4,2,3,1978,2,2
1991,3,370173,5,4,3,2,1,1,3,4,2,3,1984,2,2
1991,1,370174,2,1,1,2,1,1,3,4,1,3,1989,2,2
1991,1,370175,1,3,6,1,1,1,3,4,1,3,1977,2,2
1991,1,370176,1,2,2,2,1,1,3,4,2,3,1974,2,2
1991,2,370176,2,4,2,2,1,1,3,4,2,3,1974,2,2
1991,3,370176,1,5,5,2,1,1,3,4,2,3,1990,2,2
1991,4,370176,1,2,2,2,1,1,3,4,2,3,1991,2,2
1991,1,370177,9,7,7,2,3,3,3,4,2,3,9999,2,2
1991,1,370178,2,2,2,2,1,1,3,4,2,3,1989,2,2
1991,2,370178,4,3,3,1,1,1,3,4,2,3,1987,2,2
1991,1,370179,2,5,5,2,1,1,3,4,2,3,1985,2,2
1991,1,370180,1,5,5,2,1,1,3,4,2,3,1979,2,2
1991,2,370180,1,2,2,2,1,1,3,4,2,3,1989,2,2
1991,1,370181,2,5,5,2,2,2,3,4,1,3,1987,2,2
1991,2,370181,6,2,2,2,1,1,3,4,2,3,1989,2,2
1991,1,370182,1,2,6,1,1,1,3,4,2,3,1979,2,2
1991,1,370183,2,5,5,2,1,1,3,4,1,3,1991,2,2
1991,1,370184,1,2,2,2,1,1,3,4,2,3,1988,2,2
1991,2,370184,1,5,5,2,1,1,3,4,2,3,1990,2,2
1991,1,370185,1,3,3,2,1,1,3,4,2,3,1986,2,2
1991,2,370185,6,2,2,2,1,1,3,4,2,3,1980,2,2
1991,1,370186,1,5,5,2,1,1,3,4,2,3,1989,2,2
1991,1,370187,1,3,6,1,1,1,3,4,1,3,1968,2,2
1991,1,370188,1,2,2,2,1,1,3,4,2,3,1984,2,2
1991,2,370188,2,2,2,2,1,1,3,4,2,3,1984,2,2
1991,1,370189,1,2,2,2,1,1,3,4,2,3,1971,2,2
1991,2,370189,1,2,2,2,1,1,3,4,2,3,1988,2,2
1991,1,370190,1,3,6,1,1,1,3,4,1,3,1991,2,2
1991,1,370191,1,3,5,2,1,1,3,4,1,3,1983,2,2
1991,2,370191,1,2,2,2,1,1,3,4,2,3,1985,2,2
1991,3,370191,1,2,2,2,1,1,3,4,2,3,1980,2,2
1991,1,370192,1,2,2,2,1,1,3,4,1,3,1984,2,2
1991,1,370193,2,2,2,2,1,1,3,4,2,3,1981,2,2
1991,2,370193,1,5,5,2,1,1,3,4,2,3,1978,2,2
1991,1,370194,6,5,5,2,1,1,3,4,2,3,1986,2,2
1991,2,370194,3,2,2,2,2,2,3,4,2,3,1985,2,2
1991,3,370194,1,2,2,2,1,1,3,4,2,3,1985,2,2
1991,1,370195,1,2,2,2,1,1,3,4,2,3,1977,2,2
1991,1,370196,1,2,2,2,1,1,3,4,2,3,1983,2,2
1991,2,370196,6,4,4,2,1,1,3,4,2,3,1987,2,2
1991,1,370197,6,2,6,1,1,1,3,4,2,3,1980,2,2
1991,1,370198,1,2,2,2,1,1,3,4,2,3,1983,2,2
1991,1,370199,2,2,2,2,1,1,3,4,2,3,1986,2,2
1991,1,370200,2,1,1,1,1,1,3,4,1,3,1988,2,2
1991,1,370201,1,2,2,2,1,1,3,4,1,3,1989,2,2
1991,1,370202,1,2,2,2,1,1,3,4,2,3,1979,2,2
1991,1,370203,2,5,5,2,1,1,3,4,2,3,1969,2,2
1991,2,370203,2,3,6,1,1,1,3,4,2,3,1982,2,2
1991,3,370203,6,2,2,2,1,1,3,4,2,3,1984,2,2
1991,1,370204,1,2,6,1,1,1,3,4,1,3,1991,2,2
1991,1,370205,2,2,2,2,1,1,3,4,2,3,1986,2,2
1991,1,370206,7,2,2,2,4,1,3,1,1,3,1991,2,2
1991,1,370207,1,1,1,1,2,2,3,4,1,3,1980,2,2
1991,1,370208,1,2,2,2,1,1,3,4,2,3,1988,2,2
1991,1,370209,1,2,2,2,1,1,3,4,2,3,1986,2,2
1991,1,370210,1,3,3,2,1,1,3,4,2,3,1981,2,2
1991,1,370211,2,2,2,2,1,1,3,4,2,3,1985,2,2
1991,1,370212,1,2,2,2,1,1,3,4,2,3,1990,2,2
1991,2,370212,1,2,2,2,1,1,3,4,1,3,1985,2,2
1991,3,370212,1,5,5,2,1,1,3,4,2,3,1977,2,2
1991,1,370213,1,3,3,2,1,1,3,4,1,3,1976,2,2
1991,1,370214,1,2,2,2,1,1,3,4,2,3,1982,2,2
1991,1,370215,2,2,2,2,1,1,3,4,2,3,1991,2,2
1991,2,370215,3,4,4,2,1,1,3,4,2,3,1974,2,2
1991,1,370216,1,2,2,2,1,1,3,4,2,3,1985,2,2
1991,2,370216,4,2,2,2,1,1,3,4,2,3,1983,2,2
1991,1,370217,1,5,5,2,1,1,3,4,2,3,1983,2,2
1991,2,370217,4,2,2,2,1,1,3,4,2,3,9999,2,2
1991,1,370218,1,5,6,1,1,1,3,4,2,3,1982,2,2
1991,2,370218,1,2,2,2,1,1,3,4,2,3,1988,2,2
1991,1,370219,1,2,3,2,1,1,3,4,2,3,1978,2,2
1991,1,370220,1,2,2,2,1,1,3,4,2,3,1982,2,2
1991,1,370221,1,2,2,2,1,1,3,4,2,3,1986,2,2
1991,1,370222,2,2,2,2,1,1,3,4,2,3,1979,2,2
1991,1,370223,2,5,5,2,2,2,3,4,2,3,1981,2,2
1991,2,370223,1,3,3,2,1,1,3,4,2,3,1988,2,2
1991,1,370224,1,3,3,2,1,1,3,4,1,3,1982,2,2
1991,1,370225,1,5,5,2,1,1,3,4,1,3,1963,2,2
1991,1,370226,1,2,2,2,1,1,3,4,2,3,1988,2,2
1991,1,370227,2,3,3,2,1,1,3,4,2,3,1990,2,2
1991,1,370228,2,2,2,2,2,2,3,4,2,3,1982,2,2
1991,1,370229,2,2,2,2,2,2,3,4,2,3,1971,2,2
1991,2,370229,1,3,3,2,1,1,3,4,2,3,1989,2,2
1991,1,370230,1,3,2,2,1,1,3,4,2,3,1980,2,2
1991,2,370230,4,2,2,2,1,1,3,4,2,3,1989,2,2
1991,1,370231,1,5,5,2,1,1,3,4,2,3,1985,2,2
1991,2,370231,2,2,2,2,1,1,3,4,2,3,1979,2,2
1991,1,370232,1,2,2,2,1,1,3,4,2,3,1975,2,2
1991,2,370232,7,5,5,2,4,1,3,1,2,3,1985,2,2
1991,1,370233,1,5,5,2,1,1,3,4,2,3,1990,2,2
1991,2,370233,2,2,2,2,1,1,3,4,2,3,1989,2,2
1991,1,370234,1,5,5,2,1,1,3,4,2,3,1990,2,2
1991,2,370234,1,5,5,2,1,1,3,4,1,3,1983,2,2
1991,1,370235,1,2,2,1,2,2,3,4,1,3,1979,2,2
1991,1,370236,1,2,2,2,1,1,3,4,2,3,1984,2,2
1991,2,370236,2,3,3,2,1,1,3,4,2,3,1975,2,2
1991,1,370237,1,2,2,1,2,2,3,4,1,3,1984,2,2
1991,1,370238,2,4,4,2,1,1,3,4,2,3,1986,2,2
1991,2,370238,1,2,2,2,2,2,3,4,2,3,1989,2,2
1991,1,370239,1,2,2,2,1,1,3,4,1,3,1988,2,2
1991,1,370240,1,2,3,1,1,1,3,4,1,3,1989,2,2
1991,1,370241,2,2,2,2,1,1,3,4,2,3,1989,2,2
1991,1,370242,1,2,5,1,1,1,3,4,1,3,1983,2,2
1991,1,370243,1,2,2,2,2,2,3,4,1,3,1983,2,2
1991,1,370244,1,2,2,2,1,1,3,4,2,3,1989,2,2
1991,2,370244,2,3,3,2,1,1,3,4,2,3,1969,2,2
1991,1,370245,1,3,6,1,2,2,3,4,1,3,1979,2,2
1991,1,370246,1,3,2,2,1,1,3,4,2,3,1985,2,2
1991,2,370246,1,5,5,2,1,1,3,4,2,3,1982,2,2
1991,1,370247,1,5,5,2,1,1,3,4,2,3,1986,2,2
1991,1,370248,1,2,2,2,1,1,3,4,1,3,1981,2,2
1991,1,370249,5,7,7,2,3,3,3,4,2,3,9999,2,2
1991,1,370250,1,5,3,2,1,1,3,4,2,3,1990,2,2
1991,2,370250,2,2,6,1,1,1,3,4,2,3,1987,2,2
1991,3,370250,1,2,2,2,1,1,3,4,2,3,1987,2,2
1991,1,370251,2,2,2,2,1,1,3,4,2,3,1987,2,2
1991,2,370251,1,2,2,2,1,1,3,4,2,3,1987,2,2
1991,1,370252,1,2,6,1,1,1,3,4,1,3,1982,2,2
1991,1,370253,1,2,2,2,1,1,3,4,2,3,1980,2,2
1991,1,370254,1,2,2,2,2,2,3,4,2,3,1987,2,2
1991,1,370255,1,2,2,2,1,1,3,4,2,3,1986,2,2
1991,2,370255,1,5,5,2,1,1,3,4,2,3,1989,2,2
1991,1,370256,1,2,6,1,1,2,3,4,1,3,1990,2,1
1991,1,370257,1,3,6,1,1,1,3,4,1,3,1990,2,2
1991,1,370258,1,1,1,1,1,1,3,4,1,3,1985,2,2
1991,1,370259,2,2,2,2,1,1,3,4,2,3,1977,2,2
1991,2,370259,2,3,3,2,1,1,3,4,2,3,1989,2,2
1991,1,370260,1,3,3,2,1,1,3,4,2,3,1977,2,2
1991,1,370261,7,2,2,2,4,1,3,1,1,3,1981,2,2
1991,2,370261,2,5,5,2,1,1,3,4,2,3,1988,2,2
1991,1,370262,1,5,5,2,1,1,3,4,2,3,1978,2,2
1991,2,370262,1,2,2,2,1,1,3,4,2,3,1985,2,2
1991,1,370263,2,2,2,1,2,2,3,4,1,3,1979,2,2
1991,1,370264,1,2,2,2,1,1,3,4,2,3,1977,2,2
1991,1,370265,6,4,4,2,1,1,3,4,2,3,1988,2,2
1991,2,370265,1,2,4,2,1,1,3,4,2,3,1976,2,2
1991,3,370265,1,4,2,2,1,2,3,4,2,3,1980,2,2
1991,4,370265,1,2,4,2,1,1,3,4,2,3,1981,2,2
1991,5,370265,2,2,2,2,1,1,3,4,1,3,1990,2,2
1991,1,370266,1,5,5,2,1,1,3,4,1,3,1983,2,2
1991,1,370267,1,5,2,2,1,1,3,4,1,3,1978,2,2
1991,1,370268,2,2,6,1,1,1,3,4,1,3,1989,2,2
1991,1,370269,1,2,2,2,1,1,3,4,2,3,1989,2,2
1991,2,370269,2,2,2,2,1,1,3,4,2,3,1987,2,2
1991,1,370270,1,3,3,2,1,1,3,4,2,3,1984,2,2
1991,2,370270,1,2,2,2,1,1,3,4,2,3,1979,2,2
1991,3,370270,1,2,2,2,1,1,3,4,2,3,1984,2,2
1991,1,370271,2,2,2,2,1,1,3,4,1,3,1988,2,2
1991,2,370271,1,2,2,2,1,1,3,4,2,3,1981,2,2
1991,1,370272,1,3,3,2,1,1,3,4,2,3,1971,2,2
1991,2,370272,2,5,5,1,1,1,3,4,2,3,1987,2,2
1991,1,370273,1,2,2,1,1,1,3,4,2,3,1991,2,2
1991,1,370274,6,3,3,2,1,1,3,4,2,3,1990,2,2
1991,2,370274,7,3,3,2,4,1,3,1,1,3,1990,2,2
1991,1,370275,4,2,2,2,1,1,3,4,2,3,1987,2,2
1991,2,370275,1,3,3,2,1,1,3,4,2,3,1989,2,2
1991,1,370276,1,3,3,2,1,1,3,4,2,3,1986,2,2
1991,2,370276,1,6,6,2,1,1,3,4,2,3,1983,2,2
1991,1,370277,1,5,5,2,1,1,3,4,2,3,1989,2,2
1991,2,370277,1,2,2,2,1,1,3,4,2,3,1968,2,2
1991,1,370278,7,2,2,2,4,2,3,2,2,3,1981,2,2
1991,2,370278,1,2,2,2,1,1,3,4,2,3,1969,2,2
1991,1,370279,6,5,5,1,1,1,3,4,2,3,1989,2,2
1991,1,370281,2,2,6,1,1,1,3,4,2,3,1986,2,2
1991,1,370282,2,3,6,1,1,1,3,4,2,3,1972,2,2
1991,1,370283,1,5,5,2,1,1,3,4,2,3,1989,2,2
1991,2,370283,6,2,2,2,1,1,3,4,2,3,1986,2,2
1991,1,370284,1,3,6,1,1,1,3,4,1,3,1990,2,2
1991,1,370285,1,3,6,1,1,1,3,4,1,3,1987,2,2
1991,1,370286,1,3,3,2,1,1,3,4,1,3,1982,2,2
1991,2,370286,1,2,2,2,1,1,3,4,2,3,1965,2,2
1991,1,370287,1,3,3,2,1,1,3,4,1,3,1969,2,2
1991,2,370287,7,2,2,2,4,1,3,1,2,3,1983,2,2
1991,1,370288,1,1,1,1,1,1,3,4,1,3,1991,2,2
1991,1,370289,1,2,2,2,1,1,3,4,2,3,1981,2,2
1991,1,370290,1,2,2,2,1,1,3,4,2,3,1983,2,2
1991,1,370291,1,2,2,2,1,1,3,4,2,3,1973,2,2
1991,1,370292,1,2,2,2,2,2,3,4,1,3,1979,2,1
1991,1,370293,3,2,2,2,1,1,3,4,2,3,1978,2,2
1991,1,370295,1,3,3,2,2,2,3,4,1,3,1988,2,2
1991,2,370295,1,2,2,2,1,1,3,4,2,3,1980,2,2
1991,1,370296,1,2,2,2,2,2,3,4,1,3,1986,2,2
1991,1,370297,7,2,2,2,4,1,3,1,1,3,1987,2,2
1991,1,370298,1,2,6,1,1,1,3,4,1,3,1988,2,2
1991,1,370299,7,2,2,2,4,1,3,1,1,3,1990,2,2
1991,1,370300,5,3,3,2,1,1,3,4,2,3,1990,2,2
1991,2,370300,1,2,2,2,1,1,3,4,2,3,1979,2,2
1991,1,370301,6,2,2,2,1,1,3,4,2,3,1991,2,2
1991,2,370301,6,2,2,2,1,1,3,4,2,3,1980,2,2
1991,1,370302,1,2,2,2,1,1,3,4,2,3,1984,2,2
1991,1,370303,1,2,2,1,1,1,3,4,1,3,1977,2,2
1991,1,370304,3,3,6,1,1,1,3,4,2,3,1986,2,2
1991,1,370305,3,2,2,2,1,1,3,4,1,3,1973,2,2
1991,2,370305,2,2,2,1,1,1,3,4,2,3,1990,2,2
1991,1,370306,6,2,2,2,1,1,3,4,2,3,1991,2,2
1991,2,370306,1,2,2,2,1,1,3,4,2,3,1983,2,2
1991,1,370307,2,2,2,2,1,1,3,4,2,3,1987,2,2
1991,1,370308,1,2,2,2,1,1,3,4,2,3,1991,2,2
1991,1,370309,1,2,2,2,1,1,3,4,1,3,1987,2,2
1991,2,370309,1,2,2,2,1,1,3,4,2,3,1990,2,2
1991,1,370310,2,2,6,1,1,1,3,4,1,3,1987,2,2
1991,1,370311,6,2,5,2,2,2,3,4,2,3,1972,2,2
1991,2,370311,1,2,3,2,1,1,3,4,2,3,1984,2,2
1991,3,370311,2,5,5,2,1,1,3,4,2,3,1986,2,2
1991,1,370312,1,3,6,1,1,1,3,4,1,3,1983,2,2
1991,1,370313,1,3,6,1,2,2,3,4,1,3,1965,2,2
1991,1,370314,1,2,6,1,2,2,3,4,1,3,1976,2,2
1991,1,370315,2,5,5,1,1,1,3,4,1,3,1984,2,2
1991,1,370317,1,2,2,2,1,1,3,4,2,3,1990,2,2
1991,2,370317,1,2,2,2,1,1,3,4,2,3,1988,2,2
1991,1,370318,1,3,3,2,1,1,3,4,2,3,1982,2,2
1991,1,370319,1,2,2,2,1,1,3,4,2,3,1990,2,2
1991,1,370320,2,2,2,2,1,1,3,4,2,3,1991,2,2
1991,2,370320,1,4,4,2,1,1,3,4,2,3,1983,2,2
1991,1,370321,1,5,5,2,1,1,3,4,2,3,1985,2,2
1991,2,370321,1,5,3,2,1,1,3,4,2,3,1989,2,2
1991,3,370321,1,2,2,2,1,1,3,4,2,3,1977,2,2
1991,1,370322,1,3,6,1,1,1,3,4,2,3,1987,2,2
1991,1,370323,1,3,3,2,1,1,3,4,1,3,1980,2,2
1991,1,370324,1,2,2,1,2,2,3,4,1,3,1987,2,2
1991,1,370325,1,2,6,1,1,1,3,4,1,3,1990,2,2
1991,1,370326,2,2,2,2,1,1,3,4,2,3,1978,2,2
1991,2,370326,2,4,4,2,1,1,3,4,2,3,1974,2,2
1991,1,370327,1,2,6,1,1,1,3,4,1,3,1979,2,2
1991,1,370328,1,5,6,1,1,1,3,4,1,3,1984,2,2
1991,1,370329,1,3,6,1,1,1,3,4,2,3,1986,2,2
1991,1,370330,6,2,2,2,1,1,3,4,2,3,1984,2,2
1991,1,370331,1,1,1,1,1,1,3,4,1,3,1984,2,2
1991,1,370332,2,2,2,2,1,1,3,4,2,3,1976,2,2
1991,2,370332,2,3,3,2,1,1,3,4,2,3,1988,2,2
1991,1,370333,1,2,3,1,1,1,3,4,1,3,1987,2,2
1991,1,370334,1,2,2,2,1,1,3,4,1,3,1984,2,2
1991,1,370335,6,2,2,2,1,1,3,4,2,3,1989,2,2
1991,2,370335,1,2,2,2,1,1,3,4,2,3,1988,2,2
1991,1,370336,1,4,5,2,1,1,3,4,1,3,1986,2,2
1991,2,370336,8,2,2,2,1,1,3,4,2,3,1978,2,2
1991,1,370337,1,5,5,2,1,1,3,4,1,3,1989,2,2
1991,1,370338,1,2,2,2,1,1,3,4,2,3,1978,2,2
1991,2,370338,9,4,4,2,2,1,3,4,2,3,1977,2,2
1991,1,370339,1,1,1,1,1,1,3,4,2,3,1990,2,1
1991,1,370340,1,5,5,2,2,2,3,4,1,3,1986,2,2
1991,2,370340,1,4,4,2,1,1,3,4,2,3,1984,2,2
1991,1,370341,6,5,5,2,1,1,3,4,2,3,1983,2,2
1991,2,370341,3,2,2,2,1,1,3,4,2,3,1990,2,2
1991,3,370341,1,3,5,2,1,1,3,4,2,3,1978,2,2
1991,1,370342,1,2,2,2,1,1,3,4,2,3,1990,2,2
1991,1,370343,1,2,6,1,1,1,3,4,2,3,1984,2,2
1991,1,370344,7,2,2,2,4,2,3,2,1,3,1986,2,2
1991,1,370345,6,5,5,2,1,1,3,4,2,3,1987,2,2
1991,2,370345,2,2,2,2,1,1,3,4,2,3,1978,2,2
1991,3,370345,1,2,2,2,1,1,3,4,2,3,1973,2,2
1991,1,370346,4,3,3,2,1,1,3,4,2,3,1990,2,2
1991,2,370346,4,5,3,2,1,1,3,4,1,3,1985,2,2
1991,3,370346,1,2,2,2,1,1,3,4,2,3,1989,2,2
1991,1,370347,2,3,5,2,1,1,3,4,2,3,1991,2,2
1991,2,370347,1,2,2,2,1,1,3,4,2,3,1982,2,2
1991,3,370347,7,2,2,2,4,1,3,1,2,3,1983,2,2
1991,4,370347,1,2,2,2,1,1,3,4,2,3,1987,2,2
1991,1,370348,1,3,2,2,2,2,3,4,2,3,1983,2,2
1991,1,370349,2,2,2,2,2,2,3,4,2,3,1973,2,2
1991,1,370350,1,5,6,1,1,1,3,4,1,3,1980,2,2
1991,1,370351,1,2,2,2,1,1,3,4,2,3,1987,2,2
1991,1,370352,1,2,2,2,1,1,3,4,2,3,1974,2,2
1991,1,370353,1,3,6,1,1,1,3,4,1,3,1969,2,2
1991,1,370354,2,2,2,2,1,1,3,4,2,3,1980,2,2
1991,2,370354,7,5,5,2,4,1,3,1,2,3,1986,2,2
1991,1,370355,2,2,2,2,1,1,3,4,1,3,1988,2,2
1991,1,370356,6,2,2,2,1,1,3,4,2,3,1985,2,2
1991,2,370356,2,2,2,2,1,1,3,4,2,3,1979,2,2
1991,1,370357,1,2,2,2,1,1,3,4,2,3,1977,2,2
1991,1,370358,1,3,4,2,1,1,3,4,1,3,1987,2,2
1991,1,370359,2,2,6,1,1,1,3,4,1,3,1984,2,2
1991,1,370360,2,5,5,1,2,2,3,4,1,3,1984,2,2
1991,1,370361,1,2,2,2,1,1,3,4,2,3,1979,2,2
1991,1,370362,6,2,2,2,1,1,3,4,2,3,1975,2,2
1991,2,370362,6,5,5,2,1,1,3,4,1,3,1985,2,2
1991,1,370363,7,5,2,2,4,2,3,2,1,3,1986,2,2
1991,1,370364,2,2,2,2,1,1,3,4,2,3,1987,2,2
1991,2,370364,2,2,2,2,1,1,3,4,2,3,1986,2,2
1991,1,370365,7,2,5,2,4,1,3,1,1,3,1989,2,2
1991,1,370366,1,4,6,1,1,1,3,4,2,3,1976,2,2
1991,2,370366,6,2,2,2,1,1,3,4,1,3,1987,2,2
1991,1,370367,7,2,2,2,4,1,3,1,2,3,1985,2,2
1991,2,370367,1,2,2,2,1,1,3,4,1,3,1980,2,2
1991,1,370368,1,2,2,2,1,1,3,4,2,3,1986,2,2
1991,1,370369,1,2,2,2,1,1,3,4,2,3,1982,2,2
1991,1,370370,1,2,2,2,2,2,3,4,2,3,1980,2,2
1991,1,370371,1,2,2,2,2,2,3,4,2,3,1982,2,2
1991,1,370372,1,2,2,2,1,1,3,4,2,3,1975,2,2
1991,2,370372,1,3,3,2,1,1,3,4,2,3,1987,2,2
1991,1,370373,1,5,3,2,1,1,3,4,1,3,1985,2,2
1991,2,370373,1,2,2,2,1,1,3,4,2,3,1989,2,2
1991,1,370374,1,2,2,2,2,2,3,4,2,3,1975,2,2
1991,2,370374,1,2,2,2,1,1,3,4,2,3,1989,2,2
1991,1,370375,1,2,2,2,1,1,3,4,2,3,1977,2,2
1991,2,370375,1,2,2,2,1,1,3,4,2,3,1984,2,2
1991,1,370376,2,5,6,1,1,1,3,4,2,3,1990,2,2
1991,2,370376,6,2,2,2,1,1,3,4,2,3,1990,2,2
1991,1,370377,1,2,5,2,1,1,3,4,1,3,1988,2,2
1991,2,370377,6,4,5,2,1,1,3,4,2,3,1989,2,2
1991,3,370377,6,5,5,2,1,1,3,4,2,3,1987,2,2
1991,4,370377,1,3,3,2,1,1,3,4,2,3,1983,2,2
1991,5,370377,1,2,2,2,1,1,3,4,2,3,1987,2,2
1991,6,370377,1,5,5,2,1,1,3,4,2,3,1985,2,2
1991,7,370377,1,3,5,2,1,1,3,4,2,3,1986,2,2
1991,1,370378,1,5,3,2,1,1,3,4,1,3,1985,2,2
1991,2,370378,2,5,5,2,1,1,3,4,2,3,1983,2,2
1991,3,370378,2,5,5,2,1,1,3,4,2,3,1988,2,2
1991,4,370378,1,2,2,2,1,1,3,4,2,3,1988,2,2
1991,1,370379,1,2,2,2,1,1,3,4,2,3,1987,2,2
1991,2,370379,1,3,3,2,1,1,3,4,1,3,1988,2,2
1991,1,370380,1,2,2,2,1,1,3,4,2,3,1984,2,2
1991,2,370380,1,3,3,2,2,2,3,4,1,3,1983,2,2
1991,1,370381,1,2,2,2,1,1,3,4,2,3,1981,2,2
1991,2,370381,1,2,2,1,2,2,3,4,2,3,1986,2,2
1991,1,370382,1,2,6,1,1,1,3,4,2,3,1980,2,2
1991,1,370383,1,3,6,1,2,2,3,4,1,3,1977,2,2
1991,1,370384,9,7,7,2,3,3,3,4,2,3,9999,2,2
1991,1,370385,1,2,2,2,1,1,3,4,2,3,1980,2,2
1991,2,370385,1,2,2,2,1,1,3,4,2,3,1987,2,2
1991,1,370386,1,2,2,2,2,2,3,4,1,3,1990,2,2
1991,1,370387,1,4,4,2,1,1,3,4,2,3,1990,2,2
1991,2,370387,6,2,4,2,1,1,3,4,2,3,1985,2,2
1991,3,370387,1,4,2,2,2,2,3,4,2,3,1978,2,2
1991,4,370387,6,2,2,2,1,1,3,4,2,3,1990,2,2
1991,1,370388,4,2,2,2,1,1,3,4,2,3,1980,2,2
1991,1,370389,1,2,2,2,1,1,3,4,1,3,1990,2,2
1991,2,370389,6,4,4,2,1,1,3,4,2,3,1990,2,2
1991,1,370390,1,2,2,2,1,1,3,4,2,3,1986,2,2
1991,2,370390,1,5,5,2,1,1,3,4,2,3,1984,2,2
1991,1,370391,1,3,3,2,1,1,3,4,1,3,1989,2,2
1991,2,370391,1,2,2,2,1,1,3,4,2,3,1990,2,2
1991,1,370392,1,3,2,2,1,1,3,4,2,3,1984,2,1
1991,1,370393,1,2,2,2,1,1,3,4,2,3,1990,2,2
1991,1,370394,7,2,2,2,4,2,3,2,2,3,1971,2,2
1991,1,370395,2,5,5,1,1,1,3,4,2,3,1989,2,2
1991,2,370395,2,2,2,2,1,1,3,4,2,3,1970,2,2
1991,1,370396,9,7,7,2,3,3,3,4,2,3,9999,2,2
1991,1,370397,1,2,6,1,1,1,3,4,1,3,1983,2,2
1991,1,370398,1,3,3,2,1,1,3,4,2,3,1990,2,2
1991,2,370398,1,2,2,2,1,1,3,4,2,3,1990,2,2
1991,1,370399,1,2,2,1,1,1,3,4,2,3,1990,2,2
1991,2,370399,2,4,4,1,2,2,3,4,2,3,1979,2,2
1991,1,370400,1,2,2,2,2,2,3,4,2,3,1982,2,2
1991,1,370401,1,2,2,2,2,2,3,4,1,3,1986,2,2
1991,1,370402,2,3,6,1,2,2,3,4,1,3,1991,2,2
1991,1,370403,2,2,2,2,1,1,3,4,2,3,1986,2,2
1991,2,370403,1,2,2,2,1,1,3,4,2,3,1988,2,2
1991,1,370404,1,2,2,2,1,1,3,4,2,3,1991,2,2
1991,2,370404,1,2,2,2,1,1,3,4,2,3,1988,2,2
1991,1,370405,7,2,2,2,4,1,3,1,2,3,1982,2,2
1991,1,370406,1,2,2,2,2,2,3,4,1,3,1983,2,2
1991,2,370406,2,2,2,2,1,1,3,4,2,3,1983,2,2
1991,1,370407,2,2,6,1,1,1,3,4,1,3,1968,2,2
1991,1,370408,9,7,7,2,3,3,3,4,2,3,9999,2,2
1991,1,370409,1,2,2,2,1,1,3,4,1,3,1965,2,2
1991,1,370410,2,4,4,2,1,1,3,4,2,3,1986,2,2
1991,2,370410,3,2,2,2,1,1,3,4,1,3,1983,2,2
1991,1,370411,2,2,2,2,1,1,3,4,1,3,1982,2,2
1991,2,370411,1,2,2,2,1,1,3,4,2,3,1987,2,2
1991,1,370412,1,5,6,1,1,1,3,4,2,3,1979,2,2
1991,1,370413,8,3,3,1,1,1,3,4,2,1,1988,2,2
1991,2,370413,6,2,2,2,1,1,3,4,2,3,1980,2,2
1991,1,370414,1,5,3,2,1,1,3,4,2,3,1985,2,2
1991,2,370414,1,2,2,2,1,1,3,4,1,3,1977,2,2
1991,1,370415,1,2,6,1,2,2,3,4,2,3,1987,2,2
1991,1,370416,2,3,3,2,1,1,3,4,2,3,1988,2,2
1991,2,370416,1,2,2,2,1,1,3,4,2,3,1984,2,2
1991,1,370417,6,2,2,1,1,1,3,4,2,3,1979,2,2
1991,2,370417,2,2,6,1,1,1,3,4,2,3,1982,2,2
1991,1,370418,1,2,2,2,1,1,3,4,2,3,1984,2,2
1991,2,370418,1,2,2,2,1,1,3,4,2,3,1984,2,2
1991,1,370419,4,2,2,2,1,1,3,4,2,3,1986,2,2
1991,1,370420,1,2,2,1,1,1,3,4,1,3,1985,2,2
1991,1,370421,1,2,2,2,2,2,3,4,2,3,1987,2,1
1991,1,370422,6,5,5,1,1,1,3,4,2,3,1989,2,2
1991,1,370423,2,5,5,2,1,1,3,4,2,3,1977,2,2
1991,2,370423,6,2,2,2,1,1,3,4,2,3,1988,2,2
1991,1,370424,1,5,5,2,1,1,3,4,2,3,1986,2,2
1991,2,370424,2,2,2,2,1,1,3,4,2,3,1977,2,2
1991,1,370425,1,2,2,2,1,1,3,4,2,3,1985,2,2
1991,2,370425,6,2,2,2,1,1,3,4,2,3,1987,2,2
1991,1,370426,1,5,5,2,1,1,3,4,2,3,1980,2,2
1991,2,370426,6,2,2,2,1,1,3,4,2,3,1990,2,2
1991,1,370427,6,4,4,2,1,1,3,4,1,3,1987,2,2
1991,1,370428,1,2,2,2,1,1,3,4,2,3,1983,2,2
1991,1,370429,6,2,2,1,1,1,3,4,2,3,1981,2,2
1991,2,370429,1,5,5,2,1,1,3,4,2,3,1978,2,2
1991,1,370430,2,2,6,1,1,1,3,4,1,3,1989,2,2
1991,1,370431,2,2,2,2,1,1,3,4,2,3,1986,2,2
1991,2,370431,3,2,2,2,1,1,3,4,2,3,1989,2,2
1991,1,370432,1,2,2,1,1,1,3,4,1,3,1991,2,2
1991,1,370433,1,2,6,1,2,2,3,4,2,3,1983,2,2
1991,1,370434,2,2,6,1,1,1,3,4,1,3,1990,2,2
1991,1,370435,2,2,2,2,2,2,3,4,2,3,1991,2,2
1991,2,370435,2,2,2,2,1,1,3,4,2,3,1985,2,2
1991,1,370436,3,5,5,2,1,1,3,4,2,3,1976,2,2
1991,2,370436,7,2,2,2,4,1,3,1,2,3,1991,2,2
1991,1,370437,9,5,5,2,2,1,3,4,2,3,1980,2,2
1991,2,370437,2,3,3,1,1,1,3,4,2,3,1972,2,2
1991,1,370438,2,1,1,1,1,1,3,4,1,3,1987,2,2
1991,1,370439,1,2,2,2,1,1,3,4,2,3,1979,2,2
1991,2,370439,1,2,2,2,1,1,3,4,2,3,1986,2,2
1991,1,370440,1,5,5,2,1,1,3,4,2,3,1986,2,2
1991,2,370440,1,2,2,2,1,1,3,4,2,3,1979,2,2
1991,1,370441,1,2,6,2,1,1,3,4,2,3,1970,2,2
1991,1,370442,1,2,6,1,1,1,3,4,2,3,1981,2,2
1991,1,370443,1,2,6,1,1,1,3,4,1,3,1987,2,2
1991,1,370444,1,2,6,1,1,1,3,4,1,3,1985,2,2
1991,1,370445,4,1,1,1,1,1,3,4,1,3,1971,2,2
1991,1,370446,1,2,4,2,1,1,3,4,2,3,1988,2,2
1991,2,370446,6,5,3,2,1,1,3,4,2,3,1988,2,2
1991,1,370447,2,1,1,2,1,1,3,4,2,3,1986,2,2
1991,1,370448,5,3,3,1,1,1,3,4,2,3,1987,2,2
1991,1,370449,1,3,3,2,1,1,3,4,1,3,1986,2,2
1991,1,370450,1,3,3,2,1,1,3,4,2,3,1984,2,2
1991,1,370451,1,5,5,2,1,1,3,4,2,3,1981,2,2
1991,1,370452,1,3,6,1,1,1,3,4,1,3,1981,2,2
1991,1,370453,2,2,2,2,1,1,3,4,2,3,1987,2,2
1991,2,370453,1,2,2,2,1,1,3,4,2,3,1988,2,2
1991,1,370454,3,5,5,2,1,1,3,4,2,3,1977,2,2
1991,2,370454,1,2,2,2,1,1,3,4,2,3,1991,2,2
1991,1,370455,1,2,2,2,1,1,3,4,2,3,1986,2,1
1991,2,370455,1,2,2,2,1,1,3,4,2,3,1985,2,2
1991,1,370456,6,3,3,2,1,1,3,4,2,3,1983,2,2
1991,2,370456,7,2,2,2,4,1,3,1,2,3,1985,2,2
1991,1,370457,6,4,4,2,1,1,3,4,2,3,1987,2,2
1991,2,370457,1,2,2,2,1,1,3,4,1,3,1986,2,2
1991,3,370457,6,2,2,2,1,1,3,4,2,3,1990,2,2
1991,1,370458,1,5,2,2,1,1,3,4,1,3,1986,2,2
1991,2,370458,6,5,5,2,1,1,3,4,2,3,1987,2,2
1991,3,370458,2,2,2,2,1,1,3,4,2,3,1970,2,2
1991,1,370459,1,5,5,1,1,1,3,4,2,3,1977,2,2
1991,2,370459,1,2,2,2,1,1,3,4,2,3,1986,2,2
1991,1,370460,1,2,6,2,1,1,3,4,1,3,1987,2,2
1991,1,370461,1,5,3,1,1,1,3,4,1,3,1991,2,2
1991,1,370462,1,2,2,2,1,1,3,4,2,3,1985,2,2
1991,2,370462,2,2,2,2,1,1,3,4,2,3,1983,2,2
1991,1,370463,1,5,6,1,1,1,3,4,1,3,1989,2,2
1991,1,370464,1,3,3,2,1,1,3,4,2,3,1983,2,2
1991,2,370464,9,2,2,2,2,2,3,4,2,3,1989,2,2
1991,1,370465,1,2,2,2,1,1,3,4,1,3,1985,2,2
1991,2,370465,1,2,2,2,1,1,3,4,2,3,1984,2,2
1991,1,370466,1,2,6,1,2,2,3,4,1,3,1989,2,2
1991,1,370467,1,2,2,2,1,1,3,4,2,3,1977,2,2
1991,1,370468,1,2,2,2,1,1,3,4,2,3,1985,2,2
1991,2,370468,1,2,2,2,1,1,3,4,2,3,1986,2,2
1991,3,370468,2,3,3,2,1,1,3,4,2,3,1990,2,2
1991,1,370469,2,5,5,2,1,1,3,4,1,3,1979,2,2
1991,2,370469,3,2,2,2,1,1,3,4,2,3,1991,2,2
1991,1,370470,1,2,2,2,2,2,3,4,2,3,1972,2,2
1991,1,370471,7,2,2,2,4,2,3,2,1,3,1971,2,2
1991,1,370472,1,2,2,2,1,1,3,4,2,3,1991,2,2
1991,2,370472,1,5,5,2,1,1,3,4,2,3,1986,2,2
1991,1,370473,1,2,2,1,1,1,3,4,1,3,1978,2,2
1991,2,370473,1,2,2,2,1,1,3,4,2,3,1982,2,2
1991,1,370474,1,5,5,2,1,1,3,4,2,3,1983,2,2
1991,1,370475,6,5,5,2,1,1,3,4,2,3,1977,2,2
1991,2,370475,6,5,2,2,1,1,3,4,2,3,1979,2,2
1991,3,370475,2,2,5,2,1,1,3,4,2,3,1990,2,2
1991,1,370476,2,2,2,2,1,1,3,4,2,3,1984,2,2
1991,1,370477,1,2,2,2,1,1,3,4,2,3,1979,2,2
1991,1,370478,2,2,6,1,1,1,3,4,1,3,1978,2,2
1991,1,370479,1,2,2,2,1,1,3,4,2,3,1989,2,2
1991,2,370479,1,2,2,2,1,1,3,4,2,3,1984,2,2
1991,1,370480,2,2,2,2,1,1,3,4,2,3,1981,2,2
1991,1,370481,1,2,2,2,1,1,3,4,2,3,1980,2,2
1991,2,370481,6,2,2,2,1,1,3,4,2,3,1992,2,2
1991,1,370482,1,5,5,2,1,1,3,4,2,3,1986,2,2
1991,2,370482,6,2,2,2,1,1,3,4,2,3,1973,2,2
1991,1,370483,1,3,6,1,1,1,3,4,1,3,1985,2,2
1991,1,370484,6,2,2,2,1,1,3,4,2,3,1989,2,2
1991,2,370484,1,2,2,2,1,1,3,4,2,3,1976,2,2
1991,1,370485,1,2,3,2,1,1,3,4,2,3,1986,2,2
1991,2,370485,1,2,2,2,1,1,3,4,2,3,1984,2,2
1991,1,370486,1,4,4,2,1,1,3,4,2,3,1983,2,2
1991,2,370486,1,2,6,1,2,2,3,4,1,3,1984,2,2
1991,1,370487,7,2,2,2,4,1,3,1,2,3,1983,2,2
1991,1,370488,3,2,2,2,1,1,3,4,2,3,1987,2,2
1991,2,370488,2,2,2,2,1,1,3,4,2,3,1983,2,2
1991,1,370489,1,3,3,1,1,1,3,4,1,3,1988,2,2
1991,1,370490,1,5,6,1,1,1,3,4,1,3,1984,2,2
1991,1,370491,1,5,6,1,1,1,3,4,2,3,1989,2,2
1991,2,370491,3,2,2,1,1,1,3,4,2,3,1987,2,2
1991,1,370492,1,2,2,1,1,1,3,4,1,3,1985,2,2
1991,1,370493,1,2,2,2,1,1,3,4,2,3,1983,2,2
1991,2,370493,1,2,2,2,1,1,3,4,2,3,1983,2,2
1991,1,370494,2,2,2,2,1,1,3,4,1,3,1980,2,2
1991,2,370494,9,4,4,1,2,1,3,4,2,3,1963,2,2
1991,1,370495,6,2,2,2,1,1,3,4,2,3,1986,2,2
1991,1,370496,1,2,6,1,2,2,3,4,1,3,1980,2,2
1991,1,370497,2,6,6,2,1,1,3,4,2,3,1985,2,2
1991,1,370498,1,3,6,1,1,1,3,4,1,3,1986,2,2
1991,1,370499,2,2,2,2,1,1,3,4,2,3,1988,2,2
1991,1,370500,7,2,2,2,4,2,3,2,1,3,1980,2,2
1991,1,370501,1,5,6,1,1,1,3,4,2,3,1985,2,2
1991,1,370502,5,2,2,2,3,3,3,4,2,3,1986,2,2
1991,2,370502,1,2,2,2,1,1,3,4,2,3,1983,2,2
1991,1,370503,1,2,2,2,1,1,3,4,2,3,1984,2,2
1991,2,370503,2,2,2,2,1,1,3,4,2,3,1988,2,2
1991,1,370504,1,2,2,2,1,1,3,4,2,3,1989,2,2
1991,2,370504,7,5,5,2,4,1,3,1,2,3,1979,2,2
1991,1,370505,1,3,3,1,2,2,3,4,1,3,1967,2,2
1991,1,370506,2,2,6,1,2,2,3,4,1,3,1971,2,2
1991,1,370507,1,2,2,2,1,1,3,4,2,3,1988,2,2
1991,2,370507,2,2,2,2,1,1,3,4,2,3,1987,2,2
1991,1,370508,6,2,2,1,1,1,3,4,2,3,1988,2,2
1991,2,370508,2,3,3,2,1,1,3,4,2,3,1983,2,2
1991,1,370509,2,2,2,2,1,1,3,4,2,3,1979,2,2
1991,1,370510,1,2,2,2,1,1,3,4,2,3,1989,2,2
1991,1,370511,2,2,6,1,1,1,3,4,1,3,1988,2,2
1991,1,370512,7,3,3,2,4,1,3,1,1,3,1978,2,2
1991,2,370512,7,2,2,2,4,1,3,1,1,3,1987,2,2
1991,1,370513,1,2,2,1,2,2,3,4,1,3,1978,2,2
1991,1,370514,2,2,2,2,2,2,3,4,2,3,1986,2,2
1991,1,370515,2,2,2,2,1,1,3,4,2,3,1990,2,2
1991,1,370516,1,2,2,2,1,1,3,4,2,3,1985,2,2
1991,2,370516,1,5,5,2,1,1,3,4,2,3,1983,2,2
1991,1,370517,1,2,2,2,1,1,3,4,2,3,1990,2,2
1991,2,370517,1,2,2,2,1,1,3,4,2,3,1985,2,2
1991,1,370518,6,1,1,1,1,1,3,4,1,3,1987,2,2
1991,1,370519,7,5,5,2,4,2,3,2,1,3,1989,2,2
1991,1,370520,1,2,2,2,1,1,3,4,2,3,1987,2,2
1991,1,370521,2,2,2,2,1,1,3,4,1,3,1984,2,2
1991,2,370521,2,2,2,2,1,1,3,4,2,3,1991,2,2
1991,1,370522,2,2,2,2,1,1,3,4,2,3,1988,2,2
1991,1,370523,1,3,3,2,1,1,3,4,1,3,1987,2,2
1991,2,370523,6,2,2,2,1,1,3,4,2,3,1985,2,2
1991,1,370524,1,4,4,2,1,1,3,4,2,3,1967,2,2
1991,2,370524,1,2,4,2,1,1,3,4,2,3,1989,2,2
1991,3,370524,2,2,2,2,1,1,3,4,2,3,1985,2,2
1991,1,370525,2,2,6,1,1,1,3,4,1,3,1976,2,2
1991,1,370526,2,2,2,2,1,1,3,4,2,3,1971,2,2
1991,2,370526,1,3,6,1,1,1,3,4,1,3,1988,2,2
1991,1,370527,1,2,2,2,1,1,3,4,2,3,1983,2,2
1991,2,370527,2,5,6,1,1,1,3,4,2,3,1991,2,2
1991,1,370528,1,2,6,1,1,1,3,4,1,3,1983,2,2
1991,1,370529,1,4,4,2,1,1,3,4,2,3,1982,2,2
1991,2,370529,6,2,2,2,1,1,3,4,2,3,1987,2,2
1991,1,370530,2,1,1,1,1,1,3,4,1,3,1990,2,2
1991,1,370531,1,2,2,2,2,2,3,4,2,3,1980,2,2
1991,1,370532,1,2,2,2,1,1,3,4,2,3,1985,2,2
1991,2,370532,7,2,2,2,4,1,3,1,2,3,1981,2,2
1991,1,370533,1,1,1,1,2,2,3,4,2,3,1988,2,2
1991,1,370534,1,2,5,2,1,1,3,4,1,3,1990,2,2
1991,1,370535,2,1,1,1,1,1,3,4,1,3,1991,2,2
1991,1,370536,2,2,2,2,1,1,3,4,1,3,1978,2,2
1991,2,370536,1,4,2,2,1,1,3,4,2,3,1984,2,2
1991,3,370536,2,2,2,2,1,1,3,4,2,3,1980,2,2
1991,1,370537,1,2,2,2,1,1,3,4,2,3,1986,2,2
1991,1,370538,2,2,2,2,1,1,3,4,2,3,1988,2,2
1991,1,370539,1,2,2,2,1,1,3,4,2,3,1991,2,2
1991,1,370540,7,2,2,2,4,1,3,1,2,3,1985,2,2
1991,1,370541,2,2,2,2,1,1,3,4,1,3,1982,2,2
1991,1,370543,1,4,4,2,1,1,3,4,2,3,1978,2,2
1991,2,370543,7,2,2,2,4,1,3,1,1,3,1990,2,2
1991,1,370544,1,2,2,2,1,1,3,4,1,3,1985,2,2
1991,1,370545,2,5,5,2,2,2,3,4,1,3,1981,2,2
1991,1,370546,1,3,2,1,1,1,3,4,2,3,1976,2,2
1991,2,370546,6,5,5,2,1,1,3,4,2,3,1982,2,2
1991,1,370547,1,2,2,2,1,1,3,4,2,3,1980,2,2
1991,2,370547,1,4,4,2,1,1,3,4,2,3,1982,2,2
1991,1,370548,1,1,1,1,1,1,3,4,2,3,1987,2,2
1991,1,370549,1,2,2,2,2,2,3,4,2,3,1987,2,2
1991,1,370550,2,3,6,1,2,2,3,4,1,3,1978,2,2
1991,1,370551,1,6,6,2,1,1,3,4,2,3,1980,2,2
1991,1,370552,1,2,2,2,1,1,3,4,2,3,1987,2,2
1991,1,370553,1,2,2,2,1,1,3,4,1,3,1990,2,2
1991,1,370554,1,2,2,2,1,1,3,4,2,3,1976,2,2
1991,1,370555,1,2,6,1,2,2,3,4,1,3,1978,2,2
1991,1,370556,4,2,2,2,1,1,3,4,1,3,1981,2,2
1991,2,370556,1,2,4,2,1,1,3,4,2,3,1986,2,2
1991,3,370556,1,2,2,2,1,1,3,4,2,3,1988,2,2
1991,1,370557,1,2,6,1,1,1,3,4,1,3,1982,2,2
1991,1,370558,1,5,5,1,1,1,3,4,1,3,1978,2,2
1991,1,370559,1,2,2,2,1,1,3,4,2,3,1982,2,1
1991,2,370559,4,2,6,1,1,1,3,4,2,3,1983,2,2
1991,1,370560,1,6,6,2,1,1,3,4,2,3,1990,2,2
1991,1,370561,2,2,2,2,1,1,3,4,2,3,1985,2,2
1991,1,370562,9,7,7,2,3,3,3,4,2,3,9999,2,2
1991,1,370563,3,2,2,2,1,1,3,4,2,3,1988,2,2
1991,1,370564,1,2,2,2,1,1,3,4,2,3,1984,2,1
1991,2,370564,6,2,2,1,1,1,3,4,2,3,1986,2,2
1991,1,370565,2,2,3,1,1,1,3,4,1,3,1977,2,2
1991,1,370566,1,2,2,2,1,1,3,4,2,3,1984,2,2
1991,1,370567,1,3,6,1,1,1,3,4,1,3,1987,2,2
1991,1,370568,9,5,5,2,1,1,3,4,2,3,1991,2,2
1991,2,370568,7,2,2,2,4,1,3,1,2,3,1987,2,2
1991,1,370569,5,2,2,2,1,1,3,4,1,3,1987,2,2
1991,1,370570,1,2,2,2,1,1,3,4,2,3,1979,2,2
1991,2,370570,7,2,2,2,4,1,3,1,2,3,1981,2,2
1991,1,370571,1,5,5,2,1,1,3,4,1,3,1976,2,2
1991,2,370571,1,2,2,2,2,2,3,4,2,3,1976,2,2
1991,1,370572,1,3,3,2,1,1,3,4,2,3,1987,2,2
1991,2,370572,1,2,2,2,1,1,3,4,2,3,1983,2,2
1991,1,370573,1,2,2,2,1,1,3,4,2,3,1982,2,2
1991,2,370573,1,3,3,2,1,1,3,4,1,3,1982,2,2
1991,1,370574,1,2,3,2,1,1,3,4,2,3,1987,2,2
1991,2,370574,1,4,4,2,1,1,3,4,2,3,1989,2,2
1991,3,370574,1,2,2,2,1,1,3,4,2,3,1984,2,2
1991,1,370575,2,1,1,2,2,2,3,4,2,3,1982,2,2
1991,1,370576,2,2,6,1,1,1,3,4,1,3,1990,2,2
1991,1,370577,2,3,6,1,1,1,3,4,1,3,1971,2,2
1991,1,370578,1,2,2,2,1,1,3,4,2,3,1978,2,2
1991,2,370578,7,2,2,2,4,2,3,2,1,3,1985,2,2
1991,1,370579,1,2,2,2,1,1,3,4,2,3,1984,2,2
1991,2,370579,1,2,2,2,1,1,3,4,2,3,1985,2,2
1991,1,370580,1,2,6,1,1,1,3,4,1,3,1979,2,2
1991,1,370581,1,5,5,2,1,1,3,4,2,3,1986,1,1
1991,1,370582,1,2,2,2,1,1,3,4,1,3,1987,2,2
1991,2,370582,1,5,5,2,1,1,3,4,2,3,1983,2,2
1991,3,370582,1,3,3,2,1,1,3,4,2,3,1987,2,2
1991,1,370583,6,5,6,1,1,1,3,4,2,3,1987,2,2
1991,1,370584,1,3,3,2,1,1,3,4,1,3,1970,2,2
1991,1,370585,1,6,6,2,1,1,3,4,2,3,1981,2,2
1991,1,370586,1,2,2,1,1,1,3,4,2,3,1966,2,2
1991,1,370587,1,2,2,2,1,1,3,4,2,3,1987,2,2
1991,2,370587,1,6,6,2,1,1,3,4,2,3,1990,2,2
1991,1,370588,1,2,6,1,1,1,3,4,1,3,1987,2,2
1991,1,370589,1,1,1,1,1,1,3,4,1,3,1981,2,2
1991,1,370590,1,3,6,1,2,2,3,4,1,3,1975,2,2
1991,1,370591,1,2,3,2,1,1,3,4,2,3,1985,2,2
1991,1,370592,1,5,5,2,1,1,3,4,2,3,1983,2,2
1991,2,370592,2,2,2,2,1,1,3,4,2,3,1988,2,2
1991,1,370593,6,3,3,2,2,2,3,4,1,3,1987,2,2
1991,1,370594,1,2,2,2,1,1,3,4,1,3,1991,2,2
1991,1,370595,1,2,2,2,1,1,3,4,2,3,1981,2,2
1991,1,370596,1,2,2,2,2,2,3,4,2,3,1978,2,2
1991,1,370597,1,2,2,2,1,1,3,4,1,3,1983,2,2
1991,2,370597,2,5,6,1,1,1,3,4,2,3,1990,2,2
1991,1,370598,2,3,6,1,2,2,3,4,1,3,1987,2,2
1991,1,370599,1,2,2,1,1,1,3,4,1,3,1977,2,2
1991,1,370600,1,3,3,2,1,1,3,4,1,3,1986,2,2
1991,1,370601,2,2,2,2,1,1,3,4,1,3,1970,2,2
1991,1,370602,2,2,2,2,2,2,3,4,1,3,1986,2,2
1991,2,370602,1,2,2,2,1,1,3,4,2,3,1989,2,2
1991,1,370603,1,2,2,2,1,1,3,4,1,3,1979,2,2
1991,2,370603,6,2,2,2,1,1,3,4,2,3,1989,2,2
1991,1,370604,7,3,3,2,4,1,3,1,1,3,1991,2,2
1991,1,370605,1,2,2,2,1,1,3,4,2,3,1980,2,2
1991,2,370605,6,2,2,2,1,1,3,4,2,3,1987,2,2
1991,1,370606,1,2,2,2,2,2,3,4,2,3,1984,2,2
1991,1,370607,9,4,4,2,2,1,3,4,2,3,1975,2,2
1991,2,370607,1,2,4,2,1,1,3,4,1,3,1986,2,2
1991,3,370607,1,2,2,2,1,1,3,4,1,3,1985,2,2
1991,1,370608,1,5,5,2,1,1,3,4,2,3,1978,2,2
1991,2,370608,6,5,5,2,1,1,3,4,2,3,1980,2,2
1991,1,370609,2,2,2,2,1,1,3,4,1,3,1991,2,2
1991,2,370609,1,2,2,2,1,1,3,4,2,3,1983,2,2
1991,1,370610,6,2,2,2,1,1,3,4,1,3,9999,2,2
1991,2,370610,6,4,4,2,1,1,3,4,2,3,1982,2,2
1991,1,370611,1,2,2,2,1,1,3,4,2,3,1976,2,2
1991,2,370611,1,2,2,2,1,1,3,4,2,3,1987,2,2
1991,1,370612,1,3,3,1,1,1,3,4,1,3,1973,2,2
1991,1,370613,1,5,2,2,1,1,3,4,2,3,1977,2,2
1991,2,370613,1,5,5,2,1,1,3,4,2,3,1982,2,2
1991,3,370613,1,5,5,2,1,1,3,4,2,3,1985,2,2
1991,1,370614,1,2,2,2,1,1,3,4,2,3,1989,2,2
1991,2,370614,1,6,6,2,1,1,3,4,2,3,1986,2,2
1991,1,370615,2,2,5,1,1,1,3,4,1,3,1968,2,2
1991,1,370616,4,2,6,1,1,1,3,4,2,3,1984,2,2
1991,1,370617,1,2,2,2,1,1,3,4,1,3,1984,2,2
1991,2,370617,6,2,2,2,1,1,3,4,2,3,1989,2,2
1991,1,370618,4,2,3,1,1,1,3,4,2,3,1984,2,1
1991,1,370619,1,6,6,2,1,1,3,4,2,3,1981,2,2
1991,1,370620,7,2,2,2,4,2,3,2,1,3,1972,2,2
1991,1,370621,9,7,7,2,3,3,3,4,2,3,9999,2,2
1991,1,370622,2,3,6,1,1,1,3,4,2,3,1988,2,1
1991,1,370623,1,2,2,2,1,1,3,4,2,3,1982,2,2
1991,1,370625,1,2,2,2,1,1,3,4,2,3,1983,2,2
1991,2,370625,5,2,2,2,1,1,3,4,2,3,1989,2,2
1991,3,370625,1,2,2,2,1,1,3,4,2,3,1988,2,2
1991,1,370626,1,2,2,2,1,1,3,4,2,3,1989,2,2
1991,2,370626,1,5,5,2,1,1,3,4,2,3,1989,2,2
1991,1,370627,1,5,5,1,1,1,3,4,2,3,1977,2,2
1991,2,370627,4,2,2,2,1,1,3,4,2,3,1986,2,2
1991,1,370628,6,2,2,2,1,1,3,4,2,3,1990,2,2
1991,1,370629,1,2,6,1,1,1,3,4,1,3,1980,2,2
1991,1,370630,1,5,6,1,2,2,3,4,1,3,1981,2,2
1991,1,370631,7,5,5,2,4,2,3,2,1,3,1974,2,2
1991,1,370632,2,5,5,1,2,2,3,4,1,3,1982,2,2
1991,1,370633,7,2,2,2,4,2,3,2,1,3,1978,2,2
1991,1,370634,2,5,3,2,1,1,3,4,1,3,1988,2,2
1991,2,370634,6,5,5,2,1,1,3,4,2,3,1989,2,2
1991,3,370634,2,2,2,2,1,1,3,4,2,3,1990,2,2
1991,1,370635,4,2,2,2,1,1,3,4,2,3,1987,2,2
1991,2,370635,2,2,2,2,1,1,3,4,2,3,1989,2,2
1991,1,370636,4,2,2,1,1,1,3,4,2,3,1975,2,2
1991,2,370636,1,3,3,2,1,1,3,4,1,3,1987,2,2
1991,1,370637,1,5,5,2,1,1,3,4,2,3,1991,2,2
1991,1,370638,2,2,6,1,1,1,3,4,1,3,1987,2,2
1991,1,370639,1,5,5,2,1,1,3,4,1,3,1968,2,2
1991,2,370639,6,2,2,2,1,1,3,4,2,3,1984,2,2
1991,1,370640,2,2,2,2,1,1,3,4,1,3,1990,2,2
1991,2,370640,5,2,2,2,1,1,3,4,2,3,1982,2,2
1991,1,370641,2,2,2,2,1,1,3,4,2,3,1985,2,2
1991,2,370641,1,5,5,2,1,1,3,4,2,3,1987,2,2
1991,3,370641,1,5,5,2,1,1,3,4,2,3,1987,2,2
1991,1,370642,1,3,2,1,1,1,3,4,1,3,1978,2,2
1991,1,370643,2,2,2,2,1,1,3,4,2,3,1969,2,2
1991,2,370643,7,5,5,2,4,1,3,1,2,3,1981,2,2
1991,1,370644,1,1,1,1,1,1,3,4,1,3,1966,2,2
1991,1,370645,1,2,6,1,1,1,3,4,1,3,1984,2,2
1991,1,370646,7,2,2,2,4,1,3,1,1,3,1982,2,2
1991,1,370647,1,5,5,2,1,1,3,4,2,3,1988,2,2
1991,2,370647,1,2,2,2,1,1,3,4,2,3,1986,2,2
1991,1,370648,7,5,5,2,4,2,3,2,1,3,1982,2,2
1991,2,370648,2,2,2,2,1,1,3,4,2,3,1985,2,2
1991,1,370649,1,3,6,1,2,2,3,4,1,3,1984,2,2
1991,1,370650,1,2,2,2,1,1,3,4,2,3,1985,2,2
1991,2,370650,1,3,3,2,1,1,3,4,2,3,1988,2,2
1991,1,370651,1,3,3,2,1,1,3,4,1,3,1984,2,2
1991,1,370652,1,3,3,2,1,1,3,4,2,3,1982,2,2
1991,2,370652,1,2,2,2,1,1,3,4,2,3,1985,2,2
1991,1,370653,1,2,2,2,1,1,3,4,1,3,1986,2,2
1991,1,370654,9,7,7,2,3,3,3,4,2,3,9999,2,2
1991,1,370655,7,1,1,2,4,1,3,1,1,3,1990,2,2
1991,1,370656,2,2,2,2,1,1,3,4,2,3,1972,2,2
1991,2,370656,1,3,3,2,1,1,3,4,2,3,1978,2,2
1991,1,370657,2,2,2,2,1,1,3,4,2,3,1988,2,2
1991,2,370657,4,3,3,2,1,1,3,4,2,3,1990,2,2
1991,1,370658,1,2,2,2,1,1,3,4,2,3,1984,2,2
1991,2,370658,7,3,3,2,4,2,3,2,2,3,1990,2,2
1991,1,370659,7,5,5,2,4,2,3,2,2,3,1988,2,2
1991,2,370659,1,2,2,2,1,1,3,4,2,3,1986,2,2
1991,1,370660,1,3,2,2,1,1,3,4,1,3,1985,2,2
1991,1,370661,1,2,2,2,1,1,3,4,1,3,1973,2,2
1991,1,370662,1,2,2,2,1,1,3,4,2,3,1990,2,2
1991,2,370662,1,2,6,1,1,1,3,4,2,3,1990,2,2
1991,1,370663,3,3,6,1,1,1,3,4,1,3,1990,2,2
1991,1,370664,1,1,1,1,1,1,3,4,1,3,1971,2,2
1991,1,370666,1,3,3,2,1,1,3,4,2,3,1985,2,2
1991,2,370666,1,2,2,2,1,1,3,4,2,3,1989,2,2
1991,1,370667,1,2,2,2,1,1,3,4,2,3,1985,2,2
1991,1,370668,2,3,6,1,1,1,3,4,1,3,1988,2,2
1991,1,370669,7,3,3,2,4,2,3,2,1,3,1981,2,2
1991,2,370669,7,2,2,2,4,2,3,2,1,3,9999,2,2
1991,1,370670,1,5,5,1,2,2,3,4,2,3,1983,2,2
1991,1,370671,9,7,7,2,3,3,3,4,2,3,9999,2,2
1991,1,370672,1,3,3,2,1,1,3,4,1,3,1985,2,2
1991,1,370673,2,2,2,2,1,1,3,4,2,3,1986,2,2
1991,2,370673,1,2,2,2,1,1,3,4,2,3,1987,2,2
1991,1,370674,2,2,2,2,1,1,3,4,2,3,1991,2,2
1991,2,370674,1,2,2,2,1,1,3,4,2,3,1983,2,2
1991,1,370675,1,2,2,2,1,1,3,4,2,3,1989,2,2
1991,2,370675,1,2,2,2,1,1,3,4,1,3,1985,2,2
1991,1,370676,7,2,3,2,4,2,3,2,2,3,1981,2,2
1991,1,370677,1,3,3,2,1,1,3,4,2,3,1988,2,2
1991,1,370678,8,2,2,2,1,1,3,4,1,3,1979,2,2
1991,2,370678,1,2,2,2,1,1,3,4,1,3,1986,2,2
1991,3,370678,1,3,3,2,1,1,3,4,2,3,1990,2,2
1991,1,370679,1,2,2,2,1,1,3,4,2,3,1989,2,2
1991,2,370679,1,2,2,2,2,2,3,4,2,3,1985,2,2
1991,1,370680,1,2,2,2,1,1,3,4,2,3,1982,2,2
1991,1,370681,1,2,3,1,1,1,3,4,1,3,1981,2,2
1991,1,370682,1,2,6,1,1,1,3,4,1,3,1982,2,2
1991,1,370683,1,5,2,1,1,1,3,4,2,3,1991,2,2
1991,1,370684,1,3,3,2,1,1,3,4,1,3,1988,2,2
1991,1,370685,1,5,2,2,1,1,3,4,2,3,1966,2,2
1991,1,370686,2,3,3,2,1,1,3,4,1,3,1974,2,2
1991,1,370687,3,2,2,2,1,1,3,4,1,3,1977,2,2
1991,1,370688,2,3,3,2,1,1,3,4,2,3,1986,2,2
1991,2,370688,6,2,2,2,1,1,3,4,2,3,1988,2,2
1991,1,370689,1,2,2,2,2,2,3,4,2,3,1977,2,2
1991,1,370690,1,2,2,2,1,1,3,4,2,3,1985,2,2
1991,2,370690,1,2,2,2,1,1,3,4,2,3,1986,2,2
1991,1,370691,2,2,2,2,1,1,3,4,2,3,1986,2,2
1991,2,370691,7,5,5,2,4,2,3,2,2,3,1974,2,2
1991,1,370692,1,3,3,2,1,1,3,4,2,3,1978,2,2
1991,2,370692,3,2,2,2,1,1,3,4,2,3,1985,2,2
1991,1,370693,1,5,5,2,1,1,3,4,2,3,1988,2,2
1991,2,370693,6,2,2,2,1,1,3,4,2,3,1985,2,2
1991,3,370693,1,3,3,2,1,1,3,4,2,3,1987,2,2
1991,1,370694,6,2,2,1,1,1,3,4,2,3,1985,2,2
1991,1,370695,6,3,3,2,1,1,3,4,2,3,1990,2,2
1991,1,370696,2,3,6,1,1,1,3,4,2,3,1989,2,2
1991,2,370696,2,2,2,2,1,1,3,4,2,3,1988,2,2
1991,1,370697,1,5,5,2,1,1,3,4,2,3,1989,2,2
1991,2,370697,1,2,2,2,1,1,3,4,2,3,1984,2,2
1991,1,370698,6,2,2,2,1,1,3,4,2,3,1976,2,2
1991,2,370698,4,2,2,2,1,1,3,4,2,3,1987,2,2
1991,1,370699,1,3,3,2,1,1,3,4,2,3,1991,2,2
1991,2,370699,2,2,6,1,1,1,3,4,2,3,1989,2,2
1991,1,370700,1,2,2,2,1,1,3,4,2,3,1989,2,2
1991,1,370701,2,2,2,1,1,1,3,4,2,3,1976,2,2
1991,2,370701,1,2,2,2,1,1,3,4,2,3,1989,2,2
1991,1,370702,1,2,2,2,1,1,3,4,2,3,1985,2,2
1991,1,370703,2,3,2,2,1,1,3,4,2,3,1988,2,2
1991,2,370703,1,2,2,2,1,1,3,4,2,3,1980,2,2
1991,3,370703,2,2,2,2,1,1,3,4,2,3,1962,2,2
1991,1,370704,2,5,6,1,2,2,3,4,1,3,1985,2,2
1991,1,370705,1,2,2,2,1,1,3,4,2,3,1978,2,2
1991,1,370706,1,5,5,2,1,1,3,4,1,3,1978,2,2
1991,1,370707,1,3,3,1,1,1,3,4,1,3,1985,2,2
1991,1,370708,1,2,6,1,2,2,3,4,1,3,1978,2,2
1991,1,370709,1,2,2,2,1,1,3,4,2,3,1973,2,2
1991,1,370710,9,4,4,2,2,2,3,4,2,3,1986,2,2
1991,2,370710,1,2,2,2,1,1,3,4,2,3,1984,2,2
1991,1,370711,1,2,2,2,1,1,3,4,2,3,1985,2,2
1991,2,370711,1,2,2,2,1,1,3,4,2,3,1978,2,2
1991,1,370712,7,2,2,2,4,1,3,1,1,3,1980,2,2
1991,2,370712,1,2,2,2,1,1,3,4,2,3,1988,2,2
1991,1,370713,4,2,2,2,2,2,3,4,2,3,1986,2,2
1991,1,370714,6,2,2,2,1,1,3,4,2,3,1985,2,2
1991,2,370714,1,2,2,2,1,1,3,4,2,3,1979,2,2
1991,1,370715,2,5,5,2,1,1,3,4,1,3,1970,2,2
1991,1,370716,1,2,6,1,2,2,3,4,1,3,1977,2,2
1991,1,370717,1,1,1,1,1,1,3,4,1,3,1986,2,2
1991,1,370718,6,2,2,2,1,1,3,4,2,3,1991,2,2
1991,2,370718,3,5,5,1,1,1,3,4,2,3,1991,2,2
1991,1,370719,6,1,1,2,1,1,3,4,2,3,1991,2,2
1991,1,370720,1,2,2,2,1,1,3,4,2,3,1984,2,2
1991,1,370721,4,2,2,2,1,1,3,4,1,3,1988,2,2
1991,2,370721,1,2,2,2,1,1,3,4,2,3,1988,2,2
1991,1,370722,2,2,6,1,1,1,3,4,1,3,1980,2,2
1991,1,370723,1,2,2,2,1,1,3,4,2,3,1988,2,2
1991,2,370723,1,3,3,2,1,1,3,4,1,3,1989,2,2
1991,1,370724,1,3,6,1,1,1,3,4,1,3,1988,2,2
1991,1,370725,7,2,2,2,4,1,3,1,1,3,1978,2,2
1991,2,370725,6,3,3,2,3,3,3,4,2,3,9999,2,2
1991,1,370726,2,2,2,1,1,1,3,4,1,3,1969,2,2
1991,1,370727,1,3,3,2,1,1,3,4,1,3,1985,2,2
1991,1,370728,1,3,3,2,1,1,3,4,1,3,1980,2,2
1991,1,370729,2,3,3,2,1,1,3,4,1,3,1990,2,2
1991,1,370730,2,2,6,1,1,1,3,4,1,3,1990,2,1
1991,1,370731,1,2,2,2,1,1,3,4,2,3,1985,2,2
1991,1,370732,9,7,7,2,3,3,3,4,2,3,9999,2,2
1991,1,370733,6,3,2,2,1,1,3,4,2,3,1978,2,2
1991,2,370733,2,2,2,2,2,2,3,4,2,3,1971,2,2
1991,1,370734,1,2,2,2,1,1,3,4,2,3,1991,2,2
1991,2,370734,1,2,2,2,1,1,3,4,2,3,1985,2,2
1991,1,370735,6,3,3,2,1,1,3,4,2,3,1987,2,2
1991,2,370735,1,5,3,2,2,2,3,4,2,3,1986,2,2
1991,3,370735,2,2,2,2,1,1,3,4,2,3,1986,2,2
1991,4,370735,4,5,5,2,1,1,3,4,2,3,1988,2,2
1991,1,370736,2,1,1,2,1,1,3,4,2,3,1979,2,2
1991,1,370737,2,2,2,1,1,1,3,4,1,3,1986,2,2
1991,1,370738,1,2,2,2,1,1,3,4,2,3,1987,2,2
1991,2,370738,1,3,3,2,1,1,3,4,2,3,1987,2,2
1991,1,370739,1,3,3,2,1,1,3,4,2,3,1980,2,2
1991,1,370740,6,2,2,2,1,1,3,4,2,3,1984,2,2
1991,2,370740,1,3,3,2,1,1,3,4,2,3,1984,2,2
1991,1,370741,1,2,2,2,1,1,3,4,2,3,1984,2,2
1991,2,370741,1,2,2,2,1,1,3,4,2,3,1991,2,2
1991,1,370742,1,2,6,1,1,1,3,4,1,3,1979,2,2
1991,1,370743,1,2,2,1,1,1,3,4,2,3,1979,2,2
1991,1,370744,1,5,5,2,1,1,3,4,2,3,1988,2,2
1991,1,370745,1,2,6,1,1,1,3,4,1,3,1991,2,2
1991,1,370746,1,2,2,2,2,2,3,4,2,3,1990,2,2
1991,2,370746,7,2,3,2,4,1,3,1,2,3,1989,2,2
1991,3,370746,1,2,2,2,1,1,3,4,2,3,1984,2,2
1991,1,370747,1,5,5,2,1,1,3,4,2,3,1976,2,2
1991,2,370747,3,2,2,2,1,1,3,4,2,3,1988,2,2
1991,1,370748,1,2,3,2,1,1,3,4,2,3,1975,2,2
1991,1,370749,1,3,3,2,1,1,3,4,2,3,1987,2,2
1991,2,370749,1,2,2,2,1,1,3,4,2,3,1987,2,2
1991,1,370750,1,2,2,2,1,1,3,4,2,3,1980,2,2
1991,1,370751,1,5,2,1,1,1,3,4,1,3,1988,2,2
1991,1,370752,1,2,6,1,1,1,3,4,1,3,1986,2,2
1991,1,370753,2,5,6,1,1,1,3,4,2,3,1988,2,2
1991,1,370755,7,5,5,2,4,1,3,1,2,3,1985,2,2
1991,1,370756,1,2,6,1,1,1,3,4,1,3,1980,2,2
1991,1,370757,1,5,5,2,2,2,3,4,2,3,1988,2,2
1991,1,370758,6,5,5,2,1,1,3,4,2,3,1989,2,2
1991,2,370758,7,2,2,2,4,1,3,1,1,3,1981,2,2
1991,1,370759,6,5,5,2,1,1,3,4,2,3,1985,2,2
1991,2,370759,4,3,2,2,1,1,3,4,2,3,1983,2,2
1991,1,370760,6,2,2,2,1,1,3,4,2,3,1990,2,2
1991,2,370760,2,3,3,2,3,3,3,4,2,3,1973,2,2
1991,1,370761,6,2,2,2,1,1,3,4,2,3,1973,2,2
1991,1,370762,1,2,2,2,1,1,3,4,2,3,1982,2,2
1991,2,370762,2,5,5,2,1,1,3,4,2,3,1984,2,2
1991,1,370763,1,2,2,2,1,1,3,4,2,3,1984,2,2
1991,2,370763,1,3,3,2,1,1,3,4,2,3,1988,2,2
1991,1,370764,2,2,2,2,1,1,3,4,2,3,1989,2,2
1991,1,370765,6,2,2,2,1,1,3,4,2,3,1978,2,2
1991,2,370765,1,2,2,2,1,1,3,4,2,3,1984,2,2
1991,1,370766,1,5,6,1,1,1,3,4,1,3,1990,2,2
1991,1,370767,1,2,2,2,1,1,3,4,2,3,1989,2,2
1991,2,370767,1,2,2,2,1,1,3,4,2,3,1988,2,2
1991,1,370768,1,2,2,2,1,1,3,4,2,3,1982,2,2
1991,2,370768,1,3,3,2,1,1,3,4,2,3,1978,2,2
1991,1,370769,1,5,5,2,1,1,3,4,2,3,1976,2,2
1991,2,370769,6,2,2,1,1,1,3,4,2,3,1981,2,2
1991,1,370770,7,2,2,2,4,1,3,1,2,3,1978,2,2
1991,2,370770,7,2,2,2,4,1,3,1,2,3,1979,2,2
1991,1,370771,1,2,6,1,1,1,3,4,1,3,1980,2,2
1991,1,370772,1,2,2,2,1,1,3,4,2,3,1979,2,2
1991,2,370772,1,2,2,2,1,1,3,4,2,3,1985,2,2
1991,1,370773,1,2,2,2,1,1,3,4,2,3,1987,2,2
1991,1,370775,2,3,3,2,2,2,3,4,1,3,1987,2,2
1991,1,370776,1,2,2,2,1,1,3,4,2,3,1976,2,2
1991,2,370776,1,2,2,2,1,1,3,4,2,3,1979,2,2
1991,1,370777,2,2,6,1,1,1,3,4,2,3,1979,2,2
1991,1,370778,1,1,1,1,1,1,3,4,1,3,1976,2,2
1991,1,370779,1,5,6,1,2,2,3,4,1,3,1991,2,2
1991,1,370780,1,3,3,2,2,2,3,4,1,3,1979,2,2
1991,1,370781,2,4,4,2,1,1,3,4,2,3,1986,2,2
1991,2,370781,7,2,2,2,4,1,3,1,1,3,1985,2,2
1991,3,370781,3,2,2,2,1,1,3,4,2,3,1987,2,2
1991,1,370782,2,2,3,2,1,1,3,4,1,3,1985,2,2
1991,1,370783,3,2,3,1,1,1,3,4,1,3,1990,2,2
1991,1,370784,1,3,3,1,1,1,3,4,2,3,1971,2,2
1991,2,370784,2,2,2,2,1,1,3,4,2,3,1991,2,2
1991,1,370785,2,2,2,2,1,1,3,4,2,3,1978,2,2
1991,2,370785,1,2,2,2,1,1,3,4,2,3,1986,2,2
1991,1,370786,1,2,2,2,1,1,3,4,2,3,1987,2,2
1991,1,370787,1,5,6,1,1,1,3,4,1,3,1989,2,2
1991,1,370788,1,3,6,1,1,1,3,4,2,3,1980,2,2
1991,2,370788,1,2,2,2,1,1,3,4,2,3,1986,2,2
1991,1,370789,1,2,2,2,1,1,3,4,2,3,1986,2,2
1991,1,370790,9,7,7,2,3,3,3,4,2,3,9999,2,2
1991,1,370791,1,2,2,2,1,1,3,4,2,3,1979,2,2
1991,2,370791,7,2,2,2,4,1,3,1,2,3,1985,2,2
1991,3,370791,2,2,2,2,1,1,3,4,2,3,1987,2,2
1991,1,370792,2,2,2,2,2,2,3,4,1,3,1974,2,2
1991,2,370792,2,2,2,2,1,1,3,4,2,3,1983,2,2
1991,1,370793,1,2,2,2,1,1,3,4,1,3,1984,2,2
1991,1,370794,6,2,2,2,1,1,3,4,2,3,1985,2,2
1991,2,370794,1,3,3,2,1,1,3,4,2,3,1986,2,2
1991,1,370795,1,6,6,2,1,1,3,4,2,3,1977,2,2
1991,1,370796,1,2,2,2,1,1,3,4,2,3,1984,2,2
1991,1,370797,7,2,2,2,4,2,3,2,2,3,1990,2,2
1991,1,370798,1,2,2,2,1,1,3,4,2,3,1989,2,2
1991,2,370798,1,5,5,2,1,1,3,4,2,3,1985,2,2
1991,1,370799,1,2,2,2,1,1,3,4,1,3,1980,2,2
1991,1,370800,1,2,2,2,2,2,3,4,2,3,1980,2,2
1991,2,370800,1,2,2,2,2,2,3,4,1,3,1980,2,2
1991,1,370801,2,2,2,1,1,1,3,4,1,3,1989,2,2
1991,1,370802,1,2,2,2,1,1,3,4,1,3,1986,2,2
1991,1,370803,1,3,2,1,1,1,3,4,2,3,1990,2,2
1991,1,370804,1,2,2,2,2,2,3,4,1,3,1986,2,2
1991,1,370805,1,5,5,2,1,1,3,4,2,3,1980,2,2
1991,2,370805,2,2,2,2,1,1,3,4,2,3,1990,2,2
1991,1,370806,1,2,6,1,1,1,3,4,2,3,1986,2,2
1991,1,370807,4,2,3,1,1,1,3,4,1,3,1981,2,2
1991,1,370808,1,2,2,2,1,1,3,4,2,3,1978,2,2
1991,2,370808,6,2,2,2,1,1,3,4,2,3,1988,2,2
1991,1,370809,1,2,2,2,1,1,3,4,2,3,1988,2,2
1991,2,370809,7,3,3,2,4,1,3,1,2,3,1980,2,2
1991,1,370810,1,2,2,2,1,1,3,4,2,3,1986,2,2
1991,1,370811,1,2,2,2,1,1,3,4,2,3,1980,2,2
1991,1,370812,6,2,2,1,1,1,3,4,2,3,1984,2,2
1991,2,370812,1,3,3,2,1,1,3,4,2,3,1984,2,2
1991,1,370813,1,3,3,2,1,1,3,4,2,3,1989,2,2
1991,1,370814,1,5,5,2,1,1,3,4,2,3,1985,2,2
1991,2,370814,1,2,2,2,1,1,3,4,2,3,1988,2,2
1991,1,370815,3,2,2,2,1,1,3,4,2,3,1984,2,2
1991,1,370816,2,2,2,2,1,1,3,4,2,3,1962,2,2
1991,2,370816,1,3,3,2,1,1,3,4,2,3,1984,2,2
1991,1,370817,1,4,3,1,1,1,3,4,1,3,1991,2,2
1991,1,370818,1,2,2,2,1,1,3,4,2,3,1976,2,2
1991,1,370819,1,2,2,2,1,1,3,4,2,3,1985,2,2
1991,2,370819,6,4,4,2,1,1,3,4,2,3,1984,2,2
1991,1,370820,1,2,2,2,1,1,3,4,1,3,1987,2,2
1991,2,370820,6,4,4,2,1,1,3,4,2,3,1984,2,2
1991,1,370821,6,4,4,2,1,1,3,4,2,3,1989,2,2
1991,2,370821,3,2,2,2,1,1,3,4,2,3,1988,2,2
1991,1,370822,2,5,5,2,1,1,3,4,2,3,1990,2,2
1991,2,370822,7,2,2,2,4,1,3,1,2,3,1986,2,2
1991,1,370823,7,2,2,2,4,1,3,1,1,3,1990,2,2
1991,1,370824,1,6,6,2,2,2,3,4,2,3,1986,2,2
1991,2,370824,1,6,6,2,1,1,3,4,2,3,1990,2,2
1991,1,370825,1,3,6,1,1,1,3,4,1,3,1986,2,2
1991,1,370826,6,2,2,2,1,1,3,4,2,3,1986,2,2
1991,1,370827,1,2,2,2,1,1,3,4,2,3,1978,2,2
1991,1,370828,1,3,3,2,1,1,3,4,1,3,1980,2,2
1991,1,370829,1,2,2,2,1,1,3,4,2,3,1990,2,2
1991,1,370830,1,3,3,1,1,1,3,4,1,3,1983,2,2
1991,1,370831,7,2,2,2,4,1,3,1,2,3,1987,2,2
1991,2,370831,2,2,2,2,1,1,3,4,2,3,1985,2,2
1991,3,370831,1,2,2,2,1,1,3,4,2,3,1983,2,2
1991,1,370832,2,2,5,2,2,2,3,4,1,3,1989,2,2
1991,1,370833,1,3,2,2,1,1,3,4,2,3,1989,2,2
1991,1,370834,1,5,5,2,1,1,3,4,1,3,1989,2,2
1991,1,370835,1,5,5,2,1,1,3,4,1,3,1977,2,2
1991,1,370836,3,3,3,1,1,1,3,4,2,3,1990,2,2
1991,2,370836,6,2,2,2,1,1,3,4,2,3,1986,2,2
1991,1,370837,1,2,2,2,1,1,3,4,2,3,1990,2,2
1991,2,370837,6,5,5,2,1,1,3,4,2,3,1990,2,2
1991,1,370838,1,5,5,2,1,1,3,4,2,3,1982,2,2
1991,2,370838,6,2,2,2,1,1,3,4,2,3,1977,2,2
1991,1,370839,1,2,2,2,1,1,3,4,2,3,1987,2,2
1991,1,370840,6,2,2,2,1,1,3,4,2,3,1978,2,2
1991,1,370841,7,2,2,2,4,2,3,2,1,3,1990,2,2
1991,1,370842,1,5,6,1,1,1,3,4,1,3,1991,2,2
1991,1,370843,6,3,3,2,1,1,3,4,2,3,1989,2,2
1991,2,370843,1,5,2,2,1,1,3,4,2,3,1984,2,2
1991,3,370843,6,2,2,2,1,1,3,4,2,3,1986,2,2
1991,1,370844,6,2,2,1,1,1,3,4,2,3,1982,2,2
1991,2,370844,1,3,6,2,2,2,3,4,2,3,1989,2,2
1991,1,370845,2,2,2,2,1,1,3,4,2,3,1985,2,2
1991,2,370845,1,4,2,2,1,1,3,4,2,3,1986,2,2
1991,3,370845,2,4,4,2,1,1,3,4,2,3,1983,2,2
1991,1,370846,7,5,2,2,4,1,3,1,1,3,1980,2,2
1991,1,370847,2,3,3,2,1,1,3,4,2,3,1981,2,2
1991,1,370848,1,3,3,2,1,1,3,4,2,3,1991,2,2
1991,1,370849,2,2,2,2,1,1,3,4,2,3,1990,2,2
1991,1,370850,1,4,5,1,1,1,3,4,1,3,1991,2,2
1991,1,370851,2,2,2,2,2,2,3,4,2,3,1982,2,2
1991,2,370851,1,2,2,2,1,1,3,4,2,3,1987,2,2
1991,1,370852,7,2,2,2,4,2,3,2,1,3,1985,2,2
1991,1,370853,1,2,2,2,1,1,3,4,1,3,1980,2,2
1991,2,370853,1,2,2,2,1,1,3,4,2,3,1989,2,2
1991,1,370854,1,2,3,1,2,2,3,4,1,3,1978,2,2
1991,1,370855,1,2,2,2,1,1,3,4,2,3,1988,2,2
1991,2,370855,1,2,2,2,2,2,3,4,1,3,1987,2,2
1991,1,370856,1,2,2,2,1,1,3,4,2,3,1989,2,2
1991,1,370857,1,2,2,2,1,1,3,4,1,3,1983,2,2
1991,1,370858,6,2,2,2,1,1,3,4,1,3,1983,2,2
1991,2,370858,6,2,2,2,1,1,3,4,2,3,1984,2,2
1991,3,370858,1,5,5,2,1,1,3,4,2,3,1983,2,2
1991,1,370859,2,2,2,2,1,1,3,4,2,3,1987,2,2
1991,2,370859,1,2,2,2,1,1,3,4,2,3,1977,2,2
1991,1,370860,1,3,3,1,1,1,3,4,1,3,1980,2,2
1991,1,370861,6,2,2,2,1,1,3,4,2,3,1985,2,2
1991,2,370861,1,5,5,2,1,1,3,4,2,3,1983,2,2
1991,1,370862,2,4,4,2,1,1,3,4,2,3,1966,2,2
1991,2,370862,1,2,6,2,1,1,3,4,1,3,1982,2,2
1991,1,370863,1,2,2,2,1,1,3,4,2,3,1986,2,2
1991,1,370864,1,2,2,2,1,1,3,4,1,3,1988,2,2
1991,1,370865,1,3,3,2,1,1,3,4,2,3,1974,2,2
1991,2,370865,6,2,2,2,1,1,3,4,2,3,1985,2,2
1991,1,370866,6,2,3,2,1,1,3,4,2,3,1988,2,2
1991,2,370866,1,2,2,2,1,1,3,4,2,3,1989,2,2
1991,3,370866,1,2,2,2,1,1,3,4,2,3,1978,2,2
1991,1,370867,2,5,5,2,1,1,3,4,2,3,1984,2,2
1991,2,370867,1,2,2,2,1,1,3,4,2,3,1990,2,2
1991,1,370868,1,2,3,2,1,1,3,4,2,3,1979,2,2
1991,1,370869,1,3,3,2,1,1,3,4,2,3,1984,2,2
1991,2,370869,6,2,2,2,1,1,3,4,2,3,1986,2,2
1991,1,370870,6,2,2,2,1,1,3,4,2,3,1965,2,2
1991,2,370870,1,3,3,2,1,1,3,4,2,3,1985,2,2
1991,1,370871,1,5,6,1,2,2,3,4,1,3,1983,2,2
1991,2,370871,1,2,2,2,1,1,3,4,2,3,1980,2,2
1991,1,370872,2,2,3,1,2,2,3,4,1,3,1965,2,2
1991,1,370873,7,2,2,2,4,2,3,2,2,3,1976,2,2
1991,2,370873,1,2,2,2,1,1,3,4,2,3,1989,2,2
1991,1,370874,1,2,2,2,1,1,3,4,2,3,1981,2,2
1991,2,370874,1,3,3,2,1,1,3,4,2,3,1991,2,2
1991,1,370875,2,2,2,2,1,1,3,4,2,3,1973,2,2
1991,1,370876,1,2,2,2,1,1,3,4,2,3,1987,2,2
1991,1,370877,1,5,5,2,1,1,3,4,1,3,1980,2,2
1991,1,370878,1,5,5,2,1,1,3,4,2,3,1989,2,2
1991,2,370878,1,2,2,2,1,1,3,4,2,3,1986,2,2
1991,1,370879,2,2,2,2,1,1,3,4,2,3,1990,2,2
1991,2,370879,2,5,5,2,1,1,3,4,2,3,1991,2,2
1991,1,370880,7,2,2,2,4,1,3,1,1,3,1982,2,2
1991,1,370881,1,2,2,2,1,1,3,4,2,3,1965,2,2
1991,1,370882,1,2,2,2,1,1,3,4,1,3,1987,2,2
1991,2,370882,1,2,2,2,1,1,3,4,2,3,1985,2,2
1991,1,370883,2,5,5,2,1,1,3,4,2,3,1986,2,2
1991,1,370884,1,2,3,1,1,1,3,4,1,3,1984,2,2
1991,1,370885,2,2,2,2,1,1,3,4,2,3,1989,2,2
1991,1,370886,1,2,2,2,2,2,3,4,1,3,1980,2,2
1991,1,370887,1,2,2,2,1,1,3,4,2,3,1985,2,2
1991,2,370887,9,4,4,1,1,1,3,4,2,3,1980,2,2
1991,1,370888,1,2,2,2,1,1,3,4,2,3,1984,2,2
1991,1,370889,1,2,2,2,1,1,3,4,2,3,1991,2,2
1991,1,370890,1,2,2,1,1,1,3,4,1,3,1988,2,2
1991,1,370891,6,2,5,1,1,1,3,4,1,3,1987,2,2
1991,1,370892,1,1,1,1,1,1,3,4,1,3,1986,2,2
1991,1,370893,1,2,2,2,1,1,3,4,2,3,1987,2,2
1991,1,370894,1,2,2,2,1,1,3,4,2,3,1988,2,2
1991,1,370895,2,2,2,2,1,1,3,4,2,3,1990,2,2
1991,1,370896,9,2,2,2,1,1,3,4,2,3,1987,2,2
1991,2,370896,2,2,2,2,1,1,3,4,2,3,1984,2,2
1991,1,370897,2,2,2,2,1,1,3,4,2,3,1987,2,2
1991,1,370898,1,5,5,2,1,1,3,4,2,3,1984,2,2
1991,2,370898,1,2,2,2,1,1,3,4,2,3,1977,2,2
1991,1,370899,1,2,2,1,1,1,3,4,1,3,1991,2,2
1991,1,370900,1,2,2,2,1,1,3,4,2,3,1984,2,2
1991,1,370901,1,3,6,1,1,1,3,4,2,3,1973,2,2
1991,1,370902,1,2,2,2,1,1,3,4,2,3,1983,2,2
1991,2,370902,1,3,3,2,2,2,3,4,2,3,1980,2,2
1991,1,370903,9,7,7,2,3,3,3,4,2,3,9999,2,2
1991,1,370904,1,5,6,1,2,2,3,4,1,3,1977,2,2
1991,1,370905,2,2,6,1,1,1,3,4,1,3,1970,2,2
1991,1,370906,6,2,2,2,1,1,3,4,2,3,1987,2,2
1991,1,370907,1,2,6,1,1,1,3,4,2,3,1980,2,2
1991,1,370908,3,5,6,1,1,1,3,4,1,3,1965,2,2
1991,1,370909,2,3,2,2,1,1,3,4,1,3,1975,2,2
1991,1,370910,1,3,3,2,1,1,3,4,2,3,1986,2,2
1991,1,370911,2,2,2,2,1,1,3,4,2,3,1978,2,2
1991,1,370912,2,2,2,2,1,1,3,4,2,3,1990,2,2
1991,2,370912,1,3,3,2,1,1,3,4,2,3,1985,2,2
1991,3,370912,1,2,2,2,1,1,3,4,2,3,1987,2,2
1991,1,370913,1,2,2,2,1,1,3,4,2,3,1987,2,2
1991,1,370914,2,2,2,2,1,1,3,4,2,3,1990,2,2
1991,1,370915,1,5,5,2,1,1,3,4,2,3,1986,2,2
1991,2,370915,1,2,2,2,1,1,3,4,2,3,1977,2,2
1991,1,370916,2,1,1,2,1,1,3,4,2,3,1988,2,2
1991,1,370917,1,1,1,1,1,1,3,4,1,3,1983,2,2
1991,1,370918,2,4,4,2,1,1,3,4,2,3,1988,2,2
1991,2,370918,2,2,2,2,1,1,3,4,1,3,1989,2,2
1991,3,370918,6,4,4,2,1,1,3,4,2,3,1990,2,2
1991,1,370919,1,2,2,2,1,1,3,4,1,3,1987,2,2
1991,2,370919,6,2,2,2,1,1,3,4,2,3,1989,2,2
1991,3,370919,1,2,2,2,1,1,3,4,2,3,1988,2,2
1991,1,370920,2,2,2,2,1,1,3,4,2,3,1963,2,2
1991,1,370921,1,2,2,2,2,2,3,4,2,3,1986,2,2
1991,2,370921,1,2,2,2,1,1,3,4,2,3,1991,2,2
1991,1,370922,8,2,2,2,1,1,3,4,2,1,1990,2,2
1991,2,370922,2,2,2,2,1,1,3,4,2,3,1988,2,2
1991,1,370923,1,3,5,2,1,1,3,4,2,3,1986,2,1
1991,1,370924,1,3,3,2,1,1,3,4,2,3,1970,2,2
1991,2,370924,6,2,2,2,1,1,3,4,2,3,1984,2,2
1991,1,370925,1,2,2,2,1,1,3,4,2,3,1977,2,2
1991,2,370925,1,5,6,1,1,1,3,4,2,3,1989,2,2
1991,1,370926,1,2,2,1,1,1,3,4,2,3,1984,2,2
1991,1,370927,3,2,2,2,1,1,3,4,2,3,1979,2,2
1991,2,370927,1,5,5,2,1,1,3,4,2,3,1977,2,2
1991,1,370928,1,3,3,2,1,1,3,4,2,3,1986,2,2
1991,1,370929,1,2,2,2,1,1,3,4,2,3,1979,2,2
1991,1,370930,1,5,5,2,2,2,3,4,1,3,1987,2,2
1991,1,370931,1,2,2,2,2,2,3,4,1,3,1989,2,2
1991,1,370932,4,1,1,1,1,1,3,4,2,3,1989,2,2
1991,1,370933,4,1,1,1,1,1,3,4,1,3,1979,2,2
1991,1,370934,2,1,1,1,1,1,3,4,1,3,1986,2,2
1991,1,370935,1,1,1,1,1,1,3,4,1,3,1976,2,2
1991,1,370936,1,3,3,1,1,1,3,4,2,3,1988,2,2
1991,1,370937,6,2,2,2,1,1,3,4,2,3,1991,2,2
1991,2,370937,1,3,3,2,1,1,3,4,2,3,1977,2,2
1991,1,370938,6,2,2,2,1,1,3,4,2,3,1988,2,2
1991,2,370938,4,2,2,2,2,2,3,4,2,3,1989,2,2
1991,1,370939,2,5,5,2,1,1,3,4,2,3,1985,2,2
1991,2,370939,6,5,5,2,1,1,3,4,2,3,1989,2,2
1991,1,370940,2,2,2,2,1,1,3,4,2,3,1991,2,2
1991,1,370941,4,5,2,2,1,1,3,4,2,3,1989,2,2
1991,1,370942,1,2,5,2,1,1,3,4,1,3,1978,2,2
1991,1,370943,1,2,2,2,1,1,3,4,2,3,1974,2,2
1991,1,370944,2,1,1,2,1,1,3,4,2,3,1987,2,2
1991,1,370945,1,3,3,2,1,1,3,4,1,3,1990,2,2
1991,1,370946,9,7,7,2,3,3,3,4,2,3,9999,2,2
1991,1,370947,6,3,3,2,1,1,3,4,2,3,1989,2,2
1991,2,370947,7,2,2,2,4,2,3,2,2,3,1979,2,2
1991,1,370948,1,3,3,2,1,1,3,4,1,3,1986,2,2
1991,1,370949,1,2,2,2,1,1,3,4,1,3,1991,2,2
1991,1,370950,6,4,4,2,1,1,3,4,2,3,1988,2,2
1991,2,370950,1,2,2,2,1,1,3,4,2,3,1981,2,2
1991,1,370951,1,2,5,2,1,1,3,4,1,3,1989,2,2
1991,1,370952,1,2,2,2,1,1,3,4,2,3,1972,2,2
1991,1,370953,3,3,3,2,1,1,3,4,1,3,1980,2,2
1991,1,370954,1,5,2,2,2,2,3,4,1,3,1987,2,2
1991,1,370955,1,3,3,2,1,1,3,4,1,3,1988,2,2
1991,2,370955,1,2,2,2,1,1,3,4,2,3,1988,2,2
1991,1,370956,1,2,2,2,1,1,3,4,2,3,1987,2,2
1991,1,370957,6,2,2,2,1,1,3,4,2,3,1989,2,2
1991,1,370958,1,2,2,2,1,1,3,4,2,3,1970,2,2
1991,2,370958,1,2,2,2,1,1,3,4,2,3,1981,2,2
1991,1,370959,2,5,5,2,1,1,3,4,2,3,1986,2,2
1991,1,370960,6,5,5,2,1,1,3,4,2,3,1986,2,2
1991,2,370960,3,5,5,2,1,1,3,4,2,3,1985,2,2
1991,1,370961,2,5,5,2,1,1,3,4,2,3,1986,2,2
1991,2,370961,1,2,2,2,1,1,3,4,2,3,1981,2,2
1991,1,370962,1,2,2,2,1,1,3,4,2,3,1990,2,2
1991,2,370962,1,2,2,2,1,1,3,4,2,3,1980,2,2
1991,1,370963,1,2,2,2,1,1,3,4,2,3,1987,2,2
1991,1,370964,1,2,2,2,1,1,3,4,2,3,1979,2,2
1991,1,370965,3,2,6,1,1,1,3,4,2,3,1985,2,2
1991,1,370966,1,5,5,2,1,1,3,4,2,3,1982,2,2
1991,2,370966,6,5,4,2,1,1,3,4,1,3,1984,2,2
1991,3,370966,6,2,2,2,1,1,3,4,2,3,1974,2,2
1991,4,370966,2,2,4,2,1,1,3,4,2,3,1969,2,2
1991,1,370967,2,2,2,2,1,1,3,4,2,3,1985,2,2
1991,2,370967,1,2,2,2,1,1,3,4,2,3,1984,2,2
1991,1,370968,1,2,2,2,1,1,3,4,2,3,1990,2,2
1991,2,370968,6,2,2,2,1,1,3,4,2,3,1978,2,2
1991,1,370969,1,2,2,1,1,1,3,4,2,3,1986,2,2
1991,2,370969,1,5,5,2,1,1,3,4,2,3,1990,2,2
1991,1,370970,2,1,1,1,1,1,3,4,1,3,1977,2,2
1991,1,370971,1,1,1,1,1,1,3,4,1,3,1985,2,2
1991,1,370972,1,2,2,2,1,1,3,4,2,3,1982,2,2
1991,2,370972,6,2,2,2,1,1,3,4,2,3,1986,2,2
1991,1,370973,3,2,2,2,1,1,3,4,2,3,1982,2,2
1991,1,370974,7,2,2,2,4,2,3,2,1,3,1985,2,2
1991,1,370975,1,5,5,1,1,1,3,4,1,3,1980,2,2
1991,1,370976,1,2,2,2,1,1,3,4,1,3,1986,2,2
1991,1,370977,3,2,2,2,1,1,3,4,2,3,1991,2,2
1991,1,370978,1,3,2,2,2,2,3,4,1,3,1973,2,2
1991,1,370979,1,2,5,1,2,2,3,4,1,3,1989,2,2
1991,1,370980,1,2,2,2,1,1,3,4,2,3,1979,2,2
1991,1,370981,1,2,3,2,1,1,3,4,1,3,1991,2,2
1991,1,370982,1,2,6,1,1,1,3,4,1,3,1985,2,2
1991,1,370983,1,2,2,2,1,1,3,4,2,3,1985,2,2
1991,1,370984,2,2,2,2,1,1,3,4,2,3,1977,2,2
1991,1,370985,4,2,2,2,1,1,3,4,2,3,1991,2,2
1991,1,370986,1,5,5,2,1,1,3,4,2,3,1979,2,2
1991,2,370986,6,2,2,2,1,1,3,4,2,3,1984,2,2
1991,1,370987,2,2,2,2,2,2,3,4,2,3,1978,2,2
1991,2,370987,1,5,5,2,1,1,3,4,2,3,1988,2,2
1991,1,370988,2,5,5,2,1,1,3,4,2,3,1976,2,2
1991,1,370989,1,5,5,2,1,1,3,4,2,3,1984,2,2
1991,2,370989,1,2,2,2,1,1,3,4,2,3,1985,2,2
1991,3,370989,2,2,2,2,1,1,3,4,2,3,1990,2,2
1991,1,370990,1,2,2,2,1,1,3,4,2,3,1987,2,2
1991,1,370991,1,5,2,1,1,1,3,4,1,3,1988,2,2
1991,1,370992,1,2,6,1,2,2,3,4,1,3,1978,2,2
1991,1,370993,7,5,5,2,4,2,3,2,2,3,1991,2,2
1991,1,370994,6,2,2,2,1,1,3,4,2,3,1977,2,2
1991,2,370994,1,3,3,2,1,1,3,4,2,3,1985,2,2
1991,3,370994,1,5,5,2,1,1,3,4,2,3,1976,2,2
1991,1,370995,1,5,2,2,1,1,3,4,1,3,1985,2,2
1991,1,370996,2,1,1,1,1,1,3,4,1,3,1984,2,2
1991,1,370997,1,2,2,2,1,1,3,4,2,3,1986,2,2
1991,1,370998,1,2,2,2,1,1,3,4,2,3,1977,2,2
1991,2,370998,9,3,3,2,1,1,3,4,2,3,1991,2,2
1991,1,370999,1,2,6,1,1,1,3,4,1,3,1979,2,2
1991,1,371000,1,2,2,2,1,1,3,4,2,3,1982,2,2
1991,2,371000,2,2,2,2,1,1,3,4,2,3,1988,2,2
1991,1,371002,1,2,2,2,1,1,3,4,2,3,1986,2,2
1991,2,371002,1,5,5,1,2,2,3,4,2,3,1987,2,2
1991,1,371003,6,3,6,1,1,1,3,4,1,3,1985,2,2
1991,1,371004,2,2,2,2,1,1,3,4,2,3,1989,2,2
1991,2,371004,1,2,2,2,1,1,3,4,2,3,1983,2,2
1991,1,371005,2,3,3,2,1,1,3,4,2,3,1978,2,2
1991,2,371005,1,2,2,2,2,2,3,4,1,3,1967,2,2
1991,1,371006,2,2,2,2,1,1,3,4,2,3,1985,2,2
1991,2,371006,2,2,2,2,1,1,3,4,2,3,1986,2,2
1991,1,371007,1,2,2,2,1,1,3,4,2,3,1988,2,1
1991,2,371007,2,2,2,2,1,1,3,4,2,3,1991,2,2
1991,1,371008,1,2,2,2,1,1,3,4,2,3,1985,2,2
1991,2,371008,1,2,2,2,1,1,3,4,2,3,1989,2,2
1991,1,371009,1,5,5,2,1,1,3,4,2,3,1988,2,2
1991,2,371009,4,2,2,2,1,1,3,4,2,3,1988,2,2
1991,1,371010,2,2,2,2,1,1,3,4,1,3,1976,2,2
1991,1,371011,1,2,2,2,2,2,3,4,1,3,1986,2,2
1991,1,371012,1,5,5,2,1,1,3,4,1,3,1981,2,2
1991,1,371013,2,2,2,2,1,1,3,4,1,3,1977,2,2
1991,2,371013,6,2,6,1,1,1,3,4,2,3,1987,2,2
1991,3,371013,1,5,5,2,1,1,3,4,2,3,1988,2,2
1991,1,371014,6,3,3,2,1,1,3,4,2,3,1972,2,2
1991,2,371014,1,2,2,2,1,1,3,4,2,3,1984,2,2
1991,1,371015,2,5,6,1,1,1,3,4,1,3,1990,2,2
1991,1,371016,2,5,5,2,1,1,3,4,2,3,1991,2,2
1991,2,371016,1,2,2,2,1,1,3,4,1,3,1990,2,2
1991,1,371017,2,2,2,2,1,1,3,4,2,3,1986,2,2
1991,2,371017,6,2,2,2,1,1,3,4,2,3,1979,2,2
1991,1,371018,1,2,2,1,1,1,3,4,2,3,1977,2,2
1991,2,371018,4,5,5,2,1,1,3,4,2,3,1989,2,2
1991,1,371019,1,3,6,1,1,1,3,4,1,3,1988,2,2
1991,1,371020,2,6,3,1,1,1,3,4,1,3,1986,2,2
1991,1,371021,1,5,5,2,1,1,3,4,2,3,1966,2,2
1991,2,371021,2,2,2,2,1,1,3,4,2,3,1976,2,2
1991,1,371022,2,5,5,2,1,1,3,4,2,3,1988,2,2
1991,1,371023,1,2,2,2,2,2,3,4,2,3,1988,2,2
1991,1,371024,1,5,5,2,1,1,3,4,2,3,1982,2,2
1991,2,371024,6,2,2,2,1,1,3,4,2,3,1976,2,2
1991,1,371025,2,2,2,2,1,1,3,4,2,3,1985,2,2
1991,2,371025,1,2,2,2,1,1,3,4,2,3,1988,2,2
1991,1,371026,1,2,6,1,1,1,3,4,1,3,1988,2,2
1991,1,371027,1,2,2,2,1,1,3,4,1,3,1987,2,2
1991,1,371028,1,2,2,2,1,1,3,4,2,3,1990,2,2
1991,2,371028,1,5,5,2,1,1,3,4,2,3,1978,2,2
1991,1,371029,1,3,6,1,2,2,3,4,1,3,1987,2,2
1991,1,371030,1,3,3,2,1,1,3,4,2,3,1988,2,2
1991,2,371030,1,5,5,2,1,1,3,4,2,3,1977,2,2
1991,1,371031,1,2,3,1,1,1,3,4,2,3,1989,2,2
1991,1,371032,1,5,2,1,1,1,3,4,1,3,1978,2,2
1991,1,371033,1,2,2,1,2,2,3,4,2,3,1967,2,2
1991,1,371034,1,2,2,2,1,1,3,4,1,3,1989,2,2
1991,2,371034,1,2,2,2,1,1,3,4,2,3,1991,2,2
1991,3,371034,1,2,6,1,1,1,3,4,2,3,1989,2,2
1991,1,371035,2,5,5,2,1,1,3,4,2,3,1978,2,2
1991,2,371035,2,2,2,2,1,1,3,4,2,3,1980,2,2
1991,1,371036,1,2,2,2,1,1,3,4,2,3,1985,2,2
1991,2,371036,6,3,3,2,1,1,3,4,2,3,1990,2,2
1991,1,371037,1,2,3,1,1,1,3,4,1,3,1980,2,2
1991,1,371038,1,3,3,2,1,1,3,4,1,3,1990,2,2
1991,1,371039,3,2,2,2,1,1,3,4,2,3,1988,2,2
1991,1,371040,1,3,6,1,1,1,3,4,1,3,1987,2,2
1991,1,371041,1,2,2,2,1,1,3,4,2,3,1987,2,2
1991,1,371042,1,2,2,2,1,1,3,4,2,3,1982,2,2
1991,1,371043,1,3,6,1,1,1,3,4,1,3,1984,2,2
1991,1,371044,1,3,2,1,1,1,3,4,1,3,1990,2,2
1991,1,371045,1,2,2,2,1,1,3,4,2,3,1982,2,2
1991,1,371046,7,2,2,2,4,1,3,1,2,3,1987,2,2
1991,2,371046,8,4,4,2,1,1,3,4,2,1,1987,2,2
1991,1,371047,2,2,6,1,1,1,3,4,2,3,1978,2,2
1991,1,371048,1,2,2,2,1,1,3,4,2,3,1978,2,2
1991,1,371049,2,3,3,2,1,1,3,4,2,3,1976,2,2
1991,2,371049,2,2,2,2,1,1,3,4,2,3,1980,2,2
1991,1,371050,6,5,5,2,1,1,3,4,2,3,1974,2,2
1991,2,371050,2,2,2,2,1,1,3,4,2,3,1991,2,2
1991,1,371051,1,5,2,2,1,1,3,4,1,3,1988,2,2
1991,1,371052,1,3,2,2,1,1,3,4,2,3,1985,2,2
1991,1,371053,1,5,3,2,1,1,3,4,1,3,1990,2,2
1991,1,371054,1,2,6,1,2,2,3,4,1,3,1984,2,2
1991,1,371055,2,1,1,2,1,1,3,4,2,3,1983,2,2
1991,1,371056,1,2,2,2,1,1,3,4,2,3,1983,2,2
1991,2,371056,1,2,2,2,1,1,3,4,2,3,1990,2,2
1991,3,371056,2,4,6,1,1,1,3,4,2,3,1992,2,2
1991,1,371057,2,2,2,2,1,1,3,4,2,3,1978,2,2
1991,2,371057,6,5,5,2,1,1,3,4,2,3,1991,2,2
1991,1,371058,3,2,2,1,1,1,3,4,1,3,1979,2,2
1991,1,371059,1,5,2,2,2,2,3,4,1,3,1978,2,2
1991,1,371060,1,2,2,2,1,1,3,4,2,3,1981,2,2
1991,2,371060,4,2,2,2,1,1,3,4,2,3,1985,2,2
1991,1,371061,4,2,2,2,1,1,3,4,2,3,1988,2,2
1991,1,371062,2,2,2,2,1,1,3,4,2,3,1983,2,2
1991,1,371063,1,2,2,2,2,2,3,4,1,3,1973,2,2
1991,2,371063,1,3,3,1,2,2,3,4,1,3,1980,2,2
1991,1,371064,7,2,2,2,4,1,3,1,1,3,1989,2,2
1991,1,371065,2,2,3,1,1,1,3,4,2,3,1989,2,2
1991,1,371066,4,1,1,2,1,1,3,4,2,3,1989,2,2
1991,1,371067,3,2,2,2,1,1,3,4,2,3,1991,2,2
1991,2,371067,1,2,2,2,1,1,3,4,2,3,1990,2,2
1991,1,371068,1,2,2,2,1,1,3,4,2,3,1980,2,2
1991,2,371068,6,2,2,2,1,1,3,4,2,3,1991,2,2
1991,3,371068,1,5,5,2,1,1,3,4,2,3,1990,2,2
1991,1,371069,4,2,5,2,1,1,3,4,1,3,1990,2,2
1991,2,371069,1,2,2,2,1,1,3,4,2,3,1974,2,2
1991,3,371069,1,5,5,2,1,1,3,4,2,3,1991,2,2
1991,4,371069,2,2,4,2,1,1,3,4,2,3,1982,2,2
1991,1,371070,1,2,2,2,1,1,3,4,2,3,1977,2,2
1991,1,371071,1,2,2,2,2,2,3,4,1,3,1991,2,2
1991,2,371071,1,4,2,2,1,1,3,4,2,3,1982,2,2
1991,1,371072,1,2,2,2,1,1,3,4,2,3,1986,2,2
1991,2,371072,1,2,2,2,2,2,3,4,2,3,1980,2,2
1991,1,371073,1,2,2,2,1,1,3,4,2,3,1991,2,2
1991,2,371073,1,3,3,2,1,1,3,4,2,3,1987,2,2
1991,1,371074,1,4,4,2,1,1,3,4,2,3,1985,2,2
1991,2,371074,6,2,2,2,1,1,3,4,2,3,1984,2,2
1991,1,371076,2,2,2,2,1,1,3,4,2,3,1984,2,2
1991,1,371077,2,3,3,2,1,1,3,4,2,3,1991,2,2
1991,1,371078,1,5,2,2,1,1,3,4,1,3,1989,2,2
1991,1,371079,2,3,3,2,1,1,3,4,1,3,1980,2,2
1991,1,371080,6,2,2,1,1,1,3,4,1,3,1977,2,2
1991,2,371080,1,4,4,2,1,1,3,4,2,3,1973,2,2
1991,1,371081,2,3,6,1,1,1,3,4,1,3,1973,2,2
1991,1,371082,1,1,1,1,1,1,3,4,1,3,1991,2,2
1991,1,371083,4,2,6,1,1,1,3,4,1,3,1973,2,2
1991,1,371084,1,2,6,1,1,1,3,4,2,3,1980,2,2
1991,1,371086,1,2,2,2,1,1,3,4,2,3,1982,2,2
1991,1,371087,1,5,5,2,1,1,3,4,2,3,1982,2,2
1991,2,371087,2,2,2,2,1,1,3,4,2,3,1969,2,2
1991,1,371088,6,2,2,2,1,1,3,4,2,3,1989,2,2
1991,2,371088,1,2,2,2,1,1,3,4,2,3,1991,2,2
1991,1,371090,6,5,5,2,1,1,3,4,2,3,1973,2,2
1991,2,371090,1,2,2,2,1,1,3,4,2,3,1988,2,2
1991,1,371091,1,5,5,2,1,1,3,4,2,3,1982,2,2
1991,2,371091,1,2,2,2,1,1,3,4,1,3,1979,2,2
1991,1,371092,2,5,5,2,1,1,3,4,2,3,1978,2,2
1991,2,371092,1,2,2,2,1,1,3,4,2,3,1980,2,2
1991,1,371093,2,1,1,2,1,1,3,4,2,3,1976,2,2
1991,1,371094,2,2,2,2,1,1,3,4,2,3,1979,2,2
1991,2,371094,2,4,4,2,1,1,3,4,2,3,1978,2,2
1991,1,371095,1,3,3,2,1,1,3,4,2,3,1978,2,2
1991,2,371095,1,2,2,2,1,1,3,4,2,3,1991,2,2
1991,1,371096,1,2,2,2,1,1,3,4,2,3,1981,2,2
1991,1,371097,1,2,2,2,1,1,3,4,2,3,1982,2,2
1991,1,371098,1,2,2,2,1,1,3,4,2,3,1989,2,2
1991,2,371098,1,2,2,2,1,1,3,4,2,3,1991,2,2
1991,1,371099,1,2,2,2,1,1,3,4,2,3,1979,2,2
1991,1,371100,1,3,3,2,1,1,3,4,2,3,1987,2,2
1991,2,371100,1,2,2,2,1,1,3,4,1,3,1973,2,2
1991,1,371101,1,2,2,2,1,1,3,4,2,3,1981,2,2
1991,2,371101,7,5,5,2,4,1,3,1,2,3,1988,2,2
1991,1,371102,2,4,6,1,1,1,3,4,2,3,1976,2,2
1991,2,371102,2,2,2,2,2,2,3,4,1,3,1988,2,2
1991,1,371103,1,2,2,2,1,1,3,4,1,3,1985,2,2
1991,1,371104,2,2,2,1,1,1,3,4,1,3,1984,2,2
1991,1,371105,2,3,3,1,1,1,3,4,1,3,1976,2,2
1991,1,371106,2,2,2,2,1,1,3,4,2,3,1988,2,2
1991,1,371107,1,3,3,2,1,1,3,4,1,3,1984,2,2
1991,1,371108,1,2,6,1,2,2,3,4,1,3,1980,2,2
1991,1,371109,1,2,2,2,2,2,3,4,1,3,1985,2,2
1991,2,371109,1,2,2,2,1,1,3,4,2,3,1977,2,2
1991,1,371110,1,2,2,2,1,1,3,4,2,3,1988,2,2
1991,2,371110,1,2,2,2,1,1,3,4,2,3,1986,2,2
1991,1,371111,2,3,3,1,1,1,3,4,2,3,1988,2,2
1991,1,371112,2,2,2,2,1,1,3,4,2,3,1987,2,2
1991,1,371113,4,1,1,1,1,1,3,4,2,3,1991,1,2
1991,1,371114,1,2,2,2,1,1,3,4,2,3,1978,2,2
1991,1,371115,9,7,7,2,3,3,3,4,2,3,9999,2,2
1991,1,371116,2,2,2,2,1,1,3,4,1,3,1979,2,2
1991,2,371116,1,5,5,2,1,1,3,4,2,3,1984,2,2
1991,1,371117,2,2,6,1,2,2,3,4,1,3,1979,2,2
1991,1,371118,1,2,5,1,1,1,3,4,1,3,1987,2,2
1991,1,371120,2,2,2,2,1,1,3,4,2,3,1991,2,2
1991,2,371120,1,3,3,2,1,1,3,4,1,3,1978,2,2
1991,1,371121,2,2,2,2,1,1,3,4,2,3,1991,2,2
1991,1,371122,1,5,2,2,1,1,3,4,1,3,1986,2,2
1991,1,371123,1,2,2,2,1,1,3,4,2,3,1984,2,2
1991,2,371123,1,2,2,2,1,1,3,4,2,3,1990,2,2
1991,3,371123,1,2,2,2,1,1,3,4,2,3,1986,2,2
1991,1,371124,1,2,5,2,1,1,3,4,2,3,1991,2,2
1991,2,371124,1,5,5,2,1,1,3,4,2,3,1990,2,2
1991,3,371124,1,2,2,2,1,1,3,4,2,3,1986,2,2
1991,1,371125,2,6,6,2,1,1,3,4,2,3,1978,2,2
1991,1,371126,1,5,5,2,1,1,3,4,2,3,1972,2,2
1991,2,371126,1,2,2,2,1,1,3,4,2,3,1971,2,2
1991,1,371127,1,2,6,1,1,1,3,4,1,3,1988,2,2
1991,1,371128,1,3,3,1,1,1,3,4,1,3,1985,2,2
1991,1,371129,1,2,2,2,1,1,3,4,2,3,1987,2,2
1991,2,371129,1,2,2,2,2,2,3,4,1,3,1978,2,2
1991,1,371130,1,2,2,2,1,1,3,4,2,3,1983,2,2
1991,1,371131,1,5,6,1,1,1,3,4,2,3,1980,2,2
1991,2,371131,2,2,2,2,1,1,3,4,2,3,1990,2,2
1991,1,371132,1,2,2,2,1,1,3,4,2,3,1990,2,2
1991,1,371133,1,2,2,2,1,1,3,4,2,3,1988,2,2
1991,1,371134,2,2,2,2,1,1,3,4,2,3,1986,2,2
1991,2,371134,1,3,3,2,1,1,3,4,2,3,1982,2,2
1991,1,371135,1,2,2,2,2,2,3,4,2,3,1978,2,2
1991,2,371135,2,2,2,1,1,1,3,4,2,3,1988,2,2
1991,1,371136,1,2,2,2,1,1,3,4,2,3,1989,2,2
1991,2,371136,2,2,2,2,1,1,3,4,1,3,1991,2,2
1991,1,371137,1,2,3,2,1,1,3,4,1,3,1990,2,2
1991,2,371137,1,5,5,2,1,1,3,4,2,3,1991,2,2
1991,3,371137,2,2,2,2,1,1,3,4,2,3,1989,2,2
1991,1,371138,4,3,3,2,2,2,3,4,2,3,1977,2,2
1991,1,371139,1,2,2,2,1,1,3,4,1,3,1987,2,2
1991,1,371140,1,3,3,2,1,1,3,4,2,3,1989,2,2
1991,2,371140,1,2,2,2,1,1,3,4,2,3,1979,2,2
1991,1,371141,1,2,3,2,1,1,3,4,1,3,1981,2,2
1991,1,371142,6,2,2,2,1,1,3,4,2,3,1979,2,2
1991,2,371142,1,2,2,2,1,1,3,4,1,3,1991,2,2
1991,1,371143,1,2,2,1,1,1,3,4,2,3,1988,2,2
1991,1,371144,2,3,2,1,1,1,3,4,2,3,1985,2,2
1991,1,371145,1,3,3,1,1,1,3,4,1,3,1985,2,2
1991,1,371146,1,3,3,1,1,1,3,4,1,3,1987,2,2
1991,1,371147,4,2,2,2,1,1,3,4,2,3,1986,2,2
1991,1,371148,1,2,2,2,1,1,3,4,2,3,1986,2,2
1991,1,371149,1,1,1,1,1,1,3,4,1,3,1979,2,2
1991,1,371150,1,2,2,2,1,1,3,4,2,3,1989,2,2
1991,1,371151,1,2,2,2,1,1,3,4,2,3,1987,2,2
1991,2,371151,4,2,2,2,1,1,3,4,2,3,1982,2,2
1991,1,371152,1,1,1,1,1,1,3,4,1,3,1987,2,2
1991,1,371153,2,2,2,2,1,1,3,4,2,3,1990,2,2
1991,1,371154,1,2,2,2,1,1,3,4,2,3,1982,2,2
1991,1,371155,1,2,2,2,1,1,3,4,2,3,1984,2,2
1991,2,371155,1,2,2,2,1,1,3,4,2,3,1987,2,2
1991,1,371156,1,5,5,2,1,1,3,4,2,3,1987,2,2
1991,2,371156,2,2,2,2,1,1,3,4,2,3,1988,2,2
1991,1,371157,1,2,2,2,1,1,3,4,2,3,1982,2,2
1991,2,371157,1,2,2,2,1,1,3,4,2,3,1986,2,2
1991,1,371158,2,2,2,2,2,2,3,4,1,3,1988,2,2
1991,1,371159,1,5,5,2,1,1,3,4,1,3,1982,2,2
1991,2,371159,6,2,2,2,1,1,3,4,2,3,1988,2,2
1991,1,371160,1,3,3,1,1,1,3,4,1,3,1987,2,2
1991,2,371160,1,2,2,2,1,1,3,4,2,3,1988,2,2
1991,1,371161,1,5,5,2,2,2,3,4,2,3,1982,2,2
1991,1,371162,1,5,5,2,1,1,3,4,2,3,1981,2,2
1991,1,371163,1,5,2,2,1,1,3,4,2,3,1984,2,2
1991,2,371163,1,5,5,2,1,1,3,4,2,3,1990,2,2
1991,1,371164,1,2,6,1,1,1,3,4,2,3,1988,2,2
1991,1,371165,1,5,5,2,1,1,3,4,2,3,1986,2,2
1991,2,371165,1,2,2,2,1,1,3,4,1,3,1982,2,2
1991,1,371166,2,2,6,1,1,1,3,4,2,3,1985,2,2
1991,2,371166,1,5,5,2,1,1,3,4,2,3,1989,2,2
1991,1,371167,1,2,2,2,1,1,3,4,2,3,1978,2,2
1991,1,371168,2,2,2,1,3,3,3,4,2,3,1981,2,2
1991,2,371168,1,3,3,2,1,1,3,4,2,3,1973,2,2
1991,1,371169,1,1,1,1,2,2,3,4,2,3,1987,2,2
1991,1,371170,2,2,2,2,1,1,3,4,2,3,1979,2,2
1991,1,371171,1,2,2,2,1,1,3,4,2,3,1983,2,2
1991,2,371171,1,2,2,2,1,1,3,4,1,3,1984,2,2
1991,1,371172,1,5,5,2,1,1,3,4,1,3,1989,2,2
1991,1,371173,1,2,2,2,1,1,3,4,2,3,1981,2,2
1991,1,371174,1,5,5,2,1,1,3,4,1,3,1982,2,2
1991,1,371175,1,5,5,2,1,1,3,4,1,3,1986,2,2
1991,1,371176,1,2,2,2,1,1,3,4,2,3,1986,2,2
1991,1,371177,1,2,2,2,1,1,3,4,2,3,1983,2,2
1991,1,371178,2,2,3,1,3,3,3,4,2,3,1972,2,2
1991,1,371179,1,2,6,1,2,2,3,4,1,3,1992,2,2
1991,1,371180,1,2,2,2,1,1,3,4,2,3,1977,2,2
1991,1,371181,1,5,5,2,1,1,3,4,2,3,1988,2,2
1991,2,371181,2,2,2,2,1,1,3,4,2,3,1979,2,2
1991,1,371182,4,2,5,2,1,1,3,4,2,3,1986,2,2
1991,2,371182,2,3,3,2,1,1,3,4,2,3,1992,2,2
1991,3,371182,3,5,3,1,1,1,3,4,2,3,1984,2,2
1991,4,371182,1,2,2,2,1,1,3,4,2,3,1991,2,2
1991,5,371182,1,5,5,2,1,1,3,4,2,3,1985,2,2
1991,6,371182,2,2,2,2,1,1,3,4,2,3,1979,2,2
1991,1,371183,7,2,2,2,4,2,3,2,1,3,1988,2,2
1991,2,371183,1,5,5,2,1,1,3,4,2,3,1970,2,2
1991,1,371184,6,2,2,2,1,1,3,4,2,3,1987,2,2
1991,2,371184,1,2,2,2,1,1,3,4,2,3,1988,2,2
1991,1,371185,1,2,6,1,1,1,3,4,1,3,1986,2,2
1991,1,371186,1,2,2,1,1,1,3,4,1,3,1990,2,2
1991,1,371187,1,3,3,2,1,1,3,4,2,3,1992,2,2
1991,2,371187,1,2,2,2,1,1,3,4,2,3,1991,2,2
1991,1,371188,1,2,2,2,1,1,3,4,2,3,1984,2,2
1991,2,371188,2,2,2,2,1,1,3,4,2,3,1990,2,2
1991,1,371189,1,2,2,2,1,1,3,4,2,3,1979,2,2
1991,1,371190,2,5,5,2,1,1,3,4,1,3,1987,2,2
1991,1,371191,1,2,2,2,1,1,3,4,1,3,1987,2,2
1991,1,371192,1,3,3,2,1,1,3,4,2,3,1988,2,2
1991,1,371193,2,2,2,2,1,1,3,4,2,3,1989,2,2
1991,1,371194,2,2,2,2,1,1,3,4,2,3,1988,2,2
1991,2,371194,2,2,2,2,1,1,3,4,2,3,1976,2,2
1991,3,371194,3,2,2,2,1,1,3,4,2,3,1992,2,2
1991,1,371195,2,2,2,2,1,1,3,4,2,3,1983,2,2
1991,1,371196,2,2,6,1,1,1,3,4,1,3,1977,2,2
1991,1,371197,1,5,5,2,1,1,3,4,2,3,1987,2,2
1991,2,371197,3,2,2,2,1,1,3,4,2,3,1988,2,2
1991,1,371198,9,7,7,2,3,3,3,4,2,3,9999,2,2
1991,1,371199,7,2,2,2,4,2,3,2,1,3,1979,2,2
1991,1,371200,1,2,2,2,1,1,3,4,2,3,1984,2,2
1991,1,371201,1,2,2,2,1,1,3,4,2,3,1979,2,2
1991,1,371202,3,2,2,2,1,1,3,4,2,3,1987,2,2
1991,2,371202,6,6,6,2,1,1,3,4,2,3,1988,2,2
1991,1,371203,1,5,2,2,2,2,3,4,1,3,1982,2,2
1991,2,371203,6,2,2,2,1,1,3,4,2,3,1985,2,2
1991,3,371203,1,2,2,2,1,1,3,4,2,3,1982,2,2
1991,1,371204,4,2,2,2,1,1,3,4,2,3,1987,2,2
1991,2,371204,1,2,2,2,1,1,3,4,2,3,1992,2,2
1991,1,371205,1,5,5,2,1,1,3,4,2,3,1984,2,2
1991,2,371205,1,2,2,2,1,1,3,4,2,3,1989,2,2
1991,1,371206,1,3,3,2,1,1,3,4,1,3,1989,2,2
1991,2,371206,1,2,2,2,1,1,3,4,2,3,1979,2,2
1991,1,371207,1,5,4,2,1,1,3,4,2,3,1982,2,2
1991,2,371207,1,2,2,2,1,1,3,4,2,3,1977,2,2
1991,3,371207,1,2,2,2,1,1,3,4,2,3,1983,2,2
1991,1,371208,2,2,2,1,1,1,3,4,2,3,1977,2,2
1991,1,371209,1,3,3,2,1,1,3,4,2,3,1982,2,2
1991,2,371209,1,2,2,2,1,1,3,4,2,3,1980,2,2
1991,1,371210,6,3,6,1,1,1,3,4,1,3,1989,2,2
1991,1,371211,1,2,2,2,1,1,3,4,2,3,1990,2,2
1991,1,371212,1,2,6,1,1,1,3,4,1,3,1979,2,2
1991,1,371213,1,5,6,1,2,2,3,4,1,3,1987,2,2
1991,1,371214,1,3,3,2,2,2,3,4,1,3,1987,2,2
1991,1,371215,1,5,5,2,1,1,3,4,1,3,1981,2,2
1991,1,371216,1,2,2,2,1,1,3,4,1,3,1986,2,2
1991,1,371217,1,2,2,2,1,1,3,4,2,3,1989,2,2
1991,2,371217,1,2,2,2,1,1,3,4,2,3,1977,2,2
1991,1,371218,1,3,3,2,1,1,3,4,2,3,1982,2,2
1991,2,371218,6,2,2,2,1,1,3,4,2,3,1986,2,2
1991,3,371218,1,5,5,2,1,1,3,4,2,3,1987,2,2
1991,1,371219,1,2,2,2,1,1,3,4,2,3,1984,2,2
1991,1,371220,2,2,2,2,2,2,3,4,2,3,1991,2,2
1991,2,371220,1,3,3,2,1,1,3,4,2,3,1988,2,2
1991,1,371221,1,2,2,2,1,1,3,4,2,3,1988,2,2
1991,1,371222,1,2,2,1,1,1,3,4,1,3,1986,2,2
1991,1,371223,1,2,2,2,1,1,3,4,1,3,1989,2,2
1991,1,371224,1,2,5,2,1,1,3,4,2,3,1986,2,2
1991,2,371224,1,5,3,2,1,1,3,4,2,3,1989,2,2
1991,3,371224,1,2,2,2,1,1,3,4,2,3,1986,2,2
1991,1,371225,1,5,5,2,1,1,3,4,2,3,1979,2,2
1991,1,371226,1,2,2,2,1,1,3,4,2,3,1991,2,2
1991,1,371227,2,4,4,2,1,1,3,4,2,3,1977,2,2
1991,2,371227,1,2,2,2,1,1,3,4,2,3,1965,2,2
1991,1,371228,1,2,2,2,1,1,3,4,1,3,1979,2,2
1991,1,371229,1,2,6,1,1,1,3,4,1,3,1983,2,2
1991,1,371230,1,3,3,2,1,1,3,4,2,3,1984,2,2
1991,1,371231,3,2,2,2,1,1,3,4,1,3,1988,2,2
1991,1,380001,2,2,2,2,1,1,3,4,2,3,1989,2,2
1991,2,380001,6,2,2,2,2,2,3,4,2,3,1977,2,2
1991,1,380002,1,2,2,2,1,1,3,4,2,3,1972,2,2
1991,2,380002,2,4,4,2,1,1,3,4,2,3,1990,2,2
1991,1,380003,2,2,2,2,1,1,3,4,1,3,1986,2,1
1991,1,380004,2,1,1,1,1,1,3,4,2,3,1975,2,2
1991,1,380006,6,2,2,2,2,2,3,4,2,3,1981,2,2
1991,1,380007,1,2,6,1,1,1,3,4,2,3,1987,2,2
1991,1,380008,6,1,1,1,1,1,3,4,2,3,1990,2,1
1991,1,380009,2,1,1,1,1,1,3,4,2,3,1976,2,2
1991,1,380010,1,1,1,1,1,1,3,4,2,3,1982,2,1
1991,1,380011,3,1,1,1,1,1,3,4,1,3,1987,2,2
1991,1,380012,1,2,2,1,1,1,3,4,2,3,1980,2,2
1991,1,380013,1,2,2,2,1,1,3,4,2,3,1978,2,1
1991,1,380014,7,2,2,2,4,2,3,2,1,3,1984,2,2
1991,1,380015,1,2,6,2,1,1,3,4,2,3,1975,2,2
1991,1,380016,1,1,1,1,1,1,3,4,2,3,1983,2,2
1991,1,380017,6,2,2,2,1,1,3,4,2,3,1984,2,2
1991,1,380018,1,5,5,1,2,2,3,4,1,3,1970,2,2
1991,1,380019,7,2,2,2,4,1,3,1,2,3,1985,2,2
1991,2,380019,1,2,2,2,1,1,3,4,2,3,1986,2,2
1991,1,380020,1,2,2,2,2,2,3,4,2,3,1978,2,2
1991,2,380020,6,2,2,2,1,1,3,4,2,3,1979,2,2
1991,1,380021,2,2,2,1,1,1,3,4,2,3,1979,2,2
1991,2,380021,1,2,2,2,1,1,3,4,2,3,1978,2,2
1991,1,380022,1,3,3,1,1,1,3,4,1,3,1985,2,2
1991,1,380023,1,2,2,1,1,1,3,4,2,3,1984,2,2
1991,1,380024,2,1,1,1,1,1,3,4,2,3,1976,2,2
1991,1,380025,1,2,2,2,1,1,3,4,2,3,1990,2,2
1991,2,380025,3,2,2,2,1,1,3,4,2,3,1989,2,2
1991,1,380026,2,2,2,2,1,1,3,4,2,3,1986,2,2
1991,2,380026,1,2,2,2,1,1,3,4,2,3,1986,2,2
1991,1,380027,1,1,1,1,2,2,3,4,1,3,1976,2,2
1991,1,380028,1,1,1,1,2,2,3,4,1,3,1975,2,2
1991,1,380029,2,2,2,2,1,1,3,4,2,3,1982,2,2
1991,2,380029,1,2,2,2,2,2,3,4,2,3,1979,2,2
1991,1,380030,5,2,2,2,1,1,3,4,2,3,1988,2,2
1991,2,380030,1,5,5,2,1,1,3,4,2,3,1977,2,2
1991,1,380031,1,1,1,1,1,1,3,4,2,3,1988,2,2
1991,1,380032,3,1,1,1,1,1,3,4,2,3,1974,2,2
1991,1,380033,7,2,2,2,4,1,3,1,1,3,1990,2,2
1991,2,380033,1,4,4,2,1,1,3,4,2,3,1989,2,2
1991,1,380034,7,2,2,2,4,2,3,2,2,3,1984,2,2
1991,1,380035,7,1,1,2,4,2,3,2,2,3,1983,2,2
1991,1,380037,1,1,1,1,1,1,3,4,2,3,1981,2,2
1991,1,380038,7,5,5,2,4,1,3,1,2,3,1988,2,2
1991,1,380039,2,2,2,1,3,3,3,4,2,3,1982,2,2
1991,1,380040,9,3,3,2,1,1,3,4,2,3,9999,2,2
1991,1,380041,1,1,1,1,2,2,3,4,1,3,1988,2,2
1991,1,380042,7,2,2,2,4,1,3,1,2,3,1985,2,2
1991,2,380042,1,4,4,2,1,1,3,4,2,3,1984,2,2
1991,1,380043,2,1,1,1,1,1,3,4,2,3,1972,1,2
1991,1,380044,2,1,1,1,1,1,3,4,1,3,1990,2,2
1991,1,380045,7,2,2,2,4,2,3,2,2,3,1986,2,2
1991,1,380046,6,4,4,2,1,1,3,4,2,3,1985,2,2
1991,1,380047,1,2,2,1,1,1,3,4,2,3,1990,2,2
1991,1,380048,1,1,1,1,1,1,3,4,1,3,1978,2,2
1991,1,380049,2,3,3,1,1,1,3,4,2,3,1989,2,2
1991,1,380050,3,1,1,1,1,1,3,4,2,3,1988,2,2
1991,1,380051,1,2,2,2,1,1,3,4,2,3,1976,2,2
1991,1,380052,1,2,5,2,1,1,3,4,2,3,1977,2,2
1991,1,380053,1,1,1,1,2,2,3,4,1,3,1983,2,2
1991,1,380054,2,2,2,2,1,1,3,4,1,3,1990,2,2
1991,1,380055,2,1,1,1,1,1,3,4,1,3,1972,2,2
1991,1,380056,1,2,2,2,1,1,3,4,2,3,1991,2,2
1991,2,380056,6,5,5,2,2,2,3,4,2,3,1980,2,2
1991,1,380057,1,3,4,2,1,1,3,4,2,3,1975,2,2
1991,2,380057,2,2,2,2,2,2,3,4,2,3,1983,2,2
1991,1,380058,1,1,1,1,2,2,3,4,1,3,1983,2,2
1991,1,380059,7,2,2,2,4,2,3,2,1,3,9999,2,2
1991,1,380060,2,2,2,2,1,1,3,4,2,3,1984,1,2
1991,1,380061,1,1,1,1,1,1,3,4,2,3,1988,2,2
1991,1,380062,2,2,2,2,2,2,3,4,2,3,1984,2,2
1991,2,380062,2,2,2,2,1,1,3,4,2,3,1988,2,2
1991,1,380063,1,1,1,1,1,1,3,4,1,3,1985,2,2
1991,1,380064,2,2,2,1,1,1,3,4,2,3,1990,2,2
1991,2,380064,1,2,2,2,1,1,3,4,2,3,1983,2,2
1991,1,380065,1,1,1,1,1,1,3,4,2,3,1978,2,2
1991,1,380066,4,2,2,2,2,2,3,4,2,3,1986,2,2
1991,2,380066,1,2,2,2,1,1,3,4,2,3,1987,2,2
1991,1,380067,1,4,4,2,1,1,3,4,1,3,1981,2,2
1991,2,380067,6,2,2,1,1,1,3,4,2,3,1978,2,2
1991,1,380068,2,2,2,2,1,1,3,4,2,3,1991,2,2
1991,2,380068,1,5,5,2,1,1,3,4,2,3,1990,2,2
1991,1,380069,1,2,6,2,1,1,3,4,2,3,1983,2,1
1991,1,380070,2,1,1,1,1,1,3,4,2,3,1977,2,2
1991,1,380071,2,1,1,1,1,1,3,4,1,3,1991,2,2
1991,1,380072,2,1,1,1,1,1,3,4,2,3,1992,2,2
1991,1,380073,1,2,2,2,1,1,3,4,1,3,1992,2,2
1991,1,380074,2,2,2,2,1,1,3,4,2,3,1989,2,2
1991,1,380075,1,3,3,2,1,1,3,4,2,3,1987,2,2
1991,2,380075,2,2,2,2,1,1,3,4,2,3,1965,2,2
1991,1,380076,3,1,1,1,1,1,3,4,2,3,1988,2,2
1991,1,380077,1,7,7,1,1,1,3,4,2,3,1988,2,1
1991,1,380078,6,2,2,2,1,1,3,4,2,3,1971,2,2
1991,2,380078,1,5,5,2,1,1,3,4,2,3,1988,2,2
1991,1,380079,2,2,2,2,1,1,3,4,2,3,1984,2,2
1991,1,380080,2,2,2,2,1,1,3,4,2,3,1969,2,2
1991,2,380080,6,2,2,2,1,1,3,4,2,3,1990,2,2
1991,1,380081,1,2,2,2,1,1,3,4,1,3,1986,2,2
1991,1,380082,2,2,2,2,1,1,3,4,2,3,1977,2,2
1991,2,380082,1,2,2,2,2,2,3,4,1,3,1976,2,2
1991,1,380083,2,2,2,2,1,1,3,4,2,3,1985,2,2
1991,2,380083,1,3,3,2,2,2,3,4,2,3,1980,2,2
1991,1,380084,2,1,1,1,1,1,3,4,1,3,1984,2,2
1991,1,380085,1,1,1,1,1,1,3,4,1,3,1988,2,1
1991,1,380086,1,4,4,2,1,1,3,4,2,3,1975,2,2
1991,2,380086,6,2,2,2,1,1,3,4,2,3,1992,2,2
1991,1,380087,1,2,2,2,1,1,3,4,2,3,1984,2,2
1991,2,380087,1,3,3,2,1,1,3,4,2,3,1981,2,2
1991,1,380088,2,2,2,2,1,1,3,4,2,3,1972,2,2
1991,1,390002,1,2,2,2,1,1,3,4,2,3,1988,2,2
1991,1,390003,1,2,2,1,2,2,3,4,1,3,1982,2,2
1991,1,390004,1,3,3,2,2,2,3,4,2,3,1986,2,2
1991,2,390004,6,2,2,2,1,1,3,4,2,3,1979,2,2
1991,1,390005,1,2,2,2,1,1,3,4,2,3,1987,2,2
1991,1,390006,2,2,2,2,2,2,3,4,2,3,1983,2,2
1991,1,390007,1,2,2,2,1,1,3,4,2,3,1983,2,2
1991,1,390008,4,7,7,1,1,1,3,4,2,3,1988,2,2
1991,1,390009,1,2,3,2,1,1,3,4,1,3,1980,2,2
1991,2,390009,1,2,2,2,1,1,3,4,2,3,1988,2,2
1991,1,390010,1,3,3,2,1,1,3,4,1,3,1988,2,2
1991,1,390011,2,7,7,2,1,1,3,4,2,3,1973,2,2
1991,1,390012,6,4,4,2,1,1,3,4,2,3,1979,2,2
1991,2,390012,1,2,2,2,1,1,3,4,2,3,1990,2,2
1991,1,390013,1,2,5,2,1,1,3,4,1,3,1978,2,2
1991,1,390014,1,2,2,2,1,1,3,4,2,3,1984,2,2
1991,2,390014,1,2,2,2,1,1,3,4,2,3,1980,2,2
1991,1,390015,1,2,2,2,1,1,3,4,2,3,1989,2,2
1991,2,390015,1,5,3,2,1,1,3,4,2,3,1986,2,2
1991,1,390016,1,5,5,2,1,1,3,4,1,3,1984,2,2
1991,1,390017,1,2,2,2,2,2,3,4,2,3,1977,2,2
1991,1,390018,1,5,3,2,1,1,3,4,1,3,1981,2,2
1991,2,390018,3,2,2,2,1,1,3,4,2,3,1989,2,2
1991,1,390019,1,2,2,2,1,1,3,4,2,3,1975,2,2
1991,2,390019,1,3,2,2,1,1,3,4,2,3,1990,2,2
1991,3,390019,1,2,2,2,1,1,3,4,2,3,1980,2,2
1991,1,390020,1,7,7,2,3,3,3,4,2,3,9999,2,2
1991,1,390021,1,2,2,2,1,1,3,4,2,3,1983,2,2
1991,1,390022,1,5,5,2,1,1,3,4,1,3,1979,2,2
1991,1,390023,2,2,2,2,1,1,3,4,1,3,1988,2,2
1991,1,390024,4,2,2,2,1,1,3,4,2,3,1977,2,2
1991,2,390024,1,2,2,2,1,1,3,4,2,3,1986,2,2
1991,1,390025,2,5,5,2,1,1,3,4,1,3,1984,2,2
1991,1,390026,4,2,2,1,1,1,3,4,1,3,1984,2,2
1991,1,390027,1,2,2,2,1,1,3,4,1,3,1988,2,2
1991,2,390027,4,5,5,2,1,1,3,4,2,3,1990,2,2
1991,3,390027,2,2,2,2,1,1,3,4,2,3,1990,2,2
1991,1,390028,1,2,2,2,1,1,3,4,2,3,1986,2,2
1991,1,390029,1,3,3,2,1,1,3,4,1,3,1979,2,2
1991,1,390030,1,7,7,2,1,1,3,4,2,3,1979,2,2
1991,1,390031,2,2,2,2,1,1,3,4,1,3,1989,2,2
1991,1,390032,2,2,2,2,1,1,3,4,2,3,1981,2,2
1991,2,390032,1,3,3,2,2,2,3,4,1,3,1982,2,2
1991,1,390033,1,5,5,2,1,1,3,4,2,3,1987,2,2
1991,2,390033,2,2,2,2,1,1,3,4,2,3,1990,2,2
1991,1,390034,5,3,3,2,1,1,3,4,2,3,1988,2,2
1991,2,390034,1,2,2,2,1,1,3,4,2,3,1981,2,2
1991,1,390035,2,3,3,2,1,1,3,4,1,3,1989,2,2
1991,2,390035,2,2,2,2,1,1,3,4,2,3,1987,2,2
1991,1,390036,6,2,2,2,1,1,3,4,2,3,1975,2,2
1991,2,390036,4,3,3,2,1,1,3,4,1,3,1976,2,2
1991,1,390037,1,3,2,2,1,1,3,4,1,3,1985,2,2
1991,2,390037,1,2,2,2,1,1,3,4,2,3,1990,2,2
1991,3,390037,1,5,5,2,1,1,3,4,2,3,1980,2,2
1991,1,390038,3,2,2,2,1,1,3,4,2,3,1988,2,2
1991,1,390039,1,3,3,2,1,1,3,4,2,3,1983,2,2
1991,2,390039,4,2,2,2,1,1,3,4,2,3,1990,2,2
1991,1,390040,1,2,2,2,1,1,3,4,1,3,1988,2,2
1991,1,390041,6,7,7,2,1,1,3,4,2,3,1989,2,2
1991,1,390042,1,4,4,2,1,1,3,4,2,3,1989,2,2
1991,2,390042,2,4,2,2,1,1,3,4,2,3,1987,2,2
1991,3,390042,6,2,2,2,1,1,3,4,2,3,1975,2,2
1991,4,390042,1,2,2,2,1,1,3,4,2,3,1990,2,2
1991,1,390043,2,2,2,2,1,1,3,4,2,3,1987,2,2
1991,1,390044,2,3,2,2,1,1,3,4,2,3,1986,2,2
1991,1,390045,1,2,2,2,2,2,3,4,2,3,1984,2,2
1991,1,390047,4,2,2,2,1,1,3,4,2,3,1985,2,2
1991,2,390047,1,5,5,2,1,1,3,4,2,3,1981,2,2
1991,1,390048,1,7,7,1,1,1,3,4,1,3,1979,2,2
1991,1,390049,1,2,2,2,1,1,3,4,2,3,1983,2,2
1991,2,390049,2,2,2,2,1,1,3,4,2,3,1981,2,2
1991,1,390050,1,2,2,2,1,1,3,4,1,3,1978,2,2
1991,1,390051,1,2,2,2,1,1,3,4,1,3,1981,2,2
1991,1,390052,1,7,7,2,1,1,3,4,1,3,1990,2,2
1991,1,390053,1,2,2,2,1,1,3,4,2,3,1981,2,2
1991,2,390053,1,7,7,2,2,2,3,4,2,3,1989,2,2
1991,1,390054,1,2,2,1,1,2,3,4,1,3,1977,2,2
1991,1,390055,1,2,2,2,2,2,3,4,2,3,1980,2,2
1991,1,390056,2,3,3,1,1,1,3,4,1,3,1989,2,2
1991,1,390057,2,2,2,2,1,1,3,4,2,3,1984,2,2
1991,2,390057,1,5,5,2,1,1,3,4,2,3,1989,2,2
1991,1,390058,3,2,2,2,1,1,3,4,1,3,1978,2,2
1991,1,390060,1,7,7,2,2,2,3,4,2,3,1977,2,2
1991,1,390061,1,2,2,2,1,1,3,4,2,3,1986,2,2
1991,1,390062,2,5,5,2,1,1,3,4,2,3,1983,2,2
1991,1,390063,3,2,2,2,3,3,3,4,2,3,9999,2,2
1991,1,390064,1,5,5,2,1,1,3,4,2,3,1982,2,2
1991,2,390064,1,2,2,2,1,1,3,4,2,3,1986,2,2
1991,1,390065,3,2,2,2,1,1,3,4,2,3,1986,2,2
1991,1,390066,1,4,4,2,1,1,3,4,2,3,1986,2,2
1991,1,390067,1,3,3,2,1,1,3,4,2,3,1987,2,2
1991,2,390067,1,2,2,2,1,1,3,4,1,3,1990,2,2
1991,1,390068,1,5,5,2,1,1,3,4,2,3,1988,1,2
1991,1,390069,1,5,5,2,1,1,3,4,2,3,1988,2,2
1991,1,390070,1,2,2,2,1,1,3,4,2,3,1989,2,2
1991,2,390070,6,2,2,2,1,1,3,4,2,3,1990,2,2
1991,1,390071,1,3,3,2,1,1,3,4,2,3,1975,2,2
1991,1,390073,1,5,5,2,2,2,3,4,2,3,1988,2,2
1991,1,390074,1,7,7,2,1,1,3,4,1,3,1986,2,2
1991,1,390075,1,7,7,2,3,3,3,4,2,3,9999,2,2
1991,1,390076,1,2,2,2,1,1,3,4,2,3,1979,2,2
1991,2,390076,2,2,2,2,1,1,3,4,2,3,1990,2,2
1991,1,390077,6,2,2,2,1,1,3,4,2,3,1989,2,2
1991,2,390077,1,5,5,2,1,1,3,4,2,3,1982,2,2
1991,1,390078,1,2,2,2,1,1,3,4,1,3,1983,2,2
1991,1,390079,6,5,5,2,1,1,3,4,2,3,1984,2,2
1991,2,390079,1,2,2,2,1,1,3,4,2,3,1981,2,2
1991,1,390080,1,2,2,2,1,1,3,4,2,3,1975,2,2
1991,2,390080,1,5,5,2,1,1,3,4,2,3,1973,2,2
1991,1,390081,6,2,2,2,1,1,3,4,2,3,1991,2,2
1991,2,390081,1,2,2,2,1,1,3,4,2,3,1985,2,2
1991,1,390082,1,2,2,2,1,1,3,4,2,3,1982,2,2
1991,2,390082,2,2,2,2,1,1,3,4,2,3,1990,2,2
1991,1,390083,1,3,3,2,1,1,3,4,2,3,1978,2,2
1991,2,390083,1,2,2,2,1,1,3,4,2,3,1986,2,2
1991,1,390084,1,7,7,2,1,1,3,4,1,3,1978,2,2
1991,1,390085,1,2,2,2,1,1,3,4,2,3,1989,2,2
1991,2,390085,7,2,2,2,4,1,3,1,1,3,1974,2,2
1991,1,390086,1,2,2,2,1,1,3,4,2,3,1988,2,2
1991,1,390087,1,3,3,2,2,2,3,4,2,3,1985,2,2
1991,1,390088,1,3,3,2,1,2,3,4,2,3,1982,2,2
1991,1,390089,1,1,1,1,1,1,3,4,1,3,1986,2,2
1991,1,390090,1,2,2,2,1,1,3,4,2,3,1980,2,2
1991,2,390090,6,2,2,2,1,1,3,4,2,3,1986,2,2
1991,3,390090,1,2,2,2,1,1,3,4,2,3,1990,2,2
1991,1,390091,1,2,2,2,1,1,3,4,2,3,1989,2,2
1991,2,390091,1,2,2,2,1,1,3,4,2,3,1989,2,2
1991,1,390092,3,7,7,2,1,1,3,4,1,3,1978,2,2
1991,1,390093,1,3,3,2,1,1,3,4,1,3,1972,2,2
1991,2,390093,2,2,2,2,1,1,3,4,2,3,1979,2,2
1991,1,390094,1,2,2,1,1,1,3,4,1,3,1982,2,2
1991,1,390095,1,2,2,2,2,2,3,4,2,3,1981,2,2
1991,1,390096,3,7,7,1,1,1,3,4,2,3,1991,2,2
1991,1,390097,1,2,2,2,1,1,3,4,1,3,1974,2,2
1991,2,390097,1,2,2,2,1,1,3,4,2,3,1990,2,2
1991,1,390098,2,5,5,2,1,1,3,4,2,3,1983,2,2
1991,2,390098,6,3,3,2,1,1,3,4,2,3,1975,2,2
1991,1,390099,2,2,2,2,1,1,3,4,2,3,1977,2,2
1991,1,390100,1,2,2,2,1,1,3,4,2,3,1991,2,2
1991,2,390100,1,2,2,2,1,1,3,4,2,3,1987,2,2
1991,1,390101,1,2,2,2,1,1,3,4,1,3,1986,2,2
1991,1,390102,1,7,7,2,1,1,3,4,1,3,1983,2,2
1991,1,390103,1,3,3,2,1,1,3,4,2,3,1987,2,2
1991,2,390103,1,2,2,2,1,1,3,4,2,3,1988,2,2
1991,1,390104,7,2,2,2,4,1,3,1,1,3,1986,2,2
1991,2,390104,1,5,5,2,1,1,3,4,2,3,1979,2,2
1991,1,390105,2,2,2,2,1,1,3,4,2,3,1985,2,2
1991,1,390106,1,2,2,2,1,1,3,4,2,3,1987,1,2
1991,1,390107,1,2,2,2,1,1,3,4,2,3,1982,2,2
1991,1,390108,4,2,2,2,1,1,3,4,2,3,1978,2,2
1991,2,390108,1,3,3,2,1,1,3,4,2,3,1980,2,2
1991,1,390109,1,2,2,2,1,1,3,4,2,3,1981,2,2
1991,1,390110,4,2,3,1,1,1,3,4,2,3,1971,2,2
1991,1,390112,1,5,5,2,1,1,3,4,2,3,1988,2,2
1991,2,390112,1,2,2,2,1,1,3,4,2,3,1983,2,2
1991,3,390112,1,5,5,2,1,1,3,4,2,3,1980,2,2
1991,1,390113,1,2,6,1,1,1,3,4,1,3,1985,2,2
1991,1,390114,1,5,5,2,1,1,3,4,1,3,1978,2,2
1991,1,390115,1,2,5,2,1,1,3,4,1,3,1986,2,2
1991,1,390116,1,3,2,2,1,1,3,4,2,3,1977,2,2
1991,1,390117,1,2,2,2,1,1,3,4,1,3,1980,2,2
1991,1,390118,1,2,2,2,1,1,3,4,2,3,1976,2,2
1991,1,390119,1,2,5,2,1,1,3,4,2,3,1981,2,2
1991,2,390119,3,2,2,2,1,1,3,4,2,3,1986,2,2
1991,1,390120,2,2,6,1,1,1,3,4,2,3,1988,2,2
1991,1,390121,1,5,5,2,1,1,3,4,2,3,1984,2,2
1991,2,390121,4,2,2,2,1,1,3,4,2,3,1987,2,2
1991,1,390122,1,2,2,1,1,1,3,4,1,3,1982,2,2
1991,1,390123,1,2,2,2,1,1,3,4,2,3,1982,2,2
1991,1,390124,1,2,2,2,1,1,3,4,2,3,1987,2,2
1991,2,390124,1,5,5,2,2,2,3,4,1,3,1979,2,2
1991,1,390125,1,2,2,2,1,1,3,4,2,3,1984,2,2
1991,1,390126,1,2,2,1,2,2,3,4,1,3,1976,2,2
1991,1,390127,1,4,4,2,1,1,3,4,2,3,1980,2,2
1991,2,390127,5,2,2,2,1,1,3,4,2,3,1977,2,2
1991,1,390128,1,3,3,2,1,1,3,4,2,3,1987,2,2
1991,2,390128,6,2,2,2,1,1,3,4,2,3,1988,2,2
1991,1,390129,1,2,2,2,1,1,3,4,1,3,1988,2,2
1991,2,390129,9,2,2,2,1,1,3,4,2,3,1991,2,2
1991,1,390131,1,2,2,2,3,3,3,4,2,3,1978,2,2
1991,1,390132,4,2,2,2,1,1,3,4,2,3,1979,2,2
1991,2,390132,1,2,2,2,2,2,3,4,2,3,1989,2,2
1991,1,390133,1,2,2,2,2,2,3,4,2,3,1980,2,2
1991,1,390134,9,2,2,2,1,1,3,4,2,3,1985,2,2
1991,2,390134,1,3,3,2,1,1,3,4,2,3,1977,2,2
1991,1,390135,1,5,5,2,1,1,3,4,2,3,1986,2,2
1991,2,390135,1,2,2,2,1,1,3,4,2,3,1975,2,2
1991,1,390136,1,2,2,2,1,1,3,4,2,3,1986,2,2
1991,2,390136,1,3,6,1,1,1,3,4,1,3,1979,2,2
1991,1,390138,1,2,2,2,2,2,3,4,2,3,1991,2,2
1991,2,390138,2,5,5,2,1,1,3,4,2,3,1978,2,2
1991,3,390138,6,2,2,2,1,1,3,4,2,3,1985,2,2
1991,1,390139,1,2,2,2,1,1,3,4,2,3,1990,2,2
1991,2,390139,1,2,2,2,1,1,3,4,2,3,1982,2,2
1991,3,390139,1,2,2,2,1,1,3,4,2,3,1985,2,2
1991,1,390140,5,2,2,1,1,1,3,4,2,3,1986,2,2
1991,1,390141,9,4,4,2,1,1,3,4,2,3,1942,2,2
1991,2,390141,1,2,2,2,1,1,3,4,2,3,1984,2,2
1991,1,390142,1,2,2,2,1,1,3,4,2,3,1987,2,2
1991,2,390142,7,2,2,2,4,1,3,1,2,3,1987,2,2
1991,3,390142,2,4,4,2,1,1,3,4,2,3,1991,2,2
1991,1,390143,1,7,7,2,3,3,3,4,2,3,9999,2,2
1991,1,390144,1,5,5,2,1,1,3,4,2,3,1988,2,2
1991,1,390145,1,5,5,2,2,2,3,4,2,3,1984,2,2
1991,2,390145,1,2,2,2,1,1,3,4,2,3,1990,2,2
1991,1,390146,1,3,3,2,1,1,3,4,2,3,1982,2,2
1991,2,390146,6,2,2,1,1,1,3,4,2,3,1984,2,2
1991,1,390147,2,2,2,2,1,1,3,4,2,3,1971,2,2
1991,2,390147,1,2,2,2,1,1,3,4,2,3,1986,2,2
1991,1,390148,6,2,2,2,1,1,3,4,2,3,1981,2,2
1991,2,390148,1,2,2,2,1,1,3,4,1,3,1984,2,2
1991,1,390149,1,2,2,2,1,1,3,4,2,3,1983,2,2
1991,1,390150,1,2,2,2,2,2,3,4,2,3,9999,2,2
1991,2,390150,1,2,2,2,1,1,3,4,2,3,1982,2,2
1991,1,390151,3,7,7,2,1,1,3,4,2,3,1987,2,2
1991,1,390152,1,2,2,2,1,1,3,4,1,3,1979,2,2
1991,2,390152,1,2,2,2,1,1,3,4,2,3,1986,2,2
1991,3,390152,1,7,7,2,1,1,3,4,2,3,1967,2,2
1991,1,390153,2,2,2,2,1,1,3,4,2,3,1988,2,2
1991,2,390153,2,2,2,2,1,1,3,4,2,3,1989,2,2
1991,3,390153,1,2,2,2,1,1,3,4,2,3,1976,2,2
1991,1,390154,4,2,2,2,1,1,3,4,2,3,1982,2,2
1991,1,390155,1,3,3,2,2,2,3,4,1,3,1987,2,2
1991,1,390156,1,7,7,2,2,2,3,4,2,3,1980,2,2
1991,1,390157,4,2,2,2,2,2,3,4,2,3,1978,2,2
1991,1,390158,1,2,2,2,1,1,3,4,2,3,1989,2,2
1991,2,390158,1,5,5,2,1,2,3,4,2,3,1977,2,2
1991,3,390158,1,2,2,2,1,1,3,4,2,3,1990,2,2
1991,1,390159,1,3,3,2,1,1,3,4,1,3,1987,2,2
1991,1,390161,9,5,7,2,3,3,3,4,2,3,9999,2,2
1991,1,390162,1,2,2,2,1,1,3,4,2,3,1987,2,2
1991,2,390162,1,2,2,2,1,1,3,4,2,3,1990,2,2
1991,1,390163,6,2,2,2,1,1,3,4,2,3,1991,2,2
1991,2,390163,1,2,2,2,1,1,3,4,2,3,1988,2,2
1991,1,390164,1,5,5,1,1,1,3,4,1,3,1985,2,2
1991,1,390165,1,2,5,2,1,1,3,4,1,3,1982,2,2
1991,1,390166,1,3,3,2,1,1,3,4,1,3,1983,2,2
1991,1,390167,1,2,2,2,2,2,3,4,2,3,1989,2,2
1991,2,390167,4,2,2,2,1,1,3,4,2,3,1981,2,2
1991,1,390168,5,2,2,2,1,1,3,4,1,3,1988,2,2
1991,1,390169,1,2,2,1,1,1,3,4,1,3,1988,2,2
1991,1,390170,3,2,2,2,1,1,3,4,2,3,1985,2,2
1991,1,390171,1,2,2,2,1,1,3,4,2,3,1986,2,2
1991,1,390172,1,2,2,2,1,1,3,4,2,3,1988,2,2
1991,2,390172,6,2,2,2,2,2,3,4,2,3,1989,2,2
1991,1,390173,2,2,2,2,1,1,3,4,2,3,1982,2,2
1991,2,390173,1,5,5,1,1,1,3,4,1,3,1988,2,2
1991,1,390174,1,2,3,2,1,1,3,4,1,3,1982,2,2
1991,1,390175,3,2,2,2,1,1,3,4,2,3,1989,2,2
1991,2,390175,1,2,2,2,1,1,3,4,2,3,1980,2,2
1991,1,390176,2,2,2,1,1,1,3,4,1,3,1990,2,2
1991,1,390177,1,4,4,2,1,1,3,4,1,3,1981,2,2
1991,2,390177,1,5,5,2,1,1,3,4,2,3,1975,2,2
1991,1,390178,6,2,2,2,1,1,3,4,2,3,1971,2,2
1991,2,390178,1,3,3,2,1,1,3,4,1,3,1988,2,2
1991,1,390179,1,6,6,1,1,1,3,4,1,3,1978,2,2
1991,1,390180,1,2,2,2,1,1,3,4,2,3,1981,2,2
1991,2,390180,1,2,2,2,1,1,3,4,2,3,1985,2,2
1991,1,390181,1,5,5,2,1,1,3,4,1,3,1982,2,2
1991,1,390182,1,2,2,2,2,2,3,4,2,3,1979,2,2
1991,2,390182,1,3,3,2,1,1,3,4,2,3,1990,2,2
1991,1,390183,1,2,2,2,1,1,3,4,2,3,1985,2,2
1991,2,390183,1,2,2,2,1,1,3,4,1,3,1985,2,2
1991,1,390184,1,5,5,2,1,1,3,4,2,3,1978,2,2
1991,1,390185,1,2,2,2,1,1,3,4,2,3,1987,2,2
1991,2,390185,1,2,2,2,1,1,3,4,2,3,1980,2,2
1991,1,390186,1,2,2,2,1,1,3,4,1,3,1981,2,2
1991,1,390187,5,2,2,2,1,1,3,4,2,3,1989,1,2
1991,1,390188,1,3,3,2,1,1,3,4,2,3,1978,2,2
1991,1,390189,9,2,2,2,1,2,3,4,1,3,1987,2,2
1991,1,390190,1,2,2,2,1,1,3,4,2,3,1977,2,2
1991,2,390190,1,2,2,2,1,1,3,4,2,3,1978,2,2
1991,1,390191,1,5,5,2,1,1,3,4,2,3,1988,2,2
1991,2,390191,1,2,2,2,1,1,3,4,2,3,1985,2,2
1991,1,390192,1,2,2,2,1,1,3,4,2,3,1978,2,2
1991,2,390192,1,5,5,2,1,1,3,4,2,3,1985,2,2
1991,1,390193,6,2,2,2,1,1,3,4,2,3,1984,2,2
1991,1,390194,1,2,2,2,3,3,3,4,1,3,1984,2,2
1991,1,390195,1,5,5,2,2,2,3,4,2,3,1988,2,2
1991,2,390195,6,2,2,2,1,1,3,4,2,3,1985,2,2
1991,1,390197,6,2,2,2,1,1,3,4,2,3,1985,2,2
1991,2,390197,1,5,5,2,1,1,3,4,2,3,1984,2,2
1991,1,390198,1,2,5,2,1,1,3,4,1,3,1988,2,2
1991,1,390199,1,2,2,2,1,1,3,4,1,3,1986,2,2
1991,1,390200,2,2,2,2,1,1,3,4,2,3,1987,2,2
1991,1,390201,1,2,2,2,1,1,3,4,2,3,1983,2,2
1991,2,390201,1,2,2,2,1,1,3,4,2,3,1985,2,2
1991,1,390202,1,2,2,2,2,2,3,4,1,3,1978,2,2
1991,1,390203,1,5,5,2,2,2,3,4,1,3,1991,2,2
1991,2,390203,6,5,5,2,1,1,3,4,2,3,1979,2,2
1991,1,390204,6,2,2,2,1,1,3,4,2,3,1986,2,2
1991,2,390204,1,2,2,2,1,1,3,4,1,3,1979,2,2
1991,1,390205,1,2,2,2,1,1,3,4,1,3,1979,2,2
1991,1,390206,1,3,3,2,1,1,3,4,2,3,1987,2,2
1991,1,390208,2,3,3,2,1,1,3,4,2,3,1987,2,2
1991,2,390208,7,5,5,2,4,3,3,3,2,3,1976,2,2
1991,1,390209,1,2,2,2,1,1,3,4,2,3,1983,2,2
1991,2,390209,1,3,3,2,2,2,3,4,1,3,1979,2,2
1991,1,390210,1,2,2,2,2,2,3,4,2,3,1989,2,2
1991,2,390210,1,2,2,2,1,1,3,4,2,3,1977,2,2
1991,1,390211,1,5,5,2,1,1,3,4,2,3,1986,2,2
1991,2,390211,2,2,2,2,1,1,3,4,2,3,1982,2,2
1991,1,390212,7,7,7,2,4,1,3,1,1,3,1981,2,2
1991,1,390213,2,2,2,2,1,1,3,4,2,3,1986,2,2
1991,1,390214,1,2,2,2,1,1,3,4,2,3,1987,2,2
1991,1,390215,1,2,2,2,2,2,3,4,1,3,1978,2,2
1991,1,390216,3,7,7,2,1,1,3,4,2,3,1979,1,2
1991,1,390217,1,2,2,2,1,1,3,4,1,3,1981,2,2
1991,2,390217,1,5,5,2,1,1,3,4,2,3,1980,2,2
1991,1,390218,1,2,2,2,1,1,3,4,1,3,1984,2,2
1991,1,390219,6,5,5,2,1,1,3,4,2,3,1987,2,2
1991,2,390219,1,2,2,2,1,1,3,4,2,3,1981,2,2
1991,1,390220,3,2,2,2,1,1,3,4,2,3,1989,2,2
1991,2,390220,1,5,5,2,1,1,3,4,2,3,1977,2,2
1991,1,390221,2,7,7,1,1,1,3,4,1,3,1989,2,2
1991,1,390222,1,5,5,2,1,1,3,4,2,3,1986,2,2
1991,2,390222,2,2,2,2,1,1,3,4,2,3,1972,2,2
1991,1,390224,1,2,2,2,1,1,3,4,2,3,1986,2,2
1991,2,390224,1,5,4,2,1,1,3,4,2,3,1989,2,2
1991,3,390224,4,5,5,2,1,1,3,4,2,3,1987,2,2
1991,1,390225,1,5,5,2,1,1,3,4,2,3,1986,1,2
1991,2,390225,6,2,2,2,2,2,3,4,2,3,1980,2,2
1991,1,390226,1,5,5,2,1,1,3,4,2,3,1974,2,2
1991,2,390226,6,5,5,2,1,1,3,4,2,3,1989,2,2
1991,1,390227,1,2,2,2,1,1,3,4,2,3,1980,2,2
1991,1,390228,1,6,6,1,1,1,3,4,2,3,1989,2,2
1991,1,390229,1,2,2,2,1,1,3,4,2,3,1985,2,2
1991,2,390229,1,2,2,2,1,1,3,4,1,3,1978,2,2
1991,1,390230,2,3,3,2,1,1,3,4,2,3,1990,2,2
1991,1,390231,1,5,5,2,1,1,3,4,1,3,1986,2,2
1991,2,390231,9,2,2,2,1,1,3,4,2,3,1988,2,2
1991,1,390232,1,2,2,2,1,1,3,4,2,3,1984,2,2
1991,1,390233,1,2,5,2,1,1,3,4,1,3,1984,2,2
1991,1,390234,2,2,2,1,1,1,3,4,1,3,1985,2,2
1991,1,390235,1,4,4,2,2,2,3,4,1,3,1977,2,2
1991,2,390235,1,4,4,2,1,1,3,4,2,3,1977,2,2
1991,1,390236,6,4,4,2,1,1,3,4,2,3,1985,2,2
1991,2,390236,1,4,4,2,1,1,3,4,2,3,1980,2,2
1991,1,390237,7,2,2,2,4,1,3,1,1,3,1979,2,2
1991,1,390238,1,2,2,2,1,1,3,4,2,3,1983,2,2
1991,1,390239,1,2,2,2,1,1,3,4,2,3,1987,2,2
1991,2,390239,1,2,2,2,1,1,3,4,2,3,1985,2,2
1991,3,390239,3,4,4,2,1,1,3,4,2,3,1989,2,2
1991,4,390239,2,2,2,2,1,1,3,4,2,3,1988,2,2
1991,5,390239,1,2,2,2,1,1,3,4,2,3,1988,2,2
1991,6,390239,3,2,2,2,1,1,3,4,2,3,1979,2,2
1991,7,390239,1,2,2,2,1,1,3,4,2,3,1987,2,2
1991,8,390239,1,2,2,2,1,1,3,4,2,3,1991,2,2
1991,1,390240,9,7,7,2,1,1,3,4,2,3,1964,2,2
1991,1,390241,1,5,5,1,1,1,3,4,1,3,1985,2,2
1991,1,390242,1,2,2,2,2,2,3,4,1,3,1984,2,2
1991,1,390243,7,2,2,2,4,2,3,2,2,3,1981,2,2
1991,2,390243,9,4,4,2,1,1,3,4,2,3,1978,2,2
1991,1,390244,7,7,7,2,4,2,3,2,2,3,9999,2,2
1991,1,390245,3,2,2,2,2,2,3,4,2,3,1979,2,2
1991,2,390245,3,2,2,2,1,1,3,4,2,3,1987,2,2
1991,1,390246,1,5,5,2,1,1,3,4,2,3,1979,2,2
1991,2,390246,1,2,2,2,1,1,3,4,2,3,1990,2,2
1991,1,390247,1,3,3,2,1,1,3,4,2,3,1990,2,2
1991,2,390247,1,2,2,2,1,1,3,4,2,3,1990,2,2
1991,3,390247,1,2,2,2,1,1,3,4,2,3,1987,2,2
1991,1,390248,2,1,1,2,1,1,3,4,2,3,1978,1,2
1991,1,390249,1,2,2,2,1,1,3,4,1,3,1977,2,2
1991,1,390251,1,2,2,2,1,1,3,4,1,3,1982,2,2
1991,1,390252,2,2,2,2,1,1,3,4,1,3,1986,2,2
1991,1,390253,1,2,2,1,2,2,3,4,1,3,1983,2,2
1991,1,390254,3,2,2,2,1,1,3,4,1,3,1979,2,2
1991,2,390254,1,3,3,2,1,1,3,4,2,3,1984,2,2
1991,1,390255,1,7,7,2,1,1,3,4,2,3,1977,2,2
1991,1,390256,1,2,2,2,1,1,3,4,2,3,1966,2,2
1991,2,390256,1,3,3,2,1,1,3,4,2,3,1986,2,2
1991,1,390257,2,7,7,2,1,1,3,4,2,3,1978,2,2
1991,2,390257,1,7,7,2,1,1,3,4,2,3,1979,2,2
1991,1,390258,1,2,2,2,1,1,3,4,1,3,1977,2,2
1991,2,390258,1,5,5,2,1,1,3,4,2,3,1978,2,2
1991,1,390259,1,2,2,2,1,1,3,4,1,3,1984,2,2
1991,1,390260,1,2,2,2,2,2,3,4,1,3,1974,2,2
1991,2,390260,1,5,3,2,1,1,3,4,2,3,1989,2,2
1991,3,390260,1,2,2,2,1,1,3,4,2,3,1979,2,2
1991,1,390261,2,4,2,2,1,1,3,4,1,3,1988,2,2
1991,2,390261,2,5,5,2,1,1,3,4,2,3,1986,2,2
1991,1,390262,1,2,2,2,2,2,3,4,2,3,1976,2,2
1991,1,390263,1,2,2,2,1,1,3,4,2,3,1981,2,2
1991,1,390264,1,2,2,2,1,1,3,4,2,3,1985,2,2
1991,1,390265,4,2,2,2,1,1,3,4,2,3,1985,2,2
1991,1,390266,1,2,5,2,1,1,3,4,1,3,1988,2,2
1991,1,390267,1,2,2,2,1,1,3,4,2,3,1990,2,2
1991,2,390267,7,2,2,2,4,2,3,2,2,3,1979,2,2
1991,1,390268,1,2,2,2,2,2,3,4,2,3,1987,2,2
1991,2,390268,3,5,5,2,1,1,3,4,2,3,1985,2,2
1991,1,390269,1,2,2,2,1,1,3,4,2,3,1983,2,2
1991,1,390270,1,2,2,2,1,1,3,4,2,3,1985,2,2
1991,2,390270,1,2,2,2,1,1,3,4,2,3,1984,2,2
1991,1,390271,1,2,2,2,2,2,3,4,2,3,1978,2,2
1991,1,390272,4,2,2,2,1,1,3,4,2,3,1987,2,2
1991,2,390272,1,2,2,2,1,1,3,4,2,3,1988,2,2
1991,1,390273,1,2,2,2,1,1,3,4,1,3,1983,2,2
1991,1,390274,1,2,2,2,1,1,3,4,1,3,1984,2,2
1991,1,390275,6,2,2,2,1,1,3,4,2,3,1982,2,2
1991,2,390275,2,3,3,2,1,1,3,4,2,3,1987,2,2
1991,1,390276,1,3,6,2,1,1,3,4,1,3,1986,2,2
1991,1,390277,1,2,2,2,1,1,3,4,2,3,1984,2,2
1991,1,390278,6,2,2,2,1,1,3,4,1,3,1989,2,2
1991,1,390279,1,2,2,2,1,1,3,4,2,3,1981,2,2
1991,1,390280,4,2,2,2,1,1,3,4,1,3,1989,2,2
1991,1,390281,1,3,3,2,2,2,3,4,1,3,1976,2,2
1991,1,390282,1,2,2,2,1,1,3,4,1,3,1984,2,2
1991,1,390283,1,2,2,1,2,2,3,4,1,3,1979,2,2
1991,1,390284,1,2,2,2,1,1,3,4,2,3,1981,2,2
1991,1,390285,1,2,3,2,1,1,3,4,1,3,1989,2,2
1991,1,390286,1,3,3,2,2,2,3,4,1,3,1979,2,2
1991,1,390287,2,2,3,2,1,1,3,4,2,3,1990,2,2
1991,2,390287,4,2,2,2,1,1,3,4,2,3,1984,2,2
1991,3,390287,3,3,3,2,1,1,3,4,2,3,1982,2,2
1991,1,390288,1,2,2,2,1,1,3,4,1,3,1988,2,2
1991,1,390289,2,5,5,2,1,1,3,4,2,3,1979,2,2
1991,2,390289,3,5,5,2,1,1,3,4,2,3,1990,2,2
1991,1,390290,1,7,7,2,3,3,3,4,2,3,9999,2,2
1991,1,390291,1,2,2,1,1,1,3,4,2,3,1972,2,2
1991,2,390291,1,2,2,2,1,1,3,4,1,3,1986,2,2
1991,1,390292,1,7,7,2,1,1,3,4,1,3,1983,2,2
1991,1,390293,1,5,5,2,1,1,3,4,2,3,1991,2,2
1991,2,390293,7,2,2,2,4,1,3,1,2,3,1984,2,2
1991,1,390294,6,2,2,2,1,1,3,4,2,3,1988,2,2
1991,2,390294,1,5,5,2,1,1,3,4,2,3,1987,2,2
1991,1,390295,1,5,5,1,1,1,3,4,2,3,1980,2,2
1991,1,390296,1,2,2,2,1,1,3,4,2,3,1985,2,2
1991,2,390296,1,2,2,2,1,1,3,4,2,3,1987,2,2
1991,1,390297,4,5,5,2,2,2,3,4,2,3,1986,2,2
1991,2,390297,1,5,5,2,1,1,3,4,2,3,1983,2,2
1991,1,390298,1,2,2,2,1,1,3,4,1,3,1973,2,2
1991,1,390299,2,2,2,2,2,2,3,4,2,3,1983,2,2
1991,2,390299,7,2,2,2,4,2,3,2,2,3,1987,2,2
1991,1,390300,1,2,2,2,2,2,3,4,1,3,1970,2,2
1991,1,390301,1,2,2,2,1,1,3,4,2,3,1985,2,2
1991,2,390301,1,2,2,2,1,1,3,4,2,3,1984,2,2
1991,1,390302,1,2,2,2,1,1,3,4,2,3,1991,2,2
1991,1,390303,1,2,2,2,1,1,3,4,2,3,1981,2,2
1991,2,390303,2,2,2,2,1,1,3,4,2,3,1991,2,2
1991,1,390304,1,5,2,2,1,1,3,4,2,3,1984,2,1
1991,1,390305,2,2,2,2,1,1,3,4,2,3,1990,2,2
1991,2,390305,6,2,2,2,1,1,3,4,2,3,1982,2,2
1991,1,390306,1,2,2,1,1,1,3,4,2,3,1980,2,2
1991,1,390307,1,3,3,2,1,1,3,4,2,3,1978,2,2
1991,2,390307,4,2,2,2,1,1,3,4,2,3,1984,2,2
1991,3,390307,1,2,2,2,1,1,3,4,2,3,1991,2,2
1991,1,390308,6,4,4,2,2,2,3,4,2,3,1972,2,2
1991,2,390308,1,2,2,2,1,1,3,4,2,3,1988,2,2
1991,1,390309,1,5,5,1,1,1,3,4,1,3,1985,2,2
1991,1,390310,2,2,2,2,1,1,3,4,1,3,1990,2,2
1991,1,390311,1,6,6,2,1,1,3,4,1,3,1984,2,2
1991,1,390312,1,2,2,2,1,1,3,4,2,3,1988,2,2
1991,2,390312,3,4,4,2,1,1,3,4,2,3,1979,2,2
1991,1,390313,2,2,2,2,1,1,3,4,2,3,1981,2,2
1991,2,390313,1,2,2,2,1,1,3,4,2,3,1981,2,2
1991,1,390314,9,2,2,2,1,1,3,4,2,3,1984,2,2
1991,2,390314,2,2,2,2,1,1,3,4,2,3,1978,2,2
1991,1,390315,1,2,2,2,1,1,3,4,1,3,1987,2,2
1991,2,390315,6,5,5,2,1,1,3,4,2,3,1980,2,2
1991,1,390316,1,3,3,2,1,1,3,4,2,3,1985,2,2
1991,2,390316,3,2,2,2,1,1,3,4,2,3,1988,2,2
1991,1,390317,1,2,2,2,1,1,3,4,1,3,1989,2,2
1991,1,390318,4,2,2,2,1,1,3,4,2,3,1976,2,2
1991,2,390318,1,5,5,2,1,1,3,4,2,3,1988,2,2
1991,1,390319,9,7,7,2,3,3,3,4,2,3,9999,2,2
1991,1,390320,1,2,2,2,1,1,3,4,2,3,1989,2,2
1991,1,390321,1,2,2,2,1,1,3,4,2,3,1979,2,2
1991,2,390321,4,2,2,2,1,1,3,4,2,3,1985,2,2
1991,1,390322,1,2,2,2,1,1,3,4,2,3,1986,2,2
1991,2,390322,6,2,2,1,1,1,3,4,2,3,1985,2,2
1991,3,390322,1,2,2,2,1,1,3,4,2,3,1989,2,2
1991,4,390322,6,2,2,2,1,1,3,4,2,3,1978,2,2
1991,1,390323,1,2,2,2,2,2,3,4,1,3,1989,2,2
1991,1,390324,5,2,2,2,1,1,3,4,2,3,1989,2,2
1991,2,390324,7,5,5,2,4,1,3,1,2,3,1955,2,2
1991,1,390325,2,2,2,2,1,1,3,4,2,3,1977,2,2
1991,2,390325,1,2,2,2,1,1,3,4,2,3,1982,2,2
1991,3,390325,4,5,5,2,1,1,3,4,2,3,1982,2,2
1991,1,390326,1,7,7,1,1,1,3,4,2,3,1989,2,2
1991,1,390327,3,5,5,2,1,1,3,4,2,3,1988,2,2
1991,2,390327,1,2,2,2,1,1,3,4,2,3,1985,2,2
1991,1,390328,1,2,2,1,1,1,3,4,1,3,1981,2,2
1991,1,390329,1,7,7,1,1,1,3,4,2,3,1983,2,2
1991,1,390330,7,3,3,2,4,1,3,1,2,3,1978,2,2
1991,1,390331,6,7,7,2,1,1,3,4,1,3,1989,2,2
1991,1,390332,1,3,3,2,2,2,3,4,2,3,1977,2,2
1991,2,390332,1,2,2,2,1,1,3,4,2,3,1985,2,2
1991,1,390333,1,2,2,2,2,2,3,4,1,3,1986,2,2
1991,1,390334,1,2,2,2,1,1,3,4,2,3,1983,2,2
1991,2,390334,3,4,4,1,1,1,3,4,2,3,1985,2,2
1991,1,390335,1,5,5,2,1,1,3,4,2,3,1983,2,2
1991,1,390336,1,2,2,2,1,1,3,4,2,3,1986,1,2
1991,1,390337,1,4,4,2,1,1,3,4,2,3,1981,2,2
1991,2,390337,1,2,2,2,2,2,3,4,2,3,1980,1,2
1991,1,390338,1,2,2,2,1,1,3,4,2,3,1986,2,2
1991,2,390338,1,2,2,2,1,1,3,4,2,3,1990,2,2
1991,1,390339,7,7,7,2,4,2,3,2,1,3,1990,2,2
1991,1,390340,1,7,7,2,1,1,3,4,1,3,1991,2,2
1991,1,390341,1,4,4,2,1,1,3,4,2,3,1991,2,2
1991,2,390341,1,4,2,2,1,1,3,4,2,3,1987,2,2
1991,3,390341,5,4,2,1,1,1,3,4,2,3,1980,2,2
1991,4,390341,6,2,4,2,1,1,3,4,2,3,1978,2,2
1991,5,390341,1,2,2,2,1,1,3,4,2,3,1984,2,2
1991,6,390341,1,2,2,2,1,1,3,4,2,3,1986,2,2
1991,1,390342,1,7,7,1,1,1,3,4,1,3,1989,2,2
1991,2,390342,1,2,2,2,2,2,3,4,2,3,1977,2,2
1991,1,390343,6,2,2,2,1,1,3,4,2,3,1983,2,2
1991,2,390343,4,3,3,2,1,1,3,4,2,3,1990,2,2
1991,1,390344,1,5,5,2,1,1,3,4,1,3,1980,2,2
1991,1,390345,1,7,7,2,1,1,3,4,1,3,1988,2,2
1991,1,390346,2,2,2,2,1,1,3,4,2,3,1972,2,2
1991,1,390347,1,2,2,2,2,2,3,4,2,3,1990,2,2
1991,1,390348,1,2,2,2,1,1,3,4,2,3,1982,2,2
1991,2,390348,1,3,3,2,1,1,3,4,2,3,1989,2,2
1991,1,390349,1,3,3,2,1,1,3,4,1,3,1982,2,2
1991,2,390349,1,2,2,2,1,1,3,4,1,3,1982,2,2
1991,1,390350,1,5,5,2,1,1,3,4,2,3,1981,2,2
1991,2,390350,2,2,3,2,1,1,3,4,2,3,1978,2,2
1991,3,390350,2,2,2,2,1,1,3,4,2,3,1989,2,2
1991,1,390351,2,2,2,2,1,1,3,4,2,3,1974,2,2
1991,2,390351,9,5,5,2,1,1,3,4,2,3,1973,2,2
1991,1,390353,6,2,2,1,1,1,3,4,1,3,1985,2,2
1991,2,390353,1,5,2,2,1,1,3,4,2,3,1978,2,2
1991,1,390354,1,2,6,2,1,1,3,4,2,3,1989,2,2
1991,1,390355,1,2,2,2,1,1,3,4,2,3,1985,2,2
1991,1,390356,2,6,6,1,1,1,3,4,1,3,1990,2,2
1991,1,390357,1,6,6,1,1,1,3,4,2,3,1986,2,2
1991,1,390358,2,2,2,2,1,1,3,4,1,3,1982,2,2
1991,1,390359,1,2,2,2,3,3,3,4,1,3,1980,2,2
1991,1,390361,7,7,7,2,4,1,3,1,2,3,1981,2,2
1991,1,390362,2,2,2,2,1,1,3,4,2,3,1988,2,2
1991,1,390363,1,2,2,2,1,1,3,4,2,3,1984,2,2
1991,2,390363,6,2,2,2,1,1,3,4,2,3,1988,2,2
1991,1,390364,7,7,7,2,4,1,3,1,1,3,1978,2,2
1991,1,390365,1,2,4,2,1,1,3,4,1,3,1977,2,2
1991,1,390366,6,2,2,2,1,1,3,4,2,3,1985,2,2
1991,2,390366,1,2,2,2,1,1,3,4,2,3,1982,2,2
1991,1,390367,1,7,7,1,2,2,3,4,1,3,1989,2,2
1991,1,390368,7,2,2,2,4,1,3,1,2,3,1988,2,2
1991,2,390368,4,5,5,2,1,1,3,4,2,3,1985,2,2
1991,1,390369,1,2,5,2,2,2,3,4,1,3,1977,2,2
1991,1,390370,1,7,7,2,1,1,3,4,2,3,1964,2,2
1991,1,390371,2,2,2,2,1,1,3,4,1,3,1985,2,2
1991,1,390372,2,7,7,1,1,1,3,4,2,3,1988,2,2
1991,1,390373,2,3,3,2,1,1,3,4,2,3,1979,2,2
1991,1,390374,1,2,2,2,1,1,3,4,2,3,1986,2,2
1991,1,390375,1,5,5,2,1,1,3,4,2,3,1990,2,2
1991,2,390375,6,2,2,2,1,1,3,4,2,3,1977,2,2
1991,1,390376,1,2,2,2,1,1,3,4,1,3,1982,1,2
1991,1,390377,7,2,2,2,4,1,3,1,1,3,1973,2,2
1991,1,390378,1,2,2,2,1,1,3,4,2,3,1989,2,2
1991,1,390379,4,2,2,2,1,1,3,4,1,3,1973,2,2
1991,1,390380,1,3,3,2,2,2,3,4,2,3,1985,2,2
1991,1,390381,1,2,2,2,1,1,3,4,2,3,1979,2,2
1991,2,390381,5,2,2,2,1,1,3,4,2,3,1990,2,2
1991,1,390382,7,7,7,2,4,1,3,1,1,3,1989,2,2
1991,1,390383,1,3,3,2,1,1,3,4,2,3,1990,2,2
1991,2,390383,1,2,2,2,1,1,3,4,1,3,1978,2,2
1991,1,390384,2,2,2,2,1,1,3,4,2,3,1990,2,2
1991,2,390384,1,4,4,2,1,1,3,4,1,3,1976,2,2
1991,1,390385,1,2,2,2,1,1,3,4,1,3,1979,2,2
1991,1,390386,1,2,5,2,1,1,3,4,1,3,1989,2,2
1991,1,390387,9,7,7,2,3,3,3,4,2,3,9999,2,2
1991,1,390388,1,5,5,2,1,1,3,4,2,3,1983,2,2
1991,2,390388,3,2,2,1,1,1,3,4,2,3,1985,2,2
1991,1,390389,1,2,2,2,2,2,3,4,1,3,1986,2,2
1991,1,390390,4,3,3,2,2,2,3,4,2,3,1990,2,2
1991,2,390390,6,2,2,2,1,1,3,4,2,3,1990,2,2
1991,1,390391,6,2,2,2,1,1,3,4,2,3,1990,2,2
1991,2,390391,1,4,2,2,1,1,3,4,2,3,1991,2,2
1991,3,390391,1,4,2,2,1,1,3,4,2,3,1990,2,2
1991,4,390391,6,4,4,2,1,1,3,4,2,3,1990,2,2
1991,1,390392,7,7,7,2,4,1,3,1,2,3,1977,2,2
1991,1,390393,1,2,2,2,2,2,3,4,2,3,1988,2,2
1991,2,390393,6,2,2,2,1,1,3,4,2,3,1990,2,2
1991,3,390393,4,3,3,2,1,1,3,4,2,3,1985,2,2
1991,1,390394,7,7,7,2,4,1,3,1,1,3,1977,2,2
1991,1,390395,1,2,2,2,2,2,3,4,1,3,1978,2,2
1991,2,390395,7,4,4,2,4,2,3,2,2,3,1950,2,2
1991,1,390396,1,2,2,2,1,1,3,4,2,3,1991,2,2
1991,1,390397,6,2,2,2,1,1,3,4,2,3,1980,2,2
1991,2,390397,1,3,3,2,1,1,3,4,2,3,1987,2,2
1991,3,390397,2,2,2,2,1,1,3,4,2,3,1982,2,2
1991,1,390398,1,5,5,2,1,1,3,4,2,3,1984,2,2
1991,2,390398,1,2,2,2,1,1,3,4,2,3,1980,2,2
1991,1,390399,2,1,1,1,1,1,3,4,1,3,1985,2,2
1991,1,390400,1,5,5,2,2,2,3,4,2,3,1981,2,2
1991,2,390400,1,2,2,2,2,2,3,4,2,3,1979,2,2
1991,1,390401,1,7,7,2,1,1,3,4,2,3,1987,2,2
1991,1,390402,1,5,5,2,1,1,3,4,2,3,1988,2,2
1991,2,390402,6,2,2,2,1,1,3,4,2,3,1990,2,2
1991,1,390403,6,2,2,2,1,1,3,4,2,3,1990,2,2
1991,2,390403,1,3,3,1,1,1,3,4,2,3,1986,2,2
1991,1,390404,1,2,2,2,1,1,3,4,2,3,1990,2,2
1991,2,390404,2,5,5,1,1,1,3,4,2,3,1988,2,2
1991,1,390405,1,2,2,2,1,1,3,4,2,3,1987,2,2
1991,1,390407,4,7,7,1,1,1,3,4,2,3,1987,2,2
1991,1,390408,1,3,3,2,1,1,3,4,2,3,1982,2,2
1991,2,390408,2,2,2,2,1,1,3,4,2,3,1990,2,2
1991,1,390409,1,7,7,2,1,1,3,4,2,3,1979,2,2
1991,1,390410,1,2,2,2,1,1,3,4,2,3,1979,2,2
1991,2,390410,7,2,2,2,4,1,3,1,2,3,1982,2,2
1991,3,390410,7,2,2,2,4,2,3,2,2,3,1990,2,2
1991,4,390410,7,2,2,2,4,1,3,1,2,3,1986,2,2
1991,1,390411,1,2,2,1,1,1,3,4,1,3,1990,2,2
1991,1,390412,1,2,2,2,1,1,3,4,2,3,1978,2,2
1991,2,390412,1,2,2,2,1,1,3,4,2,3,1988,2,2
1991,1,390413,7,2,2,2,4,1,3,1,1,3,1975,2,2
1991,1,390414,1,3,3,2,1,1,3,4,1,3,1969,2,2
1991,1,390415,1,2,2,2,1,1,3,4,1,3,1965,2,2
1991,1,390416,7,2,2,2,4,2,3,2,2,3,1989,2,2
1991,2,390416,2,2,2,2,1,1,3,4,2,3,1984,2,2
1991,1,390417,1,2,2,2,2,2,3,4,2,3,1986,2,2
1991,1,390418,6,2,2,1,1,1,3,4,2,3,1987,2,2
1991,1,390419,1,2,6,1,1,1,3,4,2,3,1982,2,2
1991,1,390420,1,3,3,2,1,1,3,4,2,3,1985,2,2
1991,2,390420,2,2,2,2,1,1,3,4,2,3,1987,2,2
1991,1,390421,1,2,2,2,1,1,3,4,2,3,1990,2,2
1991,1,390423,1,2,2,2,1,1,3,4,1,3,1987,2,2
1991,1,390424,4,2,5,1,1,1,3,4,2,3,1988,2,2
1991,1,390425,1,5,5,2,1,1,3,4,2,3,1980,2,2
1991,2,390425,1,2,2,2,1,1,3,4,2,3,1979,2,2
1991,1,390426,1,2,2,2,1,1,3,4,1,3,1987,2,2
1991,1,390427,1,5,5,2,1,1,3,4,1,3,1991,2,2
1991,1,390428,4,2,2,2,1,1,3,4,2,3,1983,2,2
1991,2,390428,1,2,2,2,1,1,3,4,1,3,1978,2,2
1991,1,390429,1,3,3,2,1,1,3,4,2,3,1976,2,2
1991,1,390430,6,4,4,2,1,1,3,4,2,3,1979,2,2
1991,2,390430,1,2,2,2,1,1,3,4,1,3,1985,1,2
1991,1,390431,7,2,2,2,4,1,3,1,1,3,1985,2,2
1991,1,390432,1,2,2,2,2,2,3,4,2,3,1983,2,2
1991,1,390433,6,2,6,1,1,1,3,4,2,3,1980,2,2
1991,1,390434,1,2,2,2,2,2,3,4,2,3,1978,2,2
1991,1,390435,1,6,6,1,1,1,3,4,1,3,1979,2,2
1991,1,390436,1,2,2,2,1,1,3,4,2,3,1982,2,2
1991,1,390437,1,2,2,2,1,1,3,4,2,3,1986,2,2
1991,2,390437,1,2,2,2,1,1,3,4,2,3,1988,2,2
1991,1,390438,1,5,5,2,1,1,3,4,2,3,1983,2,2
1991,2,390438,6,2,2,2,1,1,3,4,2,3,1982,2,2
1991,1,390439,1,2,2,2,1,1,3,4,2,3,1982,2,2
1991,2,390439,1,2,2,2,2,2,3,4,2,3,1986,2,2
1991,1,390440,1,2,6,1,1,1,3,4,2,3,1979,2,2
1991,1,390441,5,2,2,2,1,1,3,4,2,3,1978,2,2
1991,2,390441,2,2,2,2,1,1,3,4,2,3,1986,2,2
1991,1,390442,1,3,3,2,1,1,3,4,2,3,1979,2,2
1991,2,390442,1,1,1,2,1,1,3,4,2,3,1984,2,2
1991,1,390443,7,2,2,2,4,1,3,1,1,3,1973,2,2
1991,1,390444,2,2,5,1,1,1,3,4,2,3,1986,2,2
1991,1,390445,1,2,2,2,1,1,3,4,2,3,1989,2,2
1991,1,390446,4,2,2,2,2,2,3,4,2,3,1986,2,2
1991,1,390447,2,2,2,2,1,1,3,4,2,3,1983,2,2
1991,2,390447,1,2,2,2,1,1,3,4,2,3,1989,2,2
1991,1,390448,7,2,2,2,4,1,3,1,2,3,1990,2,2
1991,2,390448,2,2,2,2,1,1,3,4,2,3,1982,2,2
1991,1,390449,1,2,2,2,1,1,3,4,2,3,1980,2,2
1991,2,390449,2,2,2,2,1,1,3,4,2,3,1978,2,2
1991,1,390450,1,2,2,2,1,1,3,4,1,3,1986,2,2
1991,1,390451,1,7,7,1,1,1,3,4,2,3,1975,2,2
1991,1,390452,1,5,5,2,1,1,3,4,2,3,1978,2,2
1991,2,390452,2,2,2,2,1,1,3,4,2,3,1989,2,2
1991,1,390453,1,2,2,2,2,2,3,4,1,3,1988,2,2
1991,1,390454,4,7,7,2,1,1,3,4,2,3,1977,2,2
1991,1,390455,6,4,4,2,1,2,3,4,2,3,1985,2,2
1991,2,390455,2,2,2,2,1,1,3,4,2,3,1985,1,2
1991,1,390456,1,2,2,2,1,1,3,4,2,3,1991,2,2
1991,2,390456,1,2,2,2,1,1,3,4,2,3,1978,2,2
1991,3,390456,2,5,5,2,1,1,3,4,2,3,1987,2,2
1991,1,390457,1,2,2,2,1,1,3,4,2,3,1989,1,2
1991,1,390458,4,2,2,2,1,1,3,4,2,3,1989,2,2
1991,2,390458,1,2,2,2,1,1,3,4,2,3,1984,2,2
1991,1,390459,6,7,7,2,1,1,3,4,2,3,1984,2,2
1991,2,390459,1,2,2,2,1,1,3,4,2,3,1977,2,2
1991,1,390460,1,5,5,2,1,1,3,4,2,3,1989,2,2
1991,2,390460,6,3,3,1,1,1,3,4,2,3,1984,2,2
1991,1,390461,1,3,3,2,1,1,3,4,1,3,1986,2,2
1991,1,390462,1,5,5,2,1,1,3,4,1,3,1990,2,2
1991,1,390463,1,4,4,2,1,1,3,4,1,3,1987,2,2
1991,1,390464,4,2,6,1,1,1,3,4,2,3,1984,2,2
1991,2,390464,1,3,3,2,1,1,3,4,2,3,1989,2,2
1991,1,390465,2,5,5,1,2,2,3,4,2,3,1990,2,2
1991,2,390465,4,2,2,2,2,2,3,4,2,3,1977,2,2
1991,1,390466,1,3,3,2,1,1,3,4,2,3,1987,2,2
1991,2,390466,7,2,2,2,4,1,3,1,2,3,1983,2,2
1991,1,390467,1,5,5,2,1,1,3,4,1,3,1987,2,2
1991,1,390468,1,5,5,2,1,1,3,4,2,3,1976,2,2
1991,2,390468,1,2,2,2,1,1,3,4,2,3,1987,2,2
1991,1,390469,1,5,5,2,1,1,3,4,2,3,1980,2,2
1991,2,390469,1,2,2,2,1,1,3,4,2,3,1976,2,2
1991,1,390470,1,2,6,1,1,1,3,4,1,3,1989,2,2
1991,1,390471,7,2,2,2,4,2,3,2,1,3,1982,2,2
1991,1,390472,7,2,2,2,4,2,3,2,2,3,1969,2,2
1991,1,390473,1,5,5,2,1,1,3,4,2,3,1983,2,2
1991,2,390473,1,4,2,2,1,1,3,4,2,3,1975,2,2
1991,1,390474,1,2,2,1,1,1,3,4,1,3,1990,2,2
1991,1,390475,2,2,2,2,1,1,3,4,2,3,1986,2,2
1991,2,390475,1,5,5,2,1,1,3,4,2,3,1986,2,2
1991,1,390476,1,7,7,2,2,2,3,4,2,3,1982,2,2
1991,1,390477,2,2,2,2,1,1,3,4,2,3,1986,2,2
1991,1,390478,4,2,2,2,1,1,3,4,1,3,1989,2,2
1991,2,390478,1,2,2,2,1,1,3,4,2,3,1984,2,2
1991,1,390479,6,5,5,2,1,1,3,4,2,3,1980,2,2
1991,2,390479,1,2,2,2,1,1,3,4,2,3,1985,2,2
1991,1,390480,6,2,2,2,1,1,3,4,2,3,1980,2,2
1991,2,390480,1,5,3,2,1,1,3,4,2,3,1988,2,2
1991,3,390480,1,5,5,2,1,1,3,4,2,3,1989,2,2
1991,1,390481,2,7,7,2,1,1,3,4,2,3,1989,2,2
1991,1,390482,9,4,4,2,2,2,3,4,2,3,1968,2,2
1991,2,390482,1,2,2,2,1,1,3,4,2,3,1988,2,2
1991,1,390483,7,2,2,2,4,1,3,1,1,3,1982,2,2
1991,1,390484,6,2,2,2,1,1,3,4,2,3,1972,2,2
1991,2,390484,1,2,2,2,1,1,3,4,2,3,1990,2,2
1991,1,390485,1,7,7,1,1,1,3,4,1,3,1991,2,2
1991,1,390486,2,3,3,2,1,1,3,4,2,3,1986,2,2
1991,1,390487,1,7,7,2,1,1,3,4,1,3,1978,2,2
1991,2,390487,1,7,7,2,1,1,3,4,2,3,1988,2,2
1991,1,390488,1,2,2,2,1,1,3,4,2,3,1987,2,2
1991,2,390488,1,2,2,1,1,1,3,4,1,3,1987,2,2
1991,1,390489,1,5,5,2,2,2,3,4,1,3,1982,2,2
1991,2,390489,1,2,2,2,1,1,3,4,1,3,1979,2,2
1991,1,390490,1,2,2,1,1,1,3,4,2,3,1987,2,2
1991,1,390491,1,2,2,2,1,1,3,4,2,3,1989,2,2
1991,2,390491,1,2,2,2,1,1,3,4,2,3,1986,2,2
1991,1,390492,1,2,2,2,1,1,3,4,2,3,1984,2,2
1991,2,390492,1,2,2,2,2,2,3,4,2,3,1975,2,2
1991,1,390493,9,7,7,1,1,1,3,4,2,3,1955,2,2
1991,1,390494,2,2,2,2,1,1,3,4,2,3,1972,2,2
1991,1,390495,1,7,7,1,1,1,3,4,1,3,1990,2,2
1991,1,390496,1,2,2,2,1,1,3,4,2,3,1991,2,2
1991,1,390497,7,7,7,2,4,2,3,2,1,3,1984,2,2
1991,1,390498,6,2,2,2,1,1,3,4,2,3,1990,2,2
1991,2,390498,1,2,2,2,1,1,3,4,2,3,1979,2,2
1991,1,390499,7,2,2,2,4,2,3,2,1,3,1983,2,2
1991,1,390500,1,3,3,1,1,1,3,4,1,3,1990,2,2
1991,1,390501,1,7,7,1,2,2,3,4,1,3,1974,2,2
1991,1,390502,7,7,7,2,4,2,3,2,2,3,1982,2,2
1991,1,390503,1,4,5,2,1,1,3,4,1,3,1980,2,2
1991,1,390504,1,3,4,1,1,1,3,4,1,3,1975,2,2
1991,2,390504,1,2,2,2,1,1,3,4,2,3,1988,2,2
1991,1,390505,1,2,2,2,1,1,3,4,2,3,1990,2,2
1991,2,390505,1,2,2,2,1,1,3,4,2,3,1979,2,2
1991,1,390506,7,2,2,2,4,1,3,1,2,3,1981,2,2
1991,1,390507,7,7,7,2,4,1,3,1,2,3,1979,2,2
1991,1,390508,1,2,6,1,2,2,3,4,1,3,1980,2,2
1991,1,390509,1,2,2,2,1,1,3,4,2,3,1989,2,2
1991,1,390510,2,2,2,2,3,3,3,4,2,3,1987,2,2
1991,2,390510,1,2,2,2,1,1,3,4,2,3,1983,2,2
1991,1,390511,1,2,2,2,1,1,3,4,2,3,1986,2,2
1991,1,390512,1,2,6,1,1,1,3,4,1,3,1985,2,2
1991,1,390513,1,2,6,1,1,1,3,4,2,3,1970,2,2
1991,2,390513,1,2,2,2,2,2,3,4,2,3,1988,2,2
1991,1,390514,7,2,2,2,4,2,3,2,1,3,1983,2,2
1991,1,390515,5,2,2,2,1,1,3,4,2,3,1977,2,2
1991,1,390516,1,2,6,1,1,1,3,4,1,3,1986,2,2
1991,1,390517,7,2,2,2,4,1,3,1,1,3,1990,2,2
1991,1,390518,1,3,3,2,1,1,3,4,1,3,1985,2,2
1991,1,390520,2,4,6,1,1,1,3,4,2,3,1989,2,2
1991,1,390521,6,5,5,2,1,1,3,4,2,3,1985,2,2
1991,2,390521,7,2,2,2,4,1,3,1,2,3,1979,2,2
1991,1,390522,4,6,6,1,1,1,3,4,1,3,1991,2,2
1991,1,390523,1,2,2,1,1,1,3,4,2,3,1980,2,2
1991,2,390523,2,2,2,2,1,1,3,4,2,3,1986,2,2
1991,1,390525,1,5,5,2,1,1,3,4,2,3,1989,2,2
1991,1,390526,6,2,2,2,1,1,3,4,2,3,1976,2,2
1991,2,390526,6,3,4,1,1,1,3,4,2,3,1978,2,2
1991,3,390526,1,2,2,2,2,2,3,4,2,3,1980,2,2
1991,1,390527,1,2,2,2,1,1,3,4,2,3,1983,2,2
1991,2,390527,6,5,5,2,1,1,3,4,2,3,1983,2,2
1991,1,390528,1,2,2,2,1,1,3,4,2,3,1976,2,2
1991,1,390529,1,5,5,2,1,1,3,4,2,3,1989,2,2
1991,2,390529,7,2,2,2,4,1,3,1,1,3,1983,2,2
1991,1,390530,2,2,2,2,1,1,3,4,2,3,1989,2,2
1991,2,390530,1,2,2,2,1,1,3,4,2,3,1984,2,2
1991,1,390531,1,2,2,2,2,2,3,4,2,3,1978,2,2
1991,1,390532,7,5,5,2,4,1,3,1,1,3,1986,2,2
1991,1,390533,1,3,3,2,1,1,3,4,2,3,1979,2,2
1991,2,390533,1,2,2,2,1,1,3,4,2,3,1987,2,2
1991,1,390534,1,2,2,2,1,1,3,4,2,3,1988,2,2
1991,2,390534,1,2,2,2,1,1,3,4,2,3,1982,2,2
1991,1,390537,1,2,2,2,1,1,3,4,2,3,1975,2,2
1991,1,390538,5,2,2,2,1,1,3,4,2,3,1982,2,2
1991,1,390539,1,2,2,2,1,1,3,4,2,3,1990,2,2
1991,1,390540,9,2,2,2,1,1,3,4,2,3,1977,2,2
1991,2,390540,1,2,2,2,1,1,3,4,2,3,1987,2,2
1991,1,390541,1,4,4,2,1,1,3,4,2,3,1986,2,2
1991,2,390541,1,2,2,2,1,1,3,4,2,3,1978,2,2
1991,3,390541,1,2,2,2,1,1,3,4,2,3,1986,2,2
1991,1,390542,1,2,2,2,1,1,3,4,2,3,1981,2,2
1991,2,390542,2,2,2,2,1,1,3,4,1,3,1987,2,2
1991,3,390542,1,2,2,2,2,2,3,4,2,3,1988,2,2
1991,1,390543,1,5,5,2,1,1,3,4,2,3,1976,2,2
1991,1,390544,1,2,2,2,1,1,3,4,2,3,1991,2,2
1991,1,390545,1,2,2,2,1,1,3,4,2,3,1989,2,2
1991,1,390546,1,2,2,2,1,1,3,4,2,3,1981,2,2
1991,2,390546,7,4,4,2,4,2,3,2,2,3,1982,2,2
1991,1,390547,7,7,7,2,4,1,3,1,2,3,1986,2,2
1991,1,390548,7,7,7,2,4,2,3,2,1,3,1971,2,2
1991,1,390549,1,4,4,2,1,1,3,4,2,3,1982,2,2
1991,2,390549,1,2,2,2,1,1,3,4,1,3,1988,2,2
1991,1,390550,6,2,2,2,1,1,3,4,2,3,1978,2,2
1991,2,390550,1,5,5,2,1,1,3,4,2,3,1978,2,2
1991,1,390551,7,7,7,2,4,1,3,1,1,3,1981,2,2
1991,1,390552,1,3,3,2,1,1,3,4,2,3,1990,2,2
1991,1,390553,1,5,5,2,2,2,3,4,2,3,1983,2,2
1991,1,390554,1,1,1,1,1,1,3,4,1,3,1983,2,2
1991,1,390555,1,3,3,2,1,1,3,4,2,3,1980,2,2
1991,1,390556,1,2,2,2,2,2,3,4,2,3,1988,2,2
1991,2,390556,9,2,2,2,1,1,3,4,2,3,1978,2,2
1991,1,390557,1,3,3,2,2,2,3,4,1,3,1977,2,2
1991,1,390559,1,7,7,1,1,1,3,4,1,3,1981,2,2
1991,1,390560,2,2,2,2,1,1,3,4,2,3,1989,1,2
1991,1,390561,6,2,2,2,1,1,3,4,2,3,1988,2,2
1991,2,390561,1,4,4,2,1,1,3,4,2,3,1986,2,2
1991,1,390562,1,2,2,2,1,1,3,4,2,3,1989,2,2
1991,1,390563,2,2,2,2,1,1,3,4,2,3,1986,2,2
1991,1,390564,7,7,7,2,4,2,3,2,1,3,1989,2,2
1991,1,390565,1,3,3,2,1,1,3,4,1,3,1990,2,2
1991,1,390566,1,3,3,2,1,1,3,4,2,3,1987,2,2
1991,1,390567,7,5,5,2,4,1,3,1,2,3,1988,2,2
1991,2,390567,4,2,2,2,1,1,3,4,2,3,1987,2,2
1991,1,390568,2,2,2,2,1,1,3,4,2,3,1986,2,2
1991,2,390568,4,4,4,2,1,1,3,4,2,3,1988,2,2
1991,1,390569,1,2,2,2,1,1,3,4,2,3,1981,2,2
1991,1,390570,3,2,2,2,2,2,3,4,2,3,1979,2,2
1991,2,390570,1,2,2,2,1,1,3,4,1,3,1991,2,2
1991,1,390571,1,3,3,2,1,1,3,4,2,3,1982,2,2
1991,1,390572,2,2,2,2,1,1,3,4,2,3,1986,2,2
1991,2,390572,2,5,5,2,1,1,3,4,2,3,1988,2,2
1991,1,390573,1,2,2,2,1,1,3,4,2,3,1972,2,2
1991,2,390573,1,2,2,2,1,1,3,4,2,3,1979,2,2
1991,1,390574,6,2,2,2,1,1,3,4,2,3,1985,2,2
1991,2,390574,9,4,4,2,1,1,3,4,2,3,1965,2,2
1991,1,390575,7,7,7,2,4,2,3,2,2,3,1980,2,2
1991,1,390576,1,2,2,2,2,2,3,4,1,3,1979,2,2
1991,1,390577,1,7,7,1,1,1,3,4,1,3,1987,2,2
1991,1,390578,1,2,2,2,1,1,3,4,1,3,1984,2,2
1991,1,390579,1,2,2,2,2,2,3,4,2,3,1981,2,2
1991,1,390580,1,3,3,2,1,1,3,4,2,3,1984,2,2
1991,2,390580,2,2,2,2,1,1,3,4,2,3,1991,2,2
1991,1,390581,9,3,3,2,1,1,3,4,2,3,1964,2,2
1991,2,390581,7,3,3,2,4,2,3,2,2,3,1985,2,2
1991,3,390581,2,1,1,2,1,1,3,4,2,3,1986,2,2
1991,1,390582,7,2,2,2,4,1,3,1,1,3,1991,2,2
1991,1,390583,1,2,2,1,1,1,3,4,1,3,1985,2,2
1991,1,390584,1,2,2,2,1,1,3,4,1,3,1990,2,2
1991,1,390585,1,5,5,2,1,1,3,4,2,3,1980,2,2
1991,2,390585,7,7,7,2,4,2,3,2,2,3,1973,2,2
1991,1,390586,1,5,5,2,1,1,3,4,2,3,1984,2,2
1991,2,390586,2,2,2,2,1,1,3,4,2,3,1981,2,2
1991,1,390587,1,2,2,2,1,1,3,4,2,3,1986,2,2
1991,2,390587,1,2,2,2,1,1,3,4,2,3,1985,2,2
1991,1,390588,1,2,2,2,1,1,3,4,2,3,1987,2,2
1991,2,390588,6,4,4,2,1,1,3,4,2,3,1979,2,2
1991,1,390589,1,2,2,2,2,2,3,4,1,3,1978,2,2
1991,1,390590,1,2,2,2,1,1,3,4,2,3,1985,1,2
1991,1,390591,1,2,2,2,1,1,3,4,2,3,1991,2,2
1991,2,390591,1,2,2,2,1,1,3,4,2,3,1978,2,2
1991,3,390591,6,2,2,2,1,1,3,4,2,3,1989,2,2
1991,1,390592,1,2,2,2,1,2,3,4,2,3,1981,2,2
1991,1,390593,1,2,2,2,3,3,3,4,2,3,9999,2,2
1991,2,390593,1,7,7,2,3,3,3,4,2,3,9999,2,2
1991,1,390594,2,7,7,2,2,2,3,4,1,3,1978,2,2
1991,1,390595,1,5,5,2,1,1,3,4,2,3,1977,2,2
1991,2,390595,1,2,2,2,1,1,3,4,2,3,1985,2,2
1991,1,390596,4,2,2,2,1,1,3,4,2,3,1977,2,2
1991,1,390597,1,3,3,2,1,1,3,4,2,3,1979,2,2
1991,2,390597,5,2,2,2,1,1,3,4,2,3,1988,2,2
1991,1,390598,1,2,2,2,1,1,3,4,2,3,1985,2,2
1991,1,390599,7,2,2,2,4,1,3,1,2,3,1990,2,2
1991,1,390600,1,2,2,2,1,1,3,4,2,3,1981,2,2
1991,1,390601,1,2,2,2,1,1,3,4,2,3,1989,2,2
1991,2,390601,1,2,2,2,1,1,3,4,2,3,1987,2,2
1991,1,390602,2,2,2,2,1,1,3,4,2,3,1985,2,2
1991,1,390603,4,2,2,2,1,1,3,4,2,3,1990,2,2
1991,2,390603,1,3,3,2,1,1,3,4,2,3,1984,2,2
1991,1,390604,1,3,3,2,1,1,3,4,2,3,1991,2,2
1991,2,390604,6,3,3,2,1,1,3,4,2,3,1990,2,2
1991,3,390604,2,2,2,2,1,1,3,4,2,3,1991,2,2
1991,1,390605,5,2,2,2,1,1,3,4,2,3,1991,2,2
1991,2,390605,1,5,5,2,1,1,3,4,2,3,1988,2,2
1991,1,390606,1,2,2,2,1,1,3,4,2,3,1987,2,2
1991,2,390606,1,3,3,1,1,1,3,4,1,3,1983,2,2
1991,1,390607,5,2,2,2,1,1,3,4,2,3,1978,2,2
1991,1,390608,1,2,2,2,2,2,3,4,2,3,1978,2,2
1991,1,390609,1,2,2,2,2,2,3,4,2,3,1978,2,2
1991,1,390610,1,4,6,1,1,1,3,4,1,3,1982,2,2
1991,1,390611,1,2,2,2,2,2,3,4,2,3,1977,2,2
1991,1,390612,3,5,5,2,1,1,3,4,2,3,1987,2,2
1991,2,390612,9,2,2,2,1,1,3,4,2,3,1976,2,2
1991,1,390613,1,2,2,2,1,1,3,4,1,3,1990,2,2
1991,1,390614,7,2,2,2,4,2,3,2,1,3,1980,2,2
1991,1,390615,1,2,2,2,2,2,3,4,2,3,1978,2,2
1991,2,390615,1,5,5,2,2,2,3,4,2,3,1977,2,2
1991,1,390616,1,2,2,2,1,1,3,4,2,3,1987,2,2
1991,2,390616,7,2,2,2,4,1,3,1,2,3,1986,2,2
1991,1,390617,7,2,2,2,4,1,3,1,1,3,1988,2,2
1991,1,390618,1,2,2,2,1,1,3,4,2,3,1990,2,2
1991,2,390618,1,3,3,2,1,1,3,4,2,3,1987,2,2
1991,1,390619,2,2,2,2,1,1,3,4,2,3,1982,2,2
1991,2,390619,6,4,4,2,1,1,3,4,2,3,1986,2,2
1991,1,390620,1,2,3,2,1,1,3,4,1,3,1987,2,2
1991,1,390621,1,5,5,2,1,1,3,4,2,3,1988,2,2
1991,1,390622,1,5,5,2,1,1,3,4,1,3,1986,2,2
1991,1,390623,2,2,2,1,1,1,3,4,2,3,1978,2,2
1991,1,390624,1,2,2,2,1,1,3,4,2,3,1985,2,2
1991,1,390625,1,2,2,2,1,1,3,4,2,3,1991,2,2
1991,2,390625,1,5,5,2,1,1,3,4,2,3,1987,2,2
1991,1,390626,7,2,2,2,4,1,3,1,1,3,1988,2,2
1991,1,390627,3,2,2,1,1,1,3,4,1,3,1986,2,2
1991,1,390628,1,5,5,2,1,1,3,4,2,3,1978,2,2
1991,2,390628,1,5,5,2,1,1,3,4,2,3,1981,2,2
1991,1,390630,1,2,2,2,1,1,3,4,2,3,1991,2,2
1991,2,390630,5,3,3,2,1,1,3,4,2,3,1983,2,2
1991,1,390631,7,5,5,2,4,2,3,2,2,3,1979,2,2
1991,2,390631,1,2,2,2,2,2,3,4,2,3,1979,2,2
1991,1,390632,1,2,2,2,1,1,3,4,2,3,1985,2,2
1991,2,390632,1,2,2,2,2,2,3,4,2,3,1987,2,2
1991,1,390633,1,2,2,2,1,1,3,4,2,3,1985,2,2
1991,1,390634,1,2,2,2,1,1,3,4,2,3,1990,2,2
1991,2,390634,1,2,2,2,1,1,3,4,2,3,1981,2,2
1991,1,390635,7,3,2,2,4,1,3,1,1,3,1982,2,2
1991,1,390636,1,3,2,2,1,1,3,4,1,3,1982,2,2
1991,1,390637,7,2,2,2,4,1,3,1,1,3,1979,2,2
1991,1,390638,1,2,2,2,2,2,3,4,2,3,1990,2,2
1991,2,390638,1,5,5,2,1,1,3,4,2,3,1986,2,2
1991,1,390639,1,2,2,2,2,2,3,4,1,3,1986,2,2
1991,1,390641,7,2,2,2,4,1,3,1,2,3,1990,2,2
1991,2,390641,4,3,3,2,1,1,3,4,2,3,1977,2,2
1991,1,390642,1,2,2,2,1,1,3,4,2,3,1989,2,2
1991,2,390642,6,4,4,2,1,1,3,4,2,3,1983,2,2
1991,1,390643,2,2,2,2,1,1,3,4,2,3,1991,2,2
1991,2,390643,1,5,5,2,1,1,3,4,2,3,1988,2,2
1991,1,390644,1,2,2,2,1,1,3,4,2,3,1985,2,2
1991,1,390645,6,4,4,2,1,1,3,4,2,3,1991,2,2
1991,2,390645,1,2,2,2,1,1,3,4,2,3,1983,2,2
1991,1,390646,6,3,3,1,1,1,3,4,2,3,1979,2,2
1991,1,390647,2,3,6,1,1,1,3,4,2,3,1985,2,2
1991,1,390648,6,3,3,2,1,1,3,4,2,3,1970,2,2
1991,2,390648,1,3,3,2,1,1,3,4,2,3,1989,2,2
1991,1,390649,1,2,2,2,1,1,3,4,1,3,1989,2,2
1991,1,390650,6,3,3,1,1,1,3,4,2,3,1980,2,2
1991,2,390650,1,6,6,1,1,1,3,4,2,3,1988,2,2
1991,1,390651,1,5,5,2,1,1,3,4,2,3,1981,2,2
1991,2,390651,4,2,2,2,1,1,3,4,2,3,1987,2,2
1991,1,390652,1,5,5,2,1,1,3,4,2,3,1984,2,2
1991,2,390652,1,2,2,2,1,1,3,4,2,3,1987,2,2
1991,3,390652,1,2,2,2,1,1,3,4,2,3,1989,2,2
1991,4,390652,1,2,2,2,1,1,3,4,2,3,1984,2,2
1991,5,390652,2,7,7,2,1,1,3,4,2,3,1989,2,2
1991,1,390655,7,7,7,2,4,1,3,1,1,3,1985,2,2
1991,1,390656,1,5,5,2,1,1,3,4,2,3,1977,2,2
1991,2,390656,1,2,2,2,1,1,3,4,2,3,1982,2,2
1991,1,390657,1,3,6,1,2,2,3,4,1,3,1986,2,2
1991,1,390658,1,5,5,2,1,1,3,4,2,3,1984,2,2
1991,2,390658,6,2,2,2,1,1,3,4,2,3,1991,2,2
1991,1,390659,1,2,2,2,1,1,3,4,1,3,1981,2,2
1991,2,390659,2,2,2,2,1,1,3,4,2,3,1981,2,2
1991,1,390660,1,2,2,2,1,1,3,4,2,3,1990,2,2
1991,2,390660,1,2,2,2,1,1,3,4,2,3,1988,2,2
1991,1,390661,7,2,2,2,4,2,3,2,1,3,1980,2,2
1991,1,390662,6,2,2,2,1,1,3,4,2,3,1990,2,2
1991,2,390662,1,2,2,2,1,1,3,4,2,3,1991,2,2
1991,1,390663,6,2,2,1,1,1,3,4,2,3,1979,2,2
1991,1,390664,6,4,4,2,1,1,3,4,2,3,1987,2,2
1991,2,390664,1,2,2,2,1,1,3,4,2,3,1982,2,2
1991,1,390665,1,2,2,2,1,1,3,4,1,3,1986,2,2
1991,1,390666,3,2,2,2,3,3,3,4,1,3,1977,2,2
1991,1,390667,1,2,2,2,1,1,3,4,1,3,1988,2,2
1991,2,390667,1,2,2,2,1,1,3,4,2,3,1985,2,2
1991,3,390667,1,4,4,2,1,1,3,4,2,3,1982,2,2
1991,1,390668,7,2,2,2,4,1,3,1,2,3,1984,2,2
1991,2,390668,1,2,2,2,1,1,3,4,2,3,1980,2,2
1991,1,390669,7,2,2,2,4,1,3,1,1,3,1983,2,2
1991,1,390670,6,2,2,1,1,1,3,4,2,3,1989,2,2
1991,2,390670,1,2,6,1,1,1,3,4,2,3,1990,2,2
1991,1,390672,1,2,6,1,1,1,3,4,2,3,1980,2,2
1991,1,390673,3,4,4,2,1,1,3,4,2,3,1988,2,2
1991,2,390673,2,3,3,2,1,1,3,4,2,3,1984,2,2
1991,3,390673,1,2,2,2,1,1,3,4,2,3,1982,2,2
1991,4,390673,2,2,2,2,1,1,3,4,2,3,1986,2,2
1991,1,390674,1,3,3,2,2,2,3,4,1,3,1985,2,2
1991,2,390674,1,2,2,2,1,1,3,4,2,3,1986,2,2
1991,1,390675,7,2,2,2,4,2,3,2,1,3,1977,2,2
1991,1,390676,6,2,2,2,1,1,3,4,2,3,1981,2,2
1991,1,390677,4,2,2,2,1,1,3,4,2,3,1974,2,2
1991,2,390677,7,2,2,2,4,1,3,1,2,3,1982,2,2
1991,1,390678,1,2,2,2,3,3,3,4,2,3,1982,2,2
1991,1,390679,5,2,2,2,1,1,3,4,2,3,1984,2,2
1991,1,390680,2,2,2,2,1,1,3,4,2,3,1990,2,2
1991,2,390680,2,5,5,2,1,2,3,4,2,3,1975,2,2
1991,1,390681,1,2,2,2,1,1,3,4,2,3,1984,2,2
1991,1,390682,1,5,5,2,1,1,3,4,1,3,1987,2,2
1991,1,390683,1,2,6,1,1,1,3,4,1,3,1986,2,2
1991,1,390684,7,2,3,2,4,1,3,1,1,3,1982,2,2
1991,1,390685,1,5,5,1,1,1,3,4,2,3,1985,2,2
1991,1,390686,1,3,3,2,1,1,3,4,2,3,1986,2,2
1991,2,390686,1,2,2,2,1,1,3,4,2,3,1991,2,2
1991,1,390687,4,7,7,1,1,1,3,4,1,3,1986,2,2
1991,1,390688,1,5,5,2,1,1,3,4,2,3,1988,2,2
1991,1,390689,1,2,2,2,1,1,3,4,2,3,1987,2,2
1991,2,390689,1,5,5,2,1,1,3,4,2,3,1985,2,2
1991,1,390690,6,3,2,2,1,1,3,4,2,3,1989,1,2
1991,1,390691,2,2,2,2,1,1,3,4,2,3,1988,2,2
1991,2,390691,1,5,5,2,1,1,3,4,2,3,1986,2,2
1991,1,390692,1,5,5,2,1,1,3,4,2,3,1989,2,2
1991,2,390692,1,2,2,2,1,1,3,4,2,3,1989,2,2
1991,1,390693,2,2,2,2,1,1,3,4,2,3,1983,2,2
1991,1,390694,7,3,3,2,4,1,3,1,2,3,1985,2,2
1991,1,390695,1,7,7,2,1,1,3,4,2,3,1983,2,2
1991,1,390696,2,2,2,1,1,1,3,4,2,3,1983,2,2
1991,1,390697,4,2,2,2,1,1,3,4,2,3,1979,2,2
1991,1,390698,7,7,7,2,4,1,3,1,2,3,1986,2,2
1991,1,390699,7,7,7,2,4,1,3,1,2,3,1991,2,2
1991,1,390700,1,2,2,2,1,1,3,4,2,3,1991,2,2
1991,2,390700,1,2,2,2,1,1,3,4,2,3,1991,2,2
1991,1,390701,1,2,2,2,1,1,3,4,1,3,1985,2,2
1991,1,390702,1,2,2,2,1,1,3,4,2,3,1975,2,2
1991,2,390702,1,4,4,2,1,1,3,4,2,3,1987,2,2
1991,3,390702,1,2,2,2,1,1,3,4,2,3,1984,2,2
1991,1,390703,1,2,2,2,1,1,3,4,1,3,1986,2,2
1991,1,390704,1,3,3,1,1,1,3,4,2,3,1981,2,2
1991,1,390705,7,2,2,2,4,1,3,1,2,3,1986,2,2
1991,2,390705,2,2,2,2,1,1,3,4,2,3,1979,2,2
1991,1,390707,1,2,2,2,1,1,3,4,1,3,1976,2,2
1991,1,390708,7,2,2,2,4,1,3,1,2,3,1987,2,2
1991,1,390709,7,2,2,2,4,1,3,1,2,3,1985,1,2
1991,1,390710,2,7,7,1,1,1,3,4,1,3,1989,2,2
1991,1,390711,1,7,7,1,1,1,3,4,2,3,1989,2,2
1991,1,390712,4,2,2,2,2,2,3,4,2,3,1985,2,2
1991,2,390712,1,3,3,2,1,1,3,4,2,3,1991,2,2
1991,1,390713,2,2,2,2,1,1,3,4,2,3,1977,2,2
1991,2,390713,7,2,2,2,4,2,3,2,2,3,1982,2,2
1991,1,390714,2,3,3,1,1,1,3,4,2,3,1986,2,2
1991,1,390715,4,2,2,2,1,1,3,4,2,3,1988,2,2
1991,1,390716,8,2,2,2,1,1,3,4,2,3,1987,2,2
1991,2,390716,7,3,3,2,4,2,3,2,2,3,1980,1,2
1991,1,390717,1,2,2,2,1,1,3,4,2,3,1984,2,2
1991,1,390718,1,2,2,2,1,1,3,4,2,3,1984,2,2
1991,1,390719,1,3,3,1,1,1,3,4,2,3,1990,2,2
1991,1,390720,1,7,7,1,1,1,3,4,1,3,1985,2,2
1991,1,390721,6,2,2,2,1,1,3,4,2,3,1989,2,2
1991,2,390721,1,3,3,2,1,1,3,4,2,3,1980,2,1
1991,1,390722,1,7,7,2,1,1,3,4,2,3,1990,2,2
1991,1,390723,1,2,6,1,1,1,3,4,2,3,1981,2,2
1991,1,390724,1,2,2,2,3,3,3,4,2,3,9999,2,2
1991,1,390725,1,2,2,2,2,2,3,4,2,3,1984,2,2
1991,1,390726,2,5,5,2,1,1,3,4,1,3,1972,2,2
1991,1,390727,1,2,2,2,1,1,3,4,2,3,1988,2,2
1991,1,390728,2,2,2,2,1,1,3,4,1,3,1983,2,2
1991,2,390728,6,4,4,2,1,1,3,4,2,3,1988,2,2
1991,1,390729,7,5,5,2,4,1,3,1,1,3,1987,2,2
1991,2,390729,7,2,4,2,4,1,3,1,2,3,1977,2,2
1991,1,390730,7,2,2,2,4,1,3,1,1,3,1987,2,2
1991,1,390731,1,5,2,2,1,1,3,4,2,3,1981,2,2
1991,2,390731,2,2,2,2,1,1,3,4,2,3,1983,2,2
1991,3,390731,1,5,2,2,1,1,3,4,2,3,1984,2,2
1991,4,390731,1,2,2,2,1,1,3,4,2,3,1985,2,2
1991,1,390732,2,5,5,2,1,1,3,4,2,3,1984,2,2
1991,2,390732,2,2,2,2,1,1,3,4,2,3,1990,2,2
1991,1,390733,1,2,2,2,1,1,3,4,2,3,1991,2,2
1991,1,390734,2,5,5,2,1,1,3,4,1,3,1989,2,2
1991,1,390735,1,3,3,2,1,1,3,4,2,3,1983,2,2
1991,1,390736,1,2,2,2,1,1,3,4,1,3,1988,2,2
1991,2,390736,1,2,2,2,1,1,3,4,2,3,1989,2,2
1991,1,390737,2,2,2,2,1,1,3,4,2,3,1975,2,2
1991,2,390737,1,5,5,2,1,1,3,4,2,3,1990,2,2
1991,1,390738,7,2,2,2,4,1,3,1,1,3,1979,2,2
1991,1,390739,4,2,2,2,1,1,3,4,2,3,1979,2,2
1991,2,390739,1,4,2,2,1,1,3,4,2,3,1987,2,2
1991,3,390739,1,2,2,2,1,1,3,4,2,3,1987,2,2
1991,1,390740,1,5,6,1,1,1,3,4,1,3,1988,2,2
1991,1,390741,1,2,2,2,1,1,3,4,2,3,1989,2,2
1991,2,390741,1,2,2,2,1,1,3,4,2,3,1979,2,2
1991,1,390742,1,5,5,2,1,1,3,4,2,3,1988,2,2
1991,1,390743,7,4,4,2,4,2,3,2,2,3,1981,2,2
1991,2,390743,7,2,2,2,4,1,3,1,2,3,1977,2,2
1991,1,390744,3,2,2,2,1,1,3,4,2,3,1991,2,2
1991,2,390744,1,5,5,2,1,1,3,4,2,3,1978,2,2
1991,1,390745,6,2,2,2,1,1,3,4,2,3,1990,2,2
1991,2,390745,4,5,5,2,1,1,3,4,2,3,1987,2,2
1991,1,390746,3,2,6,1,1,1,3,4,1,3,1989,2,2
1991,1,390747,7,2,2,2,4,1,3,1,1,3,1981,2,2
1991,1,390748,1,4,4,2,1,1,3,4,2,3,1987,2,2
1991,2,390748,1,5,5,2,1,1,3,4,2,3,1972,2,2
1991,3,390748,3,2,2,2,1,1,3,4,2,3,1991,2,2
1991,1,390749,7,2,2,2,4,1,3,1,1,3,1985,2,2
1991,2,390749,6,2,2,2,2,2,3,4,2,3,1978,2,2
1991,1,390750,4,2,2,2,1,1,3,4,1,3,1990,2,2
1991,1,390751,1,5,5,2,1,1,3,4,2,3,9999,2,2
1991,1,390752,4,1,1,2,1,1,3,4,2,3,1979,1,2
1991,1,390753,1,5,5,2,1,1,3,4,2,3,1991,2,2
1991,2,390753,7,2,2,2,4,1,3,1,1,3,1964,2,2
1991,1,390754,1,2,2,2,1,1,3,4,2,3,1985,2,2
1991,2,390754,9,2,2,2,3,3,3,4,2,3,9999,2,2
1991,1,390755,1,2,2,2,1,1,3,4,2,3,1984,2,2
1991,1,390756,5,2,2,2,1,1,3,4,1,3,1983,2,2
1991,1,390757,4,2,2,2,1,1,3,4,2,3,1983,2,2
1991,2,390757,7,2,2,2,4,1,3,1,2,3,1985,2,2
1991,1,390758,1,2,2,2,2,2,3,4,1,3,1983,2,2
1991,1,390759,2,2,2,2,1,1,3,4,2,3,1990,2,2
1991,2,390759,1,5,5,2,1,1,3,4,2,3,1984,2,2
1991,1,390761,1,5,5,2,2,2,3,4,1,3,1981,2,2
1991,1,390762,1,5,5,2,1,1,3,4,2,3,1989,2,2
1991,2,390762,1,2,2,2,1,1,3,4,2,3,1977,2,2
1991,1,390763,9,6,6,1,1,1,3,4,2,3,1951,2,2
1991,1,390764,2,2,2,2,1,1,3,4,1,3,1988,2,2
1991,2,390764,1,5,5,2,1,1,3,4,2,3,1982,2,2
1991,3,390764,4,4,4,2,1,1,3,4,2,3,1983,2,2
1991,1,390766,1,2,2,2,1,1,3,4,2,3,1987,2,2
1991,2,390766,1,5,5,2,1,1,3,4,2,3,1986,2,2
1991,3,390766,1,3,3,2,1,1,3,4,2,3,1988,2,2
1991,1,390767,1,2,2,2,1,1,3,4,2,3,1985,2,2
1991,2,390767,7,2,2,2,4,2,3,2,2,3,1977,2,2
1991,1,390768,1,2,2,2,1,1,3,4,2,3,1986,2,2
1991,2,390768,2,5,5,1,1,1,3,4,2,3,1991,2,2
1991,1,390769,1,5,5,2,1,1,3,4,2,3,1987,2,2
1991,2,390769,4,2,2,2,1,1,3,4,2,3,1979,2,2
1991,1,390770,1,5,5,2,1,1,3,4,2,3,1985,2,2
1991,1,390771,9,7,7,2,3,3,3,4,2,3,9999,2,2
1991,1,390772,1,5,5,2,2,2,3,4,2,3,1977,2,2
1991,2,390772,1,2,2,2,1,1,3,4,2,3,1982,2,2
1991,1,390773,1,2,2,2,1,1,3,4,2,3,1981,2,2
1991,2,390773,1,5,5,2,1,1,3,4,2,3,1983,2,2
1991,1,390774,1,5,5,2,2,2,3,4,1,3,1966,2,2
1991,2,390774,2,2,2,2,1,1,3,4,2,3,1987,2,2
1991,1,390775,1,2,2,2,1,1,3,4,1,3,1979,2,2
1991,2,390775,1,2,2,2,1,1,3,4,2,3,1991,2,2
1991,1,390776,6,2,2,2,1,1,3,4,2,3,1989,2,2
1991,2,390776,1,3,3,2,2,2,3,4,2,3,1973,2,2
1991,1,390777,1,3,6,1,1,1,3,4,1,3,1987,2,2
1991,1,390778,1,3,3,2,1,1,3,4,1,3,1989,2,2
1991,1,390779,1,2,2,2,1,1,3,4,1,3,1981,2,2
1991,2,390779,7,2,2,2,4,1,3,1,2,3,1985,2,2
1991,1,390780,7,2,2,2,4,2,3,2,1,3,1981,2,2
1991,1,390781,1,1,1,2,1,1,3,4,1,3,1980,2,2
1991,1,390782,1,2,2,2,2,2,3,4,2,3,1977,2,2
1991,1,390783,1,2,2,1,1,1,3,4,1,3,1986,2,2
1991,1,390784,1,6,6,1,1,1,3,4,1,3,1988,2,2
1991,1,390785,1,2,2,2,1,1,3,4,1,3,1987,2,2
1991,2,390785,2,2,2,2,1,1,3,4,2,3,1991,2,2
1991,1,390786,7,2,2,2,4,1,3,1,1,3,1986,2,2
1991,1,390787,2,3,3,2,2,2,3,4,2,3,1988,2,2
1991,2,390787,1,2,2,2,1,1,3,4,1,3,1988,2,2
1991,1,390788,6,2,2,2,1,1,3,4,2,3,1975,2,2
1991,2,390788,1,3,3,2,1,1,3,4,2,3,1988,2,2
1991,1,390789,1,3,6,1,1,1,3,4,2,3,1983,1,2
1991,1,390790,1,2,2,2,1,1,3,4,2,3,1978,2,2
1991,1,390791,1,2,2,2,1,1,3,4,1,3,1981,2,2
1991,1,390792,6,2,6,1,1,1,3,4,1,3,1988,2,2
1991,2,390792,4,2,2,2,1,1,3,4,2,3,1991,2,2
1991,3,390792,1,7,7,2,1,1,3,4,2,3,1990,2,2
1991,4,390792,1,2,2,2,1,1,3,4,2,3,1986,2,2
1991,1,390793,1,2,2,2,1,1,3,4,2,3,1991,2,2
1991,1,390794,2,5,5,2,1,1,3,4,1,3,1963,2,2
1991,2,390794,1,2,2,2,1,1,3,4,2,3,1986,2,2
1991,3,390794,5,5,5,2,1,1,3,4,2,3,1988,2,2
1991,4,390794,1,2,2,2,1,1,3,4,2,3,1985,2,2
1991,1,390795,1,2,2,2,1,1,3,4,1,3,1979,2,2
1991,1,390796,1,2,2,2,1,1,3,4,2,3,1983,2,2
1991,2,390796,1,2,2,2,1,1,3,4,2,3,1987,2,2
1991,1,390797,1,2,2,1,1,1,3,4,2,3,1984,1,2
1991,2,390797,1,4,4,2,1,1,3,4,2,3,1988,2,2
1991,1,390798,1,2,2,2,1,1,3,4,2,3,1986,2,2
1991,1,390799,1,2,2,2,1,2,3,4,2,3,1981,2,2
1991,1,390800,1,2,2,2,2,2,3,4,2,3,1978,2,2
1991,2,390800,1,2,2,2,2,2,3,4,2,3,1987,2,2
1991,1,390801,2,7,7,2,2,2,3,4,2,3,1977,1,2
1991,1,390802,1,5,5,2,1,1,3,4,2,3,1986,2,2
1991,1,390803,1,5,5,2,1,1,3,4,2,3,1990,2,2
1991,2,390803,6,2,2,2,1,1,3,4,2,3,1975,2,2
1991,1,390804,1,2,2,2,1,1,3,4,2,3,1991,2,2
1991,1,390805,7,7,7,2,4,2,3,2,1,3,1984,2,2
1991,1,390806,3,7,7,1,1,1,3,4,1,3,1983,2,2
1991,1,390807,1,1,1,2,1,1,3,4,2,3,1982,1,2
1991,1,390808,7,2,2,2,4,2,3,2,1,3,1978,2,2
1991,2,390808,1,7,7,2,1,1,3,4,2,3,9999,2,2
1991,1,390809,1,4,4,2,1,1,3,4,2,3,1980,2,2
1991,2,390809,1,2,2,2,1,1,3,4,2,3,1984,2,2
1991,1,390810,7,1,1,2,4,1,3,1,1,3,1980,2,2
1991,1,390811,1,2,2,2,1,1,3,4,2,3,1980,2,2
1991,2,390811,3,2,2,2,1,1,3,4,2,3,1987,2,2
1991,3,390811,1,2,2,2,1,1,3,4,2,3,1985,2,2
1991,1,390812,2,6,6,1,1,1,3,4,1,3,1983,2,2
1991,1,390813,7,5,5,2,4,1,3,1,1,3,1977,2,2
1991,1,390814,1,2,3,2,1,1,3,4,1,3,1990,2,2
1991,1,390815,6,4,4,2,1,1,3,4,2,3,1989,2,2
1991,2,390815,4,2,2,2,1,1,3,4,2,3,1985,2,2
1991,1,390816,2,1,1,2,2,2,3,4,1,3,1986,2,2
1991,1,390817,1,5,5,2,1,1,3,4,2,3,1989,2,2
1991,2,390817,2,2,2,2,1,1,3,4,2,3,1991,2,2
1991,1,390818,1,5,6,1,1,1,3,4,1,3,1985,2,2
1991,1,390819,7,2,2,2,4,2,3,2,2,3,1982,2,2
1991,1,390820,4,2,2,1,1,1,3,4,2,3,1983,2,2
1991,2,390820,1,5,5,2,1,1,3,4,2,3,1976,2,2
1991,1,390821,6,5,5,2,1,1,3,4,2,3,1982,2,2
1991,1,390822,1,6,6,1,2,2,3,4,2,3,1990,2,2
1991,2,390822,1,4,4,1,1,1,3,4,2,3,1986,2,2
1991,1,390823,1,5,5,2,1,1,3,4,2,3,1985,2,2
1991,2,390823,1,2,2,2,1,1,3,4,2,3,1982,2,2
1991,1,390824,1,2,2,2,1,1,3,4,2,3,1991,2,2
1991,2,390824,1,6,6,2,2,2,3,4,1,3,1983,2,2
1991,1,390825,1,2,2,2,1,1,3,4,2,3,1980,2,2
1991,1,390826,1,2,2,2,1,1,3,4,2,3,1988,2,2
1991,2,390826,7,3,3,2,4,2,3,2,2,3,1983,2,2
1991,1,390827,1,2,2,1,1,1,3,4,1,3,1978,2,2
1991,1,390828,7,2,2,2,4,1,3,1,2,3,1981,2,2
1991,2,390828,1,2,2,2,1,1,3,4,2,3,1976,2,2
1991,1,390829,1,2,2,2,1,1,3,4,2,3,1982,2,2
1991,2,390829,7,2,2,2,4,1,3,1,2,3,1981,2,2
1991,1,390830,1,2,2,2,1,1,3,4,2,3,1973,2,2
1991,1,390831,7,5,5,2,4,1,3,1,1,3,1981,2,2
1991,1,390832,1,7,7,2,1,1,3,4,2,3,1978,2,2
1991,1,390833,7,7,7,2,4,2,3,2,1,3,1988,2,2
1991,1,390834,6,2,2,2,1,1,3,4,2,3,1989,2,2
1991,2,390834,1,5,5,2,1,1,3,4,2,3,1986,2,2
1991,1,390835,7,7,7,2,4,2,3,2,2,3,1975,2,2
1991,2,390835,8,3,3,2,1,1,3,4,2,3,1991,2,2
1991,1,390836,2,3,4,2,1,1,3,4,2,3,1985,2,2
1991,1,390837,2,7,7,1,1,1,3,4,1,3,1980,2,2
1991,1,390838,7,3,3,2,4,2,3,2,1,3,1974,2,2
1991,1,390839,1,7,7,1,1,1,3,4,2,3,1988,2,2
1991,1,390840,1,2,2,2,1,1,3,4,2,3,1983,2,2
1991,2,390840,7,2,2,2,4,2,3,2,1,3,1980,2,2
1991,1,390841,1,3,6,1,2,2,3,4,1,3,1987,2,2
1991,1,390842,1,5,2,2,1,1,3,4,2,3,1986,2,2
1991,2,390842,6,5,6,1,1,1,3,4,2,3,1984,2,2
1991,3,390842,2,2,2,2,1,1,3,4,2,3,1982,2,2
1991,4,390842,1,2,2,2,1,1,3,4,2,3,1990,2,2
1991,1,390843,2,2,2,2,1,2,3,4,1,3,1989,2,2
1991,1,390844,1,2,2,2,1,1,3,4,2,3,1988,2,2
1991,1,390845,1,5,5,2,1,1,3,4,2,3,1983,2,2
1991,1,390846,3,2,2,2,1,1,3,4,2,3,1985,2,2
1991,1,390847,1,2,2,2,1,1,3,4,1,3,1985,2,2
1991,1,390848,1,3,3,2,1,1,3,4,2,3,1978,2,2
1991,1,390849,1,2,2,2,1,1,3,4,2,3,1983,2,2
1991,1,390850,6,2,2,2,1,1,3,4,2,3,1985,2,2
1991,2,390850,1,4,5,2,1,1,3,4,2,3,1987,2,2
1991,1,390851,1,2,2,2,1,1,3,4,2,3,1986,2,2
1991,2,390851,1,5,5,2,1,1,3,4,2,3,1985,2,2
1991,1,390852,7,2,2,2,4,2,3,2,1,3,1984,2,2
1991,1,390853,7,4,4,2,4,1,3,1,2,3,1986,2,2
1991,2,390853,7,2,2,2,4,1,3,1,2,3,1982,2,2
1991,1,390854,7,2,2,2,4,1,3,1,1,3,1985,2,2
1991,1,390855,7,2,2,2,4,2,3,2,2,3,1991,2,2
1991,1,390856,1,1,1,1,1,1,3,4,1,3,1989,2,2
1991,2,390856,5,7,7,2,2,2,3,4,2,3,1978,2,2
1991,1,390857,7,2,2,2,4,2,3,2,2,3,1984,2,2
1991,1,390858,2,2,5,2,1,1,3,4,2,3,1989,2,2
1991,1,390859,1,2,2,2,1,1,3,4,2,3,1988,2,2
1991,2,390859,1,2,2,2,1,1,3,4,2,3,1981,2,2
1991,1,390860,1,2,2,2,1,1,3,4,2,3,1989,2,2
1991,1,390861,1,7,7,2,1,1,3,4,2,3,1978,2,2
1991,1,390862,1,5,5,1,1,1,3,4,1,3,1985,2,2
1991,1,390864,1,2,2,2,2,2,3,4,1,3,1979,2,2
1991,2,390864,1,4,4,2,1,1,3,4,1,3,1978,2,2
1991,1,390865,1,7,7,1,1,1,3,4,2,3,1986,2,2
1991,1,390866,1,2,2,2,1,1,3,4,2,3,1970,2,2
1991,2,390866,1,2,2,2,1,1,3,4,2,3,1988,2,2
1991,1,390867,1,2,2,2,1,1,3,4,2,3,1986,2,2
1991,2,390867,4,2,2,2,1,1,3,4,2,3,1989,2,2
1991,1,390868,1,2,2,2,1,1,3,4,2,3,1989,2,2
1991,2,390868,1,2,2,2,1,1,3,4,2,3,1985,2,2
1991,1,390869,7,7,7,2,4,1,3,1,1,3,1979,2,2
1991,1,390870,1,2,2,2,1,1,3,4,1,3,1988,2,2
1991,2,390870,1,3,3,2,2,2,3,4,2,3,1986,2,2
1991,1,390871,1,2,2,2,1,1,3,4,2,3,1989,2,2
1991,2,390871,2,2,2,2,1,1,3,4,2,3,1980,2,2
1991,1,390872,2,2,2,2,1,1,3,4,2,3,1981,2,2
1991,2,390872,9,4,4,2,2,2,3,4,2,3,1976,2,2
1991,1,390874,7,7,7,2,4,1,3,1,1,3,1989,2,2
1991,1,390875,7,7,7,2,4,1,3,1,2,3,1985,2,2
1991,1,390876,1,3,3,2,1,1,3,4,2,3,1985,2,2
1991,1,390877,3,3,3,2,1,1,3,4,2,3,1989,2,2
1991,1,390878,1,2,2,2,1,1,3,4,2,3,1990,2,2
1991,1,390879,1,3,3,2,1,1,3,4,2,3,1977,2,2
1991,2,390879,2,2,2,2,1,1,3,4,2,3,1986,2,2
1991,1,390880,1,7,7,2,1,1,3,4,2,3,1981,2,2
1991,1,390881,2,7,7,1,2,2,3,4,1,3,1987,2,2
1991,1,390882,1,7,7,2,1,1,3,4,2,3,1976,2,2
1991,2,390882,1,5,5,2,1,1,3,4,2,3,1989,2,2
1991,1,390883,3,5,5,2,1,1,3,4,2,3,1985,2,2
1991,2,390883,2,2,2,2,1,1,3,4,2,3,1991,2,2
1991,1,390884,2,2,2,2,1,1,3,4,2,3,1986,2,2
1991,2,390884,1,5,5,2,1,1,3,4,2,3,1979,2,2
1991,1,390885,1,2,2,2,1,1,3,4,2,3,1980,2,2
1991,1,390886,1,5,5,2,1,1,3,4,2,3,1990,2,2
1991,2,390886,1,2,2,2,1,1,3,4,2,3,1989,2,2
1991,1,390887,6,2,2,2,1,1,3,4,2,3,1976,2,2
1991,2,390887,2,2,2,2,1,1,3,4,2,3,1984,2,2
1991,1,390888,1,2,2,2,1,1,3,4,2,3,1975,2,2
1991,2,390888,6,4,4,2,1,1,3,4,2,3,1985,2,2
1991,1,390889,1,5,5,1,1,1,3,4,2,3,1991,2,2
1991,1,390890,1,2,2,2,2,2,3,4,1,3,1977,2,2
1991,2,390890,1,2,2,2,1,1,3,4,2,3,1990,2,2
1991,3,390890,1,4,4,2,1,1,3,4,2,3,1986,2,2
1991,1,390891,7,2,2,2,4,1,3,1,1,3,1984,2,2
1991,1,390893,3,2,6,1,1,1,3,4,1,3,1987,2,2
1991,2,390893,1,2,2,2,1,1,3,4,2,3,1991,1,2
1991,1,390894,1,2,2,2,1,1,3,4,2,3,1991,2,2
1991,1,390895,1,2,2,2,1,2,3,4,1,3,1982,2,2
1991,1,390896,7,2,2,2,4,1,3,1,2,3,1976,2,2
1991,2,390896,2,2,2,2,2,2,3,4,2,3,1989,2,2
1991,3,390896,1,4,4,2,1,1,3,4,2,3,1979,2,2
1991,1,390897,2,2,2,1,1,1,3,4,2,3,1979,2,2
1991,1,390898,1,3,3,2,1,1,3,4,2,3,1983,2,2
1991,2,390898,1,3,3,2,1,1,3,4,2,3,1990,2,2
1991,3,390898,1,2,2,2,1,1,3,4,2,3,1985,2,2
1991,1,390899,1,2,2,2,1,1,3,4,2,3,1989,2,2
1991,1,390900,6,2,2,2,1,1,3,4,2,3,1990,2,2
1991,2,390900,1,2,2,2,1,1,3,4,2,3,1990,2,2
1991,1,390901,7,2,2,2,4,2,3,2,2,3,1985,2,2
1991,1,390902,1,2,2,2,2,2,3,4,2,3,1981,2,2
1991,1,390903,1,2,2,2,1,1,3,4,2,3,1979,2,2
1991,1,390904,4,2,2,2,1,1,3,4,2,3,1985,2,2
1991,2,390904,1,2,2,2,2,2,3,4,2,3,1980,2,2
1991,1,390905,1,2,2,2,1,1,3,4,2,3,1987,2,2
1991,2,390905,1,5,5,2,1,1,3,4,2,3,1988,2,2
1991,1,390906,7,2,2,2,4,1,3,1,2,3,1990,2,2
1991,2,390906,1,3,3,2,1,1,3,4,2,3,1983,2,2
1991,1,390907,1,5,5,2,1,1,3,4,2,3,1977,2,2
1991,1,390908,7,2,2,2,4,2,3,2,1,3,1975,2,2
1991,1,390909,1,2,2,2,1,1,3,4,2,3,1978,2,2
1991,1,390910,1,3,5,2,1,1,3,4,2,3,1991,2,2
1991,1,390911,1,2,2,2,2,2,3,4,2,3,1981,2,2
1991,1,390912,1,2,2,2,1,1,3,4,2,3,1988,2,2
1991,2,390912,1,3,3,2,1,1,3,4,2,3,1991,2,2
1991,1,390913,7,7,7,2,4,1,3,1,1,3,1976,2,2
1991,1,390914,4,2,2,2,1,1,3,4,2,3,1989,2,2
1991,2,390914,1,5,5,2,1,1,3,4,2,3,1974,2,2
1991,1,390915,2,2,2,2,2,2,3,4,2,3,1991,2,2
1991,1,390916,1,5,5,2,2,2,3,4,2,3,1987,2,2
1991,1,390917,7,2,2,2,4,1,3,1,1,3,1977,2,2
1991,1,390918,1,2,6,1,1,1,3,4,1,3,1986,2,2
1991,1,390919,1,2,2,2,1,1,3,4,2,3,1979,2,2
1991,2,390919,1,3,3,2,1,1,3,4,2,3,1981,2,2
1991,1,390921,1,2,2,2,1,1,3,4,2,3,1982,2,2
1991,1,390922,1,2,2,2,1,1,3,4,2,3,1984,2,2
1991,2,390922,1,3,6,1,1,1,3,4,2,3,1989,2,2
1991,1,390923,7,2,2,2,4,1,3,1,2,3,1983,2,2
1991,2,390923,2,2,2,2,1,1,3,4,2,3,1988,2,2
1991,1,390924,1,2,6,1,1,1,3,4,1,3,1984,2,2
1991,1,390925,7,2,2,2,4,2,3,2,2,3,1983,2,2
1991,1,390926,1,5,5,1,1,1,3,4,2,3,1986,2,2
1991,2,390926,2,2,2,2,1,1,3,4,2,3,1991,2,2
1991,1,390927,6,2,2,2,1,1,3,4,2,3,1987,2,2
1991,2,390927,7,2,2,2,4,1,3,1,2,3,1982,2,2
1991,1,390928,1,2,2,1,1,1,3,4,2,3,1985,2,2
1991,2,390928,2,5,6,1,1,1,3,4,2,3,1973,2,2
1991,1,390930,6,2,2,2,1,1,3,4,2,3,1979,2,2
1991,2,390930,7,2,2,2,4,1,3,1,2,3,1977,2,2
1991,1,390931,7,2,2,2,4,1,3,1,1,3,1985,2,2
1991,1,390932,1,2,6,1,1,1,3,4,1,3,1985,2,2
1991,1,390933,1,2,2,2,1,1,3,4,2,3,1990,2,2
1991,1,390934,2,3,3,2,1,1,3,4,2,3,1980,2,2
1991,1,390935,1,2,2,2,1,1,3,4,2,3,1985,2,2
1991,2,390935,1,5,5,2,1,1,3,4,2,3,1990,2,2
1991,3,390935,1,5,5,2,1,1,3,4,2,3,1981,2,2
1991,1,390936,1,2,2,2,2,2,3,4,1,3,1978,2,2
1991,1,390937,1,2,2,2,1,1,3,4,2,3,1981,2,2
1991,2,390937,1,2,2,2,1,1,3,4,2,3,1982,2,2
1991,1,390938,6,2,2,2,1,1,3,4,2,3,1984,2,2
1991,1,390939,1,3,3,2,1,1,3,4,1,3,1986,2,2
1991,1,390940,1,3,6,1,1,1,3,4,1,3,1990,2,2
1991,1,390941,1,2,2,2,1,1,3,4,2,3,1981,2,2
1991,2,390941,4,5,5,2,1,1,3,4,2,3,1987,2,2
1991,1,390942,7,2,2,2,4,2,3,2,1,3,1989,2,2
1991,1,390943,1,2,6,1,2,2,3,4,1,3,1991,2,2
1991,1,390944,1,2,4,2,1,1,3,4,2,3,1984,2,2
1991,2,390944,4,2,4,2,1,1,3,4,2,3,1991,2,2
1991,1,390945,1,2,2,2,1,1,3,4,1,3,1976,2,2
1991,1,390946,6,2,2,2,1,1,3,4,2,3,1988,2,2
1991,2,390946,1,4,4,2,1,1,3,4,2,3,1987,2,2
1991,3,390946,7,2,2,2,4,1,3,1,2,3,1977,2,2
1991,1,390947,1,3,3,2,1,1,3,4,2,3,1984,2,2
1991,1,390948,1,2,2,2,2,2,3,4,2,3,1983,2,2
1991,1,390949,1,2,6,1,1,1,3,4,1,3,1990,2,2
1991,1,390950,3,2,6,1,1,1,3,4,2,3,1979,2,2
1991,1,390951,1,2,2,2,1,1,3,4,2,3,1986,2,2
1991,2,390951,6,2,2,2,1,1,3,4,2,3,1984,2,2
1991,1,390952,1,2,2,2,1,1,3,4,1,3,1984,2,2
1991,2,390952,5,2,2,2,1,1,3,4,2,3,1979,2,2
1991,1,390953,1,2,2,1,1,1,3,4,2,3,1987,2,2
1991,2,390953,1,2,2,2,1,1,3,4,2,3,1991,2,2
1991,3,390953,1,2,2,2,1,1,3,4,2,3,1978,2,2
1991,1,390954,2,4,4,2,1,1,3,4,2,3,1978,2,2
1991,2,390954,1,2,2,2,1,1,3,4,2,3,1984,1,2
1991,1,390955,1,2,2,2,1,1,3,4,2,3,1985,2,2
1991,1,390956,6,2,2,2,1,1,3,4,2,3,1982,2,2
1991,2,390956,2,2,2,2,1,1,3,4,2,3,1988,2,2
1991,1,390958,1,2,2,2,1,1,3,4,2,3,1982,2,2
1991,2,390958,1,2,2,2,1,1,3,4,2,3,1988,2,2
1991,1,390959,7,2,2,2,4,2,3,2,1,3,1991,2,2
1991,1,390960,2,2,2,2,1,1,3,4,2,3,1988,2,2
1991,1,390961,1,2,6,1,1,1,3,4,1,3,1990,2,2
1991,1,390962,1,5,5,2,1,1,3,4,2,3,1985,2,2
1991,1,390963,2,5,6,1,2,2,3,4,1,3,1981,2,2
1991,1,390964,1,5,5,2,1,1,3,4,2,3,1987,2,2
1991,2,390964,1,2,2,2,1,1,3,4,2,3,1986,2,2
1991,1,390965,7,2,2,2,4,1,3,1,1,3,1989,2,2
1991,1,390966,1,2,2,2,2,2,3,4,2,3,1978,2,2
1991,2,390966,1,3,3,2,1,1,3,4,2,3,1980,2,2
1991,1,390967,7,7,7,2,4,1,3,1,2,3,1981,2,2
1991,1,390968,1,2,2,2,1,1,3,4,2,3,1985,1,2
1991,1,390969,1,3,3,2,1,1,3,4,2,3,1987,2,2
1991,1,390970,2,3,5,1,1,1,3,4,1,3,1988,2,2
1991,1,390971,7,7,7,2,4,2,3,2,1,3,1990,2,2
1991,2,390971,8,5,5,2,1,1,3,4,2,3,1989,2,2
1991,1,390972,2,2,2,1,1,1,3,4,1,3,1990,2,2
1991,1,390973,1,2,2,2,2,2,3,4,1,3,1985,2,2
1991,1,390974,2,2,2,1,1,1,3,4,2,3,1989,2,2
1991,2,390974,1,2,2,2,1,1,3,4,2,3,1980,1,2
1991,1,390975,1,2,2,2,1,1,3,4,2,3,1988,2,2
1991,1,390976,2,3,2,2,1,1,3,4,1,3,1988,2,2
1991,1,390977,1,2,2,2,1,1,3,4,2,3,1981,2,2
1991,1,390978,2,2,2,2,1,1,3,4,2,3,1983,2,2
1991,1,390979,1,3,3,2,1,1,3,4,2,3,1987,1,2
1991,1,390980,7,2,2,2,4,2,3,2,2,3,1984,2,2
1991,1,390981,1,3,3,2,1,1,3,4,2,3,1983,2,2
1991,2,390981,1,2,2,2,1,1,3,4,2,3,1984,2,2
1991,1,390982,1,2,2,2,1,1,3,4,2,3,1985,2,2
1991,1,390983,1,5,5,2,1,1,3,4,2,3,1976,2,2
1991,2,390983,1,2,2,2,1,1,3,4,2,3,1978,2,2
1991,1,390985,1,3,3,2,1,1,3,4,1,3,1978,2,2
1991,2,390985,1,2,2,2,1,1,3,4,2,3,1988,2,2
1991,1,390986,6,2,3,2,1,1,3,4,2,3,1988,2,2
1991,2,390986,7,2,2,2,4,1,3,1,2,3,1983,2,2
1991,1,390987,2,3,3,2,1,1,3,4,2,3,1975,2,2
1991,1,390988,1,3,3,2,1,1,3,4,2,3,1989,2,2
1991,2,390988,7,2,2,2,4,2,3,2,1,3,1982,2,2
1991,1,390989,1,5,5,2,1,1,3,4,1,3,1989,2,2
1991,1,390991,6,2,2,2,1,1,3,4,2,3,1987,2,2
1991,2,390991,1,5,5,2,1,1,3,4,2,3,1983,2,2
1991,1,390992,1,2,2,2,1,1,3,4,2,3,1976,2,2
1991,1,390993,7,2,2,2,4,1,3,1,1,3,1984,2,2
1991,2,390993,1,2,2,2,1,1,3,4,2,3,1983,2,2
1991,1,390994,8,7,7,2,1,1,3,4,2,3,1981,2,2
1991,1,390995,1,2,2,2,1,1,3,4,2,3,1983,2,2
1991,1,390996,7,7,7,2,4,1,3,1,2,3,1979,2,2
1991,1,390997,1,3,3,2,2,2,3,4,1,3,1989,2,2
1991,1,390998,4,2,5,2,2,2,3,4,2,3,1979,2,2
1991,1,390999,1,2,2,2,1,1,3,4,2,3,1992,2,2
1991,2,390999,6,3,3,2,1,1,3,4,2,3,1989,2,2
1991,1,391000,7,7,7,2,4,1,3,1,1,3,1987,2,2
1991,1,391002,6,1,1,2,1,1,3,4,2,3,1974,1,2
1991,1,391003,6,4,4,2,1,1,3,4,2,3,1981,2,2
1991,2,391003,2,2,2,2,1,1,3,4,2,3,1989,2,2
1991,1,391004,1,3,3,2,1,1,3,4,2,3,1986,2,2
1991,1,391005,1,2,2,1,3,3,3,4,1,3,1987,2,2
1991,1,391006,1,5,5,2,1,1,3,4,2,3,1991,2,2
1991,1,391007,7,2,2,2,4,1,3,1,2,3,1987,2,2
1991,2,391007,2,3,3,2,1,1,3,4,2,3,1974,2,2
1991,1,391008,7,2,2,2,4,1,3,1,2,3,1985,2,2
1991,1,391009,7,2,2,2,4,1,3,1,1,3,1969,2,2
1991,1,391010,1,2,2,1,1,1,3,4,1,3,1979,2,2
1991,1,391011,7,7,7,2,4,2,3,2,2,3,1981,2,2
1991,1,391012,1,2,2,2,1,1,3,4,2,3,1986,2,2
1991,1,391014,1,2,2,2,1,1,3,4,2,3,1981,2,2
1991,2,391014,1,2,2,2,1,1,3,4,2,3,1988,2,2
1991,1,391015,1,2,2,2,1,1,3,4,1,3,1990,2,2
1991,2,391015,1,3,3,2,1,1,3,4,2,3,1980,2,2
1991,1,391016,6,4,4,2,1,1,3,4,2,3,1986,2,2
1991,2,391016,7,2,2,2,4,1,3,1,1,3,1985,2,2
1991,1,391017,1,5,5,2,1,1,3,4,2,3,1983,2,2
1991,2,391017,1,5,5,2,1,1,3,4,2,3,1988,2,2
1991,1,391018,1,7,7,2,1,1,3,4,2,3,1991,2,2
1991,1,391019,1,7,7,2,1,1,3,4,2,3,1991,2,2
1991,1,391020,7,2,2,2,4,1,3,1,2,3,1991,2,2
1991,2,391020,1,4,4,2,1,1,3,4,2,3,1989,2,2
1991,3,391020,2,2,2,2,1,1,3,4,2,3,1984,2,2
1991,1,391021,1,2,2,2,1,1,3,4,2,3,1985,2,2
1991,1,391022,6,2,2,2,1,1,3,4,2,3,1980,2,2
1991,2,391022,2,5,5,2,1,1,3,4,2,3,1990,2,2
1991,1,391023,1,7,7,2,1,1,3,4,2,3,1988,2,2
1991,1,391025,4,3,3,2,1,1,3,4,2,3,1985,2,2
1991,1,391026,1,2,2,2,1,1,3,4,2,3,1989,2,2
1991,2,391026,1,2,2,2,1,1,3,4,2,3,1980,2,2
1991,1,391028,1,2,2,2,1,1,3,4,2,3,1984,2,2
1991,2,391028,1,3,3,2,1,1,3,4,2,3,1981,2,2
1991,3,391028,1,2,2,2,1,1,3,4,2,3,1985,2,2
1991,1,391029,1,2,2,2,1,1,3,4,2,3,1988,2,2
1991,2,391029,3,3,3,2,1,1,3,4,2,3,1973,2,2
1991,1,391030,1,2,2,1,1,1,3,4,2,3,1989,1,2
1991,1,391031,1,2,2,2,1,1,3,4,2,3,1989,2,2
1991,1,391032,6,2,2,2,1,1,3,4,2,3,1988,2,2
1991,2,391032,2,2,2,2,1,1,3,4,2,3,1985,2,2
1991,1,391033,4,2,3,2,1,1,3,4,1,3,1988,2,2
1991,1,391034,6,2,2,1,1,1,3,4,2,3,1985,2,2
1991,1,391035,3,2,2,2,1,1,3,4,2,3,1989,2,2
1991,1,391036,1,2,2,2,1,1,3,4,2,3,1982,2,2
1991,2,391036,1,3,3,2,1,1,3,4,2,3,1982,2,2
1991,1,391037,4,2,2,2,1,1,3,4,2,3,1979,2,2
1991,2,391037,4,3,3,2,1,1,3,4,2,3,1989,2,2
1991,1,391039,6,2,2,2,1,1,3,4,2,3,1982,2,2
1991,2,391039,1,3,3,2,1,1,3,4,2,3,1988,2,2
1991,1,391040,7,2,2,2,4,1,3,1,2,3,1988,2,2
1991,1,391041,1,2,6,1,2,2,3,4,1,3,1982,2,2
1991,1,391042,1,2,6,1,3,3,3,4,1,3,1988,2,2
1991,1,391044,1,2,2,2,1,1,3,4,2,3,1987,2,2
1991,2,391044,1,5,5,2,1,1,3,4,2,3,1980,2,2
1991,1,391045,2,1,1,1,1,1,3,4,2,3,1988,2,2
1991,1,391046,1,2,2,2,1,1,3,4,2,3,1981,2,2
1991,2,391046,1,2,2,2,1,1,3,4,2,3,1991,2,2
1991,1,391047,1,2,2,2,1,1,3,4,2,3,1979,2,2
1991,1,391048,1,2,2,2,1,1,3,4,2,3,1988,2,2
1991,1,391049,2,2,6,1,1,1,3,4,1,3,1981,2,2
1991,1,391050,1,3,6,1,1,1,3,4,1,3,1985,2,2
1991,1,391051,2,2,2,2,1,1,3,4,2,3,1991,2,2
1991,1,391052,1,2,2,2,1,1,3,4,2,3,1965,2,2
1991,1,391053,1,2,2,2,1,1,3,4,2,3,1981,2,2
1991,1,391054,7,2,2,2,4,2,3,2,2,3,1985,2,2
1991,2,391054,1,3,3,2,1,1,3,4,2,3,1991,2,2
1991,1,391055,3,2,2,2,1,1,3,4,2,3,1986,2,2
1991,2,391055,1,5,5,2,1,1,3,4,2,3,1991,2,2
1991,1,391056,1,2,3,2,1,1,3,4,2,3,1988,2,2
1991,1,391057,7,5,5,2,4,2,3,2,2,3,1980,2,2
1991,2,391057,7,2,2,2,4,3,3,3,2,3,1983,2,2
1991,1,391058,1,5,5,2,1,1,3,4,1,3,1990,2,2
1991,1,391059,2,2,2,2,1,1,3,4,1,3,1988,2,2
1991,1,391060,1,2,2,2,1,1,3,4,2,3,1978,2,2
1991,2,391060,7,3,3,2,4,2,3,2,1,3,1991,2,2
1991,1,391061,1,5,5,2,1,1,3,4,1,3,1986,2,2
1991,1,391062,4,5,5,2,1,1,3,4,2,3,1990,2,2
1991,1,391063,6,2,2,2,1,1,3,4,2,3,1985,2,2
1991,2,391063,2,4,4,2,1,1,3,4,2,3,1988,2,2
1991,3,391063,2,4,4,2,1,1,3,4,2,3,1983,2,2
1991,4,391063,1,4,4,2,1,1,3,4,2,3,1985,2,2
1991,1,391064,1,5,5,2,1,1,3,4,2,3,1976,2,2
1991,2,391064,6,2,2,2,1,1,3,4,2,3,1985,2,2
1991,1,391065,1,2,2,2,1,1,3,4,2,3,1989,2,2
1991,2,391065,4,2,2,2,1,1,3,4,2,3,1982,2,2
1991,3,391065,9,5,5,2,3,3,3,4,2,3,9999,2,2
1991,1,391066,1,2,2,2,1,1,3,4,2,3,1986,2,2
1991,2,391066,6,5,5,2,1,1,3,4,2,3,1986,2,2
1991,1,391067,2,2,2,2,1,1,3,4,2,3,1978,2,2
1991,1,391068,1,2,2,2,1,1,3,4,2,3,1991,2,2
1991,2,391068,1,2,2,2,2,2,3,4,1,3,1981,2,2
1991,1,391069,2,2,2,2,2,2,3,4,2,3,1988,2,2
1991,1,391070,1,5,5,2,2,2,3,4,1,3,1986,2,2
1991,1,391071,5,3,3,2,1,1,3,4,2,3,1979,2,2
1991,2,391071,9,2,2,2,1,1,3,4,2,3,1979,2,2
1991,1,391072,1,5,6,1,1,1,3,4,2,3,1978,2,2
1991,2,391072,2,2,2,2,1,1,3,4,2,3,1988,2,2
1991,1,391073,1,2,2,2,1,1,3,4,2,3,1989,2,2
1991,1,391074,1,5,6,1,1,1,3,4,2,3,1986,2,2
1991,1,391075,1,2,2,2,1,1,3,4,1,3,1979,2,2
1991,1,391077,7,7,7,2,4,1,3,1,2,3,1975,2,2
1991,1,391078,2,2,2,2,1,1,3,4,2,3,1979,2,2
1991,2,391078,6,5,5,2,1,1,3,4,2,3,1990,2,2
1991,1,391080,1,2,2,2,1,1,3,4,2,3,1981,2,2
1991,2,391080,8,2,2,2,1,1,3,4,2,1,1991,2,2
1991,1,391081,1,5,5,2,1,1,3,4,1,3,1982,2,2
1991,1,391082,3,2,5,2,1,1,3,4,1,3,1977,2,2
1991,1,391083,1,5,5,1,1,1,3,4,1,3,1986,2,2
1991,1,391084,1,5,5,2,1,1,3,4,2,3,1976,2,2
1991,2,391084,1,2,2,2,1,1,3,4,2,3,1985,2,2
1991,1,391085,1,2,2,2,1,1,3,4,1,3,1983,2,2
1991,1,391087,1,2,2,2,2,2,3,4,2,3,1986,2,2
1991,1,391088,1,7,7,2,1,1,3,4,1,3,1989,2,2
1991,1,391089,2,2,2,2,1,1,3,4,2,3,1988,2,2
1991,1,391090,1,3,3,2,1,1,3,4,2,3,1976,2,2
1991,1,391091,1,2,2,2,1,1,3,4,2,3,1988,2,2
1991,2,391091,1,3,3,2,1,1,3,4,2,3,1981,2,2
1991,1,391092,1,5,5,2,1,1,3,4,1,3,1986,2,2
1991,1,391093,1,4,2,2,1,1,3,4,2,3,1989,2,2
1991,2,391093,1,2,2,2,1,1,3,4,2,3,1983,2,2
1991,3,391093,4,2,2,2,1,1,3,4,2,3,1985,2,2
1991,1,391094,1,2,2,2,1,1,3,4,2,3,1989,2,2
1991,2,391094,1,3,3,2,1,1,3,4,2,3,1981,2,2
1991,1,391095,1,3,3,2,1,1,3,4,2,3,1983,2,2
1991,2,391095,1,2,2,2,1,1,3,4,2,3,1990,2,2
1991,1,391096,4,2,2,2,2,2,3,4,2,3,1985,2,2
1991,1,391097,1,3,3,2,1,1,3,4,2,3,1985,2,2
1991,2,391097,3,2,2,2,1,1,3,4,2,3,1977,2,2
1991,1,391098,1,3,3,2,1,1,3,4,1,3,1991,2,2
1991,1,391099,1,3,3,2,1,1,3,4,2,3,1980,2,2
1991,2,391099,3,2,2,2,1,1,3,4,2,3,1991,2,2
1991,1,391101,7,7,7,2,4,1,3,1,1,3,1977,2,2
1991,2,391101,1,7,7,2,2,2,3,4,2,3,1988,2,2
1991,1,391102,2,2,2,1,2,2,3,4,2,3,1987,2,2
1991,1,391104,1,1,1,2,1,1,3,4,2,3,1974,1,2
1991,1,391105,1,2,2,2,1,1,3,4,2,3,1988,2,2
1991,2,391105,4,2,2,1,1,1,3,4,2,3,1984,2,2
1991,1,391106,6,3,3,1,3,3,3,4,2,3,1986,1,2
1991,1,391107,6,7,7,2,1,1,3,4,2,3,1981,1,2
1991,1,391108,1,4,4,2,1,1,3,4,2,3,1979,2,2
1991,2,391108,4,2,2,2,1,1,3,4,2,3,1987,2,2
1991,1,391109,2,5,5,2,1,1,3,4,1,3,1979,2,2
1991,1,391110,1,2,2,2,1,1,3,4,2,3,1987,2,2
1991,2,391110,1,2,2,2,1,1,3,4,2,3,1985,2,2
1991,1,391111,4,7,7,2,2,2,3,4,1,3,1984,2,2
1991,1,391112,1,2,2,2,1,1,3,4,1,3,1980,2,2
1991,1,391113,7,3,3,2,4,1,3,1,1,3,1982,2,2
1991,1,391114,1,3,3,2,1,1,3,4,2,3,1979,2,2
1991,1,391115,1,2,2,1,1,1,3,4,1,3,1985,2,2
1991,1,391116,2,2,2,2,1,1,3,4,2,3,1984,2,2
1991,2,391116,1,2,2,2,1,1,3,4,2,3,1987,2,2
1991,1,391117,4,5,4,2,1,1,3,4,2,3,1985,2,2
1991,1,391121,1,2,2,2,1,1,3,4,2,3,1986,2,2
1991,1,391122,1,3,2,2,1,1,3,4,2,3,1970,1,2
1991,1,391123,2,2,2,2,1,1,3,4,2,3,1985,2,2
1991,2,391123,6,5,5,2,1,1,3,4,2,3,1985,2,2
1991,1,391124,1,2,2,2,2,2,3,4,1,3,1984,2,2
1991,1,391125,2,3,2,2,2,2,3,4,1,3,1983,2,2
1991,1,391126,3,2,2,2,2,2,3,4,2,3,1990,2,2
1991,1,391127,1,3,2,2,2,2,3,4,1,3,1975,2,2
1991,1,391128,1,7,7,2,1,1,3,4,2,3,1982,2,2
1991,1,391129,1,2,2,2,1,1,3,4,2,3,1986,2,2
1991,1,391130,2,3,3,1,1,1,3,4,2,3,1984,2,2
1991,1,391131,4,2,2,2,1,1,3,4,2,3,1988,2,2
1991,1,391132,4,2,2,2,1,1,3,4,2,3,1984,2,2
1991,1,391133,6,4,4,2,1,1,3,4,2,3,1983,2,2
1991,2,391133,6,2,2,2,1,1,3,4,2,3,1984,2,2
1991,1,391134,2,2,3,1,1,1,3,4,1,3,1990,2,2
1991,1,391135,2,2,2,2,1,1,3,4,2,3,1988,2,2
1991,1,391136,3,2,2,2,1,1,3,4,2,3,1978,2,2
1991,1,391137,6,5,5,1,1,1,3,4,2,3,1990,2,2
1991,1,391138,1,2,2,2,1,1,3,4,2,3,1989,2,2
1991,1,391139,1,2,2,2,2,2,3,4,2,3,1985,2,2
1991,1,391141,1,5,5,1,2,2,3,4,1,3,1987,2,2
1991,1,391142,7,7,7,2,4,1,3,1,2,3,1979,2,2
1991,1,391143,1,5,6,1,1,1,3,4,1,3,1989,2,2
1991,1,391144,1,2,2,2,1,1,3,4,2,3,1976,2,2
1991,1,391145,1,2,2,2,2,2,3,4,2,3,1989,2,2
1991,1,391147,1,2,2,2,1,1,3,4,2,3,1987,2,2
1991,2,391147,1,2,2,2,1,1,3,4,2,3,1989,2,2
1991,1,391148,2,2,2,2,1,1,3,4,1,3,1990,2,2
1991,2,391148,1,4,4,2,1,1,3,4,2,3,1980,2,2
1991,1,391149,1,2,2,2,1,1,3,4,2,3,1984,2,2
1991,2,391149,1,2,2,2,1,1,3,4,2,3,1990,2,2
1991,1,391150,1,2,6,1,1,1,3,4,2,3,1985,2,2
1991,1,391151,1,2,2,2,1,1,3,4,2,3,1985,2,2
1991,1,391153,9,2,2,2,1,1,3,4,1,3,1987,2,2
1991,1,391154,1,2,2,2,1,1,3,4,2,3,1985,2,2
1991,2,391154,1,2,2,2,1,1,3,4,2,3,1981,2,2
1991,1,391155,1,2,6,1,1,1,3,4,1,3,1979,2,2
1991,1,391156,5,3,3,2,1,1,3,4,1,3,1981,2,2
1991,1,391157,1,2,2,2,1,1,3,4,2,3,1991,2,2
1991,2,391157,2,2,2,1,1,1,3,4,2,3,1990,2,2
1991,1,391158,1,5,5,2,1,1,3,4,2,3,1985,2,2
1991,1,391159,1,2,2,2,1,1,3,4,2,3,1985,2,2
1991,2,391159,7,2,2,2,4,2,3,2,1,3,1989,2,2
1991,1,391161,1,5,5,2,1,1,3,4,2,3,1985,2,2
1991,2,391161,6,2,2,2,1,1,3,4,2,3,1984,2,2
1991,1,391162,1,2,2,2,1,1,3,4,2,3,1986,2,2
1991,2,391162,1,2,2,2,1,1,3,4,1,3,1988,2,2
1991,1,391163,6,2,2,2,3,3,3,4,2,3,1982,2,2
1991,1,391164,1,2,2,2,1,1,3,4,2,3,1989,2,2
1991,1,391165,6,3,6,1,1,1,3,4,1,3,1991,2,2
1991,1,391166,1,2,2,2,1,1,3,4,2,3,1990,2,2
1991,2,391166,1,2,6,1,1,1,3,4,2,3,1987,2,2
1991,1,391167,6,2,2,2,1,1,3,4,2,3,1985,2,2
1991,2,391167,1,5,2,2,1,1,3,4,2,3,1979,2,2
1991,1,391168,1,2,2,2,1,1,3,4,2,3,9999,2,2
1991,2,391168,1,2,2,2,1,1,3,4,2,3,1988,2,2
1991,1,391169,6,2,6,1,1,1,3,4,2,3,1985,2,2
1991,1,391170,1,2,6,1,1,1,3,4,1,3,1985,2,2
1991,1,391171,3,2,2,2,1,1,3,4,2,3,1991,2,2
1991,1,391172,1,2,2,2,1,1,3,4,2,3,1989,2,2
1991,2,391172,1,4,4,2,1,1,3,4,2,3,1989,2,2
1991,3,391172,1,3,3,2,1,1,3,4,2,3,1982,2,2
1991,1,391173,1,3,3,2,1,1,3,4,1,3,1978,2,2
1991,1,391174,6,2,2,2,1,1,3,4,2,3,1988,2,2
1991,1,391175,3,7,7,1,1,1,3,4,2,3,1989,2,2
1991,1,391176,1,2,2,2,1,1,3,4,2,3,1989,2,2
1991,2,391176,1,2,2,2,1,1,3,4,2,3,1970,2,2
1991,1,391177,1,2,2,2,1,1,3,4,2,3,1984,2,2
1991,1,391178,1,2,2,2,2,2,3,4,2,3,1982,2,2
1991,1,391179,1,2,2,2,1,1,3,4,2,3,1978,2,2
1991,1,391180,2,3,3,2,1,1,3,4,2,3,1989,2,2
1991,1,391181,1,1,1,1,1,1,3,4,2,3,1985,2,2
1991,1,391182,2,5,5,1,2,2,3,4,1,3,1974,2,2
1991,1,391183,1,2,2,2,1,1,3,4,2,3,1990,2,2
1991,2,391183,1,5,5,2,1,1,3,4,2,3,1970,2,2
1991,1,391185,1,5,5,2,1,1,3,4,2,3,1983,2,2
1991,1,391186,1,2,2,2,1,1,3,4,2,3,1986,2,2
1991,2,391186,1,2,2,2,1,1,3,4,2,3,1984,2,2
1991,3,391186,1,2,2,2,1,1,3,4,2,3,1986,2,2
1991,4,391186,4,2,2,2,1,1,3,4,2,3,1978,2,2
1991,1,391187,1,2,2,2,1,1,3,4,2,3,1986,2,2
1991,2,391187,1,2,2,2,1,1,3,4,2,3,1983,2,2
1991,1,391188,6,2,2,2,1,1,3,4,2,3,1988,2,2
1991,2,391188,2,3,3,2,1,1,3,4,2,3,1978,2,2
1991,1,391189,7,2,2,2,4,2,3,2,1,3,1979,2,2
1991,1,391190,1,2,2,2,2,2,3,4,1,3,1987,2,2
1991,1,391192,1,2,2,2,1,1,3,4,2,3,1986,2,2
1991,2,391192,7,2,2,2,4,2,3,2,2,3,1981,2,2
1991,1,391193,9,3,3,2,1,1,3,4,2,3,1990,2,2
1991,1,391194,1,2,2,2,1,1,3,4,2,3,1985,2,2
1991,2,391194,1,2,2,2,1,1,3,4,2,3,1990,2,2
1991,1,391195,2,2,2,2,1,1,3,4,2,3,1989,2,2
1991,2,391195,4,2,2,2,1,1,3,4,2,3,1988,2,2
1991,1,391196,1,2,2,2,1,1,3,4,2,3,1986,2,2
1991,1,391197,1,2,2,2,1,1,3,4,2,3,1988,2,2
1991,2,391197,3,2,2,2,1,1,3,4,2,3,1985,2,2
1991,1,391198,1,2,2,2,1,1,3,4,2,3,1982,2,2
1991,2,391198,1,2,2,2,1,1,3,4,2,3,1984,2,2
1991,1,391199,1,2,2,2,1,1,3,4,2,3,1985,2,2
1991,1,391200,4,2,2,2,1,1,3,4,2,3,1990,2,2
1991,2,391200,2,2,2,2,1,1,3,4,2,3,1976,2,2
1991,1,391201,1,2,2,2,1,1,3,4,2,3,1981,2,2
1991,2,391201,6,5,5,2,1,1,3,4,2,3,1979,2,2
1991,1,391202,1,5,5,2,1,1,3,4,2,3,1979,2,2
1991,2,391202,1,2,2,2,1,1,3,4,2,3,1981,2,2
1991,1,391203,6,3,3,2,1,1,3,4,1,3,1986,2,2
1991,1,391204,1,2,2,2,1,1,3,4,2,3,1978,2,2
1991,1,391205,1,2,2,2,1,1,3,4,2,3,1980,2,2
1991,1,391206,1,1,1,1,2,2,3,4,2,3,1983,1,2
1991,1,391207,6,5,5,2,1,1,3,4,2,3,1977,2,2
1991,2,391207,2,2,2,2,1,1,3,4,2,3,1990,2,2
1991,1,391209,2,3,3,2,1,1,3,4,2,3,1987,2,2
1991,2,391209,1,2,2,2,1,1,3,4,1,3,1991,2,2
1991,1,391210,7,2,2,2,4,1,3,1,2,3,1969,2,2
1991,2,391210,2,2,2,2,1,1,3,4,2,3,1973,2,2
1991,1,391212,7,7,7,2,4,2,3,2,2,3,1978,2,2
1991,1,391214,1,5,5,2,1,1,3,4,2,3,1991,2,2
1991,1,391215,1,3,3,2,1,1,3,4,2,3,1985,2,2
1991,2,391215,1,2,2,2,1,1,3,4,2,3,1987,2,2
1991,1,391216,2,3,4,2,1,1,3,4,2,3,1989,2,2
1991,1,391217,1,7,7,1,1,1,3,4,2,3,1986,2,2
1991,1,391218,1,1,1,1,1,1,3,4,1,3,1981,2,2
1991,1,391219,2,3,3,1,1,1,3,4,2,3,1988,2,2
1991,1,391221,6,2,2,2,1,1,3,4,2,3,1985,2,2
1991,1,391222,1,2,2,2,1,1,3,4,2,3,1985,2,2
1991,1,391223,1,5,5,2,1,1,3,4,2,3,1979,2,2
1991,2,391223,1,2,2,2,1,1,3,4,2,3,1974,2,2
1991,3,391223,1,2,2,2,1,1,3,4,2,3,1991,2,2
1991,1,391224,1,3,3,2,1,1,3,4,2,3,1980,2,2
1991,2,391224,1,2,2,2,2,2,3,4,1,3,1976,2,2
1991,1,391225,1,3,3,2,1,1,3,4,2,3,1987,2,2
1991,1,391226,1,2,2,2,1,1,3,4,2,3,1992,2,2
1991,1,391227,1,2,2,2,1,1,3,4,2,3,1985,2,2
1991,1,391228,1,2,2,2,1,1,3,4,2,3,1989,1,2
1991,1,391230,1,2,2,2,1,1,3,4,2,3,1986,2,2
1991,1,391232,1,2,2,2,2,2,3,4,2,3,1966,2,2
1991,1,391233,6,5,5,2,1,1,3,4,2,3,1990,2,2
1991,2,391233,1,5,5,2,1,1,3,4,2,3,1989,2,2
1991,1,391234,2,2,2,2,1,1,3,4,2,3,1975,2,2
1991,1,391235,1,4,4,2,1,1,3,4,2,3,1984,2,2
1991,2,391235,1,2,2,2,1,1,3,4,2,3,1988,2,2
1991,3,391235,1,2,2,2,1,1,3,4,2,3,1991,2,2
1991,4,391235,1,4,4,2,1,1,3,4,2,3,1989,2,2
1991,1,391236,1,2,2,2,3,3,3,4,2,3,9999,2,2
1991,2,391236,1,2,2,2,1,1,3,4,2,3,1989,2,2
1991,1,391237,2,7,7,2,1,1,3,4,2,3,1989,2,2
1991,1,391238,1,3,5,2,1,1,3,4,1,3,1972,2,2
1991,2,391238,3,5,5,2,1,1,3,4,2,3,1988,2,2
1991,3,391238,6,2,2,2,1,1,3,4,2,3,1986,2,2
1991,1,391240,4,5,6,2,1,1,3,4,2,3,1991,2,2
1991,1,391241,1,3,6,1,1,1,3,4,1,3,1991,2,2
1991,2,391241,6,5,5,2,1,1,3,4,2,3,1985,2,2
1991,1,391242,4,2,2,2,1,1,3,4,2,3,1989,2,2
1991,1,391243,1,2,2,2,1,1,3,4,2,3,1989,2,2
1991,1,391244,4,2,2,2,2,2,3,4,2,3,1988,2,2
1991,2,391244,1,2,2,2,1,1,3,4,2,3,1989,2,2
1991,1,391245,2,2,6,1,1,1,3,4,1,3,1974,2,2
1991,1,391246,1,3,3,2,1,1,3,4,2,3,1980,2,2
1991,2,391246,4,2,2,2,1,1,3,4,2,3,1986,2,2
1991,1,391247,1,2,2,2,1,1,3,4,2,3,1985,2,2
1991,1,391248,1,2,2,2,1,1,3,4,2,3,1984,2,2
1991,2,391248,1,2,2,2,1,1,3,4,2,3,1980,2,2
1991,1,391250,1,5,5,2,1,1,3,4,1,3,1985,2,2
1991,1,391251,1,2,2,2,1,1,3,4,2,3,1982,2,2
1991,1,391253,6,2,2,2,1,1,3,4,2,3,1981,2,2
1991,2,391253,1,2,2,2,1,1,3,4,2,3,1983,2,2
1991,3,391253,1,2,2,2,1,1,3,4,2,3,1987,2,2
1991,1,391254,2,2,5,2,1,1,3,4,1,3,1979,2,2
1991,1,391255,1,3,3,2,1,1,3,4,1,3,1984,2,2
1991,1,391256,1,3,3,2,1,1,3,4,2,3,1989,2,2
1991,1,391257,1,2,6,1,1,1,3,4,1,3,1989,2,2
1991,1,391258,1,5,5,2,1,1,3,4,1,3,1979,2,2
1991,1,391260,1,2,2,2,1,1,3,4,2,3,1986,2,2
1991,1,391261,8,5,5,2,1,1,3,4,2,3,1990,2,2
1991,1,391262,6,2,5,1,1,1,3,4,2,3,1974,2,2
1991,2,391262,4,3,3,2,1,1,3,4,2,3,1987,2,2
1991,1,391263,4,2,2,2,1,1,3,4,2,3,1990,2,2
1991,2,391263,1,4,4,2,1,1,3,4,2,3,1984,2,2
1991,1,391265,1,2,2,2,1,1,3,4,2,3,1976,2,2
1991,2,391265,1,5,5,2,1,1,3,4,2,3,1991,2,2
1991,1,391266,1,2,2,2,1,2,3,4,1,3,1985,2,2
1991,2,391266,6,5,5,2,1,1,3,4,2,3,1991,2,2
1991,1,391267,1,2,3,2,1,1,3,4,2,3,1986,2,2
1991,1,391268,1,5,5,2,1,1,3,4,2,3,1985,2,2
1991,2,391268,1,2,2,2,1,1,3,4,2,3,1983,2,2
1991,1,391269,1,2,2,2,1,1,3,4,1,3,1981,2,2
1991,1,391270,7,3,3,2,4,1,3,1,2,3,1982,1,2
1991,1,391271,1,2,2,2,1,1,3,4,2,3,1979,2,2
1991,2,391271,1,5,5,2,1,1,3,4,2,3,1978,2,2
1991,1,391273,1,5,5,2,1,1,3,4,2,3,1990,2,2
1991,2,391273,2,2,2,2,1,1,3,4,2,3,1983,2,2
1991,1,391274,4,2,2,2,1,1,3,4,2,3,1991,2,2
1991,2,391274,1,5,5,2,1,1,3,4,2,3,1990,2,2
1991,1,391275,1,2,2,2,1,1,3,4,2,3,1977,2,2
1991,1,391277,1,2,6,1,1,1,3,4,2,3,1988,2,2
1991,1,391278,1,2,2,2,2,2,3,4,1,3,1979,2,2
1991,1,391279,1,2,2,2,1,1,3,4,1,3,1978,2,2
1991,1,391280,1,2,2,2,1,1,3,4,2,3,1987,2,2
1991,1,391281,1,2,6,1,2,2,3,4,1,3,1986,2,2
1991,1,391282,2,2,2,1,1,1,3,4,2,3,1985,2,2
1991,2,391282,2,2,2,2,1,1,3,4,2,3,1991,2,2
1991,1,391283,1,3,6,1,2,2,3,4,1,3,1990,2,2
1991,1,391284,9,3,3,2,1,1,3,4,2,3,1973,2,2
1991,1,391285,1,4,6,1,1,1,3,4,2,3,1988,2,2
1991,2,391285,9,7,7,2,3,3,3,4,2,3,9999,2,2
1991,1,391287,1,2,2,2,2,2,3,4,1,3,1987,2,2
1991,1,391288,1,3,5,2,1,1,3,4,1,3,1984,2,2
1991,1,391289,1,2,2,2,1,1,3,4,2,3,1981,2,2
1991,2,391289,1,5,5,2,1,1,3,4,2,3,1983,2,2
1991,1,391290,2,3,2,2,1,1,3,4,2,3,1977,2,2
1991,2,391290,1,4,4,2,1,1,3,4,2,3,1990,2,2
1991,3,391290,4,2,2,2,1,1,3,4,2,3,1975,2,2
1991,1,391291,2,1,1,1,1,1,3,4,1,3,1991,2,2
1991,1,391292,2,5,5,2,1,1,3,4,2,3,1982,2,2
1991,2,391292,7,2,2,2,4,1,3,1,2,3,1990,2,2
1991,1,391293,2,2,2,2,1,1,3,4,2,3,1990,2,2
1991,2,391293,1,2,2,2,1,1,3,4,2,3,1981,2,2
1991,1,391294,1,3,3,2,1,1,3,4,2,3,1985,2,2
1991,2,391294,6,2,2,2,1,1,3,4,2,3,1988,2,2
1991,1,391295,1,3,3,2,1,1,3,4,2,3,1987,2,2
1991,1,391296,6,2,5,2,1,1,3,4,2,3,1981,2,2
1991,2,391296,1,3,3,2,1,1,3,4,2,3,1981,2,2
1991,1,391297,1,3,2,2,1,1,3,4,2,3,1982,2,2
1991,2,391297,6,5,5,2,1,1,3,4,2,3,1986,2,2
1991,1,391298,1,3,3,2,1,1,3,4,2,3,1987,2,2
1991,2,391298,1,2,2,2,1,1,3,4,2,3,1989,2,2
1991,1,391299,2,2,2,2,1,1,3,4,2,3,1978,2,2
1991,1,391300,1,3,3,1,2,2,3,4,1,3,1982,2,2
1991,1,391301,6,2,2,2,1,1,3,4,2,3,1990,2,2
1991,2,391301,1,4,4,2,1,1,3,4,2,3,1990,2,2
1991,1,391302,2,2,2,2,1,1,3,4,2,3,1983,2,2
1991,2,391302,6,3,3,2,1,1,3,4,2,3,1986,2,2
1991,1,391303,6,2,2,2,1,1,3,4,2,3,1990,2,2
1991,2,391303,1,5,5,2,1,1,3,4,2,3,1984,2,2
1991,1,391304,1,2,2,2,1,1,3,4,2,3,1991,2,2
1991,1,391305,2,2,2,2,1,1,3,4,2,3,1990,1,2
1991,1,391306,1,2,2,2,1,1,3,4,1,3,1983,2,2
1991,1,391307,1,2,2,2,1,1,3,4,2,3,1991,2,2
1991,2,391307,1,2,2,2,2,2,3,4,2,3,1992,2,2
1991,1,391308,1,2,2,2,1,1,3,4,2,3,1983,2,2
1991,2,391308,3,2,2,2,1,1,3,4,2,3,1991,2,2
1991,1,391309,1,3,4,2,1,1,3,4,1,3,1990,2,2
1991,2,391309,1,2,2,2,1,1,3,4,2,3,1985,2,2
1991,1,391310,1,5,5,2,2,2,3,4,1,3,1976,2,2
1991,1,391311,1,5,5,2,1,1,3,4,2,3,1986,2,2
1991,1,391312,1,4,4,2,1,1,3,4,2,3,1986,1,2
1991,1,391313,6,2,2,2,1,1,3,4,2,3,1971,2,2
1991,2,391313,1,2,2,2,1,1,3,4,2,3,1988,2,2
1991,1,391314,1,2,2,2,2,2,3,4,2,3,1986,2,2
1991,2,391314,1,2,2,2,1,1,3,4,2,3,1988,2,2
1991,3,391314,1,2,4,2,1,1,3,4,2,3,1986,2,2
1991,4,391314,1,3,3,2,1,1,3,4,2,3,1987,2,2
1991,1,391315,1,3,3,2,1,1,3,4,2,3,1989,2,2
1991,2,391315,1,2,2,2,1,1,3,4,2,3,1986,2,2
1991,1,391316,1,7,7,2,1,1,3,4,2,3,1992,2,2
1991,1,391317,1,3,3,1,1,1,3,4,1,3,1978,2,2
1991,1,391318,1,2,2,2,1,1,3,4,2,3,1987,2,2
1991,2,391318,1,5,5,2,1,1,3,4,2,3,1976,2,2
1991,1,391319,2,5,5,2,1,1,3,4,1,3,1983,2,2
1991,1,391320,1,2,2,2,1,2,3,4,1,3,1980,2,2
1991,2,391320,1,2,2,2,1,1,3,4,2,3,1988,2,2
1991,1,391321,1,1,1,1,1,1,3,4,1,3,1990,2,2
1991,1,391322,1,3,3,2,1,1,3,4,2,3,1989,2,2
1991,2,391322,1,2,2,2,2,2,3,4,2,3,1982,2,2
1991,1,391323,1,5,5,2,1,1,3,4,2,3,1989,2,2
1991,1,391324,1,2,2,2,1,1,3,4,2,3,1987,2,2
1991,2,391324,1,2,2,2,1,1,3,4,2,3,1987,2,2
1991,1,391325,1,2,2,2,1,1,3,4,2,3,1985,2,2
1991,2,391325,1,5,5,2,2,2,3,4,2,3,1981,2,2
1991,1,391326,1,3,3,2,1,1,3,4,2,3,1973,2,2
1991,2,391326,1,2,2,2,1,1,3,4,2,3,1985,2,2
1991,1,391327,2,3,3,2,1,1,3,4,2,3,1984,2,2
1991,1,391328,1,3,3,2,1,1,3,4,2,3,1983,2,2
1991,2,391328,1,5,5,2,2,2,3,4,2,3,1989,2,2
1991,1,391329,1,2,6,1,1,1,3,4,2,3,1990,2,1
1991,1,391330,1,4,4,2,2,2,3,4,1,3,1979,2,2
1991,1,391331,1,2,6,1,1,1,3,4,1,3,1988,2,2
1991,1,391332,1,5,5,2,2,2,3,4,2,3,1986,2,2
1991,2,391332,2,2,2,2,1,1,3,4,2,3,1989,2,2
1991,1,391333,1,2,6,1,1,1,3,4,2,3,1978,2,2
1991,1,391334,1,2,2,2,1,1,3,4,1,3,1983,1,2
1991,1,391335,1,2,2,2,2,2,3,4,2,3,1980,2,2
1991,2,391335,6,2,2,2,1,1,3,4,2,3,1982,2,2
1991,1,391336,3,2,6,1,2,2,3,4,2,3,1985,2,2
1991,1,391337,1,3,3,2,1,1,3,4,1,3,1971,2,2
1991,1,391338,2,2,6,1,2,2,3,4,1,3,1989,2,2
1991,1,391339,1,2,2,2,1,1,3,4,2,3,1988,2,2
1991,1,391340,1,2,2,2,1,1,3,4,2,3,1987,2,2
1991,2,391340,6,2,2,2,1,1,3,4,2,3,1989,2,2
1991,1,391341,1,2,2,2,1,1,3,4,2,3,1987,2,2
1991,2,391341,1,2,2,2,1,1,3,4,2,3,1985,2,2
1991,1,391342,1,2,2,2,1,1,3,4,2,3,1983,2,2
1991,2,391342,1,2,2,2,1,1,3,4,2,3,1984,2,2
1991,1,391343,1,2,2,2,1,1,3,4,2,3,1987,2,2
1991,2,391343,4,2,2,2,1,1,3,4,2,3,1990,2,2
1991,1,391344,1,2,2,2,2,2,3,4,2,3,1987,2,2
1991,1,391345,2,2,2,2,1,1,3,4,1,3,1990,2,2
1991,1,391346,1,3,3,2,1,1,3,4,2,3,1991,2,2
1991,1,391347,2,7,7,2,1,1,3,4,1,3,1982,2,2
1991,1,391349,1,5,5,2,1,1,3,4,1,3,1986,2,2
1991,1,391350,1,7,7,2,3,3,3,4,2,3,9999,2,2
1991,1,391351,1,5,5,2,1,1,3,4,2,3,1968,2,2
1991,2,391351,1,2,2,2,2,2,3,4,2,3,1971,2,2
1991,1,391352,1,2,2,2,1,1,3,4,2,3,1981,2,2
1991,1,391353,1,5,5,1,1,1,3,4,1,3,1988,2,2
1991,1,391354,1,2,2,2,1,1,3,4,1,3,1984,2,2
1991,2,391354,2,2,2,2,1,1,3,4,2,3,1988,2,2
1991,1,391355,1,2,2,2,1,1,3,4,2,3,1989,2,2
1991,2,391355,1,2,2,2,1,1,3,4,2,3,1989,2,2
1991,1,391356,1,2,2,2,1,1,3,4,2,3,1980,2,2
1991,2,391356,1,3,3,2,1,1,3,4,2,3,1987,2,2
1991,1,391357,7,2,2,2,4,2,3,2,2,3,1970,2,2
1991,2,391357,1,5,5,2,1,1,3,4,2,3,1974,2,2
1991,1,391358,1,2,5,2,1,1,3,4,1,3,1989,2,2
1991,1,391359,6,5,6,1,1,1,3,4,1,3,1988,2,2
1991,1,391361,1,4,4,2,1,2,3,4,2,3,1983,1,2
1991,1,391362,6,2,2,2,1,1,3,4,2,3,1976,2,2
1991,1,391363,3,2,2,2,1,1,3,4,2,3,1986,1,2
1991,1,391364,3,2,2,2,1,1,3,4,2,3,1988,2,2
1991,2,391364,4,4,4,2,1,1,3,4,2,3,9999,2,2
1991,1,391365,1,2,6,1,1,1,3,4,1,3,1990,2,2
1991,1,391366,5,2,6,1,1,1,3,4,1,3,1987,2,2
1991,1,391367,2,6,6,1,1,1,3,4,1,3,1988,2,2
1991,1,391368,1,2,2,2,1,1,3,4,2,3,1969,2,2
1991,2,391368,1,3,3,2,1,1,3,4,2,3,1985,2,2
1991,1,391369,1,2,2,2,1,1,3,4,1,3,1981,2,2
1991,1,391370,1,2,6,1,1,1,3,4,2,3,1984,2,2
1991,1,391371,6,2,6,1,1,1,3,4,1,3,1989,2,2
1991,1,391372,1,2,6,1,2,2,3,4,1,3,1991,2,2
1991,1,391373,2,5,5,2,1,1,3,4,1,3,1985,2,2
1991,1,391374,2,2,2,2,1,1,3,4,2,3,1989,2,2
1991,2,391374,1,2,2,2,2,2,3,4,2,3,1978,2,2
1991,1,391375,1,3,3,1,2,2,3,4,2,3,1976,2,2
1991,1,391376,7,2,2,2,4,1,3,1,2,3,1982,2,2
1991,2,391376,2,3,3,2,2,2,3,4,2,3,1979,2,2
1991,1,391377,1,7,7,2,1,1,3,4,2,3,1989,2,2
1991,1,391378,1,1,1,1,1,1,3,4,2,3,1986,2,2
1991,1,391379,3,2,2,2,1,1,3,4,2,3,1978,2,2
1991,1,391380,6,2,2,2,1,1,3,4,2,3,1990,2,2
1991,2,391380,2,2,2,2,1,1,3,4,2,3,1986,2,2
1991,1,391381,1,5,5,2,1,1,3,4,2,3,1980,2,2
1991,2,391381,2,2,2,2,1,1,3,4,2,3,1988,2,2
1991,1,391382,2,2,6,1,1,1,3,4,1,3,1984,2,2
1991,1,391383,5,2,2,2,1,1,3,4,2,3,1984,2,2
1991,1,391384,1,2,2,2,1,1,3,4,1,3,1986,2,2
1991,1,391385,1,2,2,2,1,1,3,4,2,3,1983,2,2
1991,2,391385,1,2,2,2,1,1,3,4,2,3,1989,2,2
1991,1,391386,1,2,3,2,2,2,3,4,1,3,1987,2,2
1991,1,391387,1,3,3,2,1,1,3,4,1,3,1991,2,2
1991,1,391388,1,2,2,2,2,2,3,4,1,3,1990,2,2
1991,2,391388,1,2,2,2,1,1,3,4,2,3,1991,2,2
1991,1,391390,1,2,2,2,1,1,3,4,2,3,1983,2,2
1991,1,391391,1,3,3,2,1,1,3,4,1,3,1987,2,2
1991,1,391392,1,2,2,1,2,2,3,4,1,3,1984,2,2
1991,1,391393,1,3,6,1,1,1,3,4,1,3,1990,2,2
1991,1,391394,1,2,2,2,2,2,3,4,2,3,1981,2,2
1991,2,391394,2,2,2,2,1,1,3,4,2,3,1991,2,2
1991,1,391395,1,3,3,2,2,2,3,4,2,3,1987,2,2
1991,1,391396,1,2,2,2,1,1,3,4,2,3,1978,2,1
1991,1,391397,3,1,1,1,1,1,3,4,1,3,1985,2,2
1991,1,391398,2,2,2,2,2,2,3,4,1,3,1986,2,2
1991,2,391398,6,4,4,2,1,1,3,4,2,3,1982,2,2
1991,1,391399,4,2,2,2,1,1,3,4,2,3,1985,2,2
1991,1,391400,1,5,5,2,1,1,3,4,2,3,1980,2,2
1991,2,391400,1,2,2,2,1,1,3,4,1,3,1980,2,2
1991,1,391401,2,2,6,1,1,1,3,4,2,3,1982,2,1
1991,1,391402,6,4,4,2,1,1,3,4,2,3,1986,2,2
1991,1,391403,4,5,5,2,2,2,3,4,2,3,1986,2,2
1991,2,391403,1,2,2,2,1,1,3,4,2,3,1982,2,2
1991,1,391404,6,2,2,2,1,1,3,4,2,3,1980,2,2
1991,2,391404,1,5,5,2,1,1,3,4,2,3,1990,2,2
1991,3,391404,6,4,4,2,1,1,3,4,2,3,1978,2,2
1991,4,391404,1,2,2,2,1,1,3,4,2,3,1985,2,2
1991,1,391405,5,5,5,2,1,1,3,4,2,3,1986,2,2
1991,2,391405,9,2,2,2,3,3,3,4,2,3,1984,2,2
1991,3,391405,7,4,4,2,4,3,3,3,2,3,1988,2,2
1991,1,391406,1,2,2,2,1,1,3,4,2,3,1989,2,2
1991,1,391408,1,3,3,1,1,1,3,4,1,3,1985,2,2
1991,1,391409,1,7,7,2,1,1,3,4,2,3,1986,2,2
1991,1,391410,4,3,4,2,2,2,3,4,2,3,1977,2,2
1991,1,391411,3,2,6,1,1,1,3,4,2,3,1979,2,2
1991,2,391411,1,2,2,2,1,1,3,4,2,3,1980,2,2
1991,1,391412,1,3,3,2,1,1,3,4,2,3,1984,2,2
1991,2,391412,6,2,2,1,1,1,3,4,2,3,1981,2,2
1991,1,391414,1,2,2,2,1,1,3,4,2,3,1982,2,2
1991,2,391414,1,3,3,2,3,3,3,4,2,3,1980,2,2
1991,1,391415,1,2,2,2,1,1,3,4,1,3,1991,2,2
1991,1,391416,4,2,2,2,1,1,3,4,1,3,1990,2,2
1991,1,391417,1,2,5,2,2,2,3,4,1,3,1985,2,2
1991,1,391418,9,2,2,2,3,3,3,4,2,3,9999,2,2
1991,1,391419,1,2,2,2,1,1,3,4,2,3,1988,1,2
1991,1,391420,1,2,2,2,1,1,3,4,2,3,1981,2,2
1991,1,391421,1,2,6,1,1,1,3,4,1,3,1982,2,2
1991,1,391422,1,2,2,2,1,1,3,4,2,3,1991,2,2
1991,1,391423,1,2,2,2,1,1,3,4,1,3,1986,2,2
1991,1,391424,1,2,2,2,1,1,3,4,2,3,1986,2,2
1991,1,391425,1,5,5,2,1,1,3,4,2,3,1985,2,2
1991,2,391425,1,2,2,2,1,1,3,4,2,3,1992,2,2
1991,1,391426,1,2,2,2,1,1,3,4,1,3,1981,2,2
1991,1,391427,2,1,1,1,1,1,3,4,1,3,1990,2,2
1991,1,391428,6,2,2,2,1,1,3,4,2,3,1985,2,2
1991,2,391428,1,3,3,2,1,1,3,4,2,3,1987,2,2
1991,1,391429,9,7,7,2,3,3,3,4,2,3,9999,2,2
1991,1,391430,4,2,2,2,1,1,3,4,2,3,1988,2,2
1991,2,391430,1,3,3,2,3,3,3,4,2,3,1983,2,2
1991,1,391431,1,2,2,2,1,1,3,4,2,3,1976,2,2
1991,2,391431,1,3,3,2,1,1,3,4,2,3,1985,2,2
1991,1,391432,2,2,2,2,1,1,3,4,2,3,1978,2,2
1991,1,391433,1,2,2,2,1,1,3,4,2,3,1988,2,2
1991,1,391434,1,2,2,2,1,1,3,4,2,3,1982,2,2
1991,2,391434,1,5,5,2,1,1,3,4,2,3,1989,2,2
1991,1,391435,4,2,2,2,1,1,3,4,2,3,1983,2,2
1991,2,391435,1,5,5,2,1,1,3,4,2,3,1979,2,2
1991,1,391436,1,2,2,2,1,1,3,4,1,3,1982,2,2
1991,1,391437,6,2,2,2,1,1,3,4,2,3,1990,2,2
1991,1,391438,1,2,2,2,1,1,3,4,1,3,1979,2,2
1991,1,391439,1,2,2,2,1,1,3,4,2,3,1982,2,2
1991,1,391440,2,2,2,2,1,1,3,4,2,3,1987,2,2
1991,2,391440,2,5,5,2,1,1,3,4,2,3,1983,2,2
1991,1,391442,4,2,2,2,1,1,3,4,2,3,1983,2,2
1991,1,391443,1,2,2,2,1,1,3,4,2,3,1984,2,2
1991,1,391445,1,2,2,2,1,1,3,4,2,3,1985,2,2
1991,1,391446,2,7,7,1,1,1,3,4,1,3,1984,2,2
1991,1,391447,1,2,4,2,1,1,3,4,2,3,1988,2,2
1991,2,391447,2,2,2,2,3,3,3,4,2,3,1988,2,2
1991,1,391448,1,3,3,2,1,1,3,4,2,3,1982,2,2
1991,1,391449,1,3,3,2,1,1,3,4,2,3,1987,1,2
1991,2,391449,1,2,2,2,1,1,3,4,2,3,1983,2,2
1991,1,391450,1,3,3,2,1,1,3,4,1,3,1987,2,2
1991,1,391451,1,2,2,2,1,1,3,4,2,3,1991,2,2
1991,1,391452,4,2,2,2,1,1,3,4,2,3,1987,2,2
1991,1,391453,1,5,5,2,1,1,3,4,2,3,1986,1,2
1991,1,391454,2,2,2,2,1,1,3,4,2,3,1990,2,2
1991,1,391455,1,2,2,2,1,1,3,4,2,3,1970,2,2
1991,1,391456,1,2,2,2,1,1,3,4,2,3,1987,2,2
1991,2,391456,1,2,2,2,1,1,3,4,2,3,1986,2,2
1991,1,391457,2,5,5,1,2,2,3,4,1,3,1972,2,2
1991,1,391458,1,2,2,2,1,1,3,4,1,3,1984,2,2
1991,2,391458,1,2,2,2,1,1,3,4,2,3,1987,2,2
1991,1,391459,6,5,5,2,1,1,3,4,2,3,1987,2,2
1991,1,391460,1,7,7,1,1,1,3,4,1,3,1982,2,2
1991,1,391461,2,2,2,2,1,1,3,4,2,3,1988,2,2
1991,2,391461,2,2,2,1,1,1,3,4,2,3,1987,2,2
1991,1,391463,1,2,2,2,1,1,3,4,2,3,1981,2,2
1991,2,391463,1,5,5,2,1,1,3,4,2,3,1986,2,2
1991,3,391463,6,2,2,2,1,1,3,4,2,3,1978,2,2
1991,1,391464,6,2,2,2,3,3,3,4,2,3,1991,2,2
1991,2,391464,1,3,3,2,1,1,3,4,2,3,1985,2,2
1991,1,391465,1,7,7,1,1,1,3,4,2,3,1985,2,2
1991,1,391466,2,7,7,2,3,3,3,4,2,3,9999,2,2
1991,1,391468,6,2,2,2,1,1,3,4,2,3,1987,2,2
1991,2,391468,6,2,2,2,1,1,3,4,2,3,1987,2,2
1991,3,391468,6,6,6,2,1,1,3,4,2,3,1988,2,2
1991,4,391468,1,2,2,2,1,1,3,4,2,3,1992,2,2
1991,1,391469,2,2,2,2,1,1,3,4,1,3,1975,2,2
1991,1,391470,1,5,5,2,1,1,3,4,2,3,1988,2,2
1991,1,391471,1,2,2,2,1,2,3,4,2,3,1984,2,2
1991,2,391471,1,2,2,2,1,1,3,4,2,3,1990,2,2
1991,1,391472,1,3,3,2,1,1,3,4,2,3,1989,2,2
1991,2,391472,1,5,5,2,1,1,3,4,2,3,1984,2,2
1991,1,391473,1,5,5,2,1,1,3,4,1,3,1981,2,2
1991,1,391474,1,2,2,2,1,1,3,4,2,3,1983,2,2
1991,2,391474,1,3,3,2,1,1,3,4,1,3,1984,2,2
1991,1,391475,1,2,2,2,1,1,3,4,2,3,1986,2,2
1991,2,391475,1,3,3,2,1,1,3,4,2,3,1987,2,2
1991,1,391476,1,2,2,2,1,1,3,4,2,3,1986,2,2
1991,2,391476,1,2,2,2,1,1,3,4,2,3,1979,2,2
1991,1,391477,1,2,6,1,1,1,3,4,2,3,1984,2,2
1991,1,391478,1,6,6,2,1,1,3,4,1,3,1989,2,2
1991,1,391479,1,3,6,1,1,1,3,4,2,3,1980,2,2
1991,1,391480,1,3,3,2,1,1,3,4,1,3,1983,2,2
1991,1,391481,1,5,5,2,1,1,3,4,1,3,1987,2,2
1991,1,391482,1,2,2,2,1,1,3,4,2,3,1980,2,2
1991,2,391482,1,2,2,2,1,1,3,4,2,3,1988,2,2
1991,1,391483,1,2,2,2,1,1,3,4,1,3,1978,2,2
1991,1,391484,1,2,6,1,2,2,3,4,1,3,1982,2,2
1991,1,391485,1,2,2,2,1,1,3,4,2,3,1989,2,2
1991,2,391485,4,2,2,2,1,1,3,4,2,3,1986,2,2
1991,1,391486,1,5,5,2,1,1,3,4,1,3,1986,2,2
1991,1,391487,2,2,2,2,1,1,3,4,1,3,1988,2,2
1991,1,391488,1,5,5,2,1,1,3,4,2,3,1989,2,2
1991,2,391488,1,2,2,2,1,1,3,4,2,3,1989,2,2
1991,3,391488,1,5,2,2,1,1,3,4,2,3,1984,2,2
1991,1,391489,1,3,3,2,3,3,3,4,2,3,1979,2,2
1991,2,391489,4,2,2,2,1,1,3,4,2,3,1989,2,2
1991,1,391490,1,2,2,2,1,1,3,4,2,3,1981,2,2
1991,2,391490,1,2,2,2,1,1,3,4,2,3,1981,2,2
1991,1,391491,1,2,2,2,1,1,3,4,2,3,1982,2,2
1991,1,391492,9,2,2,2,3,3,3,4,2,3,9999,2,2
1991,1,391493,1,2,2,2,2,2,3,4,2,3,1978,2,2
1991,2,391493,1,2,2,2,1,1,3,4,2,3,1982,2,2
1991,1,391494,1,2,2,2,1,1,3,4,2,3,1988,2,2
1991,1,391495,1,7,7,2,1,1,3,4,2,3,1990,2,2
1991,1,391496,2,2,2,2,1,1,3,4,2,3,1984,2,2
1991,1,391497,1,3,3,2,1,1,3,4,2,3,1991,2,2
1991,2,391497,3,2,2,2,1,1,3,4,2,3,1991,2,2
1991,1,391498,7,3,4,2,4,1,3,1,1,3,1988,2,2
1991,1,391499,2,5,5,2,1,1,3,4,2,3,1984,2,2
1991,2,391499,1,2,2,2,1,1,3,4,2,3,1974,2,2
1991,1,391500,1,3,3,2,1,1,3,4,2,3,1984,2,2
1991,2,391500,1,2,2,2,1,1,3,4,2,3,1989,2,2
1991,3,391500,1,5,5,2,1,1,3,4,2,3,1989,2,2
1991,1,391501,1,1,1,1,1,3,3,4,2,3,1986,2,2
1991,1,391502,1,7,7,2,3,3,3,4,2,3,9999,2,2
1991,1,391503,1,5,5,2,1,1,3,4,2,3,1985,2,2
1991,1,391505,1,2,2,2,1,1,3,4,2,3,1989,2,2
1991,1,391507,1,2,2,2,1,1,3,4,2,3,1989,2,2
1991,2,391507,1,3,3,2,1,1,3,4,2,3,1988,2,2
1991,1,391508,2,2,2,2,1,1,3,4,2,3,1972,2,2
1991,2,391508,1,2,2,2,1,1,3,4,2,3,1983,2,2
1991,1,391509,1,2,2,2,1,1,3,4,2,3,1978,2,2
1991,1,391510,6,3,3,1,1,1,3,4,2,3,1990,1,2
1991,1,391511,1,7,7,2,1,1,3,4,2,3,1978,2,2
1991,2,391511,1,2,2,2,2,2,3,4,2,3,1986,2,2
1991,1,391512,1,3,3,2,1,1,3,4,2,3,1982,1,2
1991,1,391513,1,5,5,2,1,1,3,4,2,3,1988,2,2
1991,2,391513,6,2,2,2,1,1,3,4,2,3,1992,2,2
1991,1,391514,1,3,3,2,1,1,3,4,1,3,1985,2,2
1991,2,391514,1,2,2,2,1,1,3,4,2,3,1977,2,2
1991,1,391515,1,3,3,2,1,1,3,4,2,3,1977,2,2
1991,1,391523,1,3,4,2,1,1,3,4,2,3,1990,2,2
1991,1,391527,1,7,7,1,1,1,3,4,2,3,1984,2,2
1991,1,391528,1,2,2,2,1,1,3,4,2,3,1991,2,2
1991,2,391528,1,5,5,2,1,1,3,4,2,3,1985,2,2
1991,1,391530,1,2,2,2,1,1,3,4,2,3,1976,2,2
1991,2,391530,6,2,2,2,1,1,3,4,2,3,1987,2,2
1991,1,391532,1,2,2,2,1,1,3,4,2,3,1982,2,2
1991,2,391532,1,2,2,2,1,1,3,4,2,3,1991,2,2
1991,3,391532,1,2,2,2,1,1,3,4,2,3,1988,2,2
1991,1,391534,1,2,2,2,1,1,3,4,2,3,1983,2,2
1991,2,391534,6,4,4,2,1,1,3,4,2,3,1984,2,2
1991,1,391535,1,5,5,2,1,1,3,4,2,3,1986,2,2
1991,2,391535,1,2,2,2,1,1,3,4,2,3,1989,2,2
1991,3,391535,1,2,2,2,1,1,3,4,2,3,1988,2,2
1991,4,391535,1,2,2,2,1,1,3,4,2,3,1979,2,2
1991,1,391536,2,2,2,2,2,2,3,4,2,3,1983,2,2
1991,2,391536,6,4,4,2,1,1,3,4,2,3,1979,2,2
1991,1,391539,1,2,3,2,1,1,3,4,1,3,1990,2,2
1991,1,391540,2,2,2,2,1,1,3,4,2,3,1988,2,2
1991,2,391540,9,5,5,2,1,2,3,4,2,3,1991,2,2
1991,1,391541,1,5,2,2,2,2,3,4,2,3,1988,2,2
1991,1,391542,4,2,2,2,3,3,3,4,2,3,1982,2,2
1991,1,391543,4,2,2,2,1,1,3,4,2,3,1987,2,2
1991,2,391543,1,3,3,2,2,2,3,4,1,3,1979,2,2
1991,3,391543,1,2,2,2,1,1,3,4,2,3,1990,2,2
1991,1,391544,7,4,4,2,4,1,3,1,2,3,1983,2,2
1991,2,391544,1,2,2,2,2,2,3,4,2,3,1984,2,2
1991,1,391546,2,2,2,2,1,1,3,4,1,3,1987,2,2
1991,1,391547,1,2,2,2,1,1,3,4,1,3,1975,2,2
1991,2,391547,4,2,2,2,1,1,3,4,2,3,1989,2,2
1991,3,391547,1,2,2,2,1,1,3,4,2,3,1992,2,2
1991,4,391547,1,5,5,2,1,1,3,4,2,3,1991,2,2
1991,5,391547,1,2,2,2,1,1,3,4,2,3,1983,2,2
1991,1,391548,2,4,4,2,1,1,3,4,2,3,1986,2,2
1991,1,391549,1,5,5,2,3,3,3,4,2,3,1979,2,2
1991,2,391549,1,3,2,2,1,1,3,4,1,3,1987,2,2
1991,1,400001,2,2,2,1,1,1,3,4,1,3,1989,2,2
1991,1,400002,2,1,1,1,1,1,3,4,1,3,1991,2,2
1991,1,400003,5,2,2,1,1,1,3,4,1,3,1982,2,2
1991,1,400004,5,2,2,1,1,1,3,4,1,3,1975,2,2
1991,1,400005,6,2,2,2,1,1,3,4,1,3,1988,2,2
1991,2,400005,2,4,4,2,1,1,3,4,2,3,1987,2,2
1991,1,400006,2,3,3,2,1,1,3,4,1,3,1990,2,2
1991,2,400006,8,2,2,2,1,1,3,4,2,1,1983,2,2
1991,1,400007,2,2,2,2,1,1,3,4,2,3,1986,2,2
1991,2,400007,1,2,2,2,1,1,3,4,2,3,1977,2,2
1991,1,400008,5,5,5,2,1,1,3,4,2,3,1989,2,2
1991,1,400009,1,5,5,2,1,1,3,4,2,3,1985,2,2
1991,2,400009,1,2,2,2,1,1,3,4,2,3,1990,2,2
1991,1,400010,3,5,5,1,1,1,3,4,1,3,1968,2,2
1991,1,400011,7,2,2,2,4,2,3,2,1,3,1984,2,2
1991,1,400012,1,2,2,2,2,2,3,4,2,3,1975,1,2
1991,1,400013,2,2,2,2,1,1,3,4,2,3,1990,2,2
1991,1,400014,1,2,2,1,1,1,3,4,1,3,1988,2,1
1991,1,400015,1,2,2,2,1,1,3,4,2,3,1970,2,2
1991,2,400015,6,2,2,2,1,1,3,4,2,3,1980,2,2
1991,1,400016,1,2,2,2,1,1,3,4,2,3,1984,2,2
1991,1,400017,6,2,2,1,1,1,3,4,1,3,1989,2,2
1991,2,400017,8,2,2,2,1,1,3,4,2,1,1985,2,2
1991,1,400018,2,2,2,2,1,1,3,4,1,3,1986,2,2
1991,2,400018,1,5,5,2,1,1,3,4,2,3,1982,2,2
1991,1,400019,1,3,3,1,1,1,3,4,2,3,1971,2,2
1991,2,400019,1,2,2,2,1,1,3,4,2,3,1978,2,2
1991,1,400020,1,5,5,2,1,1,3,4,2,3,1977,2,2
1991,2,400020,2,2,2,2,1,1,3,4,1,3,1982,2,2
1991,1,400021,1,2,2,2,1,1,3,4,2,3,1984,2,2
1991,2,400021,6,2,2,2,1,1,3,4,2,3,1971,2,2
1991,1,400022,2,2,2,2,1,1,3,4,1,3,1978,2,2
1991,1,400023,2,2,2,2,1,1,3,4,1,3,1987,2,2
1991,1,400024,2,3,3,1,1,1,3,4,1,3,1969,2,2
1991,1,400025,3,2,2,2,1,1,3,4,2,3,1987,2,1
1991,1,400026,1,5,5,2,1,1,3,4,2,3,1978,2,2
1991,2,400026,6,2,2,2,1,1,3,4,2,3,1989,2,2
1991,1,400027,1,2,2,2,1,1,3,4,2,3,1988,1,2
1991,2,400027,6,2,2,2,3,3,3,4,2,3,1985,2,2
1991,1,400028,1,5,5,2,1,1,3,4,1,3,1990,2,2
1991,1,400029,3,6,2,2,2,2,3,4,2,3,1991,2,2
1991,1,400030,1,4,4,1,1,1,3,4,2,3,1976,2,2
1991,1,400031,3,2,2,2,1,1,3,4,2,3,1986,2,2
1991,1,400032,6,2,2,2,1,1,3,4,1,3,1979,2,2
1991,2,400032,1,2,2,2,1,1,3,4,2,3,1989,2,2
1991,1,400033,1,2,2,2,1,1,3,4,2,3,1986,2,2
1991,2,400033,1,2,2,2,1,1,3,4,2,3,1990,2,2
1991,1,400034,1,2,2,1,1,1,3,4,1,3,1988,2,2
1991,1,400035,1,2,2,2,1,1,3,4,2,3,1978,1,2
1991,2,400035,3,4,4,2,1,1,3,4,2,3,1989,2,2
1991,1,400036,1,5,5,2,1,1,3,4,2,3,1985,2,2
1991,2,400036,2,2,2,2,1,1,3,4,2,3,1978,2,2
1991,1,400037,1,2,5,1,1,1,3,4,1,3,1989,2,2
1991,2,400037,1,4,4,2,1,1,3,4,2,3,1983,2,2
1991,3,400037,1,4,4,2,1,1,3,4,2,3,1986,2,2
1991,4,400037,1,2,2,2,1,1,3,4,2,3,1985,2,2
1991,5,400037,4,2,2,2,1,1,3,4,2,3,1991,2,2
1991,1,400038,1,2,2,2,1,1,3,4,1,3,1976,2,2
1991,2,400038,1,5,5,2,1,1,3,4,2,3,1977,2,2
1991,1,400039,1,5,5,1,1,1,3,4,2,3,1985,2,2
1991,1,400040,2,2,2,2,1,1,3,4,2,3,1980,2,2
1991,2,400040,6,2,2,2,1,1,3,4,1,3,1988,2,2
1991,1,400041,1,2,3,2,1,1,3,4,1,3,1984,2,2
1991,2,400041,1,2,2,2,1,1,3,4,2,3,1981,2,2
1991,3,400041,1,2,3,2,1,1,3,4,2,3,1984,2,2
1991,1,400042,1,3,3,1,1,1,3,4,1,3,1975,2,2
1991,1,400043,1,2,2,2,1,1,3,4,2,3,1990,2,2
1991,1,400044,7,2,2,2,4,2,3,2,1,3,1990,2,2
1991,2,400044,8,4,4,2,1,1,3,4,2,1,1980,2,2
1991,1,400045,1,2,3,1,2,2,3,4,1,3,1980,2,2
1991,1,400046,1,2,2,1,1,1,3,4,2,3,1990,2,2
1991,2,400046,6,4,4,2,1,1,3,4,2,3,1989,2,2
1991,1,400047,1,2,2,2,2,2,3,4,2,3,1980,2,2
1991,1,400048,1,3,3,2,1,1,3,4,2,3,1982,2,2
1991,2,400048,3,2,2,1,1,1,3,4,2,3,1985,2,2
1991,1,400049,2,4,4,2,2,2,3,4,2,3,1986,2,2
1991,2,400049,6,2,2,2,1,1,3,4,2,3,1989,2,2
1991,1,400050,1,2,2,2,1,1,3,4,1,3,1977,2,2
1991,2,400050,6,2,2,2,1,1,3,4,2,3,1987,2,2
1991,1,400051,5,3,3,1,1,1,3,4,1,3,1962,2,2
1991,1,400052,1,2,2,2,1,1,3,4,2,3,1988,2,2
1991,2,400052,1,2,2,1,1,1,3,4,2,3,1981,2,2
1991,1,400053,2,2,2,2,1,1,3,4,2,3,1985,1,2
1991,1,400054,1,1,1,1,1,1,3,4,2,3,1984,2,2
1991,1,400056,1,3,3,1,1,1,3,4,2,3,1989,2,2
1991,1,400057,1,2,2,2,1,1,3,4,1,3,1974,2,2
1991,2,400057,2,4,2,2,1,1,3,4,2,3,1979,2,2
1991,3,400057,1,4,4,2,1,1,3,4,2,3,1981,2,2
1991,1,400058,1,2,2,2,1,1,3,4,2,3,1985,2,2
1991,1,400059,1,3,3,2,1,1,3,4,2,3,1984,2,2
1991,2,400059,2,2,2,2,1,1,3,4,2,3,1983,2,2
1991,1,400060,2,3,3,1,1,1,3,4,1,3,1984,2,2
1991,1,400061,2,4,4,2,3,3,3,4,2,3,1986,2,2
1991,2,400061,1,2,2,2,1,1,3,4,2,3,1987,2,2
1991,1,400062,1,2,2,2,1,1,3,4,2,3,1989,2,2
1991,1,400063,1,2,2,1,1,3,3,4,1,3,1984,2,2
1991,1,400064,1,2,2,2,1,1,3,4,1,3,1984,2,2
1991,2,400064,1,5,5,2,1,1,3,4,2,3,1987,2,2
1991,3,400064,1,2,2,2,1,1,3,4,2,3,1976,2,2
1991,1,400065,1,2,2,2,1,1,3,4,1,3,1986,2,2
1991,2,400065,4,2,2,1,1,1,3,4,2,3,1988,2,2
1991,1,400066,2,2,2,1,1,1,3,4,2,3,1990,2,2
1991,1,400067,1,2,2,1,1,1,3,4,1,3,1978,1,2
1991,1,400068,5,2,2,2,1,1,3,4,2,3,1988,2,2
1991,2,400068,6,2,2,1,1,1,3,4,2,3,1973,2,2
1991,1,400069,1,2,2,1,1,1,3,4,2,3,1977,2,2
1991,1,400070,1,2,2,1,1,1,3,4,1,3,1990,2,2
1991,1,400071,1,4,4,1,2,2,3,4,1,3,1986,2,2
1991,1,400072,1,2,2,2,1,1,3,4,1,3,1985,2,1
1991,1,400073,1,5,5,2,1,1,3,4,2,3,1988,2,2
1991,2,400073,3,2,2,2,1,1,3,4,2,3,1988,2,2
1991,1,400074,2,2,2,1,1,1,3,4,1,3,1972,2,2
1991,1,400075,3,5,5,1,1,1,3,4,2,3,1988,2,2
1991,2,400075,2,2,2,2,1,1,3,4,2,3,1980,2,2
1991,1,400076,6,2,2,2,1,1,3,4,2,3,1978,2,2
1991,1,400077,1,2,2,2,1,1,3,4,2,3,1988,2,2
1991,1,400078,1,3,3,2,1,1,3,4,1,3,1987,2,2
1991,2,400078,1,2,2,2,1,1,3,4,2,3,1990,2,2
1991,1,400079,6,5,5,1,1,1,3,4,2,3,1977,2,2
1991,1,400080,1,2,3,2,1,1,3,4,1,3,1990,2,2
1991,2,400080,1,2,2,2,1,1,3,4,2,3,1987,2,2
1991,1,400081,2,2,2,2,1,1,3,4,2,3,1971,2,2
1991,1,400082,1,2,2,2,2,2,3,4,2,3,1978,2,2
1991,1,400083,2,2,2,2,1,1,3,4,2,3,1982,2,2
1991,1,400084,1,2,2,2,1,1,3,4,2,3,1981,2,2
1991,2,400084,1,5,5,2,1,1,3,4,2,3,1988,2,2
1991,3,400084,2,5,5,1,1,1,3,4,2,3,1989,2,2
1991,1,400086,9,2,2,2,1,1,3,4,1,3,1987,2,2
1991,1,400087,1,2,2,2,1,1,3,4,2,3,1986,2,1
1991,1,400088,3,2,2,2,2,2,3,4,2,3,1990,2,2
1991,1,400089,2,5,5,1,2,2,3,4,2,3,1974,2,2
1991,2,400089,3,2,2,2,1,1,3,4,2,3,1988,2,2
1991,1,400090,1,2,2,2,2,2,3,4,2,3,1989,2,1
1991,2,400090,1,5,5,2,1,1,3,4,2,3,1979,2,2
1991,1,400091,4,2,2,1,1,1,3,4,1,3,1976,2,2
1991,1,400092,6,6,6,2,1,1,3,4,2,3,1988,2,2
1991,2,400092,1,6,6,2,1,1,3,4,2,3,1978,2,2
1991,1,400093,1,2,2,2,1,1,3,4,2,3,1987,2,2
1991,1,400094,1,2,2,2,1,1,3,4,2,3,1990,2,2
1991,2,400094,6,4,4,2,1,1,3,4,2,3,1979,2,2
1991,1,400095,4,2,2,2,1,1,3,4,2,3,1985,2,2
1991,1,400096,1,3,3,2,1,1,3,4,1,3,1978,2,2
1991,2,400096,4,2,2,2,1,1,3,4,2,3,1984,2,2
1991,1,400097,2,2,2,2,1,1,3,4,1,3,1972,2,2
1991,2,400097,1,2,2,2,1,1,3,4,2,3,1986,2,2
1991,1,400098,1,2,2,2,2,2,3,4,2,3,1981,2,2
1991,2,400098,1,2,2,2,1,1,3,4,2,3,1987,2,2
1991,1,400099,1,2,2,1,1,1,3,4,1,3,1982,2,2
1991,1,400100,7,3,5,2,4,2,3,2,1,3,1980,2,2
1991,2,400100,1,2,2,2,1,1,3,4,2,3,1983,2,2
1991,1,400101,7,2,2,2,4,1,3,1,1,3,1973,2,2
1991,1,400102,2,2,2,1,2,2,3,4,1,3,1978,2,2
1991,1,400103,1,2,2,2,1,1,3,4,2,3,1978,2,2
1991,2,400103,2,2,2,2,1,1,3,4,2,3,1978,2,2
1991,1,400104,1,5,5,1,1,1,3,4,1,3,1989,2,2
1991,1,400105,2,2,2,2,1,1,3,4,2,3,1985,2,2
1991,1,400106,2,2,2,2,2,2,3,4,2,3,1986,2,2
1991,2,400106,1,2,2,2,1,1,3,4,2,3,1985,2,2
1991,1,400107,1,2,2,2,1,1,3,4,2,3,1978,2,2
1991,2,400107,2,2,2,2,1,1,3,4,2,3,1985,2,2
1991,1,400108,7,3,3,2,4,1,3,1,1,3,1979,2,2
1991,2,400108,1,4,4,2,1,1,3,4,2,3,1983,2,2
1991,1,400109,1,2,2,2,1,1,3,4,1,3,1985,2,2
1991,2,400109,6,2,2,2,1,1,3,4,2,3,1985,2,2
1991,1,400110,1,5,5,2,1,1,3,4,2,3,1979,2,2
1991,2,400110,1,2,2,2,1,1,3,4,2,3,1990,2,2
1991,1,400111,1,2,2,1,1,1,3,4,2,3,1980,2,2
1991,1,400113,2,2,2,2,1,1,3,4,2,3,1975,2,2
1991,2,400113,8,2,2,2,1,1,3,4,1,3,1982,2,2
1991,3,400113,1,2,2,2,1,1,3,4,2,3,1987,2,2
1991,1,400114,2,2,2,2,1,1,3,4,2,3,1973,2,2
1991,2,400114,2,2,2,2,2,2,3,4,1,3,1979,2,2
1991,1,400115,6,2,2,1,1,1,3,4,1,3,1986,2,2
1991,2,400115,2,2,2,2,1,1,3,4,2,3,1989,2,2
1991,1,400116,1,2,2,1,1,1,3,4,1,3,1989,1,2
1991,1,400117,1,2,2,2,1,1,3,4,2,3,1978,2,2
1991,2,400117,5,2,2,2,1,1,3,4,2,3,1977,2,2
1991,1,400118,1,2,2,2,1,1,3,4,2,3,1990,2,2
1991,2,400118,1,2,2,2,2,2,3,4,2,3,1988,2,2
1991,1,400119,1,2,2,1,1,3,3,4,1,3,1986,2,2
1991,1,400120,1,2,2,1,3,3,3,4,1,3,1988,2,2
1991,1,400121,1,2,2,2,1,1,3,4,2,3,1990,2,2
1991,2,400121,6,2,2,2,1,1,3,4,2,3,1985,2,2
1991,1,400122,2,2,2,1,1,1,3,4,1,3,1973,2,2
1991,1,400124,6,1,1,2,1,1,3,4,2,3,1974,2,2
1991,1,400125,2,2,2,2,1,1,3,4,2,3,1962,2,2
1991,1,400126,2,2,2,2,1,1,3,4,2,3,1980,2,2
1991,1,400127,2,2,2,2,2,2,3,4,1,3,1986,2,2
1991,1,400128,2,6,2,1,1,1,3,4,1,3,1985,2,2
1991,1,400129,5,2,2,1,1,1,3,4,1,3,1987,2,2
1991,1,400130,1,5,5,2,1,1,3,4,2,3,1977,2,2
1991,2,400130,2,2,2,2,1,1,3,4,2,3,1991,2,2
1991,1,400131,2,2,2,2,1,1,3,4,2,3,1972,2,2
1991,2,400131,1,2,2,2,1,1,3,4,2,3,1981,2,2
1991,1,400132,1,2,2,1,2,2,3,4,2,3,1981,2,2
1991,1,400133,2,2,2,1,1,1,3,4,1,3,1991,2,2
1991,1,400134,1,2,2,2,1,1,3,4,1,3,1983,2,2
1991,2,400134,1,4,4,2,1,1,3,4,2,3,1987,2,2
1991,3,400134,1,2,2,2,1,1,3,4,2,3,1986,2,2
1991,1,400135,1,3,3,2,1,1,3,4,2,3,1987,2,2
1991,2,400135,2,2,2,1,1,1,3,4,2,3,1986,2,2
1991,1,400136,1,2,2,2,1,1,3,4,2,3,1978,2,2
1991,1,400137,6,4,4,2,1,1,3,4,2,3,1976,2,2
1991,2,400137,1,2,2,2,1,1,3,4,2,3,1980,2,2
1991,1,400138,1,1,1,1,1,1,3,4,1,3,1985,2,2
1991,1,400139,2,1,1,1,1,1,3,4,1,3,1988,2,2
1991,1,400140,1,2,2,1,1,1,3,4,1,3,1976,2,2
1991,1,400141,3,1,1,1,1,1,3,4,2,3,1990,2,2
1991,1,400142,2,2,2,2,2,2,3,4,2,3,1972,2,2
1991,2,400142,1,4,4,2,1,1,3,4,2,3,1986,2,2
1991,1,400143,1,2,2,1,1,1,3,4,1,3,1989,2,2
1991,2,400143,1,2,2,1,1,1,3,4,2,3,1974,2,2
1991,1,400144,1,3,3,2,1,1,3,4,1,3,1989,2,2
1991,1,400145,1,5,5,1,1,1,3,4,2,3,1982,2,2
1991,2,400145,1,2,2,2,1,1,3,4,1,3,1988,2,2
1991,1,400146,2,2,2,1,1,1,3,4,1,3,1983,2,2
1991,1,400147,1,3,3,2,1,1,3,4,1,3,1976,2,2
1991,1,400148,1,5,5,2,1,1,3,4,1,3,1978,2,2
1991,2,400148,2,4,4,2,2,2,3,4,2,3,1966,2,2
1991,1,400149,2,2,2,2,1,1,3,4,2,3,1988,2,2
1991,1,400150,7,2,2,2,4,2,3,2,1,3,1989,2,2
1991,2,400150,2,4,4,2,1,1,3,4,2,3,1980,2,2
1991,1,400151,6,2,2,2,1,1,3,4,2,3,1983,2,1
1991,1,400152,2,2,2,2,1,1,3,4,2,3,1986,2,2
1991,1,400153,1,2,2,2,1,1,3,4,2,3,1983,2,2
1991,1,400154,7,3,3,2,4,2,3,2,1,3,1981,2,2
1991,2,400154,1,5,5,2,2,2,3,4,2,3,1975,2,2
1991,1,400155,2,2,2,2,2,2,3,4,1,3,1976,2,2
1991,1,400156,2,2,5,1,1,1,3,4,1,3,1983,2,2
1991,1,400158,1,2,2,2,1,1,3,4,1,3,1978,2,2
1991,2,400158,1,2,2,2,1,1,3,4,2,3,1984,2,2
1991,1,400159,1,2,2,2,1,1,3,4,2,3,1991,2,2
1991,1,400160,1,2,2,1,2,2,3,4,2,3,1980,2,2
1991,1,400161,1,1,1,1,1,1,3,4,1,3,1988,2,2
1991,1,400162,1,2,2,1,2,2,3,4,1,3,1990,2,2
1991,1,400163,2,3,3,2,1,1,3,4,2,3,1986,2,2
1991,1,400164,2,4,3,2,1,1,3,4,2,3,1990,1,2
1991,2,400164,3,5,5,2,1,1,3,4,2,3,1988,2,2
1991,1,400165,2,2,4,1,1,1,3,4,1,3,1987,2,2
1991,2,400165,2,2,2,2,1,1,3,4,2,3,1985,2,2
1991,1,400166,1,2,2,2,1,1,3,4,2,3,1983,2,2
1991,2,400166,1,2,2,2,1,1,3,4,1,3,1989,2,2
1991,1,400167,2,1,1,2,2,2,3,4,2,3,1975,2,2
1991,1,400168,1,2,2,2,1,1,3,4,2,3,1987,2,2
1991,2,400168,2,2,2,1,1,1,3,4,2,3,1973,2,2
1991,1,400169,1,2,2,1,2,2,3,4,1,3,1979,2,2
1991,1,400170,5,2,2,1,1,1,3,4,1,3,1958,2,2
1991,1,400171,2,2,2,2,1,1,3,4,2,3,1973,2,2
1991,2,400171,2,2,2,2,1,1,3,4,2,3,1988,2,2
1991,1,400172,2,2,2,1,1,1,3,4,1,3,1970,2,2
1991,1,400173,7,2,2,2,4,2,3,2,1,3,1990,2,2
1991,1,400174,1,2,2,2,2,2,3,4,1,3,1978,2,2
1991,1,400175,1,2,2,1,1,1,3,4,1,3,1984,2,2
1991,1,400176,2,2,2,1,1,1,3,4,1,3,1986,2,1
1991,1,400177,3,2,2,2,1,1,3,4,1,3,1973,2,2
1991,2,400177,9,5,5,2,1,1,3,4,2,3,1978,2,2
1991,1,400178,2,2,2,1,1,1,3,4,2,3,1969,2,2
1991,2,400178,1,2,2,2,1,1,3,4,2,3,1987,2,2
1991,1,400179,1,5,5,2,1,1,3,4,2,3,1989,2,2
1991,2,400179,2,2,2,2,1,1,3,4,2,3,1977,2,2
1991,1,400180,1,2,2,2,1,1,3,4,1,3,1982,2,2
1991,2,400180,1,4,4,2,3,3,3,4,2,3,1978,2,2
1991,1,400181,1,5,5,2,1,1,3,4,1,3,1968,2,2
1991,1,400182,1,2,2,2,2,2,3,4,1,3,1978,2,2
1991,2,400182,7,2,2,2,4,1,3,1,2,3,1986,2,2
1991,1,400183,1,4,4,1,1,1,3,4,1,3,1986,2,2
1991,1,400184,2,2,2,2,1,1,3,4,2,3,1978,2,2
1991,2,400184,1,2,2,2,1,1,3,4,1,3,1990,2,2
1991,1,400185,1,5,5,2,1,1,3,4,1,3,1979,2,2
1991,1,400186,1,2,2,2,1,1,3,4,2,3,1986,2,2
1991,2,400186,2,2,2,2,1,1,3,4,2,3,1988,2,2
1991,3,400186,1,2,2,2,1,1,3,4,2,3,1987,2,2
1991,1,400187,2,2,2,2,1,1,3,4,1,3,1986,2,2
1991,2,400187,1,2,2,2,1,1,3,4,2,3,1986,2,2
1991,1,400188,2,2,2,1,1,1,3,4,2,3,1986,2,1
1991,1,400189,2,5,5,2,1,1,3,4,2,3,1989,2,2
1991,1,400190,6,2,2,2,1,1,3,4,2,3,1991,2,2
1991,2,400190,6,2,2,2,1,1,3,4,2,3,1972,2,2
1991,1,400191,1,2,2,1,1,1,3,4,1,3,1988,2,2
1991,1,400192,7,3,3,2,4,1,3,1,1,3,1978,2,2
1991,1,400193,1,2,2,2,1,1,3,4,2,3,1977,2,2
1991,2,400193,9,2,2,2,1,1,3,4,2,3,1967,2,2
1991,1,400195,2,2,2,2,1,1,3,4,2,3,1986,2,2
1991,2,400195,6,2,2,1,1,1,3,4,2,3,1987,2,2
1991,1,400196,1,1,1,1,1,1,3,4,1,3,1989,2,2
1991,1,400197,2,4,4,2,1,1,3,4,2,3,1988,2,2
1991,1,400198,2,2,2,2,1,1,3,4,2,3,1991,2,2
1991,2,400198,6,2,2,1,1,1,3,4,2,3,1981,2,2
1991,1,400199,2,2,2,1,1,1,3,4,1,3,1983,2,2
1991,2,400199,1,2,2,2,1,1,3,4,2,3,1972,2,2
1991,1,400200,1,2,2,2,1,1,3,4,2,3,1980,2,2
1991,1,400201,1,3,3,2,1,1,3,4,2,3,1984,2,2
1991,2,400201,1,2,2,2,1,1,3,4,2,3,1982,2,2
1991,1,400202,1,2,2,2,1,1,3,4,2,3,1980,2,2
1991,1,400203,5,2,3,2,1,1,3,4,2,3,1988,1,2
1991,2,400203,1,4,2,2,1,1,3,4,2,3,1988,2,2
1991,3,400203,1,2,2,2,1,1,3,4,2,3,1984,2,2
1991,1,400204,2,2,2,2,1,1,3,4,1,3,1971,2,2
1991,1,400205,2,2,2,2,1,1,3,4,1,3,1976,2,2
1991,2,400205,4,2,2,2,1,1,3,4,2,3,1985,2,2
1991,1,400206,1,5,5,2,2,2,3,4,2,3,1985,2,2
1991,2,400206,1,2,2,2,1,1,3,4,2,3,1987,2,2
1991,1,400207,5,1,1,1,1,1,3,4,1,3,1989,2,1
1991,1,400208,4,4,2,2,2,2,3,4,2,3,1977,1,2
1991,2,400208,3,2,2,2,1,1,3,4,2,3,1990,2,2
1991,1,400209,2,2,2,2,1,1,3,4,1,3,1983,2,2
1991,2,400209,6,2,2,2,1,1,3,4,1,3,1988,2,2
1991,1,400210,1,1,1,1,1,1,3,4,1,3,1988,2,2
1991,1,400211,1,2,2,2,1,1,3,4,2,3,1978,2,2
1991,2,400211,2,2,2,2,1,1,3,4,2,3,1979,2,2
1991,1,400212,2,2,2,1,1,1,3,4,1,3,1989,2,1
1991,1,400213,7,2,2,2,4,1,3,1,2,3,1989,2,2
1991,1,400214,1,2,2,2,1,1,3,4,1,3,1980,2,2
1991,1,400215,6,2,2,2,1,1,3,4,1,3,1990,2,2
1991,2,400215,6,2,2,2,1,1,3,4,2,3,1982,2,2
1991,3,400215,1,2,2,2,1,1,3,4,2,3,1984,2,2
1991,1,400216,1,2,2,2,1,1,3,4,1,3,1974,2,2
1991,1,400217,7,2,2,2,4,1,3,1,1,3,1977,2,2
1991,1,400218,1,2,2,1,1,1,3,4,1,3,1979,2,2
1991,1,400219,2,2,2,2,1,1,3,4,2,3,1989,2,2
1991,2,400219,6,2,2,2,1,1,3,4,2,3,1985,2,2
1991,1,400220,2,2,2,2,1,1,3,4,1,3,1963,2,2
1991,2,400220,2,2,2,2,1,1,3,4,2,3,1985,2,2
1991,1,400221,1,1,1,2,1,1,3,4,2,3,1984,2,2
1991,1,400222,1,2,2,2,1,1,3,4,2,3,1985,2,2
1991,2,400222,1,2,2,2,1,1,3,4,1,3,1987,2,2
1991,1,400223,1,2,2,2,1,1,3,4,1,3,1985,2,2
1991,1,400224,1,2,2,2,1,1,3,4,1,3,1978,2,2
1991,2,400224,2,2,2,1,1,1,3,4,2,3,1969,2,2
1991,1,400225,1,2,3,2,1,1,3,4,1,3,1982,2,2
1991,1,400226,2,2,2,2,1,1,3,4,2,3,1989,2,2
1991,2,400226,1,5,5,2,1,1,3,4,2,3,1981,2,2
1991,1,400227,1,4,4,1,1,1,3,4,1,3,1981,2,2
1991,1,400228,2,2,2,1,1,1,3,4,2,3,1981,2,2
1991,1,400229,2,3,3,1,1,1,3,4,1,3,1984,2,2
1991,1,400230,1,4,4,1,1,1,3,4,1,3,1986,2,2
1991,1,400231,6,3,3,2,1,1,3,4,2,3,1985,2,2
1991,1,400232,1,2,5,2,1,1,3,4,2,3,1980,2,2
1991,2,400232,1,2,2,1,1,1,3,4,2,3,1971,2,2
1991,1,400233,1,5,5,2,1,1,3,4,2,3,1981,2,2
1991,1,400234,1,2,2,2,1,1,3,4,2,3,1985,2,2
1991,1,400235,1,2,2,2,1,1,3,4,1,3,1990,2,2
1991,2,400235,1,2,2,2,1,1,3,4,2,3,1980,2,2
1991,1,400236,2,2,2,2,2,2,3,4,2,3,1979,2,2
1991,2,400236,1,2,2,2,1,1,3,4,2,3,1989,2,2
1991,1,400237,1,5,5,2,1,1,3,4,2,3,1970,2,2
1991,2,400237,2,2,2,2,1,1,3,4,2,3,1988,2,2
1991,1,400238,1,5,5,2,1,1,3,4,2,3,1988,2,2
1991,2,400238,6,2,2,2,1,1,3,4,2,3,1989,2,2
1991,1,400239,7,2,2,2,4,1,3,1,1,3,1985,2,2
1991,1,400240,7,5,5,2,4,1,3,1,1,3,1973,2,2
1991,1,400241,1,2,2,1,1,1,3,4,1,3,1986,2,2
1991,1,400242,1,2,2,2,1,1,3,4,2,3,1991,2,2
1991,2,400242,6,2,2,2,1,1,3,4,2,3,1986,2,2
1991,1,400243,1,2,2,2,1,1,3,4,2,3,1986,2,2
1991,1,400244,7,2,2,2,4,1,3,1,1,3,1990,1,2
1991,2,400244,6,4,4,2,3,3,3,4,2,3,1990,2,2
1991,1,400245,1,2,2,2,1,1,3,4,2,3,1980,2,2
1991,1,400246,7,2,2,2,4,2,3,2,1,3,1980,2,2
1991,2,400246,1,5,5,2,1,1,3,4,2,3,1977,2,2
1991,1,400247,6,1,1,1,1,1,3,4,1,3,1982,2,2
1991,1,400248,3,1,1,1,1,1,3,4,2,3,1986,2,2
1991,1,400249,1,5,5,2,1,1,3,4,2,3,1987,2,2
1991,2,400249,2,2,2,2,1,1,3,4,2,3,1983,2,2
1991,1,400250,1,2,2,2,1,1,3,4,2,3,1989,2,2
1991,1,400251,1,1,1,2,2,2,3,4,2,3,1985,2,2
1991,1,400252,2,2,2,1,1,1,3,4,2,3,1986,2,2
1991,1,400253,7,2,2,2,4,2,3,2,2,3,1990,2,2
1991,2,400253,2,2,2,2,1,1,3,4,2,3,1982,2,2
1991,1,400254,2,2,2,2,1,1,3,4,2,3,1984,2,2
1991,1,400255,1,2,2,2,1,1,3,4,2,3,1970,2,1
1991,1,400256,1,2,2,2,3,3,3,4,1,3,1981,2,2
1991,1,400257,2,2,2,2,1,1,3,4,1,3,1973,2,2
1991,2,400257,1,2,2,2,1,1,3,4,2,3,1983,2,2
1991,1,400258,1,2,2,2,1,1,3,4,1,3,1980,2,2
1991,2,400258,2,5,5,2,1,1,3,4,2,3,1988,2,2
1991,1,400259,1,2,2,2,1,1,3,4,2,3,1988,2,2
1991,1,400260,2,2,2,2,1,1,3,4,2,3,1990,2,2
1991,1,400261,1,4,4,1,2,2,3,4,1,3,1984,2,2
1991,1,400262,1,2,2,2,1,1,3,4,2,3,1979,1,2
1991,1,400263,1,2,2,1,1,1,3,4,2,3,1985,2,2
1991,1,400265,1,1,1,2,1,1,3,4,1,3,1981,2,2
1991,1,400266,1,2,2,2,1,1,3,4,2,3,1979,2,2
1991,1,400267,2,2,2,1,1,1,3,4,1,3,1986,2,1
1991,1,400268,2,2,2,2,1,1,3,4,2,3,1986,2,2
1991,2,400268,1,5,5,1,1,1,3,4,2,3,1985,2,2
1991,1,400269,1,2,2,1,1,1,3,4,1,3,1987,2,2
1991,1,400270,7,2,2,2,4,1,3,1,1,3,1989,2,2
1991,2,400270,1,5,5,2,1,1,3,4,2,3,1985,2,2
1991,1,400271,9,7,7,2,3,3,3,4,2,3,9999,2,2
1991,1,400272,3,1,1,1,1,1,3,4,1,3,1988,2,2
1991,1,400273,6,2,2,2,1,1,3,4,2,3,1988,2,2
1991,2,400273,2,2,2,2,1,1,3,4,2,3,1978,2,2
1991,1,400274,1,2,2,2,1,1,3,4,2,3,1983,2,1
1991,1,400275,2,2,2,2,1,1,3,4,1,3,1981,2,2
1991,1,400276,4,6,6,1,1,1,3,4,2,3,1988,2,1
1991,1,400277,1,1,1,1,1,1,3,4,1,3,1991,2,2
1991,1,400278,1,2,5,2,1,1,3,4,1,3,1979,2,2
1991,1,400279,1,3,3,2,1,1,3,4,2,3,1986,2,2
1991,2,400279,1,2,2,2,1,1,3,4,2,3,1981,2,2
1991,1,400280,2,1,1,1,2,2,3,4,1,3,1977,2,2
1991,1,400281,7,2,2,2,4,1,3,1,1,3,1978,2,2
1991,1,400282,1,2,2,2,1,1,3,4,2,3,1980,2,2
1991,1,400283,6,5,5,2,1,1,3,4,2,3,1979,2,2
1991,2,400283,4,2,2,2,1,1,3,4,2,3,1990,2,2
1991,1,400284,6,2,2,1,1,1,3,4,2,3,1984,1,2
1991,1,400285,2,2,2,1,1,1,3,4,2,3,1971,2,2
1991,1,400286,2,5,5,1,2,2,3,4,1,3,1982,2,2
1991,1,400287,2,6,7,2,1,1,3,4,1,3,1988,2,2
1991,1,400288,2,5,5,2,2,2,3,4,1,3,1971,2,2
1991,1,400289,2,1,1,1,1,1,3,4,1,3,1981,2,2
1991,1,400290,2,1,1,1,2,2,3,4,1,3,1988,2,2
1991,1,400291,1,2,2,2,1,1,3,4,2,3,1978,2,2
1991,2,400291,1,2,2,2,1,1,3,4,2,3,1977,2,2
1991,1,400292,2,5,5,1,1,1,3,4,1,3,1983,2,2
1991,1,400293,2,2,2,2,1,1,3,4,2,3,1978,2,2
1991,2,400293,2,5,5,1,1,1,3,4,2,3,1987,2,2
1991,1,400294,1,2,2,1,2,2,3,4,1,3,1985,2,1
1991,1,400295,2,2,2,1,1,1,3,4,1,3,1986,2,2
1991,1,400296,1,3,3,2,1,1,3,4,2,3,1987,2,2
1991,2,400296,2,2,2,2,1,1,3,4,2,3,1989,2,2
1991,1,400297,6,2,2,2,1,1,3,4,1,3,1976,2,2
1991,2,400297,2,2,2,2,1,1,3,4,2,3,1988,2,2
1991,1,400298,1,5,5,2,1,1,3,4,2,3,1985,2,2
1991,2,400298,1,2,2,2,1,1,3,4,2,3,1978,2,2
1991,1,400299,1,2,2,2,1,1,3,4,2,3,1986,2,2
1991,2,400299,1,2,2,1,1,1,3,4,2,3,1988,2,2
1991,3,400299,2,2,2,2,1,1,3,4,2,3,1991,2,2
1991,1,400300,1,2,2,2,1,1,3,4,2,3,1983,2,2
1991,2,400300,2,2,2,2,1,1,3,4,2,3,1989,2,2
1991,1,400301,6,6,6,2,1,1,3,4,2,3,1990,2,2
1991,2,400301,2,6,6,2,1,1,3,4,2,3,1986,2,2
1991,1,400302,2,2,2,1,1,1,3,4,1,3,1989,2,2
1991,2,400302,1,2,2,2,1,1,3,4,2,3,1985,2,2
1991,1,400303,1,5,5,2,1,1,3,4,1,3,1974,2,2
1991,1,400305,1,2,2,1,1,1,3,4,2,3,1988,2,2
1991,1,400306,3,5,5,1,1,1,3,4,2,3,1988,2,2
1991,1,400307,2,5,5,2,1,1,3,4,2,3,1989,2,2
1991,1,400308,1,4,4,1,1,1,3,4,1,3,1990,2,2
1991,1,400309,3,2,2,2,2,2,3,4,2,3,1975,2,2
1991,2,400309,1,2,2,2,1,1,3,4,2,3,1987,2,2
1991,1,400310,1,2,2,2,1,1,3,4,1,3,1987,2,2
1991,2,400310,5,4,4,2,2,2,3,4,2,3,1975,2,2
1991,1,400311,4,3,3,2,1,1,3,4,2,3,1986,2,2
1991,2,400311,7,2,2,2,4,1,3,1,2,3,1985,2,2
1991,1,400312,2,2,2,2,1,1,3,4,2,3,1989,2,2
1991,2,400312,2,2,2,2,2,2,3,4,2,3,1988,2,2
1991,1,400313,2,2,2,1,1,1,3,4,1,3,1975,2,2
1991,1,400314,1,2,2,2,1,1,3,4,2,3,1988,2,2
1991,1,400315,5,2,2,1,1,1,3,4,1,3,1971,2,2
1991,1,400316,1,2,2,2,1,1,3,4,2,3,1982,2,2
1991,2,400316,2,2,2,2,1,1,3,4,2,3,1986,2,2
1991,1,400317,2,1,1,1,1,1,3,4,2,3,1973,2,2
1991,1,400318,1,2,2,2,2,2,3,4,2,3,1974,2,2
1991,1,400319,1,5,5,1,1,1,3,4,2,3,1969,2,2
1991,2,400319,1,2,2,2,1,1,3,4,2,3,1985,2,2
1991,1,400320,1,2,2,2,1,1,3,4,2,3,1986,2,2
1991,1,400321,1,2,2,1,2,2,3,4,1,3,1976,2,2
1991,1,400322,2,4,4,2,1,1,3,4,2,3,1990,1,2
1991,2,400322,1,2,2,2,1,1,3,4,2,3,1978,2,2
1991,1,400323,2,5,5,2,1,1,3,4,1,3,1981,2,2
1991,2,400323,2,2,2,2,1,1,3,4,2,3,1989,2,2
1991,1,400324,7,1,1,2,4,1,3,1,1,3,1984,2,2
1991,1,400325,2,2,2,2,1,1,3,4,1,3,1991,2,2
1991,2,400325,2,4,4,1,1,1,3,4,2,3,1991,2,2
1991,1,400326,2,5,5,2,1,1,3,4,1,3,1986,2,2
1991,2,400326,1,2,2,2,1,1,3,4,2,3,1986,2,2
1991,1,400327,2,2,2,2,2,2,3,4,1,3,1969,2,2
1991,2,400327,4,4,2,2,1,1,3,4,2,3,1986,2,2
1991,3,400327,4,2,2,2,1,1,3,4,2,3,1978,2,2
1991,1,400328,1,2,2,2,1,1,3,4,2,3,1989,2,2
1991,2,400328,1,2,2,2,1,1,3,4,2,3,1987,2,2
1991,1,400329,2,2,2,1,1,1,3,4,2,3,1977,2,2
1991,2,400329,1,5,5,2,1,1,3,4,2,3,1990,2,2
1991,1,400330,1,2,2,1,2,2,3,4,1,3,1988,2,2
1991,1,400331,3,2,2,2,1,1,3,4,2,3,1990,2,2
1991,1,400332,1,2,2,1,1,1,3,4,1,3,1978,2,2
1991,1,400333,4,2,2,1,1,1,3,4,1,3,1971,2,2
1991,1,400334,2,2,2,1,1,1,3,4,1,3,1983,2,2
1991,2,400334,2,2,2,2,2,2,3,4,2,3,1972,2,2
1991,1,400336,1,3,3,2,2,2,3,4,1,3,1983,2,2
1991,1,400337,1,2,2,2,2,2,3,4,1,3,1982,2,2
1991,1,400338,1,2,2,2,1,1,3,4,2,3,1984,1,2
1991,1,400339,2,2,2,2,1,1,3,4,2,3,1984,2,2
1991,2,400339,1,2,2,2,1,1,3,4,2,3,1991,2,2
1991,1,400340,1,2,2,2,1,1,3,4,1,3,1982,2,2
1991,1,400341,1,5,5,2,1,1,3,4,1,3,1978,2,2
1991,1,400342,7,2,2,2,4,1,3,1,2,3,1969,1,2
1991,2,400342,7,3,3,2,4,1,3,1,2,3,1969,1,2
1991,1,400343,1,2,2,1,2,2,3,4,1,3,1968,2,2
1991,2,400343,1,4,4,2,2,2,3,4,2,3,1981,2,2
1991,3,400343,3,2,2,2,1,1,3,4,2,3,1990,2,2
1991,1,400344,1,2,2,2,1,1,3,4,2,3,1989,2,2
1991,2,400344,1,2,2,2,1,1,3,4,2,3,1973,2,2
1991,1,400345,2,2,2,2,2,2,3,4,2,3,1971,2,2
1991,1,400346,1,3,3,2,1,1,3,4,2,3,1970,1,2
1991,2,400346,3,2,2,2,1,1,3,4,2,3,1988,2,2
1991,1,400347,7,1,1,2,4,1,3,1,2,3,1980,2,2
1991,1,400348,1,2,2,2,1,1,3,4,1,3,1984,2,2
1991,1,400349,2,4,4,2,2,2,3,4,1,3,1981,2,2
1991,2,400349,2,4,4,1,1,1,3,4,2,3,1965,2,2
1991,1,400350,1,4,4,2,1,1,3,4,1,3,1991,2,2
1991,2,400350,7,2,2,2,4,1,3,1,2,3,1975,2,2
1991,1,400351,1,1,1,2,2,2,3,4,2,3,1984,1,2
1991,1,400352,2,2,2,2,2,2,3,4,1,3,1984,2,2
1991,2,400352,3,2,2,2,1,1,3,4,2,3,1985,2,2
1991,1,400353,2,3,3,1,1,1,3,4,1,3,1985,2,2
1991,1,400354,2,2,2,2,1,1,3,4,2,3,1982,2,2
1991,1,400355,2,2,2,2,1,1,3,4,2,3,1986,2,2
1991,2,400355,7,4,4,2,4,1,3,1,2,3,1983,2,2
1991,1,400356,6,3,3,1,1,1,3,4,1,3,1981,2,2
1991,1,400357,1,2,2,1,1,1,3,4,1,3,1988,1,2
1991,1,400358,2,2,2,1,1,1,3,4,1,3,1986,2,2
1991,1,400359,2,2,6,1,1,1,3,4,2,3,1983,2,2
1991,1,400360,2,2,2,1,1,1,3,4,1,3,1984,2,2
1991,1,400361,2,2,3,2,1,1,3,4,1,3,1980,2,2
1991,1,400362,2,2,2,2,1,1,3,4,2,3,1978,1,2
1991,2,400362,6,4,4,2,1,1,3,4,2,3,1986,2,2
1991,1,400363,1,2,2,2,1,1,3,4,1,3,1991,2,2
1991,1,400364,1,2,2,2,1,1,3,4,2,3,1986,2,2
1991,2,400364,4,2,2,2,1,1,3,4,2,3,1991,2,2
1991,1,400365,1,3,3,2,1,1,3,4,1,3,1989,2,2
1991,1,400366,1,5,5,2,1,1,3,4,2,3,1982,2,2
1991,2,400366,2,2,2,2,1,1,3,4,2,3,1975,2,2
1991,1,400367,1,1,1,1,1,1,3,4,2,3,1991,2,2
1991,1,400368,1,3,3,2,1,1,3,4,2,3,1980,2,2
1991,2,400368,2,2,2,1,1,1,3,4,2,3,1991,2,2
1991,1,400369,3,2,2,1,1,1,3,4,2,3,1968,2,2
1991,1,400370,7,2,2,2,4,1,3,1,2,3,1991,2,2
1991,2,400370,1,6,6,2,1,1,3,4,2,3,1990,2,2
1991,1,400371,1,2,2,1,1,1,3,4,2,3,1990,1,2
1991,1,400372,1,2,2,1,1,1,3,4,1,3,1988,2,2
1991,1,400373,2,3,3,1,2,2,3,4,1,3,1981,1,2
1991,1,400374,1,3,3,1,2,2,3,4,2,3,1976,2,2
1991,1,400376,1,2,2,2,2,2,3,4,1,3,1975,2,2
1991,2,400376,2,4,4,1,1,1,3,4,2,3,1987,2,2
1991,1,400377,2,2,2,2,1,1,3,4,1,3,1985,1,2
1991,1,400378,5,2,6,2,1,1,3,4,2,3,1956,1,2
1991,1,400379,4,2,2,2,1,1,3,4,2,3,1990,2,2
1991,2,400379,7,2,2,2,4,1,3,1,2,3,1989,2,2
1991,1,400380,1,4,4,2,1,1,3,4,2,3,1980,2,2
1991,2,400380,2,2,2,2,1,1,3,4,2,3,1980,2,2
1991,1,400381,1,2,2,2,1,1,3,4,2,3,1991,2,2
1991,1,400382,3,1,1,1,1,1,3,4,1,3,1984,2,2
1991,1,400383,2,5,5,2,1,1,3,4,2,3,1975,2,2
1991,1,400384,1,2,3,1,1,1,3,4,1,3,1982,2,2
1991,1,400385,1,2,2,1,1,1,3,4,1,3,1991,2,2
1991,1,400386,2,1,1,1,1,1,3,4,2,3,1988,2,2
1991,1,400387,3,2,2,1,1,1,3,4,1,3,1978,2,2
1991,1,400388,2,2,2,2,1,1,3,4,2,3,1980,2,2
1991,2,400388,1,2,2,2,1,1,3,4,2,3,1988,2,2
1991,1,400389,1,2,2,1,2,2,3,4,1,3,1987,2,2
1991,1,400390,1,2,2,2,2,2,3,4,2,3,1982,2,2
1991,1,400391,6,2,2,1,2,2,3,4,1,3,1977,2,2
1991,2,400391,4,2,2,2,1,1,3,4,2,3,1988,2,2
1991,1,400392,7,2,2,2,4,1,3,1,1,3,1990,2,2
1991,1,400393,1,2,2,2,1,1,3,4,2,3,1981,2,2
1991,2,400393,6,2,2,2,1,1,3,4,2,3,1987,2,2
1991,1,400394,1,2,2,2,1,1,3,4,2,3,1980,2,2
1991,2,400394,6,4,4,2,1,1,3,4,2,3,1991,2,2
1991,3,400394,6,2,2,2,1,1,3,4,2,3,1989,2,2
1991,1,400395,1,5,5,2,1,1,3,4,2,3,1990,2,2
1991,2,400395,1,2,2,2,1,1,3,4,2,3,1991,2,2
1991,1,400396,5,5,5,2,1,1,3,4,2,3,1965,2,2
1991,2,400396,5,2,2,1,1,1,3,4,2,3,1984,2,2
1991,1,400397,5,2,2,2,1,1,3,4,2,3,1988,2,2
1991,1,400398,2,2,2,1,1,1,3,4,2,3,1988,2,2
1991,1,400399,7,1,1,2,4,1,3,1,2,3,1989,2,2
1991,1,400400,2,1,1,1,1,1,3,4,1,3,1974,2,2
1991,1,400401,2,1,1,1,1,1,3,4,1,3,1970,2,2
1991,1,400402,5,2,2,2,1,1,3,4,2,3,1969,2,2
1991,2,400402,1,2,2,2,1,1,3,4,2,3,1970,2,2
1991,1,400403,1,2,2,2,1,1,3,4,2,3,1980,2,2
1991,1,400404,2,2,2,2,1,1,3,4,2,3,1989,2,2
1991,1,400405,6,2,2,2,1,1,3,4,2,3,1973,2,2
1991,2,400405,1,5,5,2,1,1,3,4,2,3,1982,2,2
1991,1,400406,2,2,2,2,1,1,3,4,2,3,1975,2,2
1991,2,400406,4,2,2,2,1,1,3,4,2,3,1978,2,2
1991,3,400406,2,2,2,2,1,1,3,4,2,3,1991,2,2
1991,1,400407,1,2,2,2,2,2,3,4,2,3,1973,2,2
1991,2,400407,1,2,2,2,1,1,3,4,2,3,1988,2,2
1991,1,400408,1,2,2,2,1,1,3,4,2,3,1980,2,2
1991,2,400408,1,2,2,2,1,1,3,4,2,3,1981,2,2
1991,1,400409,2,6,4,1,1,1,3,4,1,3,1983,2,2
1991,1,400410,2,2,2,1,1,1,3,4,2,3,1980,1,2
1991,1,400411,1,1,1,1,1,1,3,4,1,3,1986,2,2
1991,1,400412,7,2,2,2,4,1,3,1,2,3,1987,2,2
1991,2,400412,3,2,2,2,1,1,3,4,2,3,1989,2,2
1991,1,400413,3,2,2,2,1,1,3,4,2,3,1985,1,2
1991,2,400413,7,2,2,2,4,1,3,1,2,3,1979,2,2
1991,1,400414,1,2,2,1,1,1,3,4,1,3,1977,2,2
1991,1,400415,1,2,2,2,1,1,3,4,2,3,1980,1,2
1991,1,400416,1,2,2,1,1,1,3,4,1,3,1986,2,2
1991,1,400417,1,2,2,2,1,1,3,4,2,3,1986,2,2
1991,2,400417,1,5,5,1,1,1,3,4,1,3,1983,2,2
1991,1,400418,1,2,2,2,1,1,3,4,2,3,1986,2,2
1991,2,400418,1,2,2,2,1,1,3,4,2,3,1991,2,2
1991,1,400419,9,2,2,2,3,3,3,4,2,3,9999,2,2
1991,1,400420,4,2,2,1,1,1,3,4,2,3,1972,2,2
1991,2,400420,1,2,2,2,1,1,3,4,2,3,1989,2,2
1991,1,400421,2,1,1,1,1,1,3,4,2,3,1988,2,2
1991,1,400422,7,1,1,2,4,1,3,1,1,3,1973,2,2
1991,1,400423,1,5,5,2,1,1,3,4,2,3,1979,2,2
1991,2,400423,1,2,2,2,1,1,3,4,2,3,1985,2,2
1991,1,400424,2,5,5,2,1,1,3,4,2,3,1990,2,2
1991,1,400425,1,2,2,2,1,1,3,4,2,3,1974,2,2
1991,2,400425,1,3,3,2,1,1,3,4,2,3,1989,2,2
1991,1,400426,2,2,2,2,1,1,3,4,2,3,1983,2,2
1991,1,400427,1,3,3,2,1,1,3,4,2,3,1986,2,2
1991,2,400427,7,2,2,2,4,3,3,3,1,3,1991,2,2
1991,1,400428,1,2,2,2,1,1,3,4,1,3,1986,2,2
1991,2,400428,2,4,3,1,1,1,3,4,1,3,1986,2,2
1991,1,400429,1,2,2,2,1,1,3,4,2,3,1991,2,2
1991,1,400430,1,2,2,2,1,1,3,4,2,3,1987,2,2
1991,1,400431,1,3,3,1,3,3,3,4,1,3,1983,2,2
1991,1,400432,2,2,2,1,1,1,3,4,2,3,1976,2,2
1991,1,400433,6,2,2,2,1,1,3,4,1,3,1984,2,2
1991,2,400433,6,2,2,2,1,1,3,4,1,3,1979,2,2
1991,1,400434,2,2,2,1,1,1,3,4,1,3,1988,2,2
1991,1,400435,2,2,2,1,1,1,3,4,1,3,1987,2,2
1991,1,400436,2,2,2,2,1,1,3,4,2,3,1981,2,2
1991,2,400436,1,2,2,2,1,1,3,4,1,3,1989,2,2
1991,1,400437,2,2,2,1,1,1,3,4,2,3,1984,2,2
1991,2,400437,2,2,2,2,1,1,3,4,2,3,1985,2,2
1991,1,400438,3,2,2,2,1,3,3,4,2,3,1976,2,2
1991,2,400438,1,2,2,2,1,1,3,4,2,3,1978,2,2
1991,1,400439,1,2,2,2,1,1,3,4,2,3,1977,2,2
1991,2,400439,7,2,2,2,4,1,3,1,1,3,1982,2,2
1991,1,400440,1,2,2,2,1,1,3,4,1,3,1989,2,2
1991,1,400441,1,2,2,2,1,1,3,4,2,3,1979,2,2
1991,2,400441,1,2,2,2,1,1,3,4,2,3,1980,2,2
1991,1,400442,1,2,2,2,3,3,3,4,1,3,1986,1,2
1991,2,400442,2,4,4,2,1,1,3,4,2,3,1983,2,2
1991,1,400443,2,2,2,1,3,3,3,4,1,3,1991,2,2
1991,2,400443,6,2,2,2,1,1,3,4,2,3,1981,2,2
1991,1,400444,1,2,2,2,1,1,3,4,2,3,1986,2,2
1991,1,400446,1,4,4,1,1,1,3,4,2,3,1983,2,2
1991,1,400447,1,2,2,1,1,1,3,4,1,3,1985,2,2
1991,1,400448,1,2,2,2,1,1,3,4,1,3,1988,2,2
1991,2,400448,9,2,2,2,1,1,3,4,2,3,1985,2,2
1991,1,400449,2,4,4,1,1,1,3,4,2,3,1986,2,2
1991,1,400451,8,2,2,2,1,1,3,4,2,1,1978,2,2
1991,2,400451,9,2,2,2,1,1,3,4,2,3,1977,2,2
1991,1,400452,1,2,2,1,1,1,3,4,1,3,1978,2,2
1991,2,400452,1,2,2,2,1,1,3,4,2,3,1978,2,2
1991,1,400453,6,1,1,1,1,1,3,4,1,3,1992,2,1
1991,1,400454,6,3,3,2,1,1,3,4,1,3,1982,2,2
1991,2,400454,2,2,2,2,1,1,3,4,2,3,1980,2,2
1991,1,400455,1,3,3,2,1,1,3,4,2,3,1985,2,2
1991,1,400456,4,2,2,2,1,1,3,4,2,3,1991,2,2
1991,2,400456,1,2,2,2,1,1,3,4,2,3,1988,2,2
1991,1,400457,1,2,2,2,1,1,3,4,2,3,1962,2,2
1991,2,400457,2,2,2,2,1,1,3,4,2,3,1988,2,2
1991,1,400458,1,5,5,2,1,1,3,4,2,3,1989,2,2
1991,1,400459,2,4,4,1,1,1,3,4,1,3,1988,2,2
1991,1,400460,1,2,2,2,1,1,3,4,2,3,1969,2,2
1991,2,400460,1,2,2,1,1,1,3,4,2,3,1980,2,2
1991,1,400461,2,4,4,1,1,1,3,4,2,3,1989,2,2
1991,2,400461,2,2,2,2,1,1,3,4,1,3,1990,2,2
1991,1,400462,9,2,2,2,3,3,3,4,2,3,9999,2,2
1991,1,400463,1,2,2,2,1,1,3,4,1,3,1986,2,2
1991,2,400463,1,2,2,1,1,1,3,4,2,3,1988,2,2
1991,1,400464,1,2,2,2,2,2,3,4,2,3,1969,2,2
1991,1,400465,1,2,3,2,1,1,3,4,2,3,1991,2,2
1991,2,400465,1,2,2,2,1,1,3,4,2,3,1991,2,2
1991,1,400466,7,2,2,2,4,1,3,1,1,3,1992,2,2
1991,1,400467,1,2,2,1,1,1,3,4,2,3,1991,2,2
1991,1,400468,2,2,3,1,2,2,3,4,2,3,1972,2,2
1991,2,400468,1,2,2,2,1,1,3,4,2,3,1988,2,2
1991,1,400469,1,2,2,2,1,1,3,4,1,3,1979,2,2
1991,1,400470,1,2,2,2,1,1,3,4,2,3,1975,2,2
1991,1,400471,1,2,2,2,1,1,3,4,2,3,1985,2,2
1991,1,400472,2,2,2,2,1,1,3,4,2,3,1978,2,2
1991,2,400472,4,2,2,1,1,1,3,4,1,3,1987,2,2
1991,1,400473,1,2,6,2,1,1,3,4,1,3,1990,2,2
1991,1,400474,1,2,2,2,1,1,3,4,2,3,1987,2,2
1991,2,400474,1,2,2,2,1,1,3,4,2,3,1979,2,2
1991,1,400476,1,2,2,1,2,2,3,4,1,3,1977,2,2
1991,1,400478,1,2,2,2,1,1,3,4,1,3,1991,2,2
1991,2,400478,2,2,2,2,1,1,3,4,2,3,1991,2,2
1991,1,400479,1,3,3,2,3,3,3,4,2,3,1978,2,2
1991,2,400479,2,2,2,1,1,1,3,4,2,3,1988,2,2
1991,1,400480,1,2,2,2,1,1,3,4,1,3,1987,2,2
1991,2,400480,1,4,4,2,1,1,3,4,2,3,1972,2,2
1991,3,400480,6,4,5,2,1,1,3,4,2,3,1981,2,2
1991,1,400481,1,2,2,2,2,2,3,4,2,3,1979,2,2
1991,1,400482,6,4,4,2,2,2,3,4,2,3,1976,2,2
1991,2,400482,6,2,2,2,1,1,3,4,2,3,1981,2,2
1991,1,400483,2,2,2,2,1,1,3,4,2,3,1984,2,2
1991,2,400483,1,2,2,2,1,1,3,4,2,3,1983,2,2
1991,1,400484,2,2,2,2,1,1,3,4,2,3,1985,2,2
1991,1,400485,2,2,2,1,2,2,3,4,1,3,1983,2,2
1991,1,400486,1,2,2,2,1,1,3,4,1,3,1973,2,2
1991,2,400486,2,2,2,2,1,1,3,4,2,3,1986,2,2
1991,1,400487,1,2,2,1,1,1,3,4,1,3,1981,2,2
1991,1,400488,1,5,5,1,1,1,3,4,2,3,1981,2,2
1991,2,400488,3,2,2,2,1,1,3,4,2,3,1989,2,2
1991,1,400489,3,3,3,1,1,1,3,4,1,3,1970,2,2
1991,1,400490,1,5,5,2,1,1,3,4,1,3,1974,2,2
1991,1,400491,1,1,1,1,1,1,3,4,1,3,1989,2,2
1991,1,400492,2,1,1,1,1,1,3,4,1,3,1988,2,2
1991,1,400493,1,2,2,2,1,1,3,4,2,3,1984,2,2
1991,1,400494,4,2,2,2,1,1,3,4,2,3,1989,2,2
1991,1,400495,1,2,2,2,1,1,3,4,2,3,1991,2,2
1991,2,400495,6,5,5,2,1,1,3,4,2,3,1982,2,2
1991,1,400496,1,2,2,2,1,1,3,4,2,3,1986,2,2
1991,1,400497,1,2,2,1,1,1,3,4,1,3,1970,2,2
1991,1,400498,1,3,3,2,1,1,3,4,2,3,1980,2,2
1991,2,400498,2,2,2,2,1,1,3,4,2,3,1960,2,2
1991,1,400499,1,3,3,2,1,1,3,4,1,3,1985,2,2
1991,1,400500,2,3,3,2,1,1,3,4,2,3,1986,2,2
1991,2,400500,2,2,2,2,1,1,3,4,2,3,1988,2,2
1991,1,400501,2,2,5,2,3,3,3,4,1,3,1984,2,2
1991,1,400502,1,2,2,2,1,1,3,4,2,3,1989,2,2
1991,2,400502,2,2,2,2,1,1,3,4,2,3,1978,2,2
1991,1,400503,1,5,5,2,1,1,3,4,2,3,1984,2,2
1991,2,400503,1,2,2,2,1,1,3,4,2,3,1981,2,2
1991,1,400504,6,2,2,1,1,1,3,4,2,3,1983,2,2
1991,2,400504,1,2,2,2,1,1,3,4,1,3,1985,2,2
1991,1,400505,2,2,2,2,1,1,3,4,2,3,1987,2,2
1991,1,400506,4,2,2,2,2,2,3,4,2,3,1987,2,2
1991,1,400507,3,3,3,2,2,2,3,4,2,3,1985,2,2
1991,1,400508,2,2,2,1,1,1,3,4,1,3,1980,2,2
1991,1,400509,2,2,2,2,1,1,3,4,1,3,1990,2,2
1991,1,400510,1,2,2,2,1,1,3,4,1,3,1986,2,2
1991,2,400510,3,4,2,1,1,1,3,4,2,3,1986,2,2
1991,3,400510,1,2,2,2,1,1,3,4,1,3,1989,2,2
1991,1,400511,1,1,1,2,1,1,3,4,2,3,1991,2,2
1991,1,400512,1,2,2,2,1,1,3,4,1,3,1979,2,2
1991,2,400512,6,4,4,2,1,1,3,4,2,3,1982,2,2
1991,1,400513,2,5,5,1,1,1,3,4,2,3,1986,2,2
1991,2,400513,3,2,2,2,1,1,3,4,2,3,1990,2,2
1991,1,400514,1,2,2,2,1,1,3,4,2,3,1978,2,2
1991,2,400514,6,2,2,2,1,1,3,4,2,3,1982,2,2
1991,1,400515,1,4,4,2,1,1,3,4,2,3,1976,2,2
1991,2,400515,6,2,2,2,1,1,3,4,2,3,1991,2,2
1991,1,400516,2,2,2,2,1,1,3,4,2,3,1979,2,2
1991,1,400517,2,2,2,1,1,1,3,4,1,3,1967,2,2
1991,1,400518,1,3,3,1,1,1,3,4,2,3,1987,2,2
1991,2,400518,1,2,2,2,1,1,3,4,2,3,1977,2,2
1991,1,400519,1,2,2,2,1,1,3,4,1,3,1991,2,2
1991,2,400519,6,2,2,2,1,1,3,4,2,3,1988,2,2
1991,1,400520,2,1,1,1,1,1,3,4,1,3,1988,2,2
1991,1,400521,1,2,6,1,1,1,3,4,1,3,1979,2,2
1991,1,400522,1,2,2,2,1,1,3,4,2,3,1973,1,2
1991,2,400522,9,4,4,2,1,1,3,4,2,3,1987,2,2
1991,1,400523,1,2,2,2,1,1,3,4,1,3,1986,2,2
1991,2,400523,6,4,4,2,1,1,3,4,2,3,1990,2,2
1991,1,400524,1,1,1,1,1,1,3,4,1,3,1991,2,2
1991,1,400525,1,2,3,2,1,1,3,4,1,3,1980,2,2
1991,1,400526,7,2,2,2,4,1,3,1,2,3,1985,2,2
1991,1,400527,1,3,3,2,1,1,3,4,1,3,1989,2,2
1991,2,400527,2,2,2,2,1,1,3,4,2,3,1991,2,2
1991,1,400528,1,2,2,2,1,1,3,4,2,3,1982,2,2
1991,2,400528,2,2,2,2,1,1,3,4,2,3,1988,2,2
1991,1,400529,1,1,1,1,1,1,3,4,1,3,1979,2,2
1991,1,400530,1,3,3,2,1,1,3,4,2,3,1984,2,2
1991,2,400530,6,2,2,2,1,1,3,4,2,3,1982,2,2
1991,1,400531,2,2,2,2,1,1,3,4,1,3,1987,2,2
1991,1,400532,1,2,2,1,1,1,3,4,2,3,1989,1,2
1991,1,400533,2,2,2,2,1,1,3,4,1,3,1972,2,2
1991,1,400534,1,5,5,2,1,1,3,4,2,3,1980,2,2
1991,1,400535,1,2,2,1,2,2,3,4,1,3,1978,2,2
1991,1,400536,1,2,2,2,2,2,3,4,1,3,1982,2,2
1991,2,400536,1,2,2,2,1,1,3,4,2,3,1990,2,2
1991,1,400537,2,2,2,1,1,1,3,4,2,3,1990,2,2
1991,2,400537,1,5,5,2,1,1,3,4,2,3,1982,2,2
1991,1,400538,1,5,5,2,2,2,3,4,2,3,1977,2,2
1991,2,400538,2,2,2,2,1,1,3,4,2,3,1976,2,2
1991,1,400539,2,6,6,1,1,1,3,4,1,3,1985,2,2
1991,1,400540,1,2,2,2,1,1,3,4,2,3,1989,2,2
1991,2,400540,1,2,2,2,1,1,3,4,2,3,1975,2,2
1991,1,400541,2,3,3,2,1,1,3,4,2,3,1983,2,2
1991,2,400541,2,2,2,2,1,1,3,4,2,3,1977,2,2
1991,1,400542,1,2,2,2,1,1,3,4,2,3,1980,2,2
1991,2,400542,1,2,2,1,1,1,3,4,2,3,1988,2,2
1991,1,400543,2,2,2,1,3,3,3,4,2,3,1983,2,2
1991,1,400544,1,2,2,2,1,1,3,4,2,3,1984,2,2
1991,2,400544,1,2,2,2,1,1,3,4,2,3,1984,2,2
1991,1,400545,1,5,5,2,1,1,3,4,2,3,1981,2,2
1991,2,400545,3,2,2,2,1,1,3,4,1,3,1979,2,2
1991,1,400546,1,4,4,2,1,1,3,4,2,3,1988,2,2
1991,2,400546,1,2,2,2,1,1,3,4,1,3,1990,2,2
1991,1,400547,1,6,6,2,1,1,3,4,2,3,1980,2,2
1991,1,400548,1,2,2,1,1,1,3,4,2,3,1982,2,2
1991,1,400549,2,1,1,1,1,1,3,4,2,3,1974,2,2
1991,2,400549,6,2,2,2,1,1,3,4,2,3,1977,2,2
1991,1,400550,1,1,1,1,1,1,3,4,1,3,1990,2,2
1991,1,400551,1,5,2,2,3,3,3,4,1,3,1978,2,2
1991,1,400552,1,4,4,2,1,1,3,4,1,3,1978,2,2
1991,1,400553,1,5,5,2,1,1,3,4,1,3,1970,2,2
1991,1,400554,2,2,2,2,1,1,3,4,2,3,1977,2,2
1991,2,400554,6,2,2,2,1,1,3,4,2,3,1984,2,2
1991,1,400555,6,4,4,2,1,1,3,4,2,3,1980,2,2
1991,2,400555,1,2,2,2,1,1,3,4,2,3,1989,2,2
1991,1,400556,1,3,3,2,3,3,3,4,2,3,1984,2,2
1991,2,400556,2,2,2,2,1,1,3,4,2,3,1989,2,2
1991,1,400557,1,3,3,2,3,3,3,4,2,3,1991,2,2
1991,1,400558,2,2,3,2,1,1,3,4,1,3,1976,2,2
1991,2,400558,1,5,5,2,1,1,3,4,2,3,1982,2,2
1991,1,400559,2,2,2,2,1,1,3,4,2,3,1988,2,2
1991,2,400559,1,5,5,2,1,1,3,4,2,3,1991,2,2
1991,1,400560,1,2,2,2,3,3,3,4,1,3,1980,2,2
1991,2,400560,2,2,2,2,1,1,3,4,2,3,1988,2,2
1991,1,400561,3,6,3,2,2,2,3,4,1,3,1987,1,2
1991,1,400562,2,3,2,2,3,3,3,4,2,3,1986,2,2
1991,2,400562,2,2,5,2,1,1,3,4,1,3,1988,2,2
1991,1,400563,2,2,2,2,3,3,3,4,2,3,1984,2,2
1991,1,400564,1,2,2,2,3,3,3,4,2,3,1983,2,2
1991,1,400566,1,2,2,2,1,1,3,4,1,3,1991,2,2
1991,2,400566,1,2,2,2,1,1,3,4,2,3,1991,2,2
1991,1,410001,4,3,3,2,1,1,3,4,2,3,1989,2,2
1991,2,410001,6,2,2,2,1,1,3,4,2,3,1989,2,2
1991,3,410001,1,4,4,2,1,1,3,4,2,3,1976,2,2
1991,1,410002,2,1,1,2,1,1,3,4,2,3,1984,2,2
1991,1,410003,1,1,1,1,2,2,3,4,2,3,1983,2,2
1991,1,410004,1,2,2,2,1,1,3,4,2,3,1990,2,2
1991,2,410004,8,2,2,2,1,1,3,4,2,3,1978,2,2
1991,1,410005,3,3,3,2,1,1,3,4,1,3,1984,2,2
1991,2,410005,6,2,2,2,1,1,3,4,2,3,1990,2,2
1991,1,410006,1,2,2,1,1,1,3,4,1,3,1981,2,2
1991,1,410007,6,2,2,2,1,2,3,4,2,3,1987,2,2
1991,2,410007,2,5,5,2,1,1,3,4,2,3,1984,2,2
1991,1,410008,1,2,2,2,1,1,3,4,2,3,1980,2,1
1991,2,410008,3,2,2,2,2,2,3,4,2,3,1968,2,2
1991,1,410009,3,2,2,1,1,1,3,4,1,3,1978,2,2
1991,1,410010,6,5,5,2,1,1,3,4,2,3,1978,2,2
1991,2,410010,2,2,2,2,1,1,3,4,1,3,1981,2,2
1991,1,410011,1,2,2,1,1,1,3,4,1,3,1981,2,2
1991,1,410012,1,2,2,2,1,1,3,4,2,3,1990,2,2
1991,2,410012,6,6,6,2,1,1,3,4,2,3,1988,2,2
1991,1,410013,1,1,1,1,1,1,3,4,2,3,1979,2,2
1991,1,410014,1,2,2,2,1,1,3,4,2,3,1989,2,2
1991,1,410015,9,7,7,2,3,3,3,4,2,3,9999,2,2
1991,1,410016,7,2,2,2,4,1,3,1,2,3,1989,2,2
1991,2,410016,1,2,2,2,1,1,3,4,2,3,1990,2,2
1991,1,410017,1,2,2,2,2,2,3,4,2,3,1979,2,2
1991,1,410018,1,2,2,2,1,1,3,4,2,3,1972,2,2
1991,1,410019,1,2,2,2,1,1,3,4,2,3,1986,2,2
1991,1,410020,1,3,3,2,1,1,3,4,1,3,1989,2,2
1991,2,410020,1,2,2,2,1,1,3,4,2,3,1986,2,2
1991,1,410021,1,2,2,2,1,1,3,4,2,3,1986,2,1
1991,1,410022,4,2,2,2,1,1,3,4,1,3,1988,2,2
1991,2,410022,1,4,6,2,1,1,3,4,2,3,1986,2,2
1991,3,410022,6,6,6,2,1,1,3,4,2,3,1991,2,2
1991,1,410023,1,3,3,2,1,1,3,4,1,3,1981,2,2
1991,2,410023,6,2,2,2,1,1,3,4,2,3,1990,2,2
1991,1,410024,1,4,4,2,3,3,3,4,2,3,1976,2,2
1991,2,410024,6,2,2,2,1,1,3,4,2,3,1990,2,2
1991,1,410025,1,2,2,2,1,1,3,4,2,3,1989,2,2
1991,1,410026,2,2,2,2,1,1,3,4,2,3,1970,2,2
1991,1,410027,2,2,2,1,1,1,3,4,2,3,1989,2,2
1991,1,410028,1,2,2,2,1,1,3,4,2,3,1985,2,2
1991,2,410028,1,3,2,2,1,1,3,4,2,3,1990,2,2
1991,1,410029,1,2,2,2,1,1,3,4,2,3,1984,2,2
1991,2,410029,4,5,5,2,1,1,3,4,2,3,1988,2,2
1991,3,410029,3,4,4,2,1,1,3,4,2,3,1985,2,2
1991,4,410029,3,2,2,2,1,1,3,4,2,3,1986,2,2
1991,1,410030,3,2,2,2,1,1,3,4,2,3,1985,2,2
1991,1,410031,3,2,2,1,1,1,3,4,1,3,1968,2,2
1991,1,410032,2,2,2,2,2,2,3,4,2,3,1980,2,2
1991,1,410033,4,6,6,2,1,1,3,4,2,3,1982,2,2
1991,1,410034,1,2,2,2,1,1,3,4,2,3,1988,2,2
1991,1,410035,2,2,2,2,1,1,3,4,2,3,1981,2,2
1991,2,410035,2,2,2,2,1,1,3,4,2,3,1981,2,2
1991,1,410036,2,6,6,1,1,1,3,4,2,3,1989,2,2
1991,1,410037,1,2,2,2,1,1,3,4,2,3,1986,2,2
1991,1,410038,1,1,1,2,1,1,3,4,2,3,1991,2,2
1991,1,410039,3,2,2,1,1,1,3,4,2,3,1973,2,1
1991,1,410040,6,2,3,1,1,1,3,4,2,3,1974,2,2
1991,2,410040,2,2,2,2,1,1,3,4,2,3,1990,2,2
1991,1,410041,1,2,2,2,1,1,3,4,1,3,1981,2,2
1991,2,410041,3,2,2,1,1,1,3,4,2,3,1984,2,2
1991,1,410042,1,2,2,2,1,1,3,4,2,3,1986,2,2
1991,2,410042,1,3,3,2,1,1,3,4,2,3,1987,2,2
1991,3,410042,1,2,2,2,1,1,3,4,2,3,1977,2,2
1991,1,410043,1,1,1,1,1,1,3,4,1,3,1973,2,2
1991,1,410044,1,2,2,2,1,1,3,4,2,3,1973,2,2
1991,2,410044,4,2,2,2,1,1,3,4,2,3,1975,2,2
1991,1,410045,1,4,4,1,2,2,3,4,2,3,1972,2,2
1991,1,410046,3,2,2,2,1,1,3,4,2,3,1984,2,2
1991,1,410048,2,2,2,2,1,1,3,4,2,3,1974,2,2
1991,2,410048,6,2,2,2,1,1,3,4,2,3,1984,2,2
1991,1,410049,7,2,2,2,4,1,3,1,2,3,1981,2,2
1991,2,410049,1,4,4,2,1,1,3,4,2,3,1983,2,2
1991,1,410050,2,1,1,1,2,2,3,4,1,3,1974,2,2
1991,1,410051,2,3,3,2,1,1,3,4,2,3,1983,2,2
1991,2,410051,1,2,2,2,1,1,3,4,2,3,1977,2,2
1991,1,410052,1,2,2,2,1,1,3,4,2,3,1986,2,2
1991,2,410052,1,2,2,2,1,1,3,4,2,3,1979,2,2
1991,1,410053,2,1,1,1,1,1,3,4,2,3,1971,2,2
1991,1,410054,7,3,3,2,4,1,3,1,2,3,1985,2,2
1991,1,410055,2,1,1,1,1,1,3,4,1,3,1986,2,1
1991,1,410056,2,3,3,2,1,1,3,4,2,3,1973,2,2
1991,2,410056,2,2,2,2,1,1,3,4,2,3,1987,2,2
1991,1,410057,1,3,3,2,1,1,3,4,1,3,1988,2,2
1991,2,410057,1,2,2,2,1,1,3,4,2,3,1985,2,2
1991,1,410058,2,2,2,2,1,1,3,4,1,3,1971,2,2
1991,2,410058,4,2,2,2,2,2,3,4,2,3,1990,2,2
1991,3,410058,1,2,2,2,1,1,3,4,2,3,1965,2,2
1991,1,410059,8,2,2,2,1,1,3,4,2,1,1983,2,2
1991,1,410060,1,2,2,2,1,1,3,4,2,3,1984,2,2
1991,1,410061,1,1,1,1,1,1,3,4,2,3,1980,2,1
1991,1,410062,1,1,1,2,1,1,3,4,2,3,1984,2,2
1991,1,410063,2,3,3,2,2,2,3,4,2,3,1969,2,2
1991,1,410064,9,2,2,2,1,1,3,4,2,3,1987,2,2
1991,1,410065,2,2,2,2,1,1,3,4,2,3,1979,2,2
1991,2,410065,6,6,6,2,1,1,3,4,2,3,1983,2,2
1991,1,410066,2,1,1,1,2,2,3,4,2,3,1980,2,2
1991,1,410067,5,2,2,2,2,2,3,4,2,3,1982,2,2
1991,1,410068,1,2,2,2,1,1,3,4,2,3,1975,2,2
1991,1,410069,6,1,1,1,1,1,3,4,2,3,1984,2,2
1991,1,410070,1,2,2,1,2,2,3,4,2,3,1979,2,2
1991,1,410071,2,2,2,2,1,1,3,4,2,3,1989,1,2
1991,2,410071,8,2,2,2,1,1,3,4,2,1,1988,2,2
1991,1,410072,7,3,3,2,4,2,3,2,1,3,1985,2,2
1991,2,410072,8,6,6,2,1,2,3,4,2,3,1988,2,2
1991,1,410073,2,2,2,1,1,1,3,4,1,3,1966,2,2
1991,2,410073,1,2,2,2,1,1,3,4,2,3,1965,2,2
1991,1,410074,2,2,2,2,1,1,3,4,2,3,1984,2,2
1991,2,410074,1,5,5,2,1,1,3,4,2,3,1987,2,2
1991,1,410075,1,2,6,2,1,1,3,4,2,3,1979,2,2
1991,2,410075,6,6,6,1,1,1,3,4,2,3,1988,2,2
1991,1,410076,2,1,1,1,1,1,3,4,2,3,1969,2,2
1991,1,410077,1,2,2,1,1,1,3,4,2,3,1980,2,1
1991,1,410078,2,2,2,2,2,2,3,4,2,3,1972,2,2
1991,1,410079,1,5,5,1,1,1,3,4,1,3,1985,2,2
1991,1,410080,1,5,5,1,1,1,3,4,2,3,1980,2,2
1991,2,410080,2,2,2,2,1,1,3,4,2,3,1991,2,2
1991,1,410081,7,7,7,2,4,2,3,2,1,3,1984,2,2
1991,1,410082,4,2,2,2,1,1,3,4,2,3,1980,2,2
1991,2,410082,1,2,2,2,1,1,3,4,2,3,1973,2,2
1991,1,410083,9,2,2,2,2,2,3,4,2,3,1986,2,2
1991,1,410085,3,2,2,2,1,1,3,4,2,3,1972,2,2
1991,2,410085,1,2,2,2,2,2,3,4,2,3,1976,2,2
1991,1,410086,1,2,2,2,2,2,3,4,2,3,1979,2,2
1991,2,410086,1,2,2,2,1,1,3,4,2,3,1989,2,2
1991,1,410087,1,2,2,2,2,2,3,4,1,3,1979,2,2
1991,2,410087,1,3,3,2,1,1,3,4,2,3,1988,2,2
1991,1,410090,1,5,5,2,1,1,3,4,2,3,1983,2,2
1991,2,410090,1,2,2,2,1,1,3,4,2,3,1981,2,2
1991,1,410091,1,1,1,1,1,1,3,4,2,3,1990,2,1
1991,1,410092,2,2,2,1,2,2,3,4,2,3,1989,2,2
1991,1,410093,1,2,2,2,2,2,3,4,2,3,1984,2,2
1991,1,410094,3,3,3,2,1,1,3,4,2,3,1984,2,2
1991,2,410094,7,2,2,2,4,2,3,2,1,3,1980,2,2
1991,1,410095,1,2,2,2,2,2,3,4,1,3,1988,2,2
1991,1,410096,1,2,2,2,1,1,3,4,2,3,1985,2,2
1991,2,410096,7,2,2,2,4,2,3,2,2,3,1986,2,2
1991,1,410097,2,1,1,1,1,1,3,4,2,3,1981,2,1
1991,1,410098,1,1,1,1,1,1,3,4,2,3,1972,2,2
1991,1,410099,2,1,1,1,1,1,3,4,1,3,1987,2,2
1991,1,410100,1,3,3,2,1,1,3,4,1,3,1991,2,2
1991,2,410100,3,2,2,2,1,1,3,4,2,3,1982,2,2
1991,1,410101,2,2,2,2,2,2,3,4,1,3,1978,2,2
1991,1,410102,5,4,4,2,1,1,3,4,2,3,1979,2,2
1991,2,410102,1,2,2,2,2,2,3,4,2,3,1974,2,2
1991,1,410103,1,2,2,1,1,1,3,4,2,3,1987,2,1
1991,1,410104,2,2,2,1,1,1,3,4,1,3,1988,2,2
1991,1,410105,1,5,5,1,1,1,3,4,1,3,1978,2,2
1991,1,410106,1,2,2,1,1,1,3,4,1,3,1970,2,2
1991,1,410107,2,7,7,1,1,1,3,4,1,3,1977,2,2
1991,1,410108,1,5,5,2,1,1,3,4,2,3,1990,2,2
1991,2,410108,1,2,2,2,1,1,3,4,2,3,1979,2,2
1991,1,410109,2,2,2,2,1,1,3,4,2,3,1976,2,2
1991,2,410109,1,3,3,2,1,1,3,4,2,3,1987,2,2
1991,1,410110,6,2,2,2,1,1,3,4,1,3,1989,2,2
1991,2,410110,6,5,5,2,1,1,3,4,2,3,1986,2,2
1991,3,410110,9,4,2,2,1,1,3,4,2,3,1975,2,2
1991,4,410110,1,2,2,2,1,1,3,4,2,3,1986,2,2
1991,1,410111,5,2,2,2,1,1,3,4,2,3,1988,2,2
1991,2,410111,7,2,2,2,4,2,3,2,2,3,1987,2,2
1991,1,410112,3,2,2,2,1,1,3,4,2,3,1981,2,2
1991,2,410112,2,2,2,1,1,1,3,4,2,3,1990,2,2
1991,1,410113,1,6,6,1,1,1,3,4,1,3,1978,2,2
1991,1,410114,2,2,2,1,2,2,3,4,2,3,1989,2,2
1991,2,410114,6,4,4,2,1,1,3,4,2,3,1989,2,2
1991,1,410115,1,2,2,1,1,1,3,4,2,3,1990,2,2
1991,2,410115,1,2,2,1,1,1,3,4,2,3,1980,2,2
1991,1,410116,1,2,2,2,1,1,3,4,2,3,1986,2,2
1991,1,410117,3,3,3,1,1,1,3,4,2,3,1986,2,2
1991,2,410117,2,2,2,2,1,1,3,4,2,3,1989,2,2
1991,1,410118,2,1,1,1,1,1,3,4,1,3,1991,2,2
1991,1,410119,2,2,2,1,2,2,3,4,2,3,1982,2,2
1991,1,410120,3,2,2,2,1,1,3,4,2,3,1981,2,1
1991,2,410120,4,2,2,2,1,1,3,4,2,3,1982,2,2
1991,1,410121,6,2,6,2,1,1,3,4,2,3,1991,2,2
1991,1,410122,1,6,6,1,2,2,3,4,1,3,1977,2,2
1991,1,410123,1,2,2,2,1,1,3,4,1,3,1982,2,2
1991,1,410124,3,1,1,1,1,1,3,4,2,3,1989,2,1
1991,1,410125,1,2,2,2,1,1,3,4,1,3,1978,2,2
1991,1,410126,1,5,5,2,1,1,3,4,2,3,1985,2,2
1991,2,410126,1,2,2,2,1,1,3,4,2,3,1985,2,2
1991,1,410127,2,2,2,2,2,2,3,4,2,3,1979,2,2
1991,1,410128,1,2,2,2,1,1,3,4,2,3,1988,2,2
1991,1,410129,1,1,1,1,1,1,3,4,2,3,1991,2,2
1991,1,410130,1,2,2,2,2,2,3,4,2,3,1977,2,2
1991,2,410130,1,5,5,2,1,1,3,4,2,3,1980,2,2
1991,1,410131,4,1,1,1,1,1,3,4,2,3,1984,2,2
1991,1,410132,3,1,1,1,1,1,3,4,1,3,1983,2,2
1991,1,410133,1,3,3,1,1,1,3,4,2,3,1976,2,2
1991,2,410133,3,2,2,2,1,1,3,4,2,3,1991,2,2
1991,3,410133,3,2,2,2,1,1,3,4,2,3,1989,2,2
1991,1,410134,3,2,6,1,1,1,3,4,2,3,1988,2,1
1991,1,410136,1,3,3,2,2,2,3,4,2,3,1976,2,2
1991,2,410136,1,2,2,2,1,1,3,4,2,3,1978,2,2
1991,1,410137,2,2,2,2,1,1,3,4,2,3,1989,2,2
1991,1,410138,7,3,3,2,4,1,3,1,2,3,1987,2,2
1991,1,410139,1,2,2,1,2,2,3,4,1,3,1990,2,2
1991,1,410140,4,2,2,2,2,2,3,4,2,3,1971,2,2
1991,2,410140,6,2,2,2,1,1,3,4,2,3,1976,2,2
1991,1,410141,1,4,4,1,2,2,3,4,1,3,1988,2,2
1991,1,410142,1,2,2,1,1,1,3,4,2,3,1986,2,2
1991,1,410143,2,2,2,2,1,1,3,4,2,3,1975,2,1
1991,1,410144,1,5,5,2,1,1,3,4,1,3,1978,2,2
1991,1,410145,1,4,4,2,1,1,3,4,1,3,1989,2,2
1991,1,410146,1,4,2,2,2,2,3,4,1,3,1977,2,2
1991,1,410147,1,2,2,2,1,1,3,4,2,3,1988,2,1
1991,1,410148,2,1,1,1,1,1,3,4,2,3,1982,2,1
1991,1,410150,1,5,5,1,1,1,3,4,1,3,1981,2,2
1991,1,410151,6,2,2,1,1,1,3,4,2,3,1984,2,2
1991,1,410153,2,5,5,1,1,1,3,4,2,3,1989,2,2
1991,2,410153,2,2,2,2,1,1,3,4,2,3,1990,2,2
1991,1,410154,6,4,4,2,1,1,3,4,2,3,1966,2,2
1991,1,410155,1,1,1,1,1,1,3,4,1,3,1990,2,2
1991,1,410156,7,3,3,2,4,1,3,1,1,3,1984,2,2
1991,2,410156,2,5,6,2,1,1,3,4,2,3,1986,2,2
1991,1,410157,6,1,1,1,1,1,3,4,1,3,1980,2,2
1991,1,410158,7,1,1,2,4,2,3,2,2,3,1978,2,2
1991,1,410159,2,5,5,2,1,1,3,4,1,3,1990,2,2
1991,1,410160,1,2,2,1,1,1,3,4,1,3,1990,2,2
1991,1,410161,1,3,3,1,1,1,3,4,1,3,1982,2,2
1991,1,410162,1,2,2,2,1,1,3,4,2,3,1983,2,2
1991,2,410162,3,2,2,2,1,1,3,4,2,3,1979,2,2
1991,1,410163,1,2,2,2,2,2,3,4,1,3,1975,2,2
1991,2,410163,6,3,3,2,1,1,3,4,2,3,1986,2,2
1991,1,410164,7,2,2,2,4,1,3,1,2,3,1968,2,2
1991,1,410165,1,2,2,2,1,1,3,4,2,3,1976,2,1
1991,1,410166,2,1,1,1,1,1,3,4,2,3,1986,2,2
1991,1,410167,2,2,2,2,1,1,3,4,2,3,1985,2,2
1991,2,410167,6,2,2,2,1,1,3,4,2,3,1970,2,2
1991,1,410168,1,4,4,1,1,1,3,4,1,3,1979,2,2
1991,1,410169,1,2,2,2,1,1,3,4,2,3,1989,2,2
1991,1,410170,9,2,2,1,1,1,3,4,2,3,1984,2,2
1991,1,410171,7,2,2,2,4,1,3,1,2,3,1977,2,2
1991,1,410172,1,2,2,2,1,1,3,4,2,3,1971,1,2
1991,1,410173,9,4,4,2,1,1,3,4,2,3,1978,2,2
1991,2,410173,6,2,3,2,2,2,3,4,2,3,1974,2,2
1991,3,410173,1,5,5,1,1,1,3,4,2,3,1985,2,2
1991,4,410173,9,2,2,2,1,1,3,4,2,3,1985,2,2
1991,5,410173,2,2,2,2,1,1,3,4,2,3,1989,2,2
1991,1,410174,1,2,2,2,1,1,3,4,2,3,1983,2,2
1991,1,410175,7,5,5,2,4,2,3,2,2,3,1947,2,2
1991,1,410176,1,3,3,2,1,1,3,4,2,3,1990,2,2
1991,2,410176,7,2,2,2,4,1,3,1,2,3,1982,2,2
1991,1,410177,2,5,5,2,1,1,3,4,2,3,1986,2,2
1991,2,410177,6,2,2,2,1,1,3,4,2,3,1977,2,2
1991,3,410177,2,4,4,2,1,1,3,4,2,3,1989,2,2
1991,1,410178,1,2,2,1,2,2,3,4,2,3,1977,2,2
1991,1,410179,7,2,2,2,4,2,3,2,1,3,1980,2,2
1991,2,410179,4,2,5,2,1,1,3,4,2,3,1991,2,2
1991,1,410180,8,6,6,2,1,1,3,4,2,3,1989,2,2
1991,1,410181,1,5,5,2,1,1,3,4,2,3,1985,2,2
1991,1,410182,7,3,3,2,4,2,3,2,2,3,1981,2,2
1991,2,410182,3,2,2,2,1,1,3,4,2,3,1981,2,2
1991,1,410183,6,1,1,1,1,1,3,4,2,3,1988,2,1
1991,1,410184,4,2,2,2,1,1,3,4,2,3,1977,2,1
1991,1,410185,1,2,2,2,1,1,3,4,2,3,1988,2,2
1991,2,410185,1,2,2,2,1,1,3,4,2,3,1988,2,2
1991,1,410186,1,1,1,1,2,2,3,4,2,3,1973,2,2
1991,1,410187,1,2,2,2,1,1,3,4,2,3,1970,2,2
1991,1,410188,1,2,2,2,1,1,3,4,2,3,1989,2,2
1991,2,410188,6,2,2,2,1,1,3,4,2,3,1969,2,2
1991,1,410189,3,1,1,1,1,1,3,4,1,3,1984,2,2
1991,1,410190,1,2,2,2,1,1,3,4,2,3,1972,2,2
1991,1,410191,1,1,1,1,1,1,3,4,2,3,1979,2,2
1991,1,410192,2,2,2,1,1,1,3,4,2,3,1976,2,2
1991,1,410193,1,2,3,2,1,1,3,4,2,3,1984,2,2
1991,2,410193,1,2,2,2,1,1,3,4,2,3,1959,2,2
1991,3,410193,2,2,2,2,1,1,3,4,2,3,1980,2,2
1991,1,410194,7,2,2,2,4,2,3,2,2,3,1984,2,2
1991,2,410194,2,2,2,2,1,1,3,4,2,3,1985,2,2
1991,3,410194,1,5,5,2,1,1,3,4,2,3,1977,2,2
1991,1,410195,2,1,1,1,2,2,3,4,2,3,1981,2,2
1991,1,410196,2,5,5,2,1,1,3,4,2,3,1982,2,2
1991,2,410196,1,7,7,1,1,1,3,4,1,3,1981,2,2
1991,1,410197,1,1,1,1,2,2,3,4,2,3,1983,2,2
1991,1,410198,2,1,1,1,2,2,3,4,2,3,1980,2,1
1991,1,410199,7,3,3,2,4,2,3,2,1,3,1973,2,2
1991,1,410200,3,1,1,1,1,1,3,4,1,3,1972,2,2
1991,1,410201,9,2,2,2,3,3,3,4,2,3,9999,2,2
1991,2,410201,6,2,2,2,1,1,3,4,2,3,1982,2,2
1991,3,410201,1,6,6,2,1,1,3,4,2,3,1982,2,2
1991,4,410201,1,2,2,2,1,1,3,4,2,3,1987,2,2
1991,1,410202,3,2,2,1,1,1,3,4,1,3,1978,2,2
1991,1,410203,3,3,3,2,1,1,3,4,1,3,1984,2,2
1991,1,410204,1,2,2,1,1,1,3,4,1,3,1988,2,2
1991,2,410204,1,2,2,2,1,1,3,4,2,3,1989,2,2
1991,1,410205,1,1,1,1,2,2,3,4,2,3,1979,2,2
1991,1,410206,7,7,7,2,4,1,3,1,1,3,1978,2,2
1991,1,410207,1,2,2,2,2,2,3,4,2,3,1973,2,2
1991,1,410208,1,1,1,1,1,1,3,4,1,3,1978,2,2
1991,1,410209,2,1,1,2,1,1,3,4,2,3,1967,2,1
1991,1,410210,4,2,2,2,2,2,3,4,1,3,1982,2,2
1991,2,410210,1,4,4,2,1,1,3,4,2,3,1965,2,2
1991,3,410210,4,4,4,2,1,1,3,4,2,3,1988,2,2
1991,4,410210,2,5,5,2,1,1,3,4,2,3,1987,2,2
1991,1,410211,1,2,2,2,1,1,3,4,2,3,1986,2,2
1991,2,410211,6,2,2,2,1,1,3,4,2,3,1990,2,2
1991,1,410213,2,2,2,2,1,1,3,4,2,3,1979,2,2
1991,1,410214,2,2,2,2,1,1,3,4,2,3,1987,2,2
1991,2,410214,9,2,2,2,1,2,3,4,1,3,1984,2,2
1991,1,410215,2,2,2,1,2,2,3,4,2,3,1989,2,2
1991,1,410216,1,2,6,2,1,1,3,4,2,3,1981,2,2
1991,2,410216,6,2,2,1,1,1,3,4,2,3,1989,2,2
1991,1,410217,4,1,1,1,1,1,3,4,1,3,1977,2,2
1991,1,410218,1,1,1,1,1,1,3,4,1,3,1981,2,2
1991,1,410219,7,5,5,2,4,2,3,2,1,3,1985,2,2
1991,1,410220,1,2,2,2,1,1,3,4,2,3,1977,2,1
1991,1,410222,9,7,7,2,3,3,3,4,2,3,9999,2,2
1991,1,410223,2,4,4,1,1,1,3,4,1,3,1946,2,2
1991,1,410224,1,2,2,2,2,2,3,4,2,3,1982,2,2
1991,1,410225,1,2,2,2,1,1,3,4,1,3,1990,2,2
1991,1,410226,1,2,2,2,1,1,3,4,2,3,1990,2,2
1991,2,410226,3,2,2,2,1,1,3,4,2,3,1984,2,2
1991,1,410227,1,2,2,2,3,3,3,4,2,3,1979,2,2
1991,2,410227,1,2,2,2,1,1,3,4,2,3,1969,2,2
1991,1,410229,7,2,2,2,4,1,3,1,2,3,1979,2,2
1991,2,410229,2,3,3,2,1,1,3,4,2,3,1982,2,2
1991,1,410230,6,2,2,2,1,1,3,4,2,3,1982,2,1
1991,2,410230,1,4,6,2,3,3,3,4,2,3,1988,2,2
1991,3,410230,7,4,4,2,4,1,3,1,2,3,1982,2,2
1991,4,410230,1,4,4,2,1,1,3,4,2,3,1987,2,2
1991,5,410230,1,4,4,2,1,1,3,4,2,3,1962,2,2
1991,1,410231,2,5,5,1,1,1,3,4,1,3,1986,2,2
1991,1,410232,2,2,2,1,1,1,3,4,2,3,1957,2,2
1991,1,410233,7,3,3,2,4,1,3,1,2,3,1984,2,2
1991,1,410234,2,2,2,2,1,1,3,4,1,3,1982,2,2
1991,2,410234,7,5,5,2,4,1,3,1,2,3,1982,2,2
1991,1,410235,2,2,2,2,1,1,3,4,1,3,1986,2,2
1991,1,410236,1,4,4,2,1,1,3,4,2,3,1988,2,2
1991,2,410236,3,2,2,2,1,1,3,4,2,3,1980,2,2
1991,1,410237,2,1,1,1,1,1,3,4,2,3,1990,2,2
1991,1,410238,1,2,2,2,1,1,3,4,1,3,1983,2,2
1991,2,410238,2,2,2,2,1,1,3,4,2,3,1988,2,2
1991,1,410239,1,1,1,1,2,2,3,4,1,3,1978,2,2
1991,1,410241,2,3,3,2,2,2,3,4,1,3,1972,2,2
1991,2,410241,6,2,2,2,1,1,3,4,2,3,1989,2,2
1991,1,410242,1,2,6,2,2,2,3,4,2,3,1991,2,2
1991,2,410242,1,4,4,1,3,3,3,4,2,3,1979,2,2
1991,1,410243,7,2,2,2,4,1,3,1,1,3,1977,2,2
1991,2,410243,2,2,2,2,1,1,3,4,2,3,1956,2,2
1991,1,410244,4,4,4,1,2,2,3,4,1,3,1986,2,2
1991,1,410245,2,1,1,1,1,1,3,4,2,3,1983,2,1
1991,1,410246,3,2,2,1,1,1,3,4,2,3,1972,2,2
1991,1,410247,3,5,5,1,1,1,3,4,2,3,1974,2,2
1991,1,410248,1,1,1,1,2,2,3,4,1,3,1977,2,2
1991,1,410249,2,7,7,1,1,1,3,4,2,3,1981,2,2
1991,1,410250,3,2,2,1,2,2,3,4,2,3,1948,2,2
1991,1,410251,1,2,2,2,1,1,3,4,1,3,1985,2,2
1991,1,410252,1,2,2,2,1,1,3,4,2,3,1988,2,2
1991,1,410253,1,2,2,2,1,1,3,4,2,3,1980,2,2
1991,1,410255,1,2,2,2,1,1,3,4,2,3,1980,2,2
1991,2,410255,4,2,2,2,1,1,3,4,2,3,1990,1,2
1991,3,410255,3,2,2,2,1,1,3,4,2,3,1987,2,2
1991,1,410256,1,2,2,2,2,2,3,4,2,3,1979,2,2
1991,2,410256,6,2,2,2,1,1,3,4,2,3,1967,2,2
1991,1,410257,1,2,2,2,2,2,3,4,1,3,1981,2,2
1991,1,410258,1,5,5,2,1,1,3,4,2,3,1978,1,2
1991,2,410258,2,2,2,2,1,1,3,4,2,3,1975,2,2
1991,1,410259,3,1,1,1,1,1,3,4,2,3,1979,1,2
1991,1,410260,1,5,5,1,2,2,3,4,1,3,1980,2,2
1991,1,410261,2,2,2,2,1,1,3,4,2,3,1990,1,2
1991,1,410262,4,1,1,1,1,1,3,4,2,3,1988,2,2
1991,1,410263,1,4,4,2,1,1,3,4,2,3,1980,2,2
1991,1,410264,2,2,2,2,1,1,3,4,2,3,1990,2,2
1991,2,410264,1,2,2,2,2,2,3,4,1,3,1990,2,2
1991,1,410265,2,2,2,2,1,1,3,4,2,3,1981,2,2
1991,2,410265,1,3,3,2,1,1,3,4,2,3,1979,2,2
1991,1,410266,1,2,2,2,1,1,3,4,2,3,1981,2,2
1991,2,410266,6,2,6,2,1,1,3,4,2,3,1979,2,2
1991,1,410268,6,4,4,2,1,1,3,4,2,3,1979,2,2
1991,2,410268,1,2,2,2,1,1,3,4,2,3,1978,2,2
1991,3,410268,1,2,2,2,1,1,3,4,2,3,1965,2,2
1991,1,410269,2,2,2,2,1,1,3,4,2,3,1977,2,2
1991,2,410269,1,5,5,2,1,1,3,4,2,3,1982,2,2
1991,1,410270,4,2,2,2,1,1,3,4,2,3,1977,2,2
1991,1,410271,2,2,2,2,1,1,3,4,2,3,1972,2,2
1991,2,410271,7,2,2,2,4,1,3,1,1,3,1980,2,2
1991,1,410272,1,2,2,2,1,1,3,4,2,3,1980,2,2
1991,2,410272,1,2,2,2,1,1,3,4,2,3,1990,2,2
1991,1,410273,1,2,2,2,1,1,3,4,2,3,1983,2,2
1991,2,410273,2,2,2,2,1,1,3,4,2,3,1989,2,2
1991,1,410274,1,4,4,2,1,1,3,4,2,3,1978,2,2
1991,2,410274,7,2,2,2,4,2,3,2,2,3,1982,2,2
1991,3,410274,2,2,2,2,2,2,3,4,2,3,1969,2,2
1991,1,410275,1,2,2,2,1,1,3,4,2,3,1980,2,2
1991,1,410276,2,1,1,2,1,1,3,4,2,3,1982,2,2
1991,1,410277,1,2,2,2,2,2,3,4,2,3,1982,2,2
1991,2,410277,5,2,2,2,1,1,3,4,2,3,1978,2,2
1991,1,410278,3,2,2,2,1,1,3,4,2,3,1984,2,2
1991,1,410279,2,5,5,1,1,1,3,4,2,3,1971,2,2
1991,1,410280,1,1,1,1,2,2,3,4,2,3,1981,2,2
1991,1,410281,1,2,2,2,1,1,3,4,2,3,1974,2,2
1991,2,410281,6,2,2,2,1,1,3,4,2,3,1986,2,2
1991,1,410282,1,1,1,1,1,1,3,4,1,3,1991,2,2
1991,1,410283,1,3,3,2,2,2,3,4,1,3,1978,2,2
1991,1,410284,1,2,2,2,2,2,3,4,2,3,1980,2,2
1991,2,410284,3,2,2,2,1,1,3,4,2,3,1987,2,2
1991,1,410285,1,4,3,2,1,1,3,4,1,3,1989,2,2
1991,1,410286,1,5,5,2,1,1,3,4,2,3,1976,2,2
1991,1,410287,1,1,1,1,1,1,3,4,1,3,1981,2,2
1991,1,410288,1,2,2,2,1,1,3,4,1,3,1984,2,2
1991,1,410290,7,5,5,2,4,2,3,2,2,3,1984,2,2
1991,1,410291,2,2,2,2,1,1,3,4,2,3,1978,2,1
1991,2,410291,2,2,2,2,1,1,3,4,2,3,1985,2,2
1991,1,410292,1,4,4,2,1,1,3,4,2,3,1981,2,2
1991,2,410292,7,2,2,2,4,1,3,1,2,3,1979,2,2
1991,1,410293,1,5,5,2,1,1,3,4,2,3,1983,2,2
1991,2,410293,1,2,2,2,2,2,3,4,2,3,1978,2,2
1991,1,410294,7,2,2,2,4,1,3,1,1,3,1989,2,2
1991,1,410295,5,6,6,2,1,1,3,4,2,3,1974,2,2
1991,1,410296,1,1,1,1,1,1,3,4,2,3,1979,2,2
1991,1,410297,6,1,1,1,3,3,3,4,2,3,1986,2,2
1991,1,410298,6,4,4,2,1,2,3,4,1,3,1979,2,2
1991,2,410298,1,2,2,2,1,1,3,4,2,3,1983,2,2
1991,1,410299,1,5,5,2,1,1,3,4,2,3,1988,2,2
1991,2,410299,2,2,2,2,1,1,3,4,2,3,1979,2,2
1991,1,410300,4,2,2,2,1,1,3,4,2,3,1985,2,2
1991,2,410300,6,2,2,2,1,1,3,4,2,3,1970,2,2
1991,1,410301,1,2,2,1,1,1,3,4,2,3,1989,2,2
1991,1,410302,1,2,2,2,1,1,3,4,2,3,1989,2,2
1991,2,410302,2,5,2,2,1,1,3,4,2,3,1978,2,2
1991,1,410303,2,2,2,1,1,1,3,4,2,3,1978,2,2
1991,1,410304,2,5,5,2,1,1,3,4,2,3,1984,2,1
1991,2,410304,6,2,2,2,1,1,3,4,2,3,1980,2,2
1991,1,410306,1,3,3,1,1,1,3,4,1,3,1990,2,2
1991,1,410307,1,2,2,2,2,2,3,4,2,3,1974,2,2
1991,2,410307,9,2,2,2,1,1,3,4,2,3,1986,2,2
1991,1,410308,1,5,5,2,1,1,3,4,2,3,1982,2,2
1991,2,410308,1,2,2,2,1,1,3,4,2,3,1987,2,2
1991,1,410309,7,2,2,2,4,1,3,1,2,3,1985,2,2
1991,1,410311,2,1,1,1,1,1,3,4,1,3,1988,2,2
1991,1,410312,1,2,2,2,1,1,3,4,2,3,1983,2,2
1991,2,410312,1,6,6,2,1,1,3,4,2,3,1965,2,2
1991,1,410313,1,2,5,2,1,1,3,4,1,3,1984,2,2
1991,1,410314,4,2,2,2,1,1,3,4,2,3,1968,2,2
1991,1,410315,1,2,2,2,2,2,3,4,2,3,1977,2,2
1991,2,410315,4,2,2,1,1,1,3,4,1,3,1991,2,2
1991,1,410316,3,2,2,2,2,2,3,4,2,3,1976,2,2
1991,1,410317,2,5,5,2,1,1,3,4,2,3,1990,2,2
1991,2,410317,6,2,2,2,1,1,3,4,2,3,1978,2,2
1991,1,410318,2,5,3,2,1,1,3,4,1,3,1976,2,2
1991,1,410319,2,2,2,2,1,1,3,4,2,3,1990,2,2
1991,1,410320,1,1,1,1,1,1,3,4,1,3,1981,2,2
1991,1,410321,1,2,2,2,1,1,3,4,2,3,1966,2,2
1991,1,410322,3,1,1,1,1,1,3,4,2,3,1988,2,2
1991,1,410324,2,2,2,2,1,1,3,4,2,3,1981,2,1
1991,2,410324,6,2,2,2,1,1,3,4,2,3,1985,2,2
1991,1,410325,2,2,2,1,1,1,3,4,2,3,1983,2,2
1991,2,410325,6,5,5,1,1,1,3,4,2,3,1974,2,2
1991,1,410326,6,2,2,2,1,1,3,4,2,3,1974,2,2
1991,2,410326,2,2,2,2,1,1,3,4,2,3,1986,2,2
1991,1,410327,1,5,5,2,2,2,3,4,1,3,1984,2,2
1991,2,410327,3,2,2,1,1,1,3,4,2,3,1979,2,2
1991,1,410328,1,2,2,2,1,1,3,4,2,3,1977,2,2
1991,2,410328,3,2,2,2,1,1,3,4,2,3,1983,2,2
1991,1,410329,2,5,5,1,1,1,3,4,2,3,1971,2,2
1991,1,410330,1,2,2,2,1,1,3,4,2,3,1985,2,2
1991,1,410331,1,2,2,2,1,1,3,4,2,3,1987,2,2
1991,1,410332,1,4,4,2,1,1,3,4,2,3,1979,2,2
1991,2,410332,6,2,2,2,1,1,3,4,2,3,1989,2,2
1991,1,410333,2,4,4,2,1,1,3,4,2,3,1989,2,2
1991,2,410333,6,2,2,2,1,1,3,4,2,3,1986,2,2
1991,1,410334,2,2,2,2,2,2,3,4,2,3,1989,2,2
1991,2,410334,6,2,2,2,1,1,3,4,2,3,1985,2,2
1991,1,410336,1,5,5,2,1,1,3,4,1,3,1986,2,2
1991,1,410337,6,2,2,2,1,1,3,4,2,3,1992,2,2
1991,1,410338,6,2,2,2,1,1,3,4,2,3,1980,2,2
1991,2,410338,1,2,2,2,1,1,3,4,2,3,1985,2,2
1991,3,410338,1,2,2,2,1,1,3,4,2,3,1990,2,2
1991,4,410338,3,2,2,2,1,1,3,4,2,3,1989,2,2
1991,1,410340,1,2,2,2,1,1,3,4,2,3,1976,2,2
1991,1,410341,2,2,2,1,1,1,3,4,2,3,1988,2,2
1991,1,410342,1,2,2,2,1,1,3,4,2,3,1984,2,2
1991,2,410342,1,6,6,2,1,1,3,4,2,3,1980,2,2
1991,3,410342,1,6,6,2,1,1,3,4,2,3,1976,2,2
1991,1,410343,9,4,4,2,3,3,3,4,2,3,1989,2,2
1991,2,410343,6,2,2,2,1,1,3,4,2,3,1990,2,2
1991,3,410343,1,2,2,2,1,1,3,4,2,3,1987,2,2
1991,1,410344,2,2,2,2,2,2,3,4,2,3,1985,2,2
1991,2,410344,1,5,5,2,1,1,3,4,2,3,1990,2,2
1991,1,410345,1,2,2,2,1,1,3,4,2,3,1984,2,2
1991,2,410345,2,2,2,2,1,1,3,4,2,3,1970,2,2
1991,3,410345,6,2,2,2,1,1,3,4,2,3,1985,2,2
1991,1,410346,1,4,4,2,1,1,3,4,1,3,1976,2,2
1991,2,410346,1,2,2,2,1,1,3,4,2,3,1985,2,2
1991,1,410347,1,4,4,2,2,2,3,4,1,3,1971,2,2
1991,1,410348,6,4,4,1,1,1,3,4,2,3,1973,2,2
1991,2,410348,6,2,2,1,1,1,3,4,2,3,1987,2,2
1991,1,410349,3,2,2,2,1,1,3,4,2,3,1988,2,2
1991,2,410349,6,4,4,2,1,1,3,4,2,3,1986,2,2
1991,1,410351,1,3,3,2,2,2,3,4,1,3,1983,2,2
1991,1,410352,1,2,2,1,2,2,3,4,1,3,1981,2,2
1991,1,410353,1,2,2,2,1,1,3,4,1,3,1980,2,2
1991,1,410354,2,2,2,2,2,2,3,4,1,3,1977,2,2
1991,1,410355,1,3,3,2,1,1,3,4,2,3,1990,2,2
1991,2,410355,3,2,2,2,1,1,3,4,2,3,1985,2,2
1991,3,410355,2,2,2,2,1,1,3,4,2,3,1989,2,2
1991,1,410356,1,2,2,1,1,1,3,4,2,3,1982,2,2
1991,1,410357,3,1,1,1,3,3,3,4,2,3,1991,2,2
1991,1,410358,2,1,1,1,1,1,3,4,1,3,1986,2,2
1991,1,410359,1,2,2,1,2,2,3,4,2,3,1981,2,2
1991,1,410360,3,1,1,1,1,1,3,4,2,3,1986,2,1
1991,1,410361,1,2,2,1,2,2,3,4,1,3,1978,2,2
1991,1,410362,1,2,2,1,1,1,3,4,1,3,1987,2,2
1991,1,410363,6,6,6,1,1,1,3,4,2,3,1980,2,2
1991,1,410364,1,2,2,1,1,1,3,4,1,3,1984,2,2
1991,1,410365,1,2,2,2,1,1,3,4,2,3,1979,2,2
1991,2,410365,1,2,2,2,1,1,3,4,2,3,1974,2,2
1991,1,410366,1,3,3,2,1,1,3,4,1,3,1977,2,2
1991,2,410366,3,2,2,2,1,1,3,4,2,3,1983,2,2
1991,1,410367,6,4,4,2,1,1,3,4,2,3,1992,2,2
1991,2,410367,5,2,2,2,1,1,3,4,2,3,1989,2,2
1991,1,410368,3,1,1,1,1,1,3,4,2,3,1973,2,2
1991,1,410369,1,6,6,2,1,1,3,4,2,3,1991,2,2
1991,1,410370,1,6,6,1,1,1,3,4,1,3,1981,2,2
1991,1,410371,6,2,2,1,1,1,3,4,2,3,1974,2,2
1991,2,410371,6,2,2,2,1,1,3,4,2,3,1973,2,2
1991,1,410372,1,3,3,2,1,1,3,4,1,3,1986,2,2
1991,2,410372,1,2,2,2,1,1,3,4,2,3,1985,2,2
1991,1,410373,2,1,1,1,1,1,3,4,2,3,1987,2,2
1991,1,410374,1,5,5,2,1,1,3,4,2,3,1980,2,2
1991,1,410375,1,5,5,2,1,1,3,4,1,3,1977,2,2
1991,1,410376,1,2,2,2,1,1,3,4,2,3,1980,2,2
1991,1,410377,1,2,2,2,1,1,3,4,2,3,1970,2,2
1991,2,410377,2,2,2,2,2,2,3,4,2,3,1982,2,2
1991,1,410378,4,2,2,1,1,1,3,4,2,3,1987,2,2
1991,2,410378,6,2,2,1,1,1,3,4,2,3,1987,2,2
1991,1,410379,2,2,2,2,1,1,3,4,1,3,1989,2,2
1991,2,410379,2,5,5,2,1,1,3,4,2,3,1984,2,2
1991,1,410380,2,2,2,2,1,1,3,4,1,3,1978,2,2
1991,1,410381,6,1,1,1,1,1,3,4,1,3,1981,2,2
1991,1,410382,1,2,2,2,1,1,3,4,1,3,1971,2,2
1991,2,410382,9,4,4,2,1,1,3,4,2,3,9999,2,2
1991,1,410383,2,2,2,1,2,2,3,4,2,3,1970,2,2
1991,1,410384,1,2,2,2,1,1,3,4,2,3,1962,2,2
1991,2,410384,1,2,2,2,1,1,3,4,2,3,1981,2,2
1991,1,410386,2,3,3,1,1,1,3,4,2,3,1983,2,2
1991,1,410387,1,3,3,2,1,1,3,4,1,3,1979,2,2
1991,1,410388,1,2,2,2,1,1,3,4,2,3,1983,2,2
1991,1,410389,6,4,4,2,1,1,3,4,2,3,1969,2,2
1991,2,410389,1,2,6,2,1,1,3,4,1,3,1981,2,2
1991,1,410390,1,5,5,2,2,2,3,4,2,3,1981,2,2
1991,1,410391,1,3,3,2,1,1,3,4,1,3,1969,2,2
1991,1,410392,2,2,2,2,1,1,3,4,2,3,1989,1,2
1991,1,410393,1,2,2,2,1,1,3,4,2,3,1989,2,2
1991,1,410394,1,3,3,2,1,1,3,4,2,3,1991,2,2
1991,1,410395,7,1,1,2,4,2,3,2,1,3,1983,2,2
1991,1,410397,2,2,2,2,1,1,3,4,2,3,1988,2,2
1991,2,410397,1,2,2,2,1,1,3,4,2,3,1983,2,2
1991,1,410398,1,5,5,2,2,2,3,4,2,3,1979,2,2
1991,2,410398,2,2,2,2,1,1,3,4,2,3,1985,2,2
1991,1,410399,2,2,2,2,1,1,3,4,2,3,1988,2,2
1991,2,410399,1,5,5,2,1,1,3,4,2,3,1975,2,2
1991,1,410401,1,2,2,2,1,1,3,4,2,3,1980,2,2
1991,2,410401,6,5,5,2,1,1,3,4,2,3,1985,2,2
1991,1,410402,6,2,2,2,1,2,3,4,2,3,1987,2,2
1991,1,410403,1,2,2,2,2,2,3,4,2,3,1977,2,2
1991,1,410404,3,1,1,1,1,1,3,4,2,3,1985,2,2
1991,1,410405,1,3,3,1,1,1,3,4,2,3,1987,2,2
1991,1,410406,6,1,1,1,1,1,3,4,2,3,1978,2,2
1991,1,410407,1,2,2,2,2,2,3,4,1,3,1978,2,2
1991,1,410408,1,2,2,2,1,1,3,4,1,3,1983,2,2
1991,2,410408,1,4,4,2,1,1,3,4,2,3,1988,2,2
1991,1,410409,1,2,2,2,1,1,3,4,1,3,1985,2,2
1991,2,410409,1,2,2,2,1,1,3,4,2,3,1987,2,2
1991,1,410411,1,2,2,1,1,1,3,4,1,3,1979,2,2
1991,1,410412,1,2,2,2,1,1,3,4,2,3,1989,2,2
1991,2,410412,1,2,2,2,1,1,3,4,2,3,1988,2,2
1991,1,410413,3,1,1,1,1,1,3,4,2,3,1987,2,2
1991,1,410414,4,3,3,2,1,1,3,4,2,3,1989,2,2
1991,2,410414,6,2,2,2,1,1,3,4,2,3,1984,2,2
1991,1,410415,1,3,3,2,2,2,3,4,1,3,1985,2,2
1991,2,410415,1,2,2,2,1,1,3,4,2,3,1991,2,2
1991,1,410417,1,2,2,1,2,2,3,4,2,3,1976,2,2
1991,1,410418,1,2,2,2,1,1,3,4,2,3,1990,2,2
1991,1,410419,1,2,2,2,1,1,3,4,2,3,1989,2,2
1991,2,410419,1,3,3,2,1,1,3,4,1,3,1988,2,2
1991,1,410420,2,2,2,2,2,2,3,4,2,3,1984,2,2
1991,2,410420,4,3,3,2,1,1,3,4,2,3,1989,2,2
1991,1,410421,1,2,2,2,2,2,3,4,1,3,1973,2,2
1991,2,410421,1,2,2,2,1,1,3,4,2,3,1978,2,2
1991,1,410422,3,2,3,1,2,2,3,4,1,3,1979,2,2
1991,1,410423,2,1,1,1,1,1,3,4,1,3,1988,2,2
1991,1,410425,3,1,1,2,1,1,3,4,2,3,1978,2,2
1991,1,410426,1,1,1,2,1,1,3,4,2,3,1979,2,2
1991,1,410427,1,2,2,2,1,1,3,4,2,3,1986,2,1
1991,1,410428,1,5,5,2,1,1,3,4,1,3,1986,2,2
1991,1,410429,1,2,2,2,1,1,3,4,1,3,1984,2,2
1991,1,410430,1,6,6,2,1,1,3,4,1,3,1968,2,2
1991,1,410431,1,2,2,2,1,1,3,4,1,3,1976,2,2
1991,2,410431,3,4,4,1,1,1,3,4,2,3,1990,2,2
1991,1,410432,1,2,2,2,1,1,3,4,2,3,1979,2,2
1991,1,410433,2,1,1,1,1,1,3,4,2,3,1985,2,2
1991,1,410434,6,2,5,2,1,1,3,4,1,3,1977,2,2
1991,2,410434,1,4,4,2,1,1,3,4,2,3,1986,2,2
1991,3,410434,2,3,3,2,1,1,3,4,2,3,1991,2,2
1991,1,410435,1,1,1,1,1,1,3,4,1,3,1980,2,2
1991,1,410436,2,2,2,1,2,2,3,4,1,3,1991,2,2
1991,1,410438,1,2,2,2,2,2,3,4,1,3,1971,2,2
1991,1,410439,1,6,6,1,1,1,3,4,1,3,1986,2,2
1991,1,410440,2,2,2,1,1,1,3,4,1,3,1979,1,2
1991,1,410441,3,2,2,2,1,1,3,4,2,3,1991,2,2
1991,2,410441,1,2,2,2,1,1,3,4,2,3,1986,2,2
1991,1,410442,1,2,2,2,1,1,3,4,2,3,1986,2,2
1991,1,410443,1,2,2,2,1,1,3,4,1,3,1976,2,2
1991,2,410443,8,2,2,1,1,1,3,4,2,1,1982,2,2
1991,1,410444,7,2,2,2,4,2,3,2,2,3,1976,2,2
1991,1,410445,2,2,2,2,1,1,3,4,2,3,1979,2,1
1991,1,410446,1,2,2,2,1,1,3,4,2,3,1984,2,2
1991,1,410447,2,2,2,2,1,1,3,4,2,3,1988,2,1
1991,2,410447,2,2,2,2,1,1,3,4,2,3,1984,2,2
1991,1,410448,3,3,3,2,1,1,3,4,2,3,1978,2,2
1991,2,410448,1,2,2,2,1,1,3,4,2,3,1988,2,2
1991,1,410449,1,2,2,1,1,1,3,4,1,3,1985,2,2
1991,1,410451,9,2,2,2,1,1,3,4,1,3,1986,2,2
1991,2,410451,6,4,4,2,1,1,3,4,2,3,1989,2,2
1991,1,420001,1,2,2,1,1,1,3,4,1,3,1981,2,2
1991,1,420002,1,2,2,2,1,1,3,4,2,3,1990,2,2
1991,1,420003,1,3,3,2,1,1,3,4,2,3,1979,2,2
1991,2,420003,1,2,2,2,1,1,3,4,2,3,1966,2,2
1991,1,420004,4,5,5,2,1,1,3,4,2,3,1989,2,2
1991,1,420005,1,2,2,2,1,1,3,4,1,3,1975,2,2
1991,1,420006,1,2,2,2,1,1,3,4,2,3,1980,1,2
1991,2,420006,1,2,2,2,1,1,3,4,2,3,1979,2,2
1991,1,420007,1,2,2,2,1,1,3,4,2,3,1986,2,2
1991,1,420008,1,2,2,2,1,1,3,4,2,3,1984,1,2
1991,2,420008,2,5,5,2,1,1,3,4,2,3,1990,2,2
1991,3,420008,1,2,2,2,1,1,3,4,2,3,1985,2,2
1991,1,420009,1,3,3,2,2,2,3,4,2,3,1986,2,2
1991,2,420009,1,2,2,2,1,1,3,4,2,3,1980,2,2
1991,1,420010,1,2,2,2,1,1,3,4,2,3,1982,2,2
1991,2,420010,1,2,2,2,1,1,3,4,2,3,1978,2,2
1991,1,420011,1,2,2,1,1,1,3,4,1,3,1989,2,2
1991,1,420012,1,3,3,2,1,1,3,4,2,3,1971,2,2
1991,1,420013,1,2,2,2,2,2,3,4,1,3,1986,2,2
1991,1,420014,1,3,3,2,1,1,3,4,1,3,1988,2,2
1991,2,420014,3,2,2,2,1,1,3,4,2,3,1989,2,2
1991,1,420015,2,2,2,2,1,1,3,4,2,3,1980,2,2
1991,2,420015,1,5,5,2,1,1,3,4,2,3,1982,2,2
1991,1,420016,1,4,5,1,1,1,3,4,2,3,1986,2,2
1991,1,420017,1,2,2,2,1,1,3,4,2,3,1982,2,2
1991,1,420018,1,2,2,2,1,1,3,4,2,3,1983,2,2
1991,1,420019,1,2,2,2,1,1,3,4,2,3,1985,2,2
1991,1,420020,1,5,5,2,1,1,3,4,1,3,1986,2,2
1991,1,420021,9,3,3,2,1,1,3,4,1,3,1987,2,2
1991,1,420022,2,2,2,1,1,1,3,4,1,3,1973,2,2
1991,1,420023,6,2,2,1,1,1,3,4,1,3,1987,2,2
1991,1,420024,2,2,2,2,1,1,3,4,2,3,1980,2,2
1991,2,420024,6,4,4,2,1,1,3,4,2,3,1982,2,2
1991,1,420025,1,4,4,2,1,1,3,4,2,3,1987,2,2
1991,2,420025,1,2,2,2,1,1,3,4,2,3,1979,2,2
1991,1,420026,1,6,6,2,1,1,3,4,2,3,1990,2,2
1991,1,420027,6,2,2,2,1,1,3,4,1,3,1991,2,2
1991,2,420027,2,3,3,2,1,1,3,4,2,3,1986,2,2
1991,3,420027,1,3,3,2,1,1,3,4,2,3,1989,2,2
1991,1,420029,1,5,5,2,1,1,3,4,2,3,1983,2,2
1991,2,420029,2,2,2,2,1,1,3,4,2,3,1977,2,2
1991,1,420030,1,2,2,2,1,1,3,4,2,3,1982,2,1
1991,2,420030,1,2,2,2,1,1,3,4,2,3,1988,2,2
1991,1,420031,1,5,5,2,1,1,3,4,2,3,1983,2,2
1991,1,420032,1,2,2,1,1,1,3,4,1,3,1980,2,2
1991,1,420033,1,2,2,2,1,1,3,4,2,3,1980,2,2
1991,2,420033,6,2,2,2,1,1,3,4,2,3,1991,2,2
1991,1,420034,1,2,2,2,1,1,3,4,2,3,1985,2,2
1991,2,420034,2,2,2,1,1,1,3,4,2,3,1986,2,2
1991,1,420035,6,5,5,1,1,1,3,4,2,3,1989,2,2
1991,1,420036,3,2,2,2,1,1,3,4,2,3,1977,2,2
1991,2,420036,1,2,2,2,1,1,3,4,2,3,1980,2,2
1991,1,420037,1,2,2,2,1,1,3,4,2,3,1978,2,2
1991,1,420038,1,2,2,2,1,1,3,4,2,3,1984,2,2
1991,1,420039,9,2,2,2,1,1,3,4,2,3,9999,2,2
1991,2,420039,9,7,7,2,2,2,3,4,2,3,9999,2,2
1991,3,420039,9,7,7,2,1,1,3,4,2,3,9999,2,2
1991,1,420040,1,2,2,2,1,1,3,4,2,3,1985,2,2
1991,1,420041,1,3,2,2,1,1,3,4,1,3,1980,2,2
1991,2,420041,6,2,2,2,1,1,3,4,2,3,1990,2,2
1991,1,420042,1,2,2,2,1,1,3,4,2,3,1978,2,2
1991,2,420042,1,5,5,2,1,1,3,4,2,3,1980,2,2
1991,1,420043,1,2,2,1,1,1,3,4,1,3,1978,2,2
1991,1,420044,1,3,3,2,2,1,3,4,1,3,1989,2,2
1991,1,420045,1,3,4,1,1,1,3,4,1,3,1985,2,2
1991,1,420046,1,5,5,2,1,1,3,4,2,3,1986,2,2
1991,1,420047,1,2,2,2,1,1,3,4,2,3,1980,2,2
1991,1,420048,1,2,2,1,1,1,3,4,2,3,1984,2,1
1991,1,420049,2,5,5,2,1,1,3,4,2,3,1981,2,2
1991,2,420049,2,2,2,2,1,1,3,4,2,3,1988,2,2
1991,1,420050,1,5,5,2,1,1,3,4,2,3,1988,2,2
1991,2,420050,6,2,2,2,1,1,3,4,2,3,1990,2,2
1991,3,420050,1,2,2,2,1,1,3,4,2,3,1986,2,2
1991,1,420051,1,2,2,2,2,2,3,4,1,3,1982,2,2
1991,1,420052,1,2,2,2,1,1,3,4,1,3,1977,2,2
1991,2,420052,4,2,2,2,1,1,3,4,2,3,1988,2,2
1991,3,420052,2,2,2,2,1,1,3,4,2,3,1978,2,2
1991,1,420053,3,1,1,1,1,1,3,4,2,3,1978,2,2
1991,1,420054,8,5,5,2,1,1,3,4,2,3,1977,2,2
1991,1,420055,1,5,5,2,1,1,3,4,1,3,1973,2,2
1991,1,420057,2,2,2,2,1,1,3,4,1,3,1988,2,2
1991,2,420057,6,2,2,2,1,1,3,4,2,3,1988,2,2
1991,1,420058,1,5,5,2,1,1,3,4,2,3,1987,2,2
1991,2,420058,4,2,2,2,1,1,3,4,2,3,1984,2,2
1991,1,420059,1,7,7,2,3,3,3,4,2,3,9999,2,2
1991,1,420060,6,2,2,2,1,1,3,4,1,3,1990,2,2
1991,1,420061,9,2,2,2,1,1,3,4,1,3,1980,2,2
1991,1,420062,1,2,2,2,1,1,3,4,2,3,1984,2,2
1991,1,420063,3,3,3,2,1,1,3,4,2,3,1987,2,2
1991,1,420065,1,6,2,1,1,1,3,4,2,3,1974,2,2
1991,1,420066,1,2,2,2,1,1,3,4,2,3,1990,2,2
1991,2,420066,8,2,2,2,1,1,3,4,2,1,1982,2,2
1991,1,420067,1,4,5,2,1,1,3,4,1,3,1991,2,2
1991,2,420067,6,2,2,2,1,1,3,4,2,3,1976,2,2
1991,1,420068,1,2,2,1,1,1,3,4,1,3,1989,2,2
1991,2,420068,1,5,5,1,2,2,3,4,2,3,1967,2,2
1991,1,420069,1,3,3,2,1,1,3,4,2,3,1988,2,2
1991,2,420069,1,2,2,2,1,1,3,4,2,3,1979,2,2
1991,1,420070,1,2,2,2,1,1,3,4,1,3,1990,2,2
1991,1,420071,3,2,3,2,1,1,3,4,2,3,1989,2,2
1991,1,420072,1,3,3,2,1,1,3,4,1,3,1980,2,2
1991,2,420072,1,2,2,2,1,1,3,4,2,3,1984,2,2
1991,1,420073,1,2,2,2,1,1,3,4,2,3,1991,2,2
1991,1,420074,1,2,2,2,1,1,3,4,2,3,1984,2,2
1991,2,420074,6,2,2,2,1,1,3,4,2,3,1987,2,2
1991,1,420075,1,2,2,2,1,1,3,4,2,3,1982,2,2
1991,1,420076,1,2,2,2,1,1,3,4,2,3,1982,2,2
1991,1,420077,7,3,3,2,4,2,3,2,1,3,1991,2,2
1991,1,420078,4,2,2,2,1,1,3,4,1,3,1984,1,2
1991,2,420078,6,4,4,2,1,1,3,4,2,3,1979,2,2
1991,1,420079,1,3,3,2,1,1,3,4,2,3,1981,2,2
1991,2,420079,3,2,2,2,1,1,3,4,2,3,1978,2,2
1991,1,420080,4,2,2,2,1,1,3,4,1,3,1985,2,2
1991,1,420081,1,2,2,2,1,1,3,4,2,3,1987,2,2
1991,1,420082,6,2,2,1,1,1,3,4,1,3,1979,2,2
1991,2,420082,1,2,2,2,1,1,3,4,2,3,1983,2,2
1991,1,420083,1,5,5,2,1,1,3,4,2,3,1983,2,1
1991,1,420084,1,5,5,2,1,1,3,4,2,3,1981,2,2
1991,2,420084,6,2,2,1,1,1,3,4,2,3,1968,2,2
1991,1,420085,6,3,3,1,1,1,3,4,2,3,1986,2,2
1991,1,420086,1,2,2,2,1,1,3,4,2,3,1988,2,2
1991,2,420086,1,5,5,2,1,1,3,4,2,3,1982,2,2
1991,1,420087,1,2,2,1,1,1,3,4,2,3,1979,2,2
1991,2,420087,3,2,2,2,3,3,3,4,2,3,1985,2,2
1991,1,420088,6,2,2,2,1,1,3,4,2,3,1991,2,2
1991,2,420088,1,3,3,2,1,1,3,4,2,3,1980,2,2
1991,1,420089,1,2,3,2,1,1,3,4,1,3,1980,2,2
1991,1,420090,3,2,2,2,1,1,3,4,2,3,1989,2,2
1991,1,420091,1,2,2,2,1,1,3,4,1,3,1981,2,2
1991,2,420091,6,2,2,2,1,1,3,4,2,3,1985,2,2
1991,1,420092,4,2,2,2,1,1,3,4,2,3,1988,2,2
1991,2,420092,6,2,2,2,1,1,3,4,2,3,1989,2,2
1991,1,420093,6,5,5,2,1,1,3,4,2,3,1986,2,2
1991,2,420093,1,2,2,2,1,1,3,4,2,3,1986,2,2
1991,1,420094,2,2,2,1,1,1,3,4,2,3,1986,2,2
1991,1,420095,1,2,2,2,1,1,3,4,2,3,1984,2,1
1991,1,420096,1,3,3,2,1,1,3,4,1,3,1988,2,2
1991,2,420096,1,2,2,2,1,1,3,4,2,3,1985,2,2
1991,3,420096,1,5,5,2,1,1,3,4,2,3,1977,2,2
1991,1,420097,1,2,2,2,1,1,3,4,1,3,1983,2,2
1991,1,420098,4,2,2,2,1,1,3,4,2,3,1976,2,2
1991,2,420098,1,2,2,2,1,1,3,4,2,3,1990,2,2
1991,1,420099,8,2,2,2,1,1,3,4,2,2,1990,1,2
1991,1,420100,4,2,2,2,1,1,3,4,2,3,1985,2,2
1991,2,420100,1,4,4,2,1,1,3,4,2,3,1985,2,2
1991,3,420100,1,2,2,2,1,1,3,4,2,3,1989,2,2
1991,1,420101,1,2,2,2,1,1,3,4,2,3,1982,2,2
1991,1,420102,1,2,2,2,1,1,3,4,2,3,1991,2,2
1991,1,420103,9,2,2,2,2,1,3,4,1,3,1991,2,2
1991,1,420104,1,5,5,2,1,1,3,4,1,3,1986,2,2
1991,2,420104,1,2,2,2,1,1,3,4,2,3,1989,2,2
1991,1,420105,9,2,2,2,2,2,3,4,1,3,9999,2,2
1991,1,420106,1,2,2,1,2,2,3,4,1,3,1984,2,2
1991,1,420107,1,2,2,2,1,1,3,4,2,3,1985,2,2
1991,2,420107,1,2,2,2,1,1,3,4,2,3,1987,2,2
1991,1,420108,6,5,5,2,1,1,3,4,1,3,1982,2,2
1991,2,420108,6,2,2,2,1,1,3,4,1,3,1985,2,2
1991,3,420108,6,2,2,2,1,1,3,4,1,3,1988,2,2
1991,1,420109,6,5,5,2,1,1,3,4,1,3,1990,2,2
1991,1,420110,1,2,3,2,1,1,3,4,1,3,1986,2,2
1991,1,420111,1,2,2,2,2,2,3,4,2,3,1977,2,2
1991,2,420111,4,2,2,2,1,1,3,4,2,3,1985,2,2
1991,1,420112,1,4,4,2,1,1,3,4,2,3,1983,2,2
1991,2,420112,1,2,2,2,1,1,3,4,2,3,1986,2,2
1991,1,420113,1,2,2,2,2,2,3,4,1,3,1983,2,2
1991,1,420114,9,5,5,2,2,2,3,4,2,3,1984,2,2
1991,2,420114,2,2,2,2,1,1,3,4,2,3,1991,2,2
1991,1,420115,2,2,2,2,2,2,3,4,2,3,1986,2,2
1991,1,420116,1,3,3,2,1,1,3,4,1,3,1977,2,2
1991,2,420116,4,2,2,2,1,1,3,4,2,3,1985,2,2
1991,1,420118,1,3,3,2,1,1,3,4,1,3,1979,2,2
1991,1,420119,1,2,2,2,1,1,3,4,2,3,1990,2,2
1991,2,420119,1,2,2,2,1,1,3,4,2,3,1989,2,2
1991,1,420120,1,2,2,1,1,1,3,4,2,3,1981,2,2
1991,1,420121,1,5,5,2,1,1,3,4,2,3,1988,2,2
1991,2,420121,2,2,2,2,1,1,3,4,2,3,1984,2,2
1991,3,420121,1,4,4,2,1,1,3,4,2,3,1985,2,2
1991,4,420121,4,2,2,2,1,1,3,4,2,3,1990,2,2
1991,1,420122,6,3,3,2,1,1,3,4,1,3,1987,2,2
1991,2,420122,4,2,2,2,1,1,3,4,2,3,1977,2,2
1991,1,420123,3,2,2,1,1,1,3,4,1,3,1988,2,2
1991,1,420124,1,2,2,2,1,1,3,4,2,3,1984,2,2
1991,2,420124,3,2,2,2,1,1,3,4,2,3,1981,2,2
1991,1,420125,1,6,6,1,1,1,3,4,1,3,1991,2,2
1991,1,420126,1,3,3,2,1,1,3,4,1,3,1987,2,2
1991,1,420127,1,3,3,2,1,1,3,4,1,3,1962,2,2
1991,1,420128,1,2,2,2,1,1,3,4,1,3,1983,2,2
1991,1,420129,7,2,2,2,4,1,3,1,2,3,1988,2,2
1991,1,420130,1,2,2,2,1,1,3,4,2,3,1982,2,2
1991,1,420131,1,5,5,2,1,1,3,4,1,3,1989,2,2
1991,2,420131,4,2,2,2,1,1,3,4,2,3,1988,2,2
1991,1,420132,6,2,2,1,2,2,3,4,1,3,1985,2,2
1991,1,420133,1,2,2,2,1,1,3,4,2,3,1989,1,2
1991,2,420133,6,4,4,2,1,1,3,4,2,3,1987,2,2
1991,1,420134,1,2,2,2,1,1,3,4,2,3,1981,2,2
1991,2,420134,6,2,2,2,1,1,3,4,2,3,1988,2,2
1991,3,420134,6,5,5,2,1,1,3,4,2,3,1983,2,2
1991,1,420135,1,3,3,2,1,1,3,4,2,3,1989,2,2
1991,2,420135,6,5,5,2,1,1,3,4,2,3,1989,2,2
1991,3,420135,3,5,5,2,1,1,3,4,2,3,1991,2,2
1991,4,420135,6,2,2,2,1,1,3,4,2,3,1986,2,2
1991,5,420135,1,2,4,2,1,1,3,4,2,3,1987,2,2
1991,6,420135,6,2,2,2,1,1,3,4,2,3,1991,2,2
1991,7,420135,1,2,2,2,3,3,3,4,2,3,1989,2,2
1991,8,420135,1,2,2,2,1,1,3,4,2,3,1990,2,2
1991,9,420135,6,3,3,2,1,1,3,4,2,3,1986,2,2
1991,10,420135,1,5,5,2,1,1,3,4,2,3,1973,2,2
1991,11,420135,6,2,2,2,1,1,3,4,2,3,1984,2,2
1991,12,420135,6,3,3,2,1,1,3,4,2,3,1988,2,2
1991,13,420135,6,2,2,2,1,1,3,4,2,3,1984,2,2
1991,14,420135,2,2,2,2,1,1,3,4,2,3,1991,2,2
1991,15,420135,1,2,2,2,1,1,3,4,2,3,1991,2,2
1991,16,420135,1,2,2,2,1,1,3,4,2,3,1989,2,2
1991,17,420135,6,3,3,2,1,1,3,4,2,3,1990,2,2
1991,1,420136,2,2,2,1,1,1,3,4,1,3,1982,2,2
1991,1,420137,1,3,5,2,1,1,3,4,1,3,1983,2,2
1991,2,420137,6,4,4,2,1,1,3,4,2,3,1987,2,2
1991,3,420137,4,2,2,2,1,1,3,4,2,3,1986,2,2
1991,4,420137,3,3,5,2,1,1,3,4,2,3,1985,2,2
1991,5,420137,3,2,2,2,1,1,3,4,2,3,1991,2,2
1991,1,420138,1,5,5,2,1,1,3,4,2,3,1987,2,2
1991,2,420138,4,2,2,1,2,2,3,4,2,3,1974,2,2
1991,1,420139,1,2,4,2,1,1,3,4,1,3,1989,2,2
1991,2,420139,1,2,2,2,1,1,3,4,2,3,1988,2,2
1991,1,420140,3,2,2,2,1,1,3,4,1,3,1979,2,2
1991,1,420141,1,2,2,2,1,1,3,4,2,3,1989,2,2
1991,2,420141,1,2,2,2,1,1,3,4,2,3,1980,2,2
1991,1,420142,2,2,2,2,1,1,3,4,2,3,1986,2,2
1991,1,420143,1,6,6,1,1,1,3,4,2,3,1979,2,2
1991,1,420144,1,2,2,2,2,2,3,4,1,3,1985,2,2
1991,1,420145,1,2,2,2,1,1,3,4,2,3,1990,2,2
1991,1,420146,1,3,3,2,1,1,3,4,2,3,1981,2,2
1991,1,420147,2,2,2,1,1,1,3,4,2,3,1988,2,1
1991,1,420148,2,2,3,2,1,1,3,4,1,3,1991,2,2
1991,1,420149,1,2,2,2,1,1,3,4,2,3,1987,1,2
1991,2,420149,6,4,4,2,1,1,3,4,2,3,1984,2,2
1991,1,420150,1,6,2,2,1,1,3,4,2,3,1990,2,2
1991,1,420151,8,2,2,2,1,1,3,4,2,3,1981,2,2
1991,1,420152,1,2,2,2,1,1,3,4,2,3,1982,2,2
1991,1,420153,1,2,2,2,1,1,3,4,2,3,1989,2,2
1991,1,420154,1,3,3,2,1,1,3,4,2,3,1989,2,2
1991,2,420154,1,2,2,2,1,1,3,4,2,3,1983,2,2
1991,1,420155,2,2,2,2,1,1,3,4,1,3,1982,2,2
1991,1,420156,1,2,2,2,1,1,3,4,2,3,1985,2,2
1991,2,420156,1,6,6,2,1,1,3,4,2,3,1989,2,2
1991,1,420157,1,2,2,2,1,1,3,4,1,3,1988,2,2
1991,2,420157,3,2,2,2,1,1,3,4,2,3,1979,2,2
1991,1,420158,2,2,2,1,1,1,3,4,1,3,1985,2,2
1991,2,420158,2,5,5,2,1,1,3,4,2,3,1987,2,2
1991,3,420158,1,3,6,2,1,1,3,4,2,3,1978,2,2
1991,1,420159,1,2,2,2,1,1,3,4,2,3,1985,2,2
1991,1,420160,2,2,2,2,1,1,3,4,2,3,1983,2,2
1991,1,420161,1,2,2,2,1,1,3,4,2,3,1988,2,2
1991,1,420162,1,2,2,2,1,1,3,4,2,3,1979,2,2
1991,1,420163,4,2,2,2,1,1,3,4,2,3,1979,2,2
1991,1,420164,3,2,2,2,1,1,3,4,1,3,1989,2,2
1991,1,420165,4,2,2,2,1,1,3,4,2,3,1986,2,2
1991,2,420165,1,3,3,2,1,1,3,4,2,3,1980,2,2
1991,1,420166,1,2,2,2,1,1,3,4,1,3,1990,2,2
1991,2,420166,1,3,3,2,1,1,3,4,2,3,1978,2,2
1991,1,420167,1,2,2,2,1,1,3,4,2,3,1986,2,2
1991,1,420168,3,2,2,1,1,1,3,4,2,3,1990,2,2
1991,2,420168,3,2,2,2,1,1,3,4,2,3,1989,2,2
1991,1,420169,7,2,2,2,4,1,3,1,1,3,1987,2,2
1991,2,420169,1,3,3,2,1,1,3,4,2,3,1985,2,2
1991,1,420170,1,3,3,2,1,1,3,4,2,3,1991,2,2
1991,1,420171,1,2,2,2,1,1,3,4,2,3,1977,2,2
1991,1,420172,3,2,2,2,1,1,3,4,2,3,1971,2,2
1991,1,420173,1,2,2,2,2,2,3,4,2,3,1977,2,2
1991,1,420174,1,2,2,2,1,1,3,4,2,3,1981,2,2
1991,1,420175,1,2,2,1,1,1,3,4,2,3,1984,2,2
1991,1,420176,1,2,2,2,1,1,3,4,2,3,1984,2,2
1991,1,420177,1,2,2,2,2,2,3,4,2,3,1979,2,2
1991,2,420177,1,2,2,2,1,1,3,4,2,3,1974,2,2
1991,1,420178,1,3,3,2,1,1,3,4,2,3,1987,2,2
1991,2,420178,1,5,2,2,1,1,3,4,1,3,1990,2,2
1991,1,420179,1,5,5,2,1,1,3,4,2,3,1985,2,2
1991,2,420179,1,2,2,2,1,1,3,4,2,3,1988,2,2
1991,1,420180,1,2,2,2,1,1,3,4,2,3,1989,2,2
1991,1,420181,1,3,5,2,2,2,3,4,1,3,1985,2,2
1991,1,420182,1,2,2,2,1,1,3,4,2,3,1985,2,2
1991,1,420183,3,2,2,2,1,1,3,4,1,3,1986,2,2
1991,2,420183,2,2,2,2,1,1,3,4,2,3,1984,2,2
1991,1,420184,1,2,2,2,1,1,3,4,1,3,1977,2,2
1991,2,420184,2,5,5,2,1,1,3,4,1,3,1989,2,2
1991,1,420185,3,4,6,1,2,2,3,4,1,3,1989,2,2
1991,1,420186,1,4,5,2,1,1,3,4,2,3,1984,2,2
1991,2,420186,1,5,5,2,1,1,3,4,2,3,1981,2,2
1991,1,420187,1,3,3,2,1,1,3,4,2,3,1988,2,2
1991,2,420187,1,2,2,2,1,1,3,4,2,3,1989,2,2
1991,3,420187,2,2,2,2,1,1,3,4,2,3,1991,2,2
1991,4,420187,1,5,5,2,1,1,3,4,2,3,1990,2,2
1991,5,420187,1,5,5,2,1,1,3,4,2,3,1990,2,2
1991,1,420188,2,2,2,1,1,1,3,4,2,3,1984,2,2
1991,2,420188,1,2,2,2,1,1,3,4,2,3,1980,2,2
1991,1,420189,1,2,2,1,1,1,3,4,1,3,1989,2,2
1991,1,420190,2,2,2,2,1,1,3,4,2,3,1982,2,2
1991,1,420191,1,5,2,2,2,2,3,4,1,3,1975,2,2
1991,1,420192,6,4,4,2,1,1,3,4,2,3,1987,2,2
1991,2,420192,1,2,2,2,1,1,3,4,1,3,1986,2,2
1991,1,420193,1,5,5,2,1,1,3,4,1,3,1978,2,2
1991,2,420193,6,4,4,2,1,1,3,4,2,3,1977,2,2
1991,1,420194,1,2,2,2,2,2,3,4,2,3,1989,1,2
1991,2,420194,1,5,5,1,1,1,3,4,2,3,1989,2,2
1991,1,420195,1,2,2,2,1,1,3,4,2,3,1981,1,2
1991,1,420196,1,2,2,2,3,3,3,4,2,3,9999,2,2
1991,1,420197,2,2,2,2,2,2,3,4,2,3,1984,2,2
1991,1,420198,1,2,2,2,1,1,3,4,1,3,1987,2,2
1991,1,420199,1,2,2,1,1,1,3,4,1,3,1988,2,2
1991,1,420200,1,3,3,2,1,1,3,4,2,3,1978,2,2
1991,1,420201,1,2,2,2,1,1,3,4,2,3,1987,2,2
1991,2,420201,6,5,5,2,1,1,3,4,2,3,1988,2,2
1991,1,420202,1,3,3,2,1,1,3,4,2,3,1990,2,2
1991,1,420203,1,5,5,1,2,2,3,4,1,3,1978,2,2
1991,2,420203,1,2,2,2,1,1,3,4,2,3,1980,2,2
1991,1,420204,1,3,3,1,2,2,3,4,2,3,1984,2,2
1991,1,420205,1,5,5,2,1,1,3,4,2,3,1984,2,2
1991,1,420206,1,3,3,1,1,1,3,4,1,3,1988,2,2
1991,1,420207,1,3,3,1,1,1,3,4,1,3,1979,2,2
1991,1,420208,2,2,2,1,2,2,3,4,1,3,1979,2,2
1991,1,420210,1,3,3,2,1,1,3,4,2,3,1986,2,2
1991,1,420211,1,5,2,2,1,1,3,4,1,3,1983,2,2
1991,1,420212,3,2,2,2,1,1,3,4,2,3,1985,2,2
1991,1,420213,3,2,2,2,1,1,3,4,2,3,1988,2,2
1991,2,420213,4,2,2,2,1,1,3,4,2,3,1985,2,2
1991,1,420214,2,2,2,1,1,1,3,4,2,3,1986,2,2
1991,1,420215,1,2,2,2,1,1,3,4,2,3,1978,2,2
1991,1,420216,1,2,2,2,1,1,3,4,1,3,1977,2,2
1991,1,420217,1,3,3,2,2,2,3,4,1,3,1977,2,2
1991,1,420218,4,2,2,1,1,1,3,4,2,3,1976,2,2
1991,1,420219,1,3,3,2,3,3,3,4,1,3,1990,2,2
1991,2,420219,6,2,2,2,1,1,3,4,1,3,1989,2,2
1991,1,420220,1,2,2,2,1,1,3,4,1,3,1988,2,2
1991,2,420220,4,2,2,2,1,1,3,4,2,3,1990,2,2
1991,1,420221,1,6,6,2,1,1,3,4,1,3,1986,2,2
1991,1,420222,1,2,2,2,1,1,3,4,1,3,1984,2,2
1991,1,420223,7,7,7,2,4,1,3,1,2,3,1989,2,2
1991,2,420223,1,2,2,2,1,1,3,4,2,3,1986,2,2
1991,1,420224,1,2,2,2,1,1,3,4,2,3,1989,2,2
1991,1,420225,6,5,5,2,1,1,3,4,1,3,1987,2,2
1991,2,420225,1,2,2,2,1,1,3,4,2,3,1979,2,2
1991,1,420226,6,6,6,1,1,1,3,4,1,3,1986,2,2
1991,2,420226,1,5,5,2,1,1,3,4,2,3,1990,2,2
1991,3,420226,1,2,2,2,1,1,3,4,2,3,1984,2,2
1991,1,420227,1,2,2,1,1,1,3,4,1,3,1985,2,2
1991,1,420228,1,2,6,1,1,1,3,4,2,3,1984,2,2
1991,1,420229,1,2,2,1,1,1,3,4,2,3,1981,2,2
1991,2,420229,1,5,5,2,1,1,3,4,2,3,1989,2,2
1991,1,420230,7,5,5,2,4,1,3,1,2,3,1985,2,2
1991,2,420230,4,2,2,2,1,1,3,4,2,3,1991,2,2
1991,1,420231,2,2,2,2,1,1,3,4,2,3,1989,2,2
1991,2,420231,1,2,2,2,2,2,3,4,2,3,1987,2,2
1991,1,420232,3,3,3,1,1,1,3,4,2,3,1990,2,2
1991,1,420233,1,2,2,2,1,1,3,4,2,3,1990,2,2
1991,2,420233,2,2,3,1,1,1,3,4,2,3,1990,2,2
1991,1,420234,6,3,3,1,1,1,3,4,1,3,1984,2,2
1991,2,420234,2,2,2,1,1,1,3,4,2,3,1989,2,2
1991,1,420235,1,3,3,1,2,2,3,4,2,3,1991,2,1
1991,1,420236,1,2,2,1,1,1,3,4,1,3,1987,2,2
1991,1,420237,1,2,2,2,1,1,3,4,1,3,1981,2,2
1991,1,420238,1,2,2,2,1,1,3,4,1,3,1988,2,2
1991,2,420238,1,5,5,2,1,1,3,4,2,3,1991,2,2
1991,1,420239,1,5,5,2,2,2,3,4,1,3,1982,2,1
1991,1,420240,1,2,2,2,1,1,3,4,1,3,1988,2,2
1991,2,420240,3,2,2,2,1,1,3,4,2,3,1985,2,2
1991,1,420241,1,2,2,2,1,1,3,4,2,3,1986,2,2
1991,2,420241,2,4,4,2,1,1,3,4,2,3,1986,2,2
1991,1,420242,6,2,2,2,1,1,3,4,2,3,1986,2,2
1991,1,420243,1,2,2,2,1,1,3,4,2,3,1977,2,2
1991,1,420244,1,2,2,2,1,1,3,4,2,3,1989,2,2
1991,2,420244,1,2,2,2,1,1,3,4,2,3,1990,2,2
1991,1,420245,1,2,2,1,2,2,3,4,2,3,1982,2,2
1991,1,420246,1,5,5,2,1,1,3,4,1,3,1989,2,2
1991,1,420247,1,5,5,2,2,2,3,4,1,3,1988,2,2
1991,1,420248,4,2,2,2,1,1,3,4,2,3,1986,2,2
1991,1,420249,3,2,2,2,1,1,3,4,1,3,1991,2,2
1991,2,420249,1,2,2,2,1,1,3,4,2,3,1974,2,2
1991,1,420250,1,2,2,2,2,2,3,4,2,3,1980,2,2
1991,1,420251,1,2,2,2,1,1,3,4,2,3,1985,2,1
1991,2,420251,2,2,2,2,1,1,3,4,2,3,1988,2,2
1991,1,420252,1,2,2,2,1,1,3,4,2,3,1987,2,2
1991,1,420253,1,2,2,2,1,1,3,4,2,3,1981,1,2
1991,2,420253,4,2,2,2,1,1,3,4,2,3,1978,2,2
1991,1,420254,2,2,2,2,1,1,3,4,2,3,1973,2,2
1991,1,420255,1,2,2,2,1,1,3,4,2,3,1988,2,2
1991,2,420255,1,3,3,2,1,1,3,4,2,3,1987,2,2
1991,1,420256,1,5,5,2,1,1,3,4,2,3,1980,2,2
1991,1,420257,1,6,2,2,1,1,3,4,2,3,1978,2,2
1991,1,420258,1,2,5,2,1,1,3,4,1,3,1984,2,2
1991,2,420258,6,2,2,2,1,1,3,4,1,3,1986,2,2
1991,1,420259,1,6,6,1,1,1,3,4,1,3,1988,2,2
1991,1,420260,1,3,3,2,1,1,3,4,1,3,1988,2,2
1991,2,420260,1,2,2,2,1,1,3,4,2,3,1986,2,2
1991,1,420261,1,2,2,2,1,1,3,4,1,3,1980,2,2
1991,2,420261,2,2,2,2,1,1,3,4,2,3,1984,2,2
1991,1,420262,1,6,5,1,1,1,3,4,2,3,1988,2,2
1991,1,420263,1,2,2,2,1,1,3,4,2,3,1986,2,1
1991,1,420264,1,6,6,1,1,1,3,4,2,3,1986,2,2
1991,1,420265,1,3,3,2,1,1,3,4,1,3,1989,2,2
1991,1,420267,1,5,5,2,2,2,3,4,1,3,1979,2,2
1991,1,420268,1,2,2,2,1,1,3,4,2,3,1987,2,2
1991,1,420269,1,5,5,2,1,1,3,4,2,3,1983,2,2
1991,2,420269,2,2,2,2,1,1,3,4,2,3,1979,2,2
1991,1,420270,1,3,3,2,1,1,3,4,2,3,1987,2,2
1991,2,420270,1,2,2,2,1,1,3,4,2,3,1987,2,2
1991,1,420271,1,5,5,1,1,1,3,4,1,3,1988,2,2
1991,2,420271,1,5,5,2,1,1,3,4,2,3,1985,2,2
1991,3,420271,1,5,5,1,1,1,3,4,2,3,1989,2,2
1991,4,420271,3,5,5,1,1,1,3,4,2,3,1986,2,2
1991,5,420271,1,2,2,2,1,1,3,4,2,3,1986,2,2
1991,1,420272,1,2,2,2,1,1,3,4,2,3,1983,2,2
1991,2,420272,6,3,3,2,1,1,3,4,2,3,1983,2,2
1991,1,420273,1,2,2,1,1,1,3,4,2,3,1984,2,2
1991,2,420273,1,2,2,2,1,1,3,4,2,3,1988,2,2
1991,1,420274,1,2,2,2,1,1,3,4,2,3,1977,2,2
1991,1,420275,1,6,6,1,1,1,3,4,2,3,1985,2,2
1991,1,420276,1,2,2,1,1,1,3,4,1,3,1981,2,2
1991,1,420277,1,2,2,2,1,1,3,4,2,3,1974,1,2
1991,1,420278,1,2,2,2,1,1,3,4,1,3,1973,2,2
1991,1,420279,6,4,4,2,1,1,3,4,2,3,1991,2,2
1991,2,420279,1,2,2,2,1,1,3,4,1,3,1978,2,2
1991,1,420280,1,2,2,2,1,1,3,4,2,3,1990,2,2
1991,2,420280,1,5,5,1,1,1,3,4,2,3,1984,2,2
1991,1,420281,6,2,2,2,1,1,3,4,2,3,1989,1,2
1991,1,420282,1,2,2,1,1,1,3,4,1,3,1985,2,2
1991,1,420283,1,5,5,2,1,1,3,4,1,3,1987,2,2
1991,1,420284,3,6,6,1,1,1,3,4,2,3,1987,2,2
1991,1,420285,1,2,2,2,1,1,3,4,1,3,1990,2,2
1991,1,420286,1,2,2,2,1,1,3,4,2,3,1978,2,2
1991,1,420287,2,2,2,2,1,1,3,4,2,3,1986,2,2
1991,1,420288,1,2,2,2,1,1,3,4,2,3,1977,2,2
1991,2,420288,1,5,5,2,1,1,3,4,2,3,1979,2,2
1991,1,420289,1,3,3,2,3,3,3,4,2,3,1991,1,2
1991,2,420289,2,2,2,2,1,1,3,4,2,3,1987,2,2
1991,1,420290,2,2,2,2,1,1,3,4,2,3,1991,2,2
1991,1,420291,1,7,7,2,1,1,3,4,2,3,1989,2,2
1991,1,420292,1,2,6,2,1,1,3,4,2,3,1980,2,2
1991,2,420292,6,5,5,2,1,1,3,4,2,3,1988,2,2
1991,1,420293,1,5,5,1,1,1,3,4,2,3,1981,2,2
1991,2,420293,1,5,5,2,1,1,3,4,2,3,1989,2,2
1991,1,420294,3,2,2,2,1,1,3,4,2,3,1989,2,2
1991,1,420295,1,3,3,2,1,1,3,4,1,3,1978,2,2
1991,1,420296,1,6,2,2,2,2,3,4,2,3,1980,2,2
1991,1,420297,1,5,5,2,1,1,3,4,2,3,1988,2,2
1991,2,420297,6,2,2,2,1,1,3,4,2,3,1979,2,2
1991,1,420298,1,2,2,2,1,1,3,4,2,3,1980,2,2
1991,2,420298,6,6,6,2,1,1,3,4,2,3,1981,2,2
1991,1,420299,1,6,6,1,1,1,3,4,1,3,1981,2,2
1991,1,420300,7,5,5,2,4,2,3,2,1,3,9999,2,2
1991,1,420301,1,2,2,2,2,2,3,4,2,3,1985,2,2
1991,2,420301,1,2,2,2,1,1,3,4,2,3,1990,2,2
1991,3,420301,1,2,2,2,1,1,3,4,2,3,1981,2,2
1991,1,420302,1,3,3,1,1,1,3,4,1,3,1988,2,2
1991,1,420303,1,5,5,2,1,1,3,4,2,3,1978,2,2
1991,2,420303,1,2,2,2,1,1,3,4,2,3,1984,2,2
1991,1,420304,1,2,2,2,1,1,3,4,2,3,1989,2,2
1991,1,420305,1,2,2,2,1,1,3,4,2,3,1982,2,2
1991,2,420305,1,5,5,2,1,1,3,4,2,3,1990,2,2
1991,1,420306,1,2,2,1,1,1,3,4,1,3,1990,2,2
1991,2,420306,4,4,4,2,1,1,3,4,2,3,1978,2,2
1991,1,420307,1,2,2,2,2,2,3,4,2,3,1976,2,1
1991,1,420308,1,2,2,2,1,1,3,4,2,3,1986,2,2
1991,1,420309,1,2,2,2,1,1,3,4,2,3,1978,2,2
1991,1,420310,6,3,3,2,1,1,3,4,2,3,1987,2,2
1991,2,420310,2,2,2,2,1,1,3,4,2,3,1987,2,2
1991,1,420311,1,2,2,2,1,1,3,4,2,3,1970,2,1
1991,2,420311,6,6,6,2,1,1,3,4,2,3,1977,2,2
1991,1,420312,1,5,5,2,1,1,3,4,2,3,1990,2,2
1991,2,420312,1,2,2,2,1,1,3,4,2,3,1988,2,2
1991,1,420313,1,1,1,1,2,2,3,4,1,3,1987,2,2
1991,1,420314,1,5,5,2,1,1,3,4,1,3,1991,2,2
1991,1,420315,2,2,2,2,1,1,3,4,2,3,1990,2,2
1991,2,420315,7,5,5,2,4,1,3,1,2,3,1982,2,2
1991,1,420316,6,2,2,2,1,1,3,4,1,3,1989,1,2
1991,2,420316,1,4,4,2,1,1,3,4,2,3,1990,2,2
1991,1,420317,1,2,2,2,1,1,3,4,2,3,1978,2,2
1991,1,420318,3,3,3,2,1,1,3,4,2,3,1977,2,2
1991,2,420318,1,4,4,2,3,3,3,4,2,3,1977,2,2
1991,1,420319,1,2,2,2,1,1,3,4,2,3,1970,2,2
1991,2,420319,1,2,2,2,1,1,3,4,2,3,1981,2,2
1991,1,420320,1,4,4,1,1,1,3,4,1,3,1984,2,2
1991,1,420321,1,2,2,1,1,1,3,4,1,3,1991,2,2
1991,1,420322,1,4,2,2,1,1,3,4,2,3,1982,1,2
1991,1,420323,1,2,2,1,1,1,3,4,2,3,1981,2,2
1991,2,420323,1,2,2,2,1,1,3,4,2,3,1981,2,2
1991,3,420323,2,2,2,2,1,1,3,4,2,3,1982,2,2
1991,1,420324,1,2,2,1,1,1,3,4,2,3,1986,2,2
1991,1,420326,2,3,3,1,1,1,3,4,2,3,1985,2,2
1991,1,420327,3,2,2,2,1,1,3,4,2,3,1988,2,2
1991,2,420327,2,6,6,2,1,1,3,4,2,3,1985,2,2
1991,1,420328,1,2,2,2,1,1,3,4,2,3,1984,2,2
1991,2,420328,1,2,2,2,1,1,3,4,2,3,1986,2,2
1991,1,420329,1,2,2,2,1,1,3,4,2,3,1987,2,2
1991,1,420330,1,2,2,2,1,1,3,4,2,3,1984,2,2
1991,1,420331,1,2,2,2,1,1,3,4,2,3,1987,1,2
1991,1,420332,1,2,2,2,2,2,3,4,1,3,1989,2,2
1991,1,420333,9,7,7,2,3,3,3,4,2,3,9999,2,2
1991,1,420334,1,5,5,2,1,1,3,4,2,3,1986,2,2
1991,2,420334,1,2,2,2,1,1,3,4,2,3,1982,2,2
1991,1,420335,1,3,3,2,1,1,3,4,2,3,1989,2,2
1991,2,420335,7,2,2,2,4,1,3,1,2,3,9999,2,2
1991,1,420336,1,2,2,2,2,2,3,4,1,3,1977,2,2
1991,2,420336,1,2,2,2,1,1,3,4,2,3,1987,2,2
1991,3,420336,1,2,2,2,1,1,3,4,2,3,1988,2,2
1991,1,420337,1,2,2,1,1,1,3,4,2,3,1991,2,1
1991,1,420338,1,2,2,1,1,1,3,4,1,3,1991,2,2
1991,1,420339,6,2,2,2,1,1,3,4,2,3,1981,1,2
1991,2,420339,3,2,2,2,1,1,3,4,2,3,1985,2,2
1991,1,420340,1,2,2,2,1,1,3,4,1,3,1986,2,2
1991,1,420341,1,2,2,2,1,1,3,4,1,3,1987,1,2
1991,2,420341,6,4,4,2,1,1,3,4,2,3,1984,2,2
1991,1,420342,1,2,2,2,1,1,3,4,1,3,1982,2,2
1991,1,420343,4,2,2,1,1,1,3,4,2,3,1979,2,2
1991,2,420343,1,3,3,2,1,1,3,4,2,3,1979,2,2
1991,1,420344,1,5,5,2,1,1,3,4,2,3,1986,2,2
1991,2,420344,4,2,2,1,1,1,3,4,2,3,1983,2,2
1991,1,420345,1,5,5,1,1,1,3,4,1,3,1990,2,2
1991,1,420346,2,3,3,1,1,1,3,4,2,3,1984,2,2
1991,2,420346,1,2,2,2,1,1,3,4,2,3,1986,2,2
1991,1,420347,1,5,5,2,1,1,3,4,2,3,1980,2,2
1991,2,420347,1,2,2,2,1,1,3,4,2,3,1979,2,2
1991,1,420348,3,2,2,1,2,2,3,4,1,3,1973,2,2
1991,1,420349,1,2,2,2,1,1,3,4,2,3,1980,2,2
1991,1,420350,4,2,2,2,1,1,3,4,2,3,1979,2,2
1991,2,420350,1,3,3,2,1,1,3,4,2,3,1987,2,2
1991,1,420351,1,3,3,2,1,1,3,4,1,3,1984,2,2
1991,2,420351,1,2,2,2,1,1,3,4,2,3,1990,2,2
1991,1,420352,1,2,2,2,2,2,3,4,2,3,1987,2,2
1991,1,420353,3,2,2,2,1,1,3,4,2,3,1988,2,2
1991,1,420354,1,2,2,2,1,1,3,4,2,3,1987,2,2
1991,2,420354,1,2,2,2,2,2,3,4,2,3,1984,2,2
1991,1,420355,1,2,2,2,1,1,3,4,1,3,1989,2,2
1991,2,420355,4,2,2,2,1,1,3,4,2,3,1990,2,2
1991,1,420356,1,1,1,1,1,1,3,4,2,3,1989,2,2
1991,1,420357,1,5,5,1,1,1,3,4,2,3,1988,2,2
1991,1,420358,1,2,5,2,1,1,3,4,1,3,1980,2,2
1991,1,420359,1,2,2,2,1,1,3,4,2,3,1978,2,2
1991,1,420360,1,2,2,2,1,1,3,4,1,3,1985,2,2
1991,1,420361,2,1,1,2,1,1,3,4,2,3,1979,2,2
1991,1,420362,1,3,3,2,1,1,3,4,2,3,1980,2,2
1991,1,420363,1,2,2,2,1,1,3,4,1,3,1985,2,2
1991,1,420364,7,2,2,2,4,1,3,1,1,3,1988,2,2
1991,2,420364,1,3,3,2,1,1,3,4,2,3,1980,2,2
1991,1,420365,1,2,2,1,2,2,3,4,1,3,1981,2,2
1991,1,420366,4,2,2,1,1,1,3,4,1,3,1978,2,2
1991,1,420367,6,6,6,1,1,1,3,4,2,3,1988,2,2
1991,1,420368,1,3,3,2,2,2,3,4,2,3,1979,2,2
1991,1,420369,1,2,2,2,1,1,3,4,2,3,1978,2,2
1991,1,420370,1,2,2,2,1,1,3,4,2,3,1986,2,2
1991,2,420370,1,2,2,2,1,1,3,4,2,3,1985,2,2
1991,1,420371,1,5,5,2,1,1,3,4,2,3,1979,2,2
1991,1,420372,8,3,3,2,1,1,3,4,2,3,1963,2,2
1991,2,420372,1,5,5,2,2,2,3,4,2,3,1977,2,2
1991,1,420373,3,4,3,2,1,1,3,4,2,3,1988,2,2
1991,1,420374,1,5,5,2,1,1,3,4,2,3,1983,2,2
1991,1,420375,8,2,2,2,1,1,3,4,2,3,1978,1,2
1991,1,420376,7,2,2,2,4,2,3,2,2,3,1981,2,2
1991,2,420376,1,3,3,2,2,2,3,4,2,3,1978,2,2
1991,1,420377,1,2,2,2,2,2,3,4,2,3,1975,2,2
1991,1,420378,7,2,2,2,4,2,3,2,2,3,1979,2,2
1991,1,420379,1,2,2,2,1,1,3,4,2,3,1978,2,2
1991,2,420379,1,2,2,1,1,1,3,4,2,3,1978,2,2
1991,1,420380,1,5,5,2,2,2,3,4,2,3,1980,2,2
1991,1,420381,2,2,2,2,1,1,3,4,2,3,1984,2,2
1991,2,420381,1,3,3,2,2,2,3,4,2,3,1978,2,2
1991,1,420382,1,2,2,2,2,2,3,4,2,3,9999,2,2
1991,1,420383,1,2,2,2,2,2,3,4,2,3,1978,2,2
1991,2,420383,1,3,3,2,1,1,3,4,2,3,1987,2,2
1991,3,420383,8,5,5,2,3,3,3,4,2,3,1986,2,2
1991,1,420384,1,3,2,2,1,1,3,4,2,3,1980,2,2
1991,1,420385,1,6,6,1,2,2,3,4,1,3,1986,2,2
1991,1,420386,1,5,5,2,2,2,3,4,2,3,1986,2,2
1991,1,420387,1,6,2,2,1,1,3,4,1,3,1983,2,2
1991,1,420388,2,3,2,1,1,1,3,4,1,3,1977,2,2
1991,2,420388,1,2,2,2,1,1,3,4,2,3,1990,2,2
1991,3,420388,1,2,2,2,1,1,3,4,2,3,1990,2,2
1991,1,420389,1,4,4,2,1,1,3,4,2,3,1983,2,2
1991,2,420389,1,2,2,2,1,1,3,4,1,3,1990,2,2
1991,1,420390,1,3,3,2,1,1,3,4,1,3,1989,2,2
1991,2,420390,1,2,2,2,1,1,3,4,2,3,1982,2,2
1991,1,420391,1,2,2,2,1,1,3,4,1,3,1980,2,2
1991,1,420392,1,5,5,2,1,1,3,4,2,3,1990,2,2
1991,2,420392,1,2,2,2,1,1,3,4,2,3,1990,2,2
1991,1,420393,4,2,2,2,1,1,3,4,2,3,1975,2,2
1991,1,420394,2,1,1,2,1,1,3,4,1,3,1972,2,2
1991,1,420395,2,3,3,1,1,1,3,4,1,3,1973,2,2
1991,1,420396,2,2,2,2,1,1,3,4,1,3,1988,2,2
1991,2,420396,6,6,6,2,2,2,3,4,2,3,1985,2,2
1991,1,420397,1,2,2,2,1,1,3,4,2,3,1986,2,2
1991,2,420397,6,4,4,2,1,1,3,4,2,3,1983,2,2
1991,3,420397,6,2,4,2,1,1,3,4,1,3,1991,2,2
1991,4,420397,6,2,2,2,1,1,3,4,1,3,1988,2,2
1991,1,420398,1,2,2,2,1,1,3,4,1,3,1977,2,2
1991,1,420399,1,2,2,2,1,1,3,4,2,3,1979,2,2
1991,2,420399,9,5,5,2,2,2,3,4,2,3,1983,2,2
1991,1,420400,6,2,2,1,3,3,3,4,1,3,1989,2,2
1991,1,420401,1,4,5,2,1,1,3,4,1,3,1979,2,2
1991,1,420402,1,6,5,1,1,1,3,4,1,3,1990,2,2
1991,1,420403,9,2,2,2,1,1,3,4,1,3,9999,2,2
1991,1,420404,2,2,2,2,1,1,3,4,2,3,1988,2,2
1991,2,420404,7,2,2,2,4,1,3,1,2,3,1980,2,2
1991,1,420405,1,6,3,2,1,1,3,4,1,3,1989,2,2
1991,1,420406,7,2,2,2,4,1,3,1,2,3,1984,2,1
1991,1,420407,6,2,2,1,1,1,3,4,2,3,1986,2,2
1991,1,420408,1,3,5,2,2,2,3,4,2,3,1978,2,2
1991,1,420409,1,3,3,2,1,1,3,4,2,3,1988,2,2
1991,2,420409,2,2,2,2,1,1,3,4,2,3,1988,2,2
1991,1,420410,1,2,2,2,1,1,3,4,2,3,1984,2,2
1991,1,420411,1,2,2,2,1,1,3,4,2,3,1988,2,2
1991,1,420412,1,7,7,2,3,3,3,4,2,3,9999,2,2
1991,1,420413,1,2,2,2,1,1,3,4,1,3,1988,2,2
1991,1,420414,7,5,5,2,4,2,3,2,1,3,1982,2,2
1991,2,420414,1,2,2,2,1,1,3,4,2,3,1981,2,2
1991,1,420415,1,2,5,2,1,1,3,4,2,3,1986,2,2
1991,1,420416,6,2,2,1,1,1,3,4,2,3,1987,2,2
1991,2,420416,6,4,4,1,1,1,3,4,2,3,1979,2,2
1991,1,420417,6,2,2,1,1,1,3,4,1,3,1987,2,2
1991,1,420418,6,2,2,1,1,1,3,4,1,3,1984,2,2
1991,1,420419,1,2,2,2,1,1,3,4,1,3,1979,2,1
1991,1,420420,6,5,5,2,1,1,3,4,2,3,1968,2,2
1991,2,420420,1,2,6,2,1,1,3,4,2,3,1987,1,2
1991,1,420421,1,2,2,2,1,1,3,4,2,3,1990,2,2
1991,1,420422,1,2,3,1,1,1,3,4,2,3,1986,2,1
1991,1,420423,1,2,2,2,1,1,3,4,2,3,1988,2,2
1991,1,420424,1,2,2,2,1,1,3,4,2,3,1986,2,2
1991,1,420425,1,5,5,2,1,1,3,4,2,3,1988,2,2
1991,2,420425,6,3,3,2,1,1,3,4,2,3,1990,2,2
1991,1,420426,1,2,2,2,1,1,3,4,1,3,1977,2,2
1991,2,420426,1,2,2,2,1,1,3,4,2,3,1977,2,2
1991,1,420427,1,3,3,2,2,2,3,4,1,3,1979,2,2
1991,2,420427,1,2,2,2,1,1,3,4,2,3,1987,2,2
1991,1,420428,1,5,5,2,1,1,3,4,2,3,1984,2,2
1991,2,420428,4,2,2,2,1,1,3,4,2,3,1987,2,2
1991,1,420429,1,2,2,2,1,1,3,4,2,3,1984,2,2
1991,1,420430,2,2,2,2,1,1,3,4,2,3,1990,2,2
1991,2,420430,2,2,2,2,1,1,3,4,2,3,1989,2,2
1991,1,420431,9,3,3,2,2,2,3,4,1,3,9999,2,2
1991,1,420432,6,3,3,2,1,1,3,4,1,3,1978,2,2
1991,1,420433,1,2,2,2,1,1,3,4,1,3,1982,2,2
1991,2,420433,1,2,2,2,1,1,3,4,2,3,1981,2,2
1991,1,420434,1,2,2,1,2,2,3,4,1,3,1987,2,2
1991,1,420435,2,3,3,2,1,1,3,4,1,3,1990,2,2
1991,2,420435,1,2,2,2,1,1,3,4,2,3,1981,2,2
1991,1,420436,1,5,5,2,1,1,3,4,2,3,1983,2,2
1991,2,420436,2,2,2,2,1,1,3,4,2,3,1984,2,2
1991,1,420437,2,2,2,2,1,1,3,4,2,3,1973,1,2
1991,2,420437,1,2,3,1,1,1,3,4,2,3,1984,2,2
1991,3,420437,6,2,2,1,1,1,3,4,2,3,1985,2,2
1991,1,420438,1,3,3,1,1,1,3,4,2,3,1991,2,2
1991,2,420438,1,2,2,2,1,1,3,4,1,3,1986,2,2
1991,1,420439,7,5,5,2,4,2,3,2,1,3,1987,2,2
1991,1,420440,1,3,3,2,1,1,3,4,2,3,1984,2,2
1991,1,420441,1,2,2,2,1,1,3,4,2,3,1990,2,2
1991,2,420441,2,2,2,2,1,1,3,4,2,3,1988,2,2
1991,1,420442,1,2,2,2,1,1,3,4,2,3,1982,2,2
1991,2,420442,1,2,2,2,1,1,3,4,2,3,1987,2,2
1991,1,420443,5,3,3,2,1,1,3,4,2,3,1983,2,2
1991,1,420444,1,2,2,2,1,1,3,4,2,3,1991,2,2
1991,1,420445,2,2,2,2,1,1,3,4,2,3,1978,2,2
1991,2,420445,8,2,2,2,1,1,3,4,2,3,1979,2,2
1991,1,420446,1,3,3,2,1,1,3,4,2,3,1979,2,2
1991,2,420446,1,2,2,2,1,1,3,4,2,3,1986,2,2
1991,1,420447,6,2,2,2,1,1,3,4,1,3,1988,2,2
1991,2,420447,1,4,2,2,1,1,3,4,2,3,1991,2,2
1991,3,420447,2,4,4,2,1,1,3,4,2,3,1985,2,2
1991,1,420448,6,2,2,2,1,1,3,4,2,3,1981,2,2
1991,1,420449,1,2,2,1,1,1,3,4,2,3,1977,2,2
1991,1,420450,6,5,5,1,3,3,3,4,1,3,1988,2,2
1991,1,420451,1,2,2,2,1,1,3,4,2,3,1978,2,2
1991,2,420451,3,5,5,2,1,1,3,4,2,3,1988,2,2
1991,1,420452,1,2,2,2,1,1,3,4,1,3,1986,2,2
1991,2,420452,1,2,2,2,1,1,3,4,2,3,1984,2,2
1991,1,420453,1,2,2,1,1,1,3,4,2,3,1990,2,2
1991,1,420454,7,2,2,2,4,1,3,1,1,3,1977,2,2
1991,1,420455,5,1,1,1,1,1,3,4,1,3,1979,2,2
1991,1,420456,1,5,5,1,1,1,3,4,2,3,1981,2,2
1991,2,420456,1,2,2,2,1,1,3,4,2,3,1982,2,2
1991,1,420457,7,2,2,2,4,1,3,1,2,3,1991,2,2
1991,1,420458,7,2,2,2,4,1,3,1,1,3,1982,2,2
1991,1,420459,1,2,2,2,1,1,3,4,2,3,1991,2,1
1991,1,420460,1,2,2,1,2,2,3,4,1,3,1981,2,2
1991,1,420461,2,2,2,1,1,1,3,4,1,3,1988,2,2
1991,1,420462,1,4,4,2,1,1,3,4,2,3,1978,1,2
1991,1,420463,5,6,3,1,1,1,3,4,1,3,1985,2,2
1991,1,420464,3,2,2,2,1,1,3,4,2,3,1987,2,2
1991,2,420464,1,5,5,2,1,1,3,4,2,3,1980,2,2
1991,3,420464,3,2,2,2,1,1,3,4,2,3,1991,2,2
1991,1,420465,1,2,2,2,1,1,3,4,2,3,1982,2,2
1991,1,420466,6,2,2,2,1,1,3,4,2,3,1986,2,2
1991,2,420466,1,4,4,2,1,1,3,4,2,3,1990,2,2
1991,3,420466,7,2,2,2,4,2,3,2,2,3,1981,2,2
1991,1,420467,7,6,6,2,4,1,3,1,2,3,1975,2,2
1991,1,420468,1,5,5,2,1,1,3,4,2,3,1989,2,2
1991,2,420468,7,2,2,2,4,1,3,1,1,3,1978,2,2
1991,1,420469,1,2,2,2,2,2,3,4,2,3,1974,2,2
1991,1,420470,1,2,5,1,1,1,3,4,2,3,1979,2,2
1991,2,420470,1,2,2,2,1,1,3,4,2,3,1987,2,2
1991,1,420471,7,2,2,2,4,1,3,1,1,3,1981,2,2
1991,1,420472,7,2,2,2,4,1,3,1,2,3,1985,2,2
1991,1,420473,1,3,3,2,1,1,3,4,1,3,1989,2,1
1991,1,420474,1,5,5,2,1,1,3,4,2,3,1980,2,2
1991,2,420474,1,2,2,2,1,1,3,4,2,3,1986,2,2
1991,1,420475,2,2,2,2,1,1,3,4,1,3,1977,2,2
1991,1,420476,2,2,2,2,1,1,3,4,1,3,1984,2,2
1991,1,420477,1,5,5,1,1,1,3,4,2,3,1982,2,2
1991,1,420478,1,2,2,2,1,1,3,4,2,3,1989,2,2
1991,1,420479,1,2,2,1,1,1,3,4,2,3,1988,2,2
1991,1,420480,1,2,2,2,1,1,3,4,1,3,1984,2,2
1991,1,420481,1,2,2,2,2,2,3,4,2,3,1980,2,2
1991,2,420481,1,2,2,2,2,2,3,4,2,3,1977,2,2
1991,1,420482,3,5,5,1,1,1,3,4,2,3,1975,2,2
1991,1,420483,1,6,6,1,1,1,3,4,1,3,1985,2,2
1991,1,420484,1,3,3,2,1,1,3,4,2,3,1991,2,2
1991,1,420485,1,2,2,2,1,1,3,4,2,3,1981,2,2
1991,2,420485,1,2,2,1,1,1,3,4,2,3,1982,2,2
1991,1,420486,1,2,2,2,1,1,3,4,2,3,1986,2,2
1991,1,420487,1,5,5,2,1,1,3,4,2,3,1985,2,2
1991,1,420488,1,6,3,2,1,1,3,4,1,3,1985,2,2
1991,1,420489,4,5,5,2,1,1,3,4,2,3,1981,2,2
1991,1,420490,1,2,2,2,1,1,3,4,2,3,1982,2,2
1991,2,420490,6,5,5,2,1,1,3,4,2,3,1989,2,2
1991,1,420491,1,2,2,2,2,2,3,4,1,3,1978,2,2
1991,2,420491,2,2,2,2,1,1,3,4,2,3,1991,2,2
1991,1,420492,1,2,2,2,1,1,3,4,2,3,1977,2,2
1991,2,420492,1,2,2,2,1,1,3,4,2,3,1977,2,2
1991,1,420493,1,3,3,2,1,1,3,4,2,3,1977,2,2
1991,1,420494,1,2,5,2,1,1,3,4,1,3,1982,2,2
1991,1,420495,1,3,3,2,1,1,3,4,2,3,1987,2,2
1991,1,420496,6,2,2,2,1,1,3,4,1,3,1987,2,2
1991,2,420496,4,4,4,2,1,1,3,4,2,3,1988,2,2
1991,3,420496,6,4,4,2,1,1,3,4,2,3,1987,2,2
1991,1,420497,2,2,2,1,1,1,3,4,1,3,1984,2,2
1991,1,420498,1,2,2,2,1,1,3,4,2,3,1981,1,2
1991,2,420498,6,4,4,2,1,1,3,4,2,3,1980,2,2
1991,1,420499,4,2,2,2,3,3,3,4,2,3,1985,2,2
1991,1,420500,1,2,2,2,2,2,3,4,2,3,1989,2,2
1991,1,420501,1,2,2,2,3,3,3,4,2,3,1981,2,2
1991,2,420501,7,5,5,2,4,1,3,1,2,3,1986,2,2
1991,1,420502,1,2,2,2,2,2,3,4,2,3,1980,2,2
1991,2,420502,3,5,5,1,1,1,3,4,2,3,1986,2,2
1991,1,420503,1,2,2,2,1,1,3,4,2,3,1978,2,2
1991,1,420504,1,2,2,2,2,2,3,4,2,3,1971,2,2
1991,2,420504,1,2,2,2,2,2,3,4,2,3,1983,2,2
1991,1,420505,2,5,5,1,1,1,3,4,1,3,1971,2,2
1991,1,420506,1,6,6,2,1,1,3,4,2,3,1991,2,2
1991,1,420507,1,2,2,2,1,1,3,4,2,3,1979,2,2
1991,2,420507,1,2,2,2,1,1,3,4,2,3,1988,2,2
1991,1,420508,1,4,5,1,2,2,3,4,1,3,1980,2,2
1991,1,420509,1,3,3,2,1,1,3,4,2,3,1983,2,2
1991,1,420510,1,2,2,1,1,1,3,4,1,3,1987,2,2
1991,1,420511,1,6,2,2,1,1,3,4,1,3,1980,2,2
1991,1,420512,1,3,3,1,1,1,3,4,1,3,1987,2,2
1991,2,420512,2,2,2,2,1,1,3,4,2,3,1989,2,2
1991,1,420513,1,2,2,2,1,1,3,4,1,3,1989,2,2
1991,1,420514,1,2,2,2,1,1,3,4,2,3,1986,2,2
1991,1,420515,1,2,2,1,1,1,3,4,1,3,1984,2,2
1991,2,420515,1,6,6,2,1,1,3,4,2,3,1985,2,2
1991,1,420516,7,2,2,2,4,1,3,1,2,3,1985,2,2
1991,1,420517,1,2,2,2,1,1,3,4,2,3,1987,2,2
1991,1,420518,1,2,2,2,1,1,3,4,2,3,1971,2,2
1991,1,420519,2,2,6,1,1,1,3,4,1,3,1989,2,2
1991,1,420520,7,2,2,2,4,1,3,1,2,3,1982,2,2
1991,1,420521,4,2,2,2,1,1,3,4,2,3,1989,2,2
1991,2,420521,1,3,3,2,1,1,3,4,2,3,1981,2,2
1991,1,420522,1,5,5,2,1,1,3,4,2,3,1989,2,2
1991,2,420522,2,2,2,2,1,1,3,4,2,3,1991,2,2
1991,1,420523,1,2,2,2,1,1,3,4,2,3,1987,2,2
1991,2,420523,1,4,4,2,1,1,3,4,2,3,1986,2,2
1991,3,420523,2,2,2,2,1,1,3,4,2,3,1989,2,2
1991,4,420523,1,5,5,2,1,1,3,4,2,3,1981,2,2
1991,1,420524,4,4,4,2,1,1,3,4,2,3,1986,2,2
1991,2,420524,7,2,2,2,4,1,3,1,2,3,1983,2,2
1991,1,420525,1,2,2,1,1,1,3,4,1,3,1982,2,2
1991,1,420526,1,2,2,2,1,1,3,4,2,3,1984,2,2
1991,2,420526,1,2,2,2,1,1,3,4,2,3,1984,2,2
1991,1,420527,1,2,2,1,1,1,3,4,1,3,1981,2,2
1991,1,420528,1,2,2,2,1,1,3,4,2,3,1987,2,2
1991,1,420529,1,3,6,1,1,1,3,4,2,3,1986,2,1
1991,1,420530,1,2,2,2,1,1,3,4,2,3,1984,2,2
1991,2,420530,1,2,2,2,1,1,3,4,2,3,1979,2,2
1991,1,420531,1,2,2,2,1,1,3,4,2,3,1988,2,2
1991,1,420532,7,5,5,2,4,2,3,2,2,3,1989,2,2
1991,2,420532,3,2,2,2,1,1,3,4,2,3,1981,2,2
1991,1,420533,7,2,2,2,4,1,3,1,2,3,1977,1,2
1991,2,420533,6,4,4,2,1,1,3,4,2,3,1971,2,2
1991,1,420534,1,2,6,1,1,1,3,4,2,3,1987,2,2
1991,1,420535,7,2,2,2,4,1,3,1,2,3,1987,2,2
1991,2,420535,1,2,2,2,1,1,3,4,2,3,1980,2,2
1991,1,420536,1,2,2,2,1,1,3,4,2,3,1989,1,2
1991,1,420537,4,2,2,2,1,1,3,4,2,3,1991,2,2
1991,1,420538,2,2,2,2,1,1,3,4,2,3,1989,1,2
1991,1,420539,6,2,2,1,1,1,3,4,2,3,1984,2,2
1991,1,420540,1,2,2,2,1,1,3,4,2,3,1978,2,2
1991,2,420540,1,6,6,2,1,1,3,4,2,3,1988,2,2
1991,3,420540,2,6,6,2,3,3,3,4,2,3,1978,2,2
1991,4,420540,1,6,6,2,1,1,3,4,2,3,1990,2,2
1991,1,420541,1,2,2,2,1,1,3,4,2,3,1990,2,2
1991,2,420541,1,2,2,2,1,1,3,4,2,3,1984,2,2
1991,1,420542,1,5,5,2,1,1,3,4,2,3,1985,2,2
1991,1,420543,1,2,2,2,1,1,3,4,2,3,1981,2,2
1991,2,420543,1,5,5,2,1,1,3,4,2,3,1987,2,2
1991,1,420544,1,2,2,2,1,1,3,4,2,3,1974,2,2
1991,2,420544,2,2,2,2,1,1,3,4,2,3,1987,2,2
1991,3,420544,1,5,5,2,1,1,3,4,2,3,1984,2,2
1991,1,420545,1,2,2,2,2,2,3,4,2,3,1979,2,2
1991,1,420546,4,3,3,2,1,1,3,4,2,3,1983,2,2
1991,1,420547,7,2,2,2,4,1,3,1,1,3,1981,2,2
1991,1,420548,2,2,2,2,1,1,3,4,2,3,1990,2,2
1991,1,420549,2,5,5,1,1,1,3,4,1,3,1979,2,2
1991,1,420550,1,2,2,1,3,3,3,4,1,3,1986,2,2
1991,1,420551,3,2,2,1,1,1,3,4,1,3,1974,2,2
1991,1,420552,1,3,3,1,1,1,3,4,1,3,1985,2,2
1991,1,420553,6,2,2,2,1,1,3,4,2,3,1985,1,2
1991,1,420554,6,3,3,1,1,1,3,4,1,3,1987,2,2
1991,1,420556,1,2,2,2,1,1,3,4,1,3,1987,2,2
1991,2,420556,1,2,2,2,1,1,3,4,2,3,1989,2,2
1991,1,420557,1,2,2,1,2,2,3,4,1,3,1982,2,2
1991,1,420558,1,2,2,2,1,1,3,4,2,3,1977,2,2
1991,1,420559,2,2,2,1,2,2,3,4,2,3,1989,2,2
1991,1,420560,1,2,2,2,1,1,3,4,2,3,1979,2,2
1991,2,420560,1,2,2,2,1,1,3,4,2,3,1986,2,2
1991,1,420561,1,2,2,2,1,1,3,4,2,3,1980,2,2
1991,2,420561,1,2,2,2,1,1,3,4,2,3,1981,2,2
1991,1,420562,1,2,5,1,1,1,3,4,1,3,1987,2,2
1991,1,420563,1,2,2,1,1,1,3,4,2,3,1972,2,2
1991,1,420564,6,6,4,1,1,1,3,4,1,3,1966,2,2
1991,1,420565,6,6,6,2,3,3,3,4,2,3,1985,2,2
1991,1,420566,1,6,3,2,1,1,3,4,1,3,1979,2,1
1991,1,420567,1,2,2,1,1,1,3,4,1,3,1985,2,2
1991,1,420568,1,3,3,1,1,1,3,4,1,3,1988,2,2
1991,1,420569,1,6,6,2,1,1,3,4,2,3,1987,2,2
1991,2,420569,6,6,6,2,3,3,3,4,2,3,1988,2,2
1991,1,420570,1,2,2,1,1,1,3,4,1,3,1976,2,2
1991,1,420571,1,6,6,2,3,3,3,4,2,3,9999,2,2
1991,1,420572,1,2,2,1,1,1,3,4,1,3,1982,2,2
1991,1,420573,1,5,5,2,1,1,3,4,2,3,1978,2,2
1991,2,420573,2,2,2,2,1,1,3,4,2,3,1983,2,2
1991,1,420574,1,2,2,2,1,1,3,4,2,3,1978,2,2
1991,2,420574,2,2,2,1,1,1,3,4,2,3,1981,2,2
1991,1,420575,1,2,2,2,1,1,3,4,1,3,1988,2,2
1991,1,420576,1,2,2,2,1,1,3,4,2,3,1990,2,2
1991,2,420576,1,6,6,2,3,3,3,4,2,3,9999,2,2
1991,1,420577,1,3,3,1,1,1,3,4,2,3,1985,2,2
1991,1,420578,6,3,3,2,1,1,3,4,2,3,1980,2,2
1991,2,420578,1,5,5,2,1,1,3,4,2,3,1987,2,2
1991,1,420579,1,2,2,1,1,1,3,4,1,3,1989,2,2
1991,1,420580,1,2,2,2,2,2,3,4,2,3,1978,2,2
1991,1,420581,1,2,2,2,1,1,3,4,2,3,1982,2,2
1991,1,420582,1,5,5,2,1,1,3,4,2,3,1990,2,2
1991,2,420582,7,2,2,2,4,1,3,1,1,3,1985,2,2
1991,1,420584,1,2,2,2,1,1,3,4,2,3,1988,2,2
1991,2,420584,1,5,5,2,1,1,3,4,2,3,1985,2,2
1991,1,420585,1,2,2,2,1,1,3,4,2,3,1987,2,2
1991,1,420586,1,4,4,2,1,1,3,4,1,3,1990,2,2
1991,1,420587,1,5,5,1,1,1,3,4,2,3,1978,2,2
1991,2,420587,6,2,2,1,3,3,3,4,2,3,1986,2,2
1991,1,420588,4,2,2,1,1,1,3,4,2,3,1977,1,2
1991,1,420589,7,2,2,2,4,1,3,1,1,3,1979,2,2
1991,1,420590,2,2,2,2,1,1,3,4,1,3,1990,2,2
1991,2,420590,7,4,4,2,4,1,3,1,2,3,1991,2,2
1991,3,420590,2,4,4,2,1,1,3,4,2,3,1967,2,2
1991,1,420591,3,2,2,1,1,1,3,4,1,3,1989,2,2
1991,2,420591,3,2,2,2,1,1,3,4,1,3,1975,2,2
1991,1,420592,1,2,2,1,1,1,3,4,1,3,1974,2,2
1991,1,420593,1,2,2,1,1,1,3,4,1,3,1989,2,2
1991,1,420594,1,2,2,1,1,1,3,4,1,3,1974,2,2
1991,1,420595,1,5,5,2,1,1,3,4,2,3,1986,2,2
1991,1,420596,2,2,2,1,1,1,3,4,1,3,1987,2,2
1991,1,420597,7,5,5,2,4,2,3,2,2,3,1986,2,2
1991,2,420597,6,2,2,2,1,1,3,4,2,3,1991,2,2
1991,1,420598,1,2,2,2,1,1,3,4,2,3,1988,2,2
1991,1,420599,1,2,2,2,1,1,3,4,2,3,1988,2,2
1991,1,420600,8,2,6,2,1,1,3,4,2,1,1985,1,2
1991,1,420601,1,6,6,2,1,1,3,4,2,3,1986,2,2
1991,1,420602,1,2,2,2,1,1,3,4,1,3,1987,2,2
1991,2,420602,1,2,2,2,1,1,3,4,2,3,1990,2,2
1991,1,420603,2,1,1,1,1,1,3,4,1,3,1988,2,2
1991,1,420604,1,5,5,1,1,1,3,4,1,3,1989,2,2
1991,2,420604,6,5,5,2,1,1,3,4,2,3,1989,2,2
1991,1,420605,6,6,6,2,2,2,3,4,2,3,1990,2,2
1991,1,420606,1,2,2,2,1,1,3,4,2,3,1986,2,2
1991,2,420606,1,5,5,2,1,1,3,4,2,3,1991,2,2
1991,1,420607,7,2,2,2,4,1,3,1,2,3,1982,2,2
1991,1,420608,1,2,2,2,1,1,3,4,1,3,1986,2,2
1991,1,420609,1,2,2,2,1,1,3,4,2,3,1978,2,2
1991,2,420609,1,5,2,2,1,1,3,4,2,3,1986,2,2
1991,1,420610,2,2,2,1,2,2,3,4,2,3,1988,2,2
1991,1,420611,1,5,5,2,1,1,3,4,1,3,1987,2,2
1991,1,420612,1,2,2,2,1,1,3,4,2,3,1980,2,2
1991,2,420612,6,2,2,2,1,1,3,4,2,3,1980,2,2
1991,1,420613,4,4,6,2,2,2,3,4,2,3,1984,2,2
1991,1,420614,2,2,2,1,1,1,3,4,2,3,1985,2,2
1991,2,420614,1,3,3,2,2,2,3,4,2,3,1985,2,2
1991,1,420615,1,2,2,2,1,1,3,4,2,3,1990,2,2
1991,2,420615,7,2,2,2,4,2,3,2,2,3,1989,2,2
1991,1,420616,1,2,2,2,3,3,3,4,2,3,9999,2,2
1991,2,420616,4,4,4,1,1,1,3,4,2,3,1988,2,2
1991,1,420617,7,5,5,2,4,1,3,1,2,3,1978,2,2
1991,2,420617,4,6,6,2,1,1,3,4,2,3,1990,2,2
1991,1,420618,1,2,2,2,1,1,3,4,2,3,1983,2,2
1991,1,420619,1,2,2,2,1,1,3,4,2,3,1991,2,2
1991,2,420619,1,3,3,2,2,2,3,4,2,3,1981,2,2
1991,1,420620,1,4,3,2,1,1,3,4,1,3,1978,2,2
1991,1,420621,3,2,2,2,1,1,3,4,2,3,1989,2,2
1991,1,420622,1,2,2,2,1,1,3,4,2,3,1991,1,2
1991,2,420622,1,4,4,2,3,3,3,4,2,3,9999,2,2
1991,1,420623,1,2,2,2,1,1,3,4,2,3,1990,2,2
1991,1,420624,6,2,2,2,1,1,3,4,2,3,1988,2,2
1991,2,420624,1,3,3,2,1,1,3,4,2,3,1984,2,2
1991,1,420625,6,2,2,2,1,1,3,4,1,3,1986,2,2
1991,1,420626,6,5,3,2,1,1,3,4,1,3,1979,2,2
1991,2,420626,6,5,5,2,1,1,3,4,2,3,1986,2,2
1991,3,420626,1,2,2,2,1,1,3,4,2,3,1984,2,2
1991,1,420628,1,2,2,2,1,1,3,4,2,3,1978,2,2
1991,2,420628,7,5,5,2,4,1,3,1,2,3,1975,2,2
1991,1,420629,1,2,2,2,1,1,3,4,2,3,1985,2,2
1991,2,420629,2,2,2,1,1,1,3,4,2,3,1983,2,2
1991,1,420630,1,2,2,2,1,1,3,4,1,3,1990,2,2
1991,1,420631,1,3,2,1,1,1,3,4,1,3,1985,2,2
1991,1,420632,1,2,2,2,1,1,3,4,2,3,1991,2,2
1991,2,420632,1,5,5,1,1,1,3,4,2,3,1989,2,2
1991,1,420633,1,5,2,2,1,1,3,4,2,3,1980,2,2
1991,2,420633,1,5,5,2,1,1,3,4,2,3,1989,2,2
1991,3,420633,1,2,2,2,1,1,3,4,2,3,1987,2,2
1991,1,420634,1,6,6,1,2,2,3,4,1,3,1989,2,2
1991,1,420635,2,6,6,1,1,1,3,4,1,3,1987,2,2
1991,1,420636,1,2,2,2,1,1,3,4,2,3,1989,1,2
1991,1,420637,8,2,2,1,1,1,3,4,2,3,1982,2,1
1991,1,420638,1,2,2,1,1,1,3,4,2,3,1990,2,1
1991,1,420639,6,2,2,2,1,1,3,4,1,3,1990,2,2
1991,2,420639,6,4,4,2,2,2,3,4,2,3,1980,2,2
1991,1,420640,2,2,2,1,1,1,3,4,2,3,1986,2,2
1991,1,420641,7,2,2,2,4,1,3,1,1,3,1980,2,2
1991,1,420642,7,3,3,2,4,1,3,1,2,3,1987,2,2
1991,1,420643,1,3,3,2,1,1,3,4,2,3,1982,2,2
1991,2,420643,1,2,2,2,1,1,3,4,2,3,1982,2,2
1991,1,420644,1,2,2,2,1,1,3,4,1,3,1975,2,2
1991,1,420645,1,5,3,2,1,1,3,4,2,3,1990,2,2
1991,2,420645,6,2,2,2,1,1,3,4,2,3,1980,2,2
1991,3,420645,6,2,2,2,1,1,3,4,2,3,1989,2,2
1991,1,420646,1,5,2,1,1,1,3,4,1,3,1979,2,2
1991,1,420647,7,2,2,2,4,1,3,1,1,3,1977,2,2
1991,2,420647,6,4,4,2,1,1,3,4,2,3,1972,2,2
1991,1,420648,1,2,2,1,1,1,3,4,2,3,1982,2,2
1991,1,420649,1,2,2,2,1,1,3,4,2,3,1990,2,2
1991,1,420650,1,2,2,1,1,1,3,4,1,3,1984,2,2
1991,1,420651,1,5,5,1,1,1,3,4,2,3,1976,2,2
1991,2,420651,6,2,2,2,1,1,3,4,2,3,1986,2,2
1991,1,420652,2,6,2,2,1,1,3,4,1,3,1986,2,2
1991,1,420653,7,2,2,2,4,2,3,2,1,3,1980,2,2
1991,1,420654,1,2,2,1,1,1,3,4,2,3,1987,2,2
1991,2,420654,1,2,2,2,1,1,3,4,2,3,1991,2,2
1991,1,420655,1,2,2,1,1,1,3,4,2,3,1987,2,2
1991,1,420656,1,2,2,2,1,1,3,4,2,3,1984,2,2
1991,2,420656,1,2,2,2,1,1,3,4,2,3,1982,2,2
1991,1,420657,1,2,2,2,1,1,3,4,2,3,1989,2,2
1991,2,420657,9,4,4,2,2,2,3,4,2,3,1982,2,2
1991,1,420658,1,1,1,1,1,1,3,4,1,3,1991,2,2
1991,1,420659,6,2,2,1,2,2,3,4,2,3,1980,2,2
1991,1,420660,6,5,5,2,1,1,3,4,1,3,1981,2,2
1991,2,420660,4,5,5,2,1,1,3,4,2,3,1987,2,2
1991,1,420661,1,2,2,2,2,2,3,4,2,3,1983,2,2
1991,2,420661,3,2,2,2,1,1,3,4,2,3,1978,2,2
1991,1,420662,1,5,5,1,1,1,3,4,2,3,1989,2,2
1991,2,420662,2,5,5,2,1,1,3,4,2,3,1991,2,2
1991,1,420663,1,3,3,1,1,1,3,4,2,3,1987,2,2
1991,2,420663,6,2,2,2,1,1,3,4,2,3,1973,2,2
1991,1,420664,1,2,2,2,2,2,3,4,2,3,1982,1,2
1991,2,420664,6,2,2,2,1,1,3,4,2,3,1988,2,2
1991,1,420665,3,2,2,2,1,1,3,4,2,3,1987,2,2
1991,1,420666,1,1,1,1,1,1,3,4,2,3,1980,2,2
1991,1,420667,1,2,2,2,1,1,3,4,1,3,1990,2,2
1991,1,420668,1,5,5,1,1,1,3,4,1,3,1986,2,2
1991,1,420669,2,2,2,2,1,1,3,4,1,3,1976,2,2
1991,2,420669,1,2,2,2,1,1,3,4,2,3,1986,2,2
1991,1,420670,1,2,2,2,1,1,3,4,2,3,1979,1,2
1991,2,420670,6,4,4,2,3,3,3,4,2,3,1988,2,2
1991,1,420671,1,2,2,2,1,1,3,4,2,3,1985,2,2
1991,2,420671,2,2,2,2,1,1,3,4,2,3,1978,2,2
1991,1,420672,1,2,2,2,1,1,3,4,1,3,1979,2,2
1991,2,420672,1,3,3,2,1,1,3,4,2,3,1985,2,2
1991,1,420673,1,2,2,2,1,1,3,4,2,3,1988,2,2
1991,2,420673,4,2,2,1,1,1,3,4,2,3,1990,2,2
1991,1,420674,7,5,5,2,4,1,3,1,1,3,1980,2,2
1991,1,420675,1,2,5,2,3,3,3,4,2,3,1990,2,2
1991,2,420675,1,4,2,2,3,3,3,4,2,3,1991,2,2
1991,1,420676,1,2,2,1,1,1,3,4,1,3,1968,2,2
1991,1,420677,7,3,3,2,4,1,3,1,1,3,1989,2,2
1991,1,420678,1,2,2,2,1,1,3,4,2,3,1986,2,2
1991,1,420679,1,2,2,1,2,2,3,4,1,3,1979,2,1
1991,1,420680,1,4,3,2,1,1,3,4,1,3,1981,2,2
1991,1,420681,2,2,2,2,1,1,3,4,2,3,1989,2,2
1991,1,420682,6,2,3,1,1,1,3,4,2,3,1984,2,2
1991,2,420682,1,3,3,2,1,1,3,4,2,3,1986,2,2
1991,1,420683,3,5,5,1,1,1,3,4,1,3,1991,2,2
1991,1,420684,1,2,2,1,1,1,3,4,1,3,1981,2,2
1991,1,420685,1,3,3,2,2,2,3,4,1,3,1991,2,2
1991,2,420685,1,2,2,2,1,1,3,4,2,3,1983,2,2
1991,3,420685,1,2,2,2,1,1,3,4,1,3,1984,2,2
1991,1,420686,1,2,2,1,1,1,3,4,1,3,1984,2,2
1991,1,420687,3,2,2,2,1,1,3,4,2,3,1986,2,2
1991,2,420687,3,2,2,2,1,1,3,4,2,3,1988,2,2
1991,1,420688,1,6,2,1,1,1,3,4,1,3,1988,2,2
1991,1,420689,1,2,2,2,2,2,3,4,2,3,1983,2,2
1991,2,420689,7,5,5,2,4,1,3,1,2,3,1983,2,2
1991,1,420690,2,2,2,2,1,1,3,4,2,3,1989,2,2
1991,2,420690,2,2,2,2,1,1,3,4,2,3,1988,2,2
1991,1,420691,1,4,2,1,1,1,3,4,1,3,1985,2,2
1991,1,420692,7,5,5,2,4,1,3,1,1,3,1983,2,2
1991,2,420692,2,3,3,2,1,1,3,4,2,3,1985,2,2
1991,1,420693,1,2,2,2,1,1,3,4,2,3,1984,2,2
1991,1,420694,1,2,2,2,3,3,3,4,1,3,1976,2,2
1991,2,420694,1,3,5,2,1,1,3,4,2,3,1991,2,2
1991,1,420695,1,2,2,2,1,1,3,4,1,3,1983,2,2
1991,2,420695,6,2,2,2,1,1,3,4,2,3,1977,2,2
1991,1,420696,1,2,2,2,1,1,3,4,2,3,1987,2,2
1991,2,420696,7,2,2,2,4,1,3,1,2,3,1986,2,2
1991,1,420697,1,2,2,2,1,1,3,4,2,3,1986,2,2
1991,2,420697,1,4,4,2,1,1,3,4,2,3,1984,2,2
1991,1,420698,1,4,2,2,1,1,3,4,1,3,1980,2,2
1991,2,420698,1,2,2,2,1,1,3,4,2,3,1988,2,2
1991,1,420699,1,2,2,2,1,1,3,4,2,3,1983,2,2
1991,2,420699,1,2,2,2,1,1,3,4,1,3,1986,2,2
1991,1,420700,1,6,6,1,1,1,3,4,1,3,1989,2,2
1991,1,420701,1,2,2,2,2,2,3,4,1,3,1984,2,2
1991,2,420701,1,2,2,2,1,1,3,4,2,3,1984,2,2
1991,1,420702,7,1,1,2,4,1,3,1,2,3,1973,2,2
1991,1,420703,1,2,2,1,1,1,3,4,1,3,1982,2,2
1991,1,420704,2,2,2,2,1,1,3,4,1,3,1991,2,2
1991,2,420704,1,5,5,2,1,1,3,4,2,3,1991,2,2
1991,1,420705,1,2,2,2,2,2,3,4,1,3,1984,2,2
1991,2,420705,6,2,2,2,1,1,3,4,2,3,1989,2,2
1991,1,420706,2,2,5,2,1,1,3,4,1,3,1982,2,2
1991,1,420707,1,6,6,1,2,2,3,4,2,3,1978,2,2
1991,1,420708,1,6,6,2,1,1,3,4,1,3,1990,2,2
1991,1,420709,7,2,2,2,4,1,3,1,2,3,1991,2,2
1991,1,420710,1,3,3,2,1,1,3,4,2,3,1988,2,2
1991,2,420710,2,3,3,2,1,1,3,4,2,3,1978,2,2
1991,1,420711,4,2,2,1,1,1,3,4,1,3,1990,2,2
1991,1,420712,1,2,2,2,1,1,3,4,2,3,1985,2,2
1991,2,420712,3,2,2,1,1,1,3,4,2,3,1985,2,2
1991,1,420713,1,2,2,2,1,1,3,4,2,3,1976,2,2
1991,2,420713,6,2,2,2,1,1,3,4,2,3,1988,2,2
1991,1,420714,2,2,2,2,1,1,3,4,2,3,1978,2,2
1991,1,420715,1,3,3,2,1,1,3,4,2,3,1990,2,2
1991,2,420715,1,2,2,2,1,1,3,4,2,3,1987,2,2
1991,1,420716,1,2,2,2,2,2,3,4,2,3,1986,2,2
1991,2,420716,6,6,6,2,1,1,3,4,2,3,1985,2,2
1991,1,420717,3,2,2,1,1,1,3,4,1,3,1989,2,2
1991,2,420717,1,5,5,2,1,1,3,4,2,3,1978,2,2
1991,1,420719,1,2,2,2,1,1,3,4,2,3,1985,1,2
1991,2,420719,4,4,4,2,1,1,3,4,2,3,1990,2,2
1991,1,420720,1,4,4,1,1,1,3,4,1,3,1981,2,2
1991,1,420721,2,6,6,1,1,1,3,4,1,3,1984,2,2
1991,1,420722,1,5,5,2,1,1,3,4,1,3,1978,2,2
1991,1,420723,2,2,2,2,1,1,3,4,2,3,1984,2,2
1991,2,420723,1,3,3,2,1,1,3,4,2,3,1985,2,2
1991,1,420724,1,5,5,2,1,1,3,4,2,3,1986,2,2
1991,2,420724,4,2,2,2,1,1,3,4,2,3,1985,2,2
1991,1,420725,2,2,2,2,1,1,3,4,2,3,1989,2,2
1991,1,420726,1,3,6,1,2,2,3,4,2,3,1984,2,2
1991,1,420727,1,2,5,1,1,1,3,4,1,3,1988,2,2
1991,1,420728,3,2,2,2,1,1,3,4,1,3,1978,2,2
1991,1,420729,1,2,2,2,1,1,3,4,2,3,1984,2,2
1991,2,420729,1,5,5,2,1,1,3,4,2,3,1989,2,2
1991,1,420730,1,6,2,1,1,1,3,4,2,3,1980,2,2
1991,1,420731,7,2,2,2,4,1,3,1,2,3,1985,2,2
1991,2,420731,2,2,2,2,1,1,3,4,2,3,1978,2,2
1991,1,420732,1,2,2,2,1,1,3,4,1,3,1984,1,2
1991,1,420733,6,3,3,2,1,1,3,4,1,3,1990,2,2
1991,2,420733,3,2,2,1,1,1,3,4,2,3,1986,2,2
1991,1,420734,2,2,2,1,1,1,3,4,1,3,1987,2,2
1991,1,420735,9,2,2,2,1,1,3,4,1,3,1986,2,2
1991,1,420736,1,2,2,1,1,1,3,4,1,3,1981,2,2
1991,2,420736,1,2,2,2,1,1,3,4,2,3,1984,2,2
1991,1,420737,1,3,3,2,1,1,3,4,2,3,1988,2,2
1991,2,420737,1,2,2,2,1,1,3,4,2,3,1969,2,2
1991,1,420738,1,3,3,2,1,1,3,4,1,3,1987,2,2
1991,2,420738,1,2,2,2,1,1,3,4,2,3,1989,2,2
1991,1,420739,2,5,5,1,1,1,3,4,1,3,1987,2,2
1991,1,420740,1,2,2,2,1,1,3,4,1,3,1979,2,2
1991,1,420741,1,2,2,1,1,1,3,4,2,3,1985,2,2
1991,2,420741,1,5,5,2,1,1,3,4,2,3,1985,2,2
1991,1,420742,1,2,2,2,1,1,3,4,1,3,1990,2,2
1991,1,420743,7,1,1,2,4,2,3,2,1,3,1977,2,2
1991,1,420744,1,3,3,2,1,1,3,4,2,3,1969,2,2
1991,1,420745,7,6,5,2,4,2,3,2,1,3,1986,2,2
1991,1,420746,6,2,2,1,1,1,3,4,1,3,1984,2,2
1991,2,420746,2,5,4,2,1,1,3,4,2,3,1978,2,2
1991,3,420746,1,2,2,2,1,1,3,4,2,3,1989,2,2
1991,4,420746,6,2,2,2,1,1,3,4,2,3,1987,2,2
1991,1,420747,6,3,3,2,1,1,3,4,1,3,1986,2,2
1991,2,420747,2,2,2,2,1,1,3,4,2,3,1979,2,2
1991,1,420748,1,3,3,2,1,1,3,4,2,3,1990,2,2
1991,2,420748,1,2,2,2,1,1,3,4,2,3,1988,2,2
1991,1,420749,1,3,3,2,1,1,3,4,1,3,1985,2,2
1991,1,420750,1,2,2,2,1,1,3,4,2,3,1984,2,2
1991,2,420750,3,2,2,2,1,1,3,4,2,3,1989,2,2
1991,1,420751,2,5,5,2,1,1,3,4,1,3,1972,2,2
1991,1,420752,2,3,3,2,1,1,3,4,1,3,1989,2,2
1991,1,420753,3,2,2,1,2,2,3,4,1,3,1980,2,2
1991,1,420754,2,2,2,1,1,1,3,4,1,3,1988,2,2
1991,1,420755,1,2,2,1,1,1,3,4,2,3,1987,2,2
1991,1,420756,3,2,2,2,1,1,3,4,2,3,1989,1,2
1991,1,420757,1,2,2,2,1,1,3,4,2,3,1984,1,2
1991,1,420758,3,2,2,2,1,1,3,4,2,3,1988,2,2
1991,1,420759,1,1,1,2,1,1,3,4,2,3,1982,2,2
1991,1,420760,7,2,2,2,4,1,3,1,1,3,1974,2,2
1991,2,420760,3,5,5,2,1,1,3,4,2,3,1985,2,2
1991,1,420761,1,2,2,2,1,1,3,4,1,3,1990,2,2
1991,1,420762,6,3,3,2,1,1,3,4,2,3,1987,2,2
1991,1,420763,1,2,3,2,2,2,3,4,1,3,1979,2,2
1991,1,420764,1,2,2,2,2,2,3,4,2,3,1983,2,2
1991,2,420764,1,2,2,2,1,1,3,4,2,3,1982,2,2
1991,1,420765,3,6,6,2,1,1,3,4,1,3,1979,2,2
1991,1,420766,1,6,2,1,1,1,3,4,1,3,1984,2,2
1991,1,420767,1,3,3,2,1,1,3,4,2,3,1979,2,2
1991,2,420767,1,2,2,2,1,1,3,4,2,3,1984,2,2
1991,3,420767,1,2,2,2,1,1,3,4,2,3,1979,2,2
1991,1,420768,2,2,2,2,1,1,3,4,2,3,1989,2,2
1991,2,420768,1,2,2,2,1,1,3,4,2,3,1986,2,2
1991,1,420769,3,3,3,1,2,2,3,4,1,3,1977,2,2
1991,1,420770,1,5,5,2,2,2,3,4,1,3,1978,2,2
1991,1,420771,1,5,5,2,1,1,3,4,2,3,1986,2,2
1991,2,420771,8,2,2,2,1,1,3,4,2,3,1987,2,2
1991,1,420772,1,5,6,1,1,1,3,4,1,3,1991,2,2
1991,1,420773,1,2,2,2,1,1,3,4,2,3,1983,2,2
1991,2,420773,6,2,2,2,1,1,3,4,2,3,1980,2,2
1991,1,420774,1,2,2,1,2,2,3,4,1,3,1983,2,2
1991,1,420775,1,2,2,2,1,1,3,4,2,3,1988,2,2
1991,2,420775,2,2,2,2,3,3,3,4,2,3,1989,2,2
1991,3,420775,1,2,2,2,1,1,3,4,2,3,1983,2,2
1991,1,420776,1,5,5,1,1,1,3,4,1,3,1991,2,1
1991,1,420777,7,5,5,2,4,1,3,1,2,3,1987,2,2
1991,1,420778,3,2,2,2,1,1,3,4,1,3,1984,2,2
1991,1,420779,1,5,5,2,3,3,3,4,2,3,1982,2,2
1991,2,420779,6,2,2,2,1,1,3,4,2,3,1989,2,2
1991,1,420780,1,5,5,2,1,1,3,4,2,3,1983,2,2
1991,1,420781,7,2,2,2,4,2,3,2,1,3,1985,2,2
1991,1,420782,7,2,2,2,4,2,3,2,2,3,1988,2,2
1991,2,420782,2,2,2,2,1,1,3,4,2,3,1976,2,2
1991,1,420783,1,6,2,2,1,1,3,4,2,3,1988,2,2
1991,1,420784,1,5,2,2,1,1,3,4,1,3,1986,2,2
1991,1,420785,9,2,2,2,1,1,3,4,2,3,1990,2,2
1991,1,420786,7,3,3,2,4,1,3,1,2,3,1980,2,2
1991,1,420787,1,3,3,1,1,1,3,4,1,3,1984,2,2
1991,2,420787,1,2,2,2,1,1,3,4,2,3,1982,2,2
1991,1,420788,4,5,5,2,3,3,3,4,2,3,1975,2,2
1991,2,420788,6,2,2,2,1,1,3,4,2,3,1968,2,2
1991,1,420790,1,2,2,2,1,1,3,4,2,3,1988,1,2
1991,2,420790,1,4,2,2,1,1,3,4,2,3,1979,2,2
1991,3,420790,1,5,5,2,1,1,3,4,2,3,1987,2,2
1991,1,420791,1,2,6,1,1,1,3,4,2,3,1977,2,2
1991,1,420792,6,5,5,2,1,1,3,4,1,3,1972,2,2
1991,1,420793,6,5,5,1,1,1,3,4,1,3,1983,2,2
1991,1,420794,7,6,2,2,4,2,3,2,1,3,1982,2,2
1991,1,420795,1,5,2,1,2,2,3,4,1,3,1985,2,2
1991,1,420796,1,3,3,2,1,1,3,4,1,3,1990,2,2
1991,1,420797,1,3,3,2,1,1,3,4,2,3,1986,2,2
1991,2,420797,2,2,2,2,1,1,3,4,2,3,1969,2,2
1991,1,420798,1,2,2,2,1,1,3,4,2,3,1991,2,1
1991,1,420799,1,2,2,2,1,1,3,4,1,3,1986,2,2
1991,2,420799,1,5,5,2,1,1,3,4,2,3,1980,2,2
1991,1,420800,1,2,2,2,1,1,3,4,2,3,1986,2,2
1991,2,420800,6,2,2,2,1,1,3,4,2,3,9999,2,2
1991,1,420801,1,2,2,2,1,1,3,4,1,3,1985,2,2
1991,1,420802,1,2,2,2,1,1,3,4,1,3,1978,2,2
1991,2,420802,6,4,4,2,1,1,3,4,2,3,1972,2,2
1991,1,420803,1,2,2,2,1,1,3,4,2,3,1964,2,2
1991,2,420803,6,2,2,2,1,2,3,4,2,3,1986,2,2
1991,1,420804,1,2,2,2,1,1,3,4,2,3,1983,2,2
1991,1,420805,1,3,3,2,1,1,3,4,1,3,1981,2,2
1991,2,420805,2,2,2,2,2,2,3,4,2,3,1983,2,2
1991,1,420806,6,2,6,2,1,1,3,4,2,3,1989,2,2
1991,1,420807,1,2,2,2,1,1,3,4,2,3,1987,2,2
1991,1,420808,3,2,2,2,1,1,3,4,2,3,1978,2,2
1991,2,420808,7,2,2,2,4,1,3,1,2,3,1982,2,2
1991,1,420809,1,5,5,2,1,1,3,4,2,3,1989,2,2
1991,2,420809,1,2,2,2,1,1,3,4,2,3,1982,2,2
1991,1,420810,1,2,2,2,1,1,3,4,2,3,1991,2,2
1991,2,420810,3,2,2,2,1,1,3,4,2,3,1990,2,2
1991,3,420810,4,2,2,2,1,1,3,4,2,3,1987,2,2
1991,1,420811,1,1,1,2,1,1,3,4,2,3,1979,2,2
1991,1,420812,4,2,2,2,1,1,3,4,2,3,1984,1,2
1991,1,420813,3,2,2,2,1,1,3,4,2,3,1989,2,2
1991,1,420814,2,5,6,1,1,1,3,4,1,3,1987,2,2
1991,2,420814,2,2,2,2,1,1,3,4,2,3,1985,2,2
1991,1,420815,1,2,2,2,1,1,3,4,1,3,1990,2,2
1991,2,420815,4,2,2,2,1,1,3,4,2,3,1979,2,2
1991,3,420815,1,2,2,2,1,1,3,4,2,3,1977,2,2
1991,1,420816,2,2,2,2,1,1,3,4,2,3,1989,2,2
1991,1,420817,1,2,2,2,2,2,3,4,2,3,1981,2,2
1991,2,420817,1,3,3,2,1,1,3,4,2,3,1988,2,2
1991,1,420818,1,2,2,2,1,1,3,4,2,3,1987,2,2
1991,1,420819,1,2,2,2,2,2,3,4,2,3,1979,1,2
1991,2,420819,1,4,4,2,1,1,3,4,2,3,1990,2,2
1991,1,420820,6,2,2,2,1,1,3,4,2,3,1989,1,2
1991,2,420820,1,4,4,2,3,3,3,4,2,3,1982,2,2
1991,1,420821,1,2,2,2,1,1,3,4,2,3,1989,2,2
1991,1,420822,1,2,2,2,1,1,3,4,2,3,1984,2,2
1991,1,420823,1,3,3,1,1,1,3,4,2,3,1987,2,2
1991,1,420824,1,2,2,2,2,2,3,4,1,3,1982,2,2
1991,1,420825,1,2,2,2,1,1,3,4,2,3,1978,2,2
1991,2,420825,1,6,6,2,1,1,3,4,2,3,1986,2,2
1991,1,420826,1,2,2,2,1,1,3,4,2,3,1989,2,2
1991,2,420826,1,5,5,2,1,1,3,4,2,3,1990,2,2
1991,1,420827,2,2,2,1,1,1,3,4,1,3,1975,2,2
1991,1,420828,1,2,2,2,1,1,3,4,1,3,1991,2,2
1991,1,420829,1,3,3,2,1,1,3,4,1,3,1989,2,2
1991,2,420829,1,2,2,2,1,1,3,4,2,3,1989,2,2
1991,1,420830,1,2,2,2,1,1,3,4,2,3,1979,2,2
1991,2,420830,1,2,2,2,1,1,3,4,2,3,1988,2,2
1991,1,420831,1,2,2,2,1,1,3,4,2,3,1986,2,2
1991,1,420832,1,3,3,2,1,1,3,4,2,3,1980,2,2
1991,1,420833,1,5,5,2,2,2,3,4,1,3,1981,2,2
1991,1,420834,1,2,2,2,1,1,3,4,1,3,1978,2,2
1991,2,420834,2,2,2,2,1,1,3,4,2,3,1988,2,2
1991,1,420835,1,1,1,1,1,1,3,4,1,3,1981,2,2
1991,1,420836,2,2,2,2,1,1,3,4,2,3,1989,2,2
1991,1,420837,2,2,2,1,1,1,3,4,2,3,1987,2,2
1991,1,420838,6,2,2,2,1,1,3,4,2,3,1984,2,2
1991,2,420838,2,4,2,2,1,1,3,4,2,3,1991,2,2
1991,1,420839,1,3,3,2,1,1,3,4,2,3,1989,2,2
1991,2,420839,2,2,2,2,1,1,3,4,2,3,1988,2,2
1991,1,420840,1,3,3,2,1,1,3,4,2,3,1983,2,2
1991,2,420840,6,2,2,2,1,1,3,4,2,3,1984,2,2
1991,1,420841,1,2,2,1,2,2,3,4,1,3,1978,2,2
1991,1,420842,1,2,2,2,1,1,3,4,2,3,1977,1,2
1991,1,420843,1,3,3,2,1,1,3,4,2,3,1979,2,2
1991,2,420843,7,2,2,2,4,1,3,1,2,3,1977,2,2
1991,1,420844,1,5,5,2,2,2,3,4,1,3,1989,2,2
1991,1,420846,7,2,2,2,4,2,3,2,2,3,1981,2,2
1991,2,420846,1,4,4,2,1,1,3,4,2,3,1986,2,2
1991,1,420847,6,2,2,2,1,1,3,4,2,3,1984,2,2
1991,2,420847,1,2,2,2,3,3,3,4,2,3,1987,2,2
1991,1,420848,1,2,2,2,1,1,3,4,2,3,1985,2,2
1991,2,420848,2,2,2,2,1,1,3,4,2,3,1987,2,2
1991,1,420849,4,6,2,1,2,2,3,4,1,3,1991,2,2
1991,1,420850,3,2,2,1,1,1,3,4,2,3,1982,2,2
1991,1,420851,1,2,2,2,1,1,3,4,2,3,1988,2,2
1991,2,420851,3,2,2,2,1,1,3,4,2,3,1977,2,2
1991,3,420851,1,2,2,2,1,1,3,4,2,3,1982,2,2
1991,4,420851,1,2,2,2,1,1,3,4,2,3,1985,2,2
1991,1,420852,1,2,2,2,1,1,3,4,2,3,1990,2,2
1991,1,420853,1,2,2,2,2,2,3,4,2,3,1979,2,2
1991,1,420854,1,5,6,2,3,3,3,4,2,3,1988,2,2
1991,1,420855,4,2,2,2,1,1,3,4,1,3,1977,2,2
1991,1,420856,1,2,2,2,1,1,3,4,2,3,1981,1,2
1991,2,420856,6,6,6,2,1,1,3,4,2,3,1990,2,2
1991,3,420856,6,2,2,2,1,1,3,4,2,3,1991,2,2
1991,1,420857,2,2,2,2,1,1,3,4,2,3,1986,2,2
1991,2,420857,6,4,4,2,1,1,3,4,2,3,1979,2,2
1991,1,420858,1,4,3,2,1,1,3,4,1,3,1987,2,2
1991,1,420859,1,3,3,2,1,1,3,4,2,3,1981,2,2
1991,1,420860,1,2,2,2,1,1,3,4,2,3,1989,2,2
1991,1,420861,1,2,2,1,1,1,3,4,1,3,1988,2,2
1991,1,420862,3,2,2,2,1,1,3,4,1,3,1991,1,2
1991,2,420862,6,4,4,2,1,1,3,4,2,3,1990,2,2
1991,3,420862,6,5,5,2,1,1,3,4,2,3,1983,2,2
1991,1,420863,1,5,5,2,1,1,3,4,1,3,1986,2,2
1991,1,420864,1,5,5,1,2,2,3,4,1,3,1983,2,2
1991,1,420865,1,2,2,2,1,1,3,4,2,3,1980,2,2
1991,1,420866,2,2,2,1,1,1,3,4,1,3,1989,2,2
1991,1,420867,1,3,5,2,1,1,3,4,2,3,1989,2,1
1991,1,420868,1,2,2,1,1,1,3,4,1,3,1979,2,2
1991,1,420869,1,3,3,2,1,1,3,4,1,3,1980,2,2
1991,1,420871,1,2,2,2,1,1,3,4,1,3,1990,2,2
1991,1,420872,6,2,2,2,1,1,3,4,1,3,1980,2,2
1991,2,420872,2,2,2,2,1,1,3,4,2,3,1979,2,2
1991,1,420873,1,1,1,1,1,1,3,4,2,3,1979,2,2
1991,1,420874,1,3,3,2,1,1,3,4,2,3,1979,2,2
1991,2,420874,1,2,2,2,1,1,3,4,2,3,1984,2,2
1991,1,420875,1,5,5,2,1,1,3,4,2,3,1984,2,2
1991,2,420875,1,5,5,2,1,1,3,4,2,3,1991,2,2
1991,3,420875,4,2,2,2,1,1,3,4,2,3,1986,2,2
1991,1,420876,1,2,2,2,1,1,3,4,2,3,1991,2,2
1991,1,420877,1,2,2,2,1,1,3,4,2,3,1982,2,2
1991,1,420878,2,2,2,1,1,1,3,4,1,3,1984,2,2
1991,1,420879,2,2,2,1,1,1,3,4,2,3,1980,2,2
1991,1,420880,9,5,5,2,1,1,3,4,2,3,1979,2,2
1991,2,420880,1,3,3,2,1,1,3,4,2,3,1980,2,2
1991,1,420881,2,5,5,2,1,1,3,4,2,3,1991,2,2
1991,1,420882,3,1,1,1,1,1,3,4,1,3,1985,2,2
1991,1,420883,7,5,5,2,4,2,3,2,1,3,1975,2,2
1991,1,420884,7,6,6,2,4,1,3,1,1,3,1985,2,2
1991,1,420885,9,2,2,2,2,2,3,4,2,3,9999,2,2
1991,1,420886,2,2,2,2,1,1,3,4,2,3,1990,2,2
1991,1,420887,9,2,6,2,3,3,3,4,2,3,1978,2,2
1991,1,420888,9,3,3,2,1,1,3,4,1,3,1989,2,2
1991,1,420889,1,2,2,2,2,2,3,4,1,3,1981,2,2
1991,2,420889,1,5,5,2,1,1,3,4,2,3,1989,2,2
1991,1,420890,1,3,3,1,1,1,3,4,2,3,1990,2,2
1991,1,420891,1,4,2,2,1,1,3,4,1,3,1984,2,2
1991,1,420892,2,5,5,2,1,1,3,4,2,3,1987,1,2
1991,2,420892,6,6,4,2,1,1,3,4,2,3,1990,2,2
1991,1,420893,2,2,2,1,1,1,3,4,1,3,1988,2,2
1991,1,420894,1,2,2,2,1,1,3,4,2,3,1985,2,1
1991,2,420894,2,2,2,2,1,1,3,4,2,3,1977,2,2
1991,1,420895,1,3,3,2,1,1,3,4,2,3,1988,2,2
1991,2,420895,6,2,2,2,1,1,3,4,2,3,1979,2,2
1991,1,420896,1,2,2,2,1,1,3,4,2,3,1977,2,2
1991,1,420897,2,2,2,2,1,1,3,4,1,3,1988,2,2
1991,1,420898,6,2,2,2,1,1,3,4,2,3,1986,2,2
1991,2,420898,4,2,2,2,1,1,3,4,2,3,1981,2,2
1991,1,420899,1,2,2,2,2,2,3,4,2,3,1991,1,2
1991,2,420899,1,4,3,2,1,1,3,4,2,3,1990,2,2
1991,3,420899,1,2,2,2,1,1,3,4,2,3,1983,2,2
1991,4,420899,2,2,2,2,1,1,3,4,2,3,1989,2,2
1991,1,420900,1,2,2,2,1,1,3,4,2,3,1978,2,2
1991,2,420900,1,2,2,2,1,1,3,4,2,3,1987,2,2
1991,1,420901,1,3,2,2,1,1,3,4,2,3,1987,2,2
1991,2,420901,2,2,2,2,1,1,3,4,2,3,1985,2,2
1991,1,420902,7,3,3,2,4,1,3,1,1,3,1975,2,2
1991,1,420903,3,2,2,2,1,1,3,4,2,3,1990,2,2
1991,2,420903,1,2,2,2,1,1,3,4,2,3,1986,2,2
1991,1,420904,1,2,2,2,1,1,3,4,2,3,1984,2,2
1991,1,420905,3,2,2,2,1,1,3,4,2,3,1988,1,2
1991,2,420905,1,2,2,2,1,1,3,4,2,3,1987,2,2
1991,1,420906,1,5,5,2,1,1,3,4,2,3,1982,2,2
1991,2,420906,3,2,2,2,1,1,3,4,2,3,1986,2,2
1991,1,420907,1,2,2,2,1,1,3,4,2,3,1987,2,2
1991,1,420908,1,2,2,2,1,1,3,4,2,3,1984,2,2
1991,2,420908,3,5,5,1,1,1,3,4,2,3,1984,2,2
1991,3,420908,1,2,2,2,1,1,3,4,2,3,1984,2,2
1991,1,420909,1,6,3,1,1,1,3,4,1,3,1971,2,2
1991,1,420910,1,2,2,2,1,1,3,4,2,3,1971,2,1
1991,1,420911,1,2,2,2,1,1,3,4,2,3,1983,2,2
1991,1,420912,2,5,5,2,1,1,3,4,2,3,1983,2,2
1991,1,420913,1,3,3,2,1,1,3,4,1,3,1980,2,2
1991,1,420914,1,5,5,2,1,1,3,4,2,3,1987,2,2
1991,2,420914,1,2,2,2,1,1,3,4,2,3,1986,2,2
1991,1,420915,1,3,3,2,1,1,3,4,2,3,1983,2,2
1991,2,420915,7,2,2,2,4,2,3,2,2,3,1986,2,2
1991,1,420916,3,6,2,1,1,1,3,4,1,3,1989,2,2
1991,1,420917,1,2,2,2,1,1,3,4,2,3,1978,2,2
1991,2,420917,1,2,2,2,1,1,3,4,2,3,1987,2,2
1991,1,420918,1,5,5,2,1,1,3,4,2,3,1987,2,2
1991,2,420918,3,2,2,2,1,1,3,4,2,3,1988,2,2
1991,3,420918,2,2,2,2,1,1,3,4,2,3,1985,2,2
1991,1,420919,1,2,2,2,1,1,3,4,1,3,1987,2,2
1991,1,420920,1,2,2,1,1,1,3,4,1,3,1981,2,2
1991,2,420920,1,2,2,2,1,1,3,4,2,3,1989,2,2
1991,1,420921,1,4,3,1,2,2,3,4,1,3,1978,2,2
1991,1,420922,1,4,5,2,1,1,3,4,1,3,1989,2,2
1991,1,420923,6,2,2,1,1,1,3,4,1,3,1987,2,2
1991,2,420923,1,4,4,2,3,3,3,4,2,3,1984,2,2
1991,1,420924,3,5,5,2,1,1,3,4,2,3,1988,2,2
1991,2,420924,6,2,2,2,1,1,3,4,2,3,1991,2,2
1991,1,420925,2,6,5,2,1,1,3,4,2,3,1991,2,1
1991,1,420926,2,2,2,2,1,1,3,4,2,3,1990,2,2
1991,1,420927,1,2,2,2,1,1,3,4,1,3,1979,2,2
1991,2,420927,1,2,2,2,1,1,3,4,2,3,1979,2,2
1991,1,420929,1,2,2,2,1,1,3,4,2,3,1980,1,2
1991,1,420930,1,2,2,2,1,1,3,4,1,3,1988,2,2
1991,1,420931,1,2,2,2,1,1,3,4,2,3,1984,2,2
1991,1,420932,1,2,2,2,1,1,3,4,2,3,1989,2,2
1991,2,420932,1,5,5,2,1,1,3,4,2,3,1978,2,2
1991,1,420933,1,4,4,2,1,1,3,4,2,3,1989,2,2
1991,1,420934,1,2,2,2,1,1,3,4,2,3,1989,2,2
1991,2,420934,6,2,2,2,1,1,3,4,2,3,1990,2,2
1991,1,420935,1,2,2,2,1,1,3,4,2,3,1984,2,2
1991,1,420936,3,2,2,1,1,1,3,4,2,3,1979,2,2
1991,1,420937,1,2,2,2,1,1,3,4,2,3,1988,2,2
1991,2,420937,1,2,2,2,1,1,3,4,2,3,1987,2,2
1991,1,420938,1,2,2,2,2,2,3,4,2,3,1979,2,2
1991,1,420939,3,2,2,2,1,1,3,4,2,3,1983,2,2
1991,1,420940,2,1,1,2,1,1,3,4,2,3,1984,2,2
1991,1,420941,1,3,3,2,1,1,3,4,2,3,1984,2,2
1991,2,420941,1,2,2,2,1,1,3,4,2,3,1985,2,2
1991,1,420942,2,1,1,1,1,1,3,4,1,3,1978,2,2
1991,1,420943,1,5,5,2,1,1,3,4,2,3,1987,2,2
1991,2,420943,1,2,2,2,1,1,3,4,2,3,1986,2,2
1991,1,420944,2,5,5,1,1,1,3,4,2,3,1989,2,2
1991,1,420945,1,6,5,1,1,1,3,4,2,3,1981,2,1
1991,1,420946,7,2,2,2,4,1,3,1,1,3,1991,2,2
1991,2,420946,1,5,5,2,1,1,3,4,2,3,1974,2,2
1991,1,420947,1,5,5,2,1,1,3,4,2,3,1978,2,2
1991,2,420947,3,2,2,2,1,1,3,4,2,3,1978,2,2
1991,1,420948,1,6,5,1,1,1,3,4,1,3,1977,2,2
1991,1,420949,3,2,2,1,1,1,3,4,1,3,1971,2,2
1991,1,420950,2,5,5,1,1,1,3,4,1,3,1981,2,2
1991,1,420951,1,3,6,1,1,1,3,4,1,3,1991,2,2
1991,1,420952,1,2,2,1,1,1,3,4,2,3,1987,2,2
1991,1,420953,2,2,2,2,1,1,3,4,2,3,1988,2,2
1991,1,420954,6,3,3,2,1,1,3,4,2,3,1984,2,2
1991,2,420954,1,5,5,2,1,1,3,4,2,3,1989,2,2
1991,3,420954,1,2,2,2,1,1,3,4,2,3,1985,2,2
1991,4,420954,1,2,2,1,1,1,3,4,2,3,1991,2,2
1991,1,420955,6,2,2,2,1,1,3,4,2,3,9999,2,2
1991,2,420955,1,3,3,2,2,2,3,4,1,3,1987,2,2
1991,1,420956,1,2,2,2,3,3,3,4,2,3,9999,2,2
1991,1,420957,1,5,5,2,1,1,3,4,1,3,1988,2,2
1991,2,420957,1,2,2,2,1,1,3,4,2,3,1983,2,2
1991,1,420958,1,6,6,2,1,1,3,4,2,3,1982,2,2
1991,1,420959,7,2,2,2,4,2,3,2,2,3,1985,2,2
1991,2,420959,1,2,2,2,1,1,3,4,2,3,1985,2,2
1991,1,420960,6,2,2,2,1,1,3,4,2,3,1989,2,2
1991,2,420960,1,5,5,2,1,1,3,4,2,3,1989,2,2
1991,3,420960,1,2,2,2,1,1,3,4,2,3,1987,2,2
1991,1,420961,1,3,3,2,1,1,3,4,1,3,1967,2,2
1991,1,420962,1,2,2,2,1,1,3,4,2,3,1987,2,2
1991,2,420962,1,2,2,2,1,1,3,4,2,3,1991,2,2
1991,1,420963,1,2,2,2,2,2,3,4,2,3,1984,2,2
1991,1,420964,1,2,2,2,1,1,3,4,1,3,1978,2,2
1991,2,420964,2,2,2,2,1,1,3,4,2,3,1987,2,2
1991,1,420965,1,3,3,1,1,1,3,4,2,3,1985,2,2
1991,2,420965,1,2,2,2,1,1,3,4,2,3,1983,2,2
1991,1,420966,1,2,2,2,1,1,3,4,1,3,1985,2,2
1991,2,420966,3,2,2,2,1,1,3,4,2,3,1972,2,2
1991,1,420967,3,2,2,2,1,1,3,4,2,3,1985,2,2
1991,2,420967,6,2,2,2,1,1,3,4,2,3,1987,2,2
1991,1,420969,3,2,2,2,1,1,3,4,2,3,1989,2,2
1991,2,420969,1,2,2,2,1,1,3,4,2,3,1980,2,2
1991,1,420970,1,2,2,2,1,1,3,4,2,3,1988,1,2
1991,2,420970,1,2,2,2,1,1,3,4,2,3,1986,2,2
1991,1,420971,1,2,2,2,1,1,3,4,2,3,1988,2,2
1991,1,420972,7,2,2,2,4,1,3,1,2,3,1990,2,2
1991,2,420972,3,5,5,2,1,1,3,4,1,3,1989,2,2
1991,1,420973,2,3,3,2,1,1,3,4,2,3,1990,2,2
1991,1,420974,1,2,2,2,1,1,3,4,2,3,1979,2,2
1991,1,420975,1,2,2,2,1,1,3,4,2,3,1984,2,2
1991,1,420976,1,2,2,2,1,1,3,4,1,3,1983,2,2
1991,1,420977,1,2,2,2,1,1,3,4,1,3,1989,2,2
1991,1,420978,1,3,3,2,2,2,3,4,1,3,1987,2,2
1991,1,420979,9,2,2,2,1,1,3,4,2,3,1991,2,2
1991,1,420980,7,5,5,2,4,1,3,1,1,3,1976,2,2
1991,1,420981,1,5,2,1,2,2,3,4,2,3,1982,2,2
1991,1,420982,1,6,6,1,1,1,3,4,2,3,1990,2,2
1991,1,420983,1,2,2,2,1,1,3,4,2,3,1988,1,2
1991,2,420983,1,2,2,2,1,1,3,4,2,3,1988,2,2
1991,1,420984,7,2,2,2,4,1,3,1,1,3,1975,2,2
1991,1,420985,1,7,7,2,3,3,3,4,2,3,9999,2,2
1991,1,420986,3,6,6,1,1,1,3,4,1,3,1989,2,2
1991,1,420987,3,5,5,2,1,1,3,4,1,3,1979,2,2
1991,1,420988,2,2,2,2,1,1,3,4,2,3,1980,2,2
1991,2,420988,6,5,5,2,1,1,3,4,2,3,1988,2,2
1991,3,420988,6,2,2,2,1,1,3,4,2,3,1988,2,2
1991,1,420989,1,5,5,1,2,2,3,4,1,3,1990,2,2
1991,1,420990,1,2,6,1,1,1,3,4,2,3,1987,2,2
1991,2,420990,7,2,2,2,4,1,3,1,1,3,1977,2,2
1991,1,420991,1,2,2,2,1,1,3,4,2,3,1985,2,2
1991,2,420991,1,2,2,2,1,1,3,4,2,3,1991,2,2
1991,1,420993,1,6,6,1,1,1,3,4,1,3,1977,2,2
1991,1,420994,7,2,2,2,4,1,3,1,2,3,1990,2,2
1991,1,420995,9,2,2,2,1,1,3,4,2,3,1986,2,2
1991,1,420996,1,6,6,2,1,1,3,4,2,3,1974,2,2
1991,1,420997,1,5,2,2,1,1,3,4,1,3,1989,2,2
1991,1,420998,7,3,3,2,4,1,3,1,1,3,1987,2,2
1991,1,420999,1,2,2,2,1,1,3,4,1,3,1982,2,2
1991,2,420999,1,2,2,2,1,1,3,4,2,3,1985,2,2
1991,1,421000,1,2,2,2,1,1,3,4,2,3,1975,2,2
1991,1,421001,1,5,5,2,1,1,3,4,1,3,1987,2,2
1991,1,421002,1,5,5,1,1,1,3,4,2,3,1991,2,2
1991,1,421003,1,3,5,2,1,1,3,4,2,3,1984,2,2
1991,2,421003,1,2,2,2,1,1,3,4,1,3,1988,2,2
1991,1,421004,2,2,2,2,1,1,3,4,2,3,1990,2,2
1991,1,421005,1,3,3,2,1,1,3,4,1,3,1967,2,2
1991,2,421005,2,2,2,2,1,1,3,4,2,3,1986,2,2
1991,1,421006,1,2,2,2,1,1,3,4,2,3,1986,2,2
1991,1,421007,7,1,1,2,4,1,3,1,2,3,1986,2,2
1991,1,421008,7,2,2,2,4,2,3,2,1,3,1990,2,2
1991,2,421008,1,2,2,2,1,1,3,4,2,3,1982,2,2
1991,1,421009,1,2,2,1,1,1,3,4,1,3,1982,2,2
1991,1,421010,7,5,5,2,4,2,3,2,1,3,1990,2,2
1991,1,421011,1,2,2,2,1,1,3,4,1,3,1983,2,2
1991,1,421012,1,3,3,2,1,1,3,4,2,3,1988,2,2
1991,1,421013,4,2,2,2,1,1,3,4,1,3,1981,2,2
1991,2,421013,6,4,4,2,1,1,3,4,2,3,1967,2,2
1991,1,421014,1,5,5,2,1,1,3,4,1,3,1988,2,2
1991,2,421014,6,2,2,2,1,1,3,4,2,3,1990,2,2
1991,1,421015,1,2,2,2,1,1,3,4,1,3,1980,2,2
1991,1,421016,4,2,2,1,1,1,3,4,2,3,1979,2,1
1991,1,421017,1,2,2,2,2,2,3,4,2,3,1984,2,2
1991,1,421018,1,2,2,1,2,2,3,4,1,3,1977,2,2
1991,1,421019,9,1,1,2,2,2,3,4,2,3,9999,2,2
1991,1,421020,4,2,2,2,1,1,3,4,2,3,1980,2,1
1991,1,421021,1,3,3,2,2,2,3,4,1,3,1979,2,2
1991,1,421022,1,2,2,2,2,2,3,4,1,3,1971,2,2
1991,1,421023,1,4,4,2,1,1,3,4,1,3,1986,2,2
1991,1,421024,1,5,2,2,1,1,3,4,2,3,1989,2,2
1991,2,421024,6,3,2,2,1,1,3,4,2,3,1991,2,2
1991,1,421025,8,2,6,2,1,1,3,4,2,1,1983,2,2
1991,1,421026,1,2,2,2,1,1,3,4,1,3,1988,2,2
1991,1,421027,1,2,2,2,1,1,3,4,2,3,1985,2,2
1991,2,421027,3,2,2,2,1,1,3,4,2,3,1984,2,2
1991,1,421028,1,5,5,2,1,1,3,4,1,3,1991,2,2
1991,1,421029,1,2,2,2,1,1,3,4,2,3,1970,2,2
1991,1,421030,1,2,2,2,1,1,3,4,2,3,1987,2,2
1991,1,421031,1,2,2,2,1,1,3,4,2,3,1979,2,2
1991,2,421031,6,2,2,1,1,1,3,4,2,3,1987,2,2
1991,3,421031,4,6,6,2,1,1,3,4,2,3,1985,2,2
1991,1,421032,1,3,3,2,1,1,3,4,2,3,1985,2,2
1991,2,421032,3,2,2,2,1,1,3,4,2,3,1987,2,2
1991,1,421033,2,5,5,2,1,1,3,4,2,3,1988,2,2
1991,1,421034,7,2,2,2,4,1,3,1,1,3,1981,2,2
1991,2,421034,1,4,4,2,2,2,3,4,2,3,1986,2,2
1991,1,421035,4,2,2,2,1,1,3,4,2,3,1986,2,2
1991,2,421035,1,5,5,2,1,1,3,4,2,3,1991,2,2
1991,3,421035,2,5,5,1,1,1,3,4,2,3,1987,2,2
1991,4,421035,4,2,2,2,1,1,3,4,2,3,1990,2,2
1991,1,421036,2,2,2,2,1,1,3,4,1,3,1989,2,2
1991,2,421036,6,4,4,2,1,1,3,4,2,3,1980,2,2
1991,1,421037,1,5,5,2,1,1,3,4,2,3,1989,2,2
1991,2,421037,2,2,2,2,1,1,3,4,1,3,1986,2,2
1991,1,421038,1,2,2,2,1,1,3,4,1,3,1978,2,2
1991,2,421038,4,4,4,2,1,1,3,4,2,3,1984,2,2
1991,1,421039,1,2,2,2,1,1,3,4,2,3,1987,2,2
1991,1,421040,2,1,1,1,1,1,3,4,1,3,1990,1,2
1991,1,421041,1,2,2,2,1,1,3,4,2,3,1982,2,2
1991,2,421041,1,3,3,2,1,1,3,4,2,3,1990,2,2
1991,1,421042,1,2,2,2,1,1,3,4,2,3,1987,2,2
1991,2,421042,1,6,6,2,1,1,3,4,2,3,1987,2,2
1991,1,421043,1,2,2,2,1,1,3,4,1,3,1981,2,2
1991,2,421043,1,2,2,2,1,1,3,4,2,3,1982,2,2
1991,1,421044,1,2,2,1,1,1,3,4,1,3,1982,2,2
1991,1,421045,2,2,2,2,1,1,3,4,2,3,1984,2,2
1991,1,421046,2,2,2,2,1,1,3,4,2,3,1989,2,2
1991,1,421047,1,2,2,2,3,3,3,4,2,3,9999,2,2
1991,1,421048,1,2,2,1,1,1,3,4,1,3,1988,2,2
1991,2,421048,6,4,4,2,1,1,3,4,2,3,1985,2,2
1991,1,421049,1,5,2,2,1,1,3,4,2,3,1991,2,2
1991,2,421049,1,5,5,2,1,1,3,4,2,3,1987,2,2
1991,3,421049,1,2,2,2,1,1,3,4,2,3,1987,2,2
1991,1,421050,2,2,2,2,2,2,3,4,2,3,1984,2,2
1991,1,421051,1,3,3,2,1,1,3,4,2,3,1985,2,2
1991,2,421051,9,2,2,2,1,1,3,4,2,3,1977,2,2
1991,3,421051,4,5,5,2,1,1,3,4,2,3,1989,2,2
1991,1,421052,2,3,3,1,1,1,3,4,1,3,1975,2,2
1991,1,421053,7,1,1,2,4,1,3,1,2,3,1973,2,2
1991,1,421054,2,2,2,2,1,1,3,4,2,3,1987,2,2
1991,2,421054,6,2,2,2,1,1,3,4,2,3,1989,2,2
1991,3,421054,1,2,2,2,1,1,3,4,2,3,1982,2,2
1991,4,421054,1,2,2,2,1,1,3,4,2,3,1991,2,2
1991,1,421055,9,2,2,2,1,1,3,4,2,3,1986,2,2
1991,1,421056,1,2,2,2,1,1,3,4,2,3,1981,2,2
1991,2,421056,6,2,2,2,1,1,3,4,2,3,1989,2,2
1991,1,421057,1,3,3,2,1,1,3,4,1,3,1984,2,2
1991,2,421057,3,2,2,2,1,1,3,4,2,3,1989,2,2
1991,1,421058,3,6,6,1,1,1,3,4,2,3,1971,2,2
1991,1,421059,2,5,5,2,1,1,3,4,2,3,1989,2,2
1991,2,421059,6,2,2,2,1,1,3,4,2,3,1961,2,2
1991,1,421060,3,1,1,2,3,3,3,4,2,3,1983,2,2
1991,1,421061,7,2,2,2,4,2,3,2,1,3,1985,2,2
1991,1,421062,3,2,2,2,2,2,3,4,1,3,1987,2,2
1991,2,421062,4,5,5,2,1,1,3,4,2,3,1991,2,2
1991,1,421063,1,3,3,2,1,1,3,4,2,3,1985,2,2
1991,2,421063,8,2,2,2,1,1,3,4,2,3,1988,2,2
1991,1,421064,1,2,2,2,1,1,3,4,2,3,1982,2,2
1991,1,421065,7,6,2,2,4,2,3,2,2,3,1983,2,2
1991,1,421066,6,2,2,2,1,1,3,4,2,3,1986,2,2
1991,2,421066,1,2,2,2,1,1,3,4,2,3,1985,2,2
1991,1,421067,9,2,2,2,3,3,3,4,2,3,9999,2,2
1991,2,421067,3,2,2,2,1,1,3,4,2,3,1991,2,2
1991,1,421068,1,2,2,2,2,2,3,4,1,3,1983,2,2
1991,1,421069,1,2,2,2,1,1,3,4,2,3,1980,2,2
1991,1,421070,7,2,2,2,4,1,3,1,2,3,1986,2,2
1991,1,421071,7,1,1,2,4,2,3,2,1,3,9999,2,2
1991,2,421071,2,5,5,2,2,2,3,4,2,3,1974,2,2
1991,1,421072,1,2,2,2,1,1,3,4,2,3,1983,2,2
1991,1,421073,2,2,2,2,2,2,3,4,2,3,1988,2,2
1991,1,421074,1,4,4,2,1,1,3,4,2,3,1983,2,2
1991,1,421075,1,2,2,2,1,1,3,4,2,3,1991,2,2
1991,2,421075,1,2,2,2,1,1,3,4,2,3,1985,2,2
1991,1,421076,7,2,2,2,4,2,3,2,2,3,1983,2,2
1991,2,421076,4,5,5,2,1,1,3,4,2,3,1984,2,2
1991,1,421077,6,6,6,2,1,1,3,4,2,3,1979,2,2
1991,1,421078,1,2,2,2,2,2,3,4,2,3,1977,2,2
1991,1,421079,1,3,3,2,2,2,3,4,2,3,1987,2,2
1991,1,421080,1,2,2,2,3,3,3,4,2,3,1990,2,2
1991,1,421081,1,2,2,2,1,1,3,4,2,3,1979,2,2
1991,1,421082,1,2,2,2,1,1,3,4,2,3,1986,2,2
1991,2,421082,1,3,3,2,1,1,3,4,2,3,1986,2,2
1991,1,421083,1,2,2,2,1,1,3,4,2,3,1984,2,2
1991,1,421084,1,2,2,2,1,1,3,4,2,3,1982,2,2
1991,1,421085,1,2,2,2,2,2,3,4,2,3,1991,2,2
1991,2,421085,4,2,2,2,1,1,3,4,2,3,1986,2,2
1991,3,421085,1,7,7,2,1,1,3,4,2,3,1985,2,2
1991,1,421086,1,3,3,2,2,2,3,4,2,3,1987,2,2
1991,1,421087,1,2,2,2,1,1,3,4,2,3,1977,2,2
1991,1,421088,1,3,3,2,1,1,3,4,1,3,1980,2,2
1991,1,421089,1,2,2,2,1,1,3,4,2,3,1980,2,2
1991,1,421090,1,2,2,2,1,1,3,4,2,3,1985,2,2
1991,2,421090,6,2,2,2,1,1,3,4,2,3,1988,2,2
1991,3,421090,1,2,2,2,1,1,3,4,2,3,1988,2,2
1991,1,421091,1,3,3,2,1,1,3,4,1,3,1990,2,2
1991,1,421092,6,3,3,1,1,1,3,4,1,3,1985,2,2
1991,2,421092,1,5,5,2,2,2,3,4,2,3,1990,2,2
1991,3,421092,1,5,5,2,1,1,3,4,2,3,1988,2,2
1991,4,421092,1,5,5,2,1,1,3,4,2,3,1989,2,2
1991,5,421092,2,5,5,2,1,1,3,4,2,3,1991,2,2
1991,6,421092,1,5,5,2,3,3,3,4,2,3,1989,2,2
1991,7,421092,2,5,5,2,1,1,3,4,2,3,1989,2,2
1991,8,421092,1,5,5,2,1,1,3,4,2,3,1990,2,2
1991,9,421092,3,4,4,2,1,1,3,4,2,3,1991,2,2
1991,10,421092,2,4,4,1,1,1,3,4,2,3,1987,2,2
1991,11,421092,1,4,4,2,1,1,3,4,2,3,1988,2,2
1991,12,421092,1,5,5,2,1,1,3,4,2,3,1990,2,2
1991,13,421092,1,4,4,2,1,1,3,4,2,3,1989,2,2
1991,14,421092,1,4,4,2,1,1,3,4,2,3,1987,2,2
1991,15,421092,1,3,3,2,1,1,3,4,2,3,1988,2,2
1991,1,421093,1,4,4,2,1,1,3,4,2,3,1985,2,2
1991,2,421093,1,2,2,2,1,1,3,4,2,3,1987,2,2
1991,1,421094,2,2,2,1,1,1,3,4,1,3,1991,2,2
1991,1,421095,1,2,2,2,1,1,3,4,1,3,1978,2,2
1991,1,421096,1,3,2,1,1,1,3,4,2,3,1986,2,2
1991,2,421096,6,6,6,2,1,1,3,4,2,3,1979,2,2
1991,3,421096,1,5,5,2,1,1,3,4,2,3,1989,2,2
1991,4,421096,1,7,7,2,3,3,3,4,2,3,9999,2,2
1991,1,421097,1,5,4,1,1,1,3,4,2,3,1978,2,2
1991,2,421097,3,2,2,2,1,1,3,4,2,3,1989,2,2
1991,1,421098,2,2,2,2,1,1,3,4,2,3,1984,2,2
1991,1,421099,1,2,2,2,1,1,3,4,2,3,1983,2,2
1991,1,421100,2,5,5,2,1,1,3,4,2,3,1987,2,2
1991,2,421100,6,5,5,2,1,1,3,4,1,3,1984,2,2
1991,1,421101,1,2,2,2,2,2,3,4,1,3,1974,2,2
1991,2,421101,2,2,2,2,1,1,3,4,2,3,1986,2,2
1991,1,421102,6,2,2,2,2,2,3,4,1,3,1987,2,2
1991,2,421102,1,4,4,2,1,1,3,4,2,3,1990,2,2
1991,3,421102,1,2,2,2,1,1,3,4,2,3,1975,2,2
1991,1,421103,1,5,5,2,1,1,3,4,1,3,1990,2,2
1991,1,421104,1,5,5,2,1,1,3,4,2,3,1978,2,2
1991,2,421104,1,4,4,2,2,2,3,4,2,3,1990,2,2
1991,3,421104,1,2,2,2,1,1,3,4,2,3,1987,2,2
1991,1,421105,1,3,3,2,1,1,3,4,1,3,1989,2,2
1991,1,421106,1,2,2,1,1,1,3,4,1,3,1980,2,2
1991,1,421107,1,2,2,2,1,1,3,4,2,3,1984,2,2
1991,2,421107,1,2,2,2,1,1,3,4,2,3,1986,2,2
1991,1,421108,1,5,5,2,1,1,3,4,2,3,1985,1,2
1991,2,421108,3,2,2,2,1,1,3,4,2,3,1985,2,2
1991,1,421109,1,2,2,1,1,1,3,4,2,3,1983,2,2
1991,2,421109,3,2,2,2,2,2,3,4,2,3,1978,2,2
1991,1,421110,1,2,2,2,1,1,3,4,2,3,1981,2,2
1991,2,421110,6,2,2,2,1,1,3,4,2,3,1978,2,2
1991,1,421111,7,3,3,2,4,2,3,2,1,3,1985,2,2
1991,2,421111,6,4,4,2,1,1,3,4,2,3,1987,2,2
1991,1,421112,1,3,3,1,1,1,3,4,1,3,1987,2,2
1991,1,421113,1,5,5,2,1,1,3,4,2,3,1985,2,2
1991,2,421113,6,2,2,1,1,1,3,4,2,3,1977,2,2
1991,1,421114,1,2,2,1,1,1,3,4,1,3,1981,2,2
1991,1,421115,1,2,2,2,3,3,3,4,2,3,9999,2,2
1991,2,421115,1,4,2,2,1,1,3,4,2,3,1976,2,2
1991,1,421116,1,5,5,2,1,1,3,4,2,3,1976,2,2
1991,2,421116,1,2,2,2,1,1,3,4,2,3,1967,2,2
1991,1,421117,2,2,2,2,1,1,3,4,2,3,1985,2,2
1991,2,421117,2,2,2,2,2,2,3,4,2,3,1979,2,2
1991,1,421118,7,2,2,2,4,1,3,1,2,3,1983,2,2
1991,2,421118,2,2,2,2,1,1,3,4,2,3,1985,2,2
1991,1,421119,1,2,2,2,1,1,3,4,2,3,1989,2,2
1991,1,421120,2,1,1,1,2,2,3,4,1,3,1990,2,2
1991,1,421121,1,2,2,1,2,2,3,4,2,3,1985,2,2
1991,1,421122,1,2,6,1,1,1,3,4,2,3,1981,2,2
1991,1,421123,1,2,2,2,1,1,3,4,2,3,1981,2,2
1991,2,421123,1,2,2,2,1,1,3,4,2,3,1985,2,2
1991,1,421125,1,3,3,2,1,1,3,4,1,3,1978,2,2
1991,1,421126,1,2,2,2,1,1,3,4,2,3,1986,2,2
1991,1,421127,1,2,2,2,3,3,3,4,1,3,1989,2,2
1991,1,421128,1,2,2,2,2,2,3,4,2,3,1989,2,2
1991,1,421129,1,2,2,2,1,1,3,4,2,3,1980,2,2
1991,1,421130,1,5,2,2,1,1,3,4,1,3,1981,2,2
1991,1,421131,1,2,2,1,1,1,3,4,1,3,1984,2,2
1991,2,421131,1,2,2,2,1,1,3,4,2,3,1984,2,2
1991,1,421132,1,5,5,1,1,1,3,4,1,3,1973,2,2
1991,1,421133,1,5,5,2,1,1,3,4,2,3,1991,2,2
1991,2,421133,2,2,2,2,1,1,3,4,2,3,1984,2,2
1991,1,421134,1,2,2,2,1,1,3,4,2,3,1980,2,2
1991,1,421135,6,5,5,2,1,1,3,4,2,3,1980,2,2
1991,2,421135,1,2,2,2,1,1,3,4,2,3,1984,2,2
1991,3,421135,2,2,2,2,1,1,3,4,2,3,1989,2,2
1991,1,421136,1,2,2,2,1,1,3,4,2,3,1979,2,2
1991,2,421136,1,2,2,1,1,1,3,4,2,3,1980,2,2
1991,1,421137,1,5,5,2,1,1,3,4,1,3,1983,2,2
1991,2,421137,1,2,2,2,1,1,3,4,2,3,1988,2,2
1991,1,421138,1,2,2,2,1,1,3,4,1,3,1981,2,2
1991,1,421139,7,5,5,2,4,1,3,1,2,3,1978,2,2
1991,2,421139,1,2,2,2,1,1,3,4,2,3,1986,2,2
1991,1,421140,1,6,6,1,1,1,3,4,1,3,1986,2,2
1991,1,421141,1,2,2,1,1,1,3,4,1,3,1987,2,2
1991,1,421142,1,3,3,2,1,1,3,4,2,3,9999,1,2
1991,2,421142,1,5,5,2,1,1,3,4,2,3,1987,2,2
1991,1,421143,1,6,6,2,1,1,3,4,2,3,1984,2,2
1991,1,421144,1,2,2,1,1,1,3,4,2,3,1990,2,2
1991,1,421145,4,2,2,1,1,1,3,4,2,3,1990,2,2
1991,1,421146,4,3,3,2,1,1,3,4,2,3,1990,2,2
1991,2,421146,1,2,2,2,1,1,3,4,2,3,1986,2,2
1991,1,421147,1,2,2,2,1,1,3,4,2,3,1987,2,2
1991,1,421148,1,5,5,2,1,1,3,4,2,3,1988,2,2
1991,1,421149,1,2,2,2,1,1,3,4,2,3,1989,2,2
1991,1,421150,1,6,2,2,1,1,3,4,2,3,1972,2,2
1991,2,421150,1,2,2,2,1,1,3,4,2,3,1978,2,2
1991,1,421151,7,1,1,2,4,1,3,1,2,3,1983,2,2
1991,1,421152,3,5,5,2,1,1,3,4,2,3,1987,2,2
1991,2,421152,2,2,2,2,1,1,3,4,2,3,1973,2,2
1991,1,421153,1,5,5,2,1,1,3,4,2,3,1988,2,2
1991,2,421153,6,2,2,2,1,1,3,4,2,3,1988,2,2
1991,1,421154,1,5,5,2,1,1,3,4,2,3,1987,2,2
1991,1,421155,4,2,2,2,1,1,3,4,2,3,1974,2,2
1991,2,421155,1,3,3,2,1,1,3,4,2,3,1986,2,2
1991,1,421156,1,5,5,1,1,1,3,4,1,3,1984,2,2
1991,1,421157,1,2,2,2,1,1,3,4,2,3,1991,2,2
1991,2,421157,1,2,2,2,1,1,3,4,2,3,1981,2,2
1991,1,421158,1,3,3,2,1,1,3,4,2,3,1990,2,2
1991,1,421159,7,2,2,2,4,2,3,2,2,3,9999,2,2
1991,2,421159,2,3,3,2,1,1,3,4,2,3,1983,2,2
1991,1,421160,1,5,5,2,1,1,3,4,2,3,1987,2,2
1991,1,421161,1,2,2,2,1,1,3,4,2,3,1990,2,2
1991,1,421162,1,3,3,2,2,2,3,4,1,3,1979,2,2
1991,2,421162,2,2,2,2,1,1,3,4,2,3,1991,2,2
1991,3,421162,1,2,2,2,1,1,3,4,2,3,1986,2,2
1991,1,421163,1,2,2,2,1,1,3,4,1,3,1983,2,2
1991,1,421164,2,5,5,1,1,1,3,4,2,3,1990,1,2
1991,1,421165,1,3,3,2,1,1,3,4,2,3,1984,2,2
1991,2,421165,4,2,2,2,3,3,3,4,2,3,1978,2,2
1991,1,421166,2,1,1,1,1,1,3,4,1,3,1989,2,2
1991,1,421167,1,3,3,2,1,1,3,4,2,3,1990,2,2
1991,2,421167,1,2,2,2,1,1,3,4,2,3,1988,2,2
1991,1,421168,7,2,2,2,4,1,3,1,2,3,1991,2,2
1991,2,421168,1,2,2,2,1,1,3,4,2,3,1990,2,2
1991,1,421169,6,2,2,1,2,2,3,4,2,3,1987,2,2
1991,2,421169,2,5,5,2,1,1,3,4,2,3,1990,2,2
1991,1,421170,1,3,3,2,1,1,3,4,1,3,1985,2,2
1991,1,421171,1,2,2,2,1,1,3,4,2,3,1988,2,2
1991,1,421172,4,4,4,2,3,3,3,4,2,3,1991,2,2
1991,2,421172,6,2,2,2,1,1,3,4,1,3,1990,2,2
1991,1,421173,4,2,2,2,1,1,3,4,2,3,1985,2,2
1991,1,421174,1,2,2,2,1,1,3,4,2,3,1988,2,2
1991,1,421175,1,1,1,1,2,2,3,4,1,3,1987,2,2
1991,1,421176,1,2,2,2,1,1,3,4,2,3,1976,2,2
1991,2,421176,1,2,2,2,1,1,3,4,2,3,1989,2,2
1991,3,421176,1,2,2,2,1,1,3,4,2,3,1984,2,2
1991,1,421177,1,4,5,1,1,1,3,4,1,3,1989,2,2
1991,2,421177,3,2,2,1,1,1,3,4,2,3,1988,2,2
1991,1,421178,1,2,2,2,1,1,3,4,2,3,1983,2,2
1991,2,421178,2,2,2,2,2,2,3,4,2,3,1982,2,2
1991,1,421179,4,2,2,2,1,1,3,4,2,3,1986,2,2
1991,2,421179,7,2,2,2,4,1,3,1,2,3,1984,2,2
1991,1,421180,4,2,2,2,1,1,3,4,2,3,1989,2,2
1991,1,421181,1,4,4,2,1,1,3,4,2,3,1989,2,2
1991,1,421182,4,2,2,2,1,1,3,4,2,3,1985,2,2
1991,1,421183,1,2,2,2,3,3,3,4,2,3,1985,2,2
1991,2,421183,1,2,2,2,1,1,3,4,2,3,1978,2,2
1991,1,421184,1,5,5,2,1,1,3,4,2,3,1981,2,2
1991,2,421184,2,2,2,2,1,1,3,4,2,3,1982,2,2
1991,1,421185,4,2,2,2,1,1,3,4,2,3,1990,2,2
1991,1,421186,6,2,2,2,1,1,3,4,2,3,1990,2,2
1991,1,421187,1,2,2,1,1,1,3,4,1,3,1980,2,2
1991,1,421188,1,3,3,2,1,1,3,4,2,3,1984,2,2
1991,2,421188,6,4,4,2,3,3,3,4,2,3,1987,2,2
1991,1,421189,1,2,2,2,1,1,3,4,1,3,1988,2,2
1991,2,421189,1,4,4,2,1,1,3,4,2,3,1985,2,2
1991,3,421189,4,2,2,2,1,1,3,4,2,3,1982,2,2
1991,1,421190,1,3,6,1,1,1,3,4,1,3,1986,2,2
1991,1,421191,1,4,3,2,1,1,3,4,1,3,1986,2,2
1991,1,421192,1,2,2,2,1,1,3,4,2,3,1990,2,2
1991,2,421192,1,2,2,1,1,1,3,4,2,3,1990,2,2
1991,1,421193,1,2,2,1,1,1,3,4,2,3,1985,2,2
1991,1,421196,1,3,3,2,1,1,3,4,2,3,1989,2,2
1991,2,421196,1,2,2,2,1,1,3,4,2,3,1982,2,2
1991,3,421196,3,5,5,2,1,1,3,4,2,3,1985,2,2
1991,1,421197,7,6,6,2,4,2,3,2,2,3,1982,2,2
1991,1,421198,1,6,6,1,1,1,3,4,2,3,1986,2,2
1991,1,421199,1,2,2,2,1,1,3,4,2,3,1974,2,2
1991,1,421200,2,2,2,2,1,1,3,4,2,3,1990,2,2
1991,1,421201,1,2,2,1,1,1,3,4,1,3,1981,2,2
1991,1,421202,1,2,2,1,1,1,3,4,1,3,1979,2,1
1991,1,421203,1,2,2,2,1,1,3,4,1,3,1969,2,2
1991,1,421204,3,2,2,1,1,1,3,4,1,3,1986,2,2
1991,1,421205,1,2,2,2,1,1,3,4,1,3,1982,2,2
1991,1,421206,1,2,2,2,1,1,3,4,1,3,1988,2,2
1991,2,421206,3,2,2,2,1,1,3,4,2,3,1987,2,2
1991,3,421206,1,4,4,2,1,1,3,4,2,3,1987,2,2
1991,1,421207,1,5,5,2,1,1,3,4,1,3,1979,2,2
1991,1,421208,2,2,2,2,1,1,3,4,2,3,1987,2,2
1991,1,421209,1,2,2,2,1,1,3,4,2,3,1981,2,2
1991,1,421210,1,2,2,2,1,1,3,4,2,3,1985,2,2
1991,2,421210,6,6,6,2,1,1,3,4,2,3,1984,2,2
1991,1,421211,1,6,2,2,1,1,3,4,1,3,1985,2,2
1991,2,421211,4,2,2,2,1,1,3,4,2,3,1990,2,2
1991,1,421212,1,2,2,2,1,1,3,4,2,3,1987,2,2
1991,2,421212,1,2,2,2,1,1,3,4,2,3,1991,2,2
1991,1,421213,1,5,5,2,1,1,3,4,2,3,1987,2,2
1991,2,421213,4,2,2,2,1,1,3,4,2,3,1988,2,2
1991,1,421214,1,5,5,2,2,2,3,4,1,3,1975,2,2
1991,1,421215,3,2,2,1,1,1,3,4,2,3,1986,2,2
1991,1,421216,1,2,2,2,1,1,3,4,2,3,1978,2,2
1991,1,421217,1,2,2,2,1,1,3,4,2,3,1984,2,2
1991,1,421218,1,5,5,2,1,1,3,4,2,3,1971,2,2
1991,2,421218,6,2,2,2,2,2,3,4,2,3,1987,2,2
1991,1,421219,1,2,2,2,1,1,3,4,2,3,1986,2,2
1991,1,421220,1,2,2,2,2,2,3,4,1,3,1978,2,2
1991,2,421220,6,4,2,1,1,1,3,4,2,3,1979,2,2
1991,3,421220,1,2,2,2,1,1,3,4,2,3,1984,2,2
1991,1,421221,1,5,5,2,3,3,3,4,2,3,1987,2,2
1991,2,421221,1,5,5,2,1,1,3,4,2,3,1986,2,2
1991,1,421222,1,6,6,1,1,1,3,4,1,3,1990,2,2
1991,1,421223,1,3,3,1,1,1,3,4,1,3,1987,2,2
1991,1,421224,1,2,2,2,1,1,3,4,2,3,1991,2,2
1991,2,421224,1,2,2,2,1,1,3,4,2,3,1980,2,2
1991,1,421225,1,3,3,2,1,1,3,4,2,3,1985,2,2
1991,2,421225,1,2,2,2,1,1,3,4,2,3,1989,2,2
1991,3,421225,1,3,3,2,1,1,3,4,2,3,1982,2,2
1991,1,421226,1,2,2,2,1,1,3,4,2,3,1983,2,2
1991,2,421226,2,2,2,2,1,1,3,4,2,3,1989,2,2
1991,1,421227,2,2,2,1,1,1,3,4,1,3,1980,2,2
1991,1,421228,6,1,1,1,1,1,3,4,1,3,1989,2,2
1991,1,421229,2,5,5,2,1,1,3,4,1,3,1987,2,2
1991,2,421229,6,2,2,1,1,1,3,4,2,3,1987,2,2
1991,1,421230,4,3,3,1,2,2,3,4,1,3,1990,2,2
1991,1,421231,2,2,2,2,1,1,3,4,2,3,1989,2,2
1991,1,421232,1,2,2,2,1,1,3,4,2,3,1983,2,2
1991,1,421233,1,6,2,1,2,2,3,4,2,3,1984,2,2
1991,1,421234,6,2,2,2,1,1,3,4,2,3,1984,2,2
1991,2,421234,1,4,4,2,1,1,3,4,2,3,1983,2,2
1991,1,421235,3,3,3,2,1,1,3,4,2,3,1984,2,2
1991,1,421236,8,2,2,2,1,1,3,4,2,1,1988,2,2
1991,2,421236,2,5,5,2,1,1,3,4,2,3,1979,2,2
1991,1,421237,1,2,2,2,1,1,3,4,2,3,1985,2,2
1991,1,421238,2,2,2,1,1,1,3,4,1,3,1987,2,2
1991,1,421239,1,2,2,2,2,2,3,4,2,3,9999,2,2
1991,1,421240,1,2,2,2,2,2,3,4,1,3,1989,2,2
1991,2,421240,3,2,2,2,1,1,3,4,2,3,1991,2,2
1991,1,421241,1,3,3,2,1,1,3,4,2,3,1979,2,2
1991,2,421241,1,2,2,2,1,1,3,4,2,3,1987,2,2
1991,3,421241,1,2,2,2,1,1,3,4,2,3,1986,2,2
1991,1,421242,1,2,2,1,1,1,3,4,1,3,1983,2,2
1991,1,421243,7,4,4,2,4,1,3,1,1,3,1991,2,2
1991,2,421243,1,5,5,2,1,1,3,4,2,3,1990,2,2
1991,3,421243,6,6,6,2,2,2,3,4,2,3,1990,2,2
1991,1,421244,1,2,2,2,1,1,3,4,2,3,1970,2,2
1991,2,421244,1,2,2,2,1,1,3,4,2,3,1989,2,2
1991,1,421245,4,2,2,2,1,1,3,4,2,3,1984,2,2
1991,1,421246,1,2,2,2,1,1,3,4,2,3,1979,1,2
1991,2,421246,1,4,2,2,1,1,3,4,2,3,1989,2,2
1991,3,421246,1,2,4,2,1,1,3,4,2,3,1991,2,2
1991,4,421246,1,4,4,2,1,1,3,4,2,3,1987,2,2
1991,1,421247,1,6,6,2,1,1,3,4,1,3,1985,2,2
1991,1,421248,1,2,2,2,1,1,3,4,2,3,1990,2,2
1991,1,421249,2,2,2,1,1,1,3,4,2,3,1984,2,2
1991,1,421250,6,2,2,2,1,1,3,4,2,3,1983,2,2
1991,2,421250,4,2,2,2,1,1,3,4,2,3,1986,2,2
1991,1,421251,3,2,2,2,1,1,3,4,2,3,1989,2,2
1991,2,421251,1,4,4,2,2,2,3,4,2,3,1986,2,2
1991,1,421252,7,2,2,2,4,2,3,2,1,3,1981,2,2
1991,1,421253,7,2,2,2,4,1,3,1,2,3,1986,2,2
1991,2,421253,7,4,4,2,4,1,3,1,2,3,1991,2,2
1991,1,421254,1,2,2,2,1,1,3,4,2,3,1991,2,2
1991,2,421254,6,3,3,2,1,1,3,4,2,3,1978,2,2
1991,3,421254,1,2,6,2,1,1,3,4,2,3,1984,2,2
1991,4,421254,1,2,2,2,1,1,3,4,2,3,1987,2,2
1991,1,421255,7,2,2,2,4,1,3,1,1,3,1991,2,2
1991,2,421255,1,5,5,2,1,1,3,4,2,3,1989,2,2
1991,1,421256,1,1,1,1,1,1,3,4,2,3,1986,2,2
1991,1,421257,1,2,3,1,1,1,3,4,1,3,1976,2,2
1991,1,421258,1,3,3,1,2,2,3,4,2,3,1974,2,2
1991,1,421259,3,5,5,2,1,1,3,4,1,3,1980,2,2
1991,1,421260,1,4,4,2,1,1,3,4,2,3,1977,2,2
1991,2,421260,6,2,2,2,1,1,3,4,2,3,1989,2,2
1991,1,421261,4,2,2,2,1,1,3,4,2,3,1979,2,2
1991,1,421262,1,2,2,2,1,1,3,4,2,3,1986,2,2
1991,2,421262,3,2,2,2,1,1,3,4,2,3,1990,2,2
1991,1,421263,4,2,2,2,1,1,3,4,2,3,1987,2,2
1991,1,421264,3,2,2,1,1,1,3,4,1,3,1984,2,2
1991,1,421265,1,3,3,2,1,1,3,4,1,3,1985,2,2
1991,2,421265,1,5,5,2,1,1,3,4,2,3,1982,2,2
1991,3,421265,1,2,2,2,1,1,3,4,2,3,1987,2,2
1991,1,421266,1,3,3,2,1,1,3,4,1,3,1988,2,2
1991,1,421267,1,2,2,2,1,1,3,4,2,3,1989,2,2
1991,2,421267,1,2,2,2,1,1,3,4,2,3,1988,2,2
1991,1,421268,1,2,2,2,1,1,3,4,1,3,1985,1,2
1991,2,421268,1,4,2,2,1,1,3,4,2,3,1983,2,2
1991,3,421268,1,4,4,2,1,1,3,4,2,3,1984,2,2
1991,1,421269,1,2,2,2,2,2,3,4,2,3,1989,2,2
1991,1,421270,4,2,2,2,1,1,3,4,2,3,1977,2,2
1991,2,421270,1,6,6,2,1,1,3,4,2,3,1985,2,2
1991,1,421271,1,2,2,2,1,1,3,4,2,3,1982,2,2
1991,1,421272,1,2,2,2,1,1,3,4,2,3,1985,2,2
1991,2,421272,1,2,2,2,1,1,3,4,2,3,1980,2,2
1991,1,421273,2,2,2,2,1,1,3,4,1,3,1991,2,2
1991,1,421274,4,2,2,1,1,1,3,4,1,3,1989,2,2
1991,1,421275,6,5,5,2,1,1,3,4,1,3,1991,1,2
1991,2,421275,1,4,2,2,1,1,3,4,2,3,1989,2,2
1991,3,421275,1,2,2,2,1,1,3,4,2,3,1984,2,2
1991,1,421276,1,2,2,2,1,1,3,4,1,3,1990,2,2
1991,2,421276,1,3,3,2,1,1,3,4,2,3,1990,2,2
1991,1,421278,8,2,2,1,2,2,3,4,2,3,1990,2,2
1991,2,421278,2,2,2,2,1,1,3,4,2,3,1982,2,2
1991,1,421279,6,2,2,2,1,1,3,4,2,3,1973,2,2
1991,2,421279,5,2,2,2,1,1,3,4,2,3,1972,1,2
1991,3,421279,1,4,3,2,1,1,3,4,2,3,1987,2,2
1991,1,421280,1,1,1,1,1,1,3,4,1,3,1981,2,2
1991,1,421281,1,3,3,2,1,1,3,4,2,3,1988,2,2
1991,2,421281,1,2,2,2,1,1,3,4,2,3,1984,2,2
1991,1,421282,1,2,2,1,1,1,3,4,1,3,1987,2,2
1991,1,421283,1,5,5,1,1,1,3,4,2,3,1984,2,2
1991,1,421284,1,4,4,2,3,3,3,4,2,3,1976,2,2
1991,1,421285,3,2,2,2,1,1,3,4,1,3,1990,2,2
1991,1,421286,3,2,2,2,1,1,3,4,2,3,1981,2,2
1991,1,421287,1,5,2,2,1,1,3,4,1,3,1991,2,2
1991,1,421288,4,3,3,2,1,1,3,4,2,3,1986,2,2
1991,2,421288,6,2,2,2,1,1,3,4,2,3,1989,2,2
1991,1,421289,1,2,2,2,1,1,3,4,2,3,1985,2,2
1991,1,421290,1,2,2,2,1,1,3,4,2,3,1990,2,2
1991,1,421291,1,2,2,2,1,1,3,4,2,3,1984,2,2
1991,2,421291,6,2,2,2,1,1,3,4,1,3,1991,2,2
1991,1,421292,1,5,5,2,1,1,3,4,1,3,1987,2,2
1991,1,421293,1,2,2,1,1,1,3,4,2,3,1985,2,2
1991,1,421294,1,2,2,2,1,1,3,4,2,3,1976,2,2
1991,1,421295,1,2,2,1,1,1,3,4,1,3,1974,2,2
1991,1,421296,1,3,3,2,1,1,3,4,2,3,1985,2,2
1991,2,421296,4,2,2,2,1,1,3,4,2,3,1989,2,2
1991,1,421297,3,2,2,2,2,2,3,4,2,3,1974,2,2
1991,1,421298,1,5,5,1,1,1,3,4,2,3,1990,2,2
1991,2,421298,1,2,2,2,1,1,3,4,2,3,1989,2,2
1991,1,421299,7,3,3,2,4,1,3,1,2,3,1978,2,2
1991,2,421299,1,2,2,1,1,1,3,4,2,3,1974,2,2
1991,1,421300,1,2,2,2,2,2,3,4,1,3,1979,2,2
1991,1,421301,1,2,2,2,1,1,3,4,2,3,1988,2,2
1991,1,421302,6,2,2,2,1,1,3,4,2,3,9999,2,1
1991,2,421302,6,4,4,2,1,1,3,4,2,3,1989,2,2
1991,1,421303,1,3,3,2,1,1,3,4,2,3,1979,2,2
1991,2,421303,6,2,2,2,1,1,3,4,2,3,1989,2,2
1991,1,421304,1,2,2,2,1,1,3,4,2,3,1988,2,2
1991,1,421305,3,2,6,2,1,1,3,4,2,3,1975,2,2
1991,2,421305,6,5,5,2,1,1,3,4,2,3,1971,2,2
1991,1,421306,1,5,2,1,1,1,3,4,2,3,1982,2,2
1991,1,421307,2,2,2,2,1,1,3,4,2,3,1982,1,2
1991,1,421308,2,2,2,1,1,1,3,4,2,3,1987,2,1
1991,1,421309,1,6,5,2,1,1,3,4,1,3,1987,2,2
1991,1,421310,1,5,5,2,1,1,3,4,1,3,1980,2,2
1991,1,421311,4,2,2,1,1,1,3,4,2,3,1991,2,2
1991,1,421312,9,2,2,2,2,2,3,4,2,3,1988,2,2
1991,1,421313,1,2,2,2,1,1,3,4,2,3,1986,2,2
1991,1,421314,1,2,2,2,1,1,3,4,2,3,1977,2,2
1991,2,421314,1,2,2,2,1,1,3,4,2,3,1977,2,2
1991,1,421315,1,5,5,2,1,1,3,4,2,3,1984,2,2
1991,2,421315,1,2,2,2,1,1,3,4,2,3,1982,2,2
1991,1,421316,1,2,2,2,1,1,3,4,2,3,1986,1,2
1991,1,421317,1,2,2,1,1,1,3,4,1,3,1981,2,2
1991,1,421318,1,2,2,2,1,1,3,4,2,3,1984,2,2
1991,2,421318,1,2,2,2,1,1,3,4,2,3,1978,2,2
1991,1,421319,1,2,2,2,1,1,3,4,2,3,1981,2,2
1991,1,421320,1,2,2,2,1,1,3,4,2,3,1989,2,2
1991,1,421321,4,2,2,2,3,3,3,4,2,3,1979,2,2
1991,2,421321,7,5,5,2,4,2,3,2,2,3,1989,2,2
1991,1,421322,1,2,2,2,1,1,3,4,2,3,1986,2,2
1991,1,421323,6,5,5,1,1,1,3,4,2,3,1976,2,2
1991,2,421323,1,4,2,2,1,1,3,4,2,3,1988,2,2
1991,3,421323,2,4,4,2,1,1,3,4,2,3,1989,2,2
1991,4,421323,2,2,2,1,1,1,3,4,2,3,1987,2,2
1991,5,421323,2,2,2,2,1,1,3,4,2,3,1986,2,2
1991,6,421323,4,2,2,2,1,1,3,4,2,3,1989,2,2
1991,7,421323,1,5,5,2,1,1,3,4,2,3,1987,2,2
1991,8,421323,6,5,5,2,1,1,3,4,2,3,1987,2,2
1991,1,421324,1,2,2,2,1,1,3,4,2,3,1991,2,2
1991,1,421325,1,2,2,2,1,1,3,4,2,3,1988,2,2
1991,1,421326,1,3,3,2,2,2,3,4,1,3,1979,2,2
1991,1,421327,2,6,2,2,1,1,3,4,2,3,1990,2,2
1991,1,421328,1,2,2,1,1,1,3,4,1,3,1987,2,2
1991,1,421329,1,2,2,2,1,1,3,4,2,3,1987,2,2
1991,1,421330,1,2,2,2,2,2,3,4,2,3,1970,2,2
1991,2,421330,2,2,2,2,1,1,3,4,2,3,1980,2,2
1991,1,421331,1,2,2,2,1,1,3,4,2,3,1982,2,2
1991,2,421331,1,2,2,2,1,1,3,4,2,3,1991,2,2
1991,1,421332,1,5,5,2,1,1,3,4,1,3,1987,2,2
1991,1,421333,1,2,6,2,1,1,3,4,2,3,1978,2,2
1991,2,421333,6,2,2,2,1,1,3,4,2,3,9999,2,2
1991,1,421334,1,2,2,2,1,1,3,4,2,3,1983,2,2
1991,1,421335,2,3,3,2,1,1,3,4,2,3,1988,2,2
1991,2,421335,7,2,2,2,4,2,3,2,1,3,1982,2,2
1991,1,421336,4,3,3,2,1,1,3,4,2,3,1988,2,2
1991,2,421336,1,2,2,2,1,1,3,4,2,3,1986,2,2
1991,1,421337,1,6,6,1,1,1,3,4,1,3,1978,2,2
1991,1,421338,7,2,2,2,4,2,3,2,1,3,1981,2,2
1991,1,421339,1,2,2,2,1,1,3,4,1,3,1988,2,2
1991,1,421340,1,2,2,2,1,1,3,4,1,3,1985,2,2
1991,2,421340,1,2,2,2,1,1,3,4,2,3,1988,2,2
1991,1,421341,1,2,6,1,1,1,3,4,2,3,1989,2,2
1991,1,421342,1,2,2,2,1,1,3,4,1,3,1988,2,2
1991,2,421342,1,2,2,2,1,1,3,4,2,3,1976,2,2
1991,1,421343,1,5,5,2,1,1,3,4,2,3,1979,1,2
1991,2,421343,4,2,2,2,1,1,3,4,2,3,1989,2,2
1991,1,421344,6,5,5,2,1,1,3,4,2,3,1975,2,2
1991,1,421345,1,5,5,2,1,1,3,4,2,3,1981,2,2
1991,2,421345,5,5,5,2,1,1,3,4,2,3,1979,2,2
1991,3,421345,1,5,5,2,1,1,3,4,2,3,1966,2,2
1991,4,421345,1,4,5,2,1,1,3,4,2,3,1984,2,2
1991,5,421345,1,5,5,2,1,1,3,4,2,3,1982,2,2
1991,6,421345,6,2,2,2,1,1,3,4,2,3,1987,2,2
1991,7,421345,2,7,7,2,3,3,3,4,2,3,9999,2,2
1991,1,421346,1,2,2,2,1,1,3,4,2,3,1990,2,2
1991,2,421346,1,2,2,2,1,1,3,4,2,3,1985,2,2
1991,1,421347,2,2,2,2,1,1,3,4,1,3,1988,2,2
1991,1,421348,1,2,2,2,1,1,3,4,1,3,1981,2,1
1991,1,421349,7,2,2,2,4,1,3,1,1,3,1984,2,2
1991,1,421350,1,2,2,2,1,1,3,4,2,3,1987,2,2
1991,2,421350,1,2,2,2,1,1,3,4,2,3,1989,2,2
1991,1,421351,1,2,2,2,1,1,3,4,2,3,1989,2,2
1991,1,421352,2,2,2,2,1,1,3,4,2,3,1985,2,2
1991,1,421353,1,2,5,1,1,1,3,4,1,3,1986,2,2
1991,1,421354,1,2,2,2,1,1,3,4,2,3,1985,2,2
1991,1,421355,1,3,3,2,1,1,3,4,2,3,1988,2,2
1991,2,421355,3,2,2,2,1,1,3,4,2,3,1988,2,2
1991,3,421355,1,2,2,2,1,1,3,4,2,3,1979,2,2
1991,1,421356,1,5,5,1,1,1,3,4,2,3,1989,2,2
1991,1,421357,1,3,3,2,1,1,3,4,2,3,1984,2,2
1991,2,421357,1,2,2,2,1,1,3,4,2,3,1991,2,2
1991,1,421358,1,6,3,1,1,1,3,4,1,3,1976,2,2
1991,1,421359,1,2,2,2,1,1,3,4,1,3,1984,2,2
1991,1,421360,2,2,2,2,1,1,3,4,2,3,1989,2,2
1991,1,421361,1,3,3,2,1,1,3,4,1,3,1989,2,2
1991,2,421361,1,2,2,2,1,1,3,4,2,3,1982,2,2
1991,1,421362,1,2,2,2,1,1,3,4,2,3,1984,2,2
1991,1,421363,1,6,6,1,1,1,3,4,1,3,1991,2,2
1991,1,421364,1,2,2,2,1,1,3,4,2,3,9999,2,2
1991,2,421364,1,2,2,2,1,1,3,4,2,3,1982,2,2
1991,1,421365,1,2,2,2,1,1,3,4,2,3,1987,2,2
1991,1,421366,1,2,2,2,1,1,3,4,2,3,1984,2,2
1991,2,421366,1,3,3,2,1,1,3,4,2,3,1988,2,2
1991,1,421367,1,2,2,2,1,1,3,4,2,3,1987,2,2
1991,1,421368,1,2,2,2,1,1,3,4,2,3,1983,2,2
1991,2,421368,6,2,2,2,1,1,3,4,2,3,1990,2,2
1991,1,421369,1,2,2,2,2,2,3,4,2,3,1989,2,2
1991,1,421370,1,6,6,1,1,1,3,4,1,3,1982,2,2
1991,1,421371,1,3,3,2,1,1,3,4,2,3,1988,2,2
1991,2,421371,4,2,2,2,1,1,3,4,2,3,1989,2,2
1991,1,421372,1,2,2,2,1,1,3,4,2,3,1978,2,2
1991,1,421373,1,6,6,2,1,1,3,4,2,3,1988,2,2
1991,1,421374,2,2,2,1,1,1,3,4,1,3,1989,2,2
1991,1,421375,1,5,5,2,1,1,3,4,2,3,1991,2,2
1991,1,421376,2,2,2,2,1,1,3,4,1,3,1991,2,2
1991,1,421377,2,5,5,2,1,1,3,4,1,3,1979,2,2
1991,1,421378,2,2,2,2,1,1,3,4,2,3,1989,2,2
1991,1,421379,1,5,5,2,1,1,3,4,2,3,1990,2,2
1991,2,421379,6,2,2,2,1,1,3,4,2,3,1988,2,2
1991,1,421380,1,5,5,2,1,1,3,4,2,3,1991,2,2
1991,2,421380,6,2,2,2,1,1,3,4,2,3,1985,2,2
1991,1,421381,1,3,3,2,1,1,3,4,1,3,1976,2,2
1991,2,421381,1,2,2,2,1,1,3,4,2,3,1986,2,2
1991,1,421382,1,2,2,2,1,1,3,4,2,3,1991,2,2
1991,2,421382,2,5,5,2,1,1,3,4,2,3,1976,2,2
1991,3,421382,1,2,2,2,1,1,3,4,2,3,1978,2,2
1991,1,421383,7,2,2,2,4,1,3,1,2,3,9999,2,2
1991,2,421383,1,3,3,2,1,1,3,4,2,3,1984,2,2
1991,3,421383,4,2,2,2,1,1,3,4,2,3,1991,2,2
1991,1,421384,1,2,2,2,1,1,3,4,2,3,1984,2,2
1991,1,421385,1,2,2,2,1,1,3,4,2,3,1986,2,2
1991,1,421386,6,2,2,2,1,1,3,4,2,3,1990,2,1
1991,1,421387,1,2,2,2,2,2,3,4,2,3,1982,2,2
1991,2,421387,1,5,5,2,1,1,3,4,2,3,1986,2,2
1991,1,421388,1,2,2,2,1,1,3,4,2,3,1983,2,2
1991,1,421389,1,2,2,2,1,1,3,4,1,3,1981,2,2
1991,1,421390,1,2,2,2,1,1,3,4,2,3,1987,2,2
1991,2,421390,1,2,2,2,1,1,3,4,2,3,9999,2,2
1991,1,421391,1,2,2,2,1,1,3,4,2,3,1985,2,2
1991,1,421392,1,2,2,2,3,3,3,4,2,3,9999,2,2
1991,1,421393,1,2,2,1,1,1,3,4,1,3,1981,2,2
1991,1,421394,1,2,2,2,1,1,3,4,2,3,1987,2,2
1991,2,421394,4,2,2,2,1,1,3,4,2,3,1988,2,2
1991,1,421395,1,2,2,2,1,1,3,4,2,3,1991,2,2
1991,2,421395,1,2,2,2,1,1,3,4,2,3,1983,2,2
1991,1,421396,3,3,3,2,1,1,3,4,1,3,1975,2,2
1991,2,421396,2,2,2,2,1,1,3,4,2,3,1986,2,2
1991,1,421397,1,4,3,2,1,1,3,4,2,3,1979,2,2
1991,2,421397,1,2,2,2,1,1,3,4,2,3,1979,2,2
1991,1,421398,2,2,2,2,1,1,3,4,2,3,1987,2,2
1991,1,421399,1,2,2,2,1,1,3,4,2,3,1988,2,2
1991,1,421400,1,3,3,2,1,1,3,4,2,3,1984,2,2
1991,2,421400,1,2,2,2,1,1,3,4,2,3,1988,2,2
1991,1,421401,1,3,3,2,1,1,3,4,2,3,1983,2,2
1991,1,421402,1,2,2,1,1,1,3,4,1,3,1976,2,2
1991,1,421403,1,2,2,2,1,1,3,4,1,3,1987,2,2
1991,2,421403,4,2,2,2,2,2,3,4,2,3,1989,2,2
1991,1,421404,1,2,2,2,1,1,3,4,2,3,1980,2,2
1991,1,421405,1,2,5,2,1,1,3,4,1,3,1991,2,2
1991,1,421406,1,2,2,2,1,1,3,4,2,3,1987,2,2
1991,2,421406,2,2,2,2,1,1,3,4,2,3,1979,2,2
1991,3,421406,1,2,2,2,1,1,3,4,2,3,1978,2,2
1991,1,421407,1,6,6,1,1,1,3,4,1,3,1979,2,2
1991,1,421408,1,2,2,2,1,1,3,4,2,3,1990,2,2
1991,1,421409,1,5,5,2,1,1,3,4,2,3,1984,2,2
1991,2,421409,2,2,2,2,1,1,3,4,2,3,1985,2,2
1991,1,421410,4,2,2,2,1,1,3,4,2,3,1989,2,2
1991,2,421410,1,2,2,2,1,1,3,4,2,3,1987,2,2
1991,1,421411,1,2,2,2,1,1,3,4,2,3,1985,2,2
1991,1,421412,1,2,2,2,1,1,3,4,2,3,1986,1,2
1991,2,421412,1,2,2,2,1,1,3,4,2,3,1986,2,2
1991,1,421413,2,2,5,2,1,1,3,4,1,3,1978,2,2
1991,2,421413,1,2,2,2,1,1,3,4,1,3,1981,2,2
1991,3,421413,6,2,2,2,1,1,3,4,1,3,1973,2,2
1991,1,421414,2,2,2,2,1,1,3,4,2,3,1988,2,2
1991,2,421414,1,2,2,2,1,1,3,4,2,3,1988,2,2
1991,3,421414,4,5,5,2,1,1,3,4,2,3,1985,2,2
1991,1,421415,1,2,2,2,2,2,3,4,2,3,1984,2,2
1991,1,421416,1,3,3,2,1,1,3,4,1,3,1989,2,2
1991,2,421416,6,2,2,2,1,1,3,4,2,3,1972,2,2
1991,1,421417,1,2,2,2,1,1,3,4,2,3,1986,2,2
1991,2,421417,2,6,6,2,1,1,3,4,2,3,1991,2,2
1991,1,421418,1,3,3,2,1,1,3,4,2,3,1991,2,2
1991,2,421418,3,2,2,2,1,1,3,4,2,3,1989,2,2
1991,1,421419,1,2,2,1,1,1,3,4,1,3,1979,2,2
1991,2,421419,1,2,2,2,1,1,3,4,2,3,1991,2,2
1991,1,421420,4,2,2,2,1,1,3,4,1,3,1990,2,2
1991,1,421421,1,2,2,2,1,1,3,4,2,3,1990,2,2
1991,1,421422,1,2,2,1,2,2,3,4,1,3,1986,2,2
1991,1,421423,2,7,7,2,2,2,3,4,2,3,1986,2,2
1991,2,421423,1,6,6,2,1,1,3,4,2,3,1989,2,2
1991,3,421423,1,5,5,2,1,1,3,4,2,3,1990,2,2
1991,4,421423,1,5,5,2,1,1,3,4,2,3,1991,2,2
1991,1,421424,2,5,5,1,1,1,3,4,1,3,1991,2,2
1991,1,421425,2,2,2,1,2,2,3,4,1,3,1987,2,2
1991,1,421426,1,2,2,2,1,1,3,4,2,3,1986,2,2
1991,1,421427,1,6,6,1,1,1,3,4,2,3,1989,1,2
1991,1,421428,1,2,2,2,2,2,3,4,1,3,1976,2,2
1991,1,421429,1,2,2,2,1,1,3,4,2,3,1989,2,2
1991,2,421429,1,2,2,2,1,1,3,4,2,3,1980,2,2
1991,1,421430,2,2,2,1,1,1,3,4,1,3,1981,2,2
1991,1,421431,1,3,3,2,1,1,3,4,1,3,1982,2,2
1991,2,421431,3,2,2,2,1,1,3,4,2,3,1988,2,2
1991,1,421432,2,2,2,2,1,1,3,4,2,3,1979,2,2
1991,1,421433,1,3,3,1,2,2,3,4,2,3,1985,2,2
1991,1,421434,1,3,3,2,1,1,3,4,1,3,1982,2,2
1991,1,421435,1,5,2,2,1,1,3,4,2,3,1986,2,2
1991,2,421435,1,2,2,2,1,1,3,4,2,3,1988,2,2
1991,1,421436,2,6,2,2,1,1,3,4,2,3,1991,2,1
1991,1,421437,4,2,2,2,1,1,3,4,2,3,1986,2,2
1991,1,421438,2,5,5,1,1,1,3,4,2,3,1988,2,2
1991,1,421439,1,2,2,2,1,1,3,4,2,3,1986,2,2
1991,1,421440,1,2,2,2,1,1,3,4,1,3,1984,2,2
1991,2,421440,1,5,5,2,1,1,3,4,2,3,1985,2,2
1991,1,421441,3,2,2,2,1,1,3,4,1,3,1989,2,2
1991,2,421441,1,2,2,2,1,1,3,4,2,3,1983,2,2
1991,1,421442,1,2,2,1,1,1,3,4,1,3,1986,2,2
1991,1,421443,1,2,2,2,1,1,3,4,2,3,1987,2,2
1991,1,421444,2,2,2,2,1,1,3,4,2,3,1980,2,2
1991,1,421445,1,2,2,2,1,1,3,4,2,3,1991,2,2
1991,1,421446,2,2,2,2,1,1,3,4,1,3,1983,2,2
1991,2,421446,1,5,5,2,1,1,3,4,2,3,1986,2,2
1991,1,421447,1,2,2,2,1,1,3,4,2,3,1979,2,2
1991,1,421448,1,2,2,2,1,1,3,4,1,3,1985,2,2
1991,2,421448,6,2,2,2,1,1,3,4,2,3,1979,2,2
1991,1,421449,1,2,2,2,1,1,3,4,2,3,1979,2,2
1991,2,421449,3,3,3,1,1,1,3,4,2,3,1989,2,2
1991,1,421450,1,3,3,2,1,1,3,4,1,3,1973,2,2
1991,1,421451,2,2,2,2,1,1,3,4,1,3,1990,2,2
1991,1,421452,1,5,5,2,1,1,3,4,2,3,1984,1,2
1991,1,421453,1,6,2,1,1,1,3,4,2,3,1988,2,2
1991,1,421454,3,2,2,1,1,1,3,4,1,3,1979,2,2
1991,1,421455,1,5,5,2,1,1,3,4,2,3,1982,2,2
1991,2,421455,2,2,2,2,1,1,3,4,2,3,1987,2,2
1991,1,421456,1,5,5,1,1,1,3,4,2,3,1989,2,2
1991,1,421457,1,5,5,2,1,1,3,4,2,3,1978,2,2
1991,2,421457,1,2,2,2,1,1,3,4,2,3,1989,2,2
1991,1,421458,1,2,2,1,1,1,3,4,2,3,1980,2,2
1991,1,421459,1,2,2,2,1,1,3,4,2,3,1987,2,2
1991,2,421459,4,2,2,2,1,1,3,4,2,3,1984,2,2
1991,1,421460,1,6,6,2,1,1,3,4,2,3,1985,2,2
1991,2,421460,6,5,5,2,1,1,3,4,2,3,1980,2,2
1991,1,421461,1,3,3,2,2,2,3,4,2,3,1991,2,2
1991,2,421461,1,2,2,2,1,1,3,4,2,3,1974,2,2
1991,1,421462,6,3,3,1,3,3,3,4,2,3,9999,2,2
1991,1,421463,1,3,3,2,1,1,3,4,1,3,1986,2,2
1991,1,421464,2,3,3,1,1,1,3,4,1,3,1986,2,2
1991,2,421464,3,2,2,2,1,1,3,4,2,3,1983,2,2
1991,1,421465,1,2,2,2,1,1,3,4,2,3,1988,2,2
1991,1,421466,2,2,2,2,2,2,3,4,2,3,1982,2,2
1991,2,421466,2,4,4,2,3,3,3,4,2,3,1980,2,2
1991,1,421467,1,2,2,2,2,2,3,4,1,3,1976,2,2
1991,2,421467,1,2,2,2,1,1,3,4,2,3,1983,2,2
1991,1,421468,1,5,5,2,1,1,3,4,2,3,1988,2,2
1991,2,421468,3,2,2,2,1,1,3,4,2,3,1991,2,2
1991,1,421469,4,2,2,2,1,1,3,4,2,3,1977,2,2
1991,1,421470,1,2,2,2,1,1,3,4,2,3,1985,2,2
1991,1,421471,1,2,2,2,1,1,3,4,2,3,1988,1,2
1991,2,421471,6,4,4,2,3,3,3,4,2,3,9999,2,2
1991,1,421472,1,2,2,2,1,1,3,4,2,3,1987,2,2
1991,2,421472,3,2,2,2,1,1,3,4,2,3,1988,2,2
1991,1,421473,2,3,3,2,1,1,3,4,2,3,1978,2,2
1991,2,421473,1,2,2,2,1,1,3,4,2,3,1981,2,2
1991,1,421474,1,2,2,2,1,1,3,4,2,3,1988,2,2
1991,1,421475,1,3,3,2,1,1,3,4,2,3,1980,2,2
1991,2,421475,1,2,2,2,1,1,3,4,2,3,9999,2,2
1991,1,421476,9,3,3,2,2,2,3,4,2,3,9999,2,2
1991,2,421476,3,2,2,1,1,1,3,4,2,3,1984,2,2
1991,1,421477,6,2,2,2,1,1,3,4,2,3,1986,2,2
1991,2,421477,6,4,4,2,1,1,3,4,2,3,1986,2,2
1991,1,421478,1,2,2,2,1,1,3,4,2,3,1982,2,2
1991,1,421479,1,2,2,2,2,2,3,4,1,3,1969,2,2
1991,1,421480,2,2,2,2,3,3,3,4,2,3,1979,2,2
1991,2,421480,1,2,2,2,1,1,3,4,2,3,1988,2,2
1991,1,421481,1,2,2,2,3,3,3,4,2,3,1983,2,2
1991,1,421482,1,2,2,2,1,1,3,4,2,3,1987,2,2
1991,1,421483,1,2,2,2,3,3,3,4,2,3,1979,2,2
1991,2,421483,1,3,3,2,1,1,3,4,2,3,1986,2,2
1991,1,421484,2,2,2,2,2,2,3,4,2,3,1975,2,2
1991,2,421484,1,5,5,2,1,1,3,4,2,3,1984,2,2
1991,1,421485,1,2,2,2,1,1,3,4,2,3,1985,2,2
1991,1,421486,1,2,2,2,1,1,3,4,1,3,1980,2,2
1991,2,421486,1,5,5,2,1,1,3,4,2,3,1986,2,2
1991,3,421486,6,5,5,2,1,1,3,4,2,3,1984,2,2
1991,4,421486,2,2,2,2,1,1,3,4,2,3,1991,2,2
1991,5,421486,1,2,2,2,1,1,3,4,2,3,1990,2,2
1991,1,421487,1,2,2,2,2,2,3,4,2,3,1988,2,2
1991,2,421487,2,2,2,2,1,1,3,4,2,3,1986,2,2
1991,1,421488,1,2,2,2,1,1,3,4,2,3,9999,2,2
1991,1,421489,1,3,3,1,1,1,3,4,1,3,1977,2,2
1991,1,421490,2,1,1,1,1,1,3,4,1,3,1983,2,2
1991,1,421491,7,5,5,2,4,1,3,1,1,3,1977,2,2
1991,1,421492,1,2,2,2,1,1,3,4,2,3,1987,2,2
1991,2,421492,1,2,2,2,1,1,3,4,2,3,1991,2,2
1991,1,421493,1,3,3,2,1,1,3,4,2,3,1987,2,2
1991,2,421493,1,2,2,2,1,1,3,4,2,3,1989,2,2
1991,3,421493,1,2,2,2,1,1,3,4,2,3,1980,2,2
1991,1,421494,1,2,2,2,1,1,3,4,2,3,1980,2,2
1991,1,421495,4,2,2,2,1,1,3,4,2,3,1984,2,2
1991,2,421495,1,2,2,2,1,1,3,4,2,3,1977,2,2
1991,1,421496,6,2,2,2,1,1,3,4,1,3,1990,2,2
1991,1,421497,1,3,3,2,1,1,3,4,1,3,1987,2,2
1991,2,421497,5,2,2,2,1,1,3,4,2,3,1976,2,2
1991,1,421498,1,2,2,2,1,1,3,4,2,3,1983,2,2
1991,2,421498,1,2,2,2,1,1,3,4,2,3,1986,2,2
1991,1,421499,1,2,2,2,1,1,3,4,1,3,1967,2,2
1991,1,421500,1,2,2,2,1,1,3,4,2,3,1981,2,2
1991,1,421501,1,2,2,2,2,2,3,4,2,3,1984,2,2
1991,1,421502,1,2,2,2,1,1,3,4,1,3,1986,2,2
1991,1,421503,1,2,2,2,1,1,3,4,2,3,1984,2,2
1991,1,421504,1,5,5,2,1,1,3,4,2,3,1986,2,2
1991,2,421504,2,2,2,2,1,1,3,4,1,3,1991,2,2
1991,1,421505,1,3,3,2,1,1,3,4,1,3,1991,2,2
1991,1,421506,2,5,5,1,1,1,3,4,1,3,1986,2,2
1991,1,421507,6,2,2,2,1,1,3,4,2,3,1988,2,2
1991,1,421508,1,3,3,2,1,1,3,4,1,3,1980,2,2
1991,1,421509,1,2,2,2,1,1,3,4,2,3,1986,2,2
1991,2,421509,1,2,2,2,1,1,3,4,2,3,1989,2,2
1991,1,421510,2,1,1,1,1,1,3,4,2,3,1978,2,2
1991,1,421511,1,2,2,2,1,1,3,4,2,3,9999,2,2
1991,1,421512,2,3,3,2,1,1,3,4,1,3,1991,2,2
1991,1,421513,1,2,2,2,1,1,3,4,2,3,9999,1,2
1991,2,421513,1,5,5,2,1,1,3,4,2,3,1984,2,2
1991,1,421514,1,5,5,2,1,1,3,4,1,3,1991,2,2
1991,1,421515,4,2,2,2,1,1,3,4,2,3,1985,2,2
1991,1,421516,2,4,4,2,1,1,3,4,2,3,1988,2,2
1991,2,421516,8,2,2,2,1,1,3,4,2,3,1982,2,2
1991,3,421516,1,5,5,2,1,1,3,4,2,3,1986,2,2
1991,1,421517,1,2,2,2,1,1,3,4,2,3,1989,2,2
1991,1,421518,1,2,2,2,1,1,3,4,2,3,1984,2,2
1991,1,421519,1,3,2,2,2,2,3,4,2,3,1978,2,2
1991,1,421520,1,3,3,2,1,1,3,4,2,3,1984,2,2
1991,2,421520,4,2,2,2,1,1,3,4,2,3,1978,2,2
1991,1,421521,1,2,2,2,1,1,3,4,2,3,1984,2,2
1991,1,421522,1,2,2,2,1,1,3,4,2,3,1987,2,2
1991,2,421522,1,5,5,2,1,1,3,4,2,3,1987,2,2
1991,3,421522,1,2,2,2,1,1,3,4,2,3,1988,2,2
1991,1,421523,1,5,5,2,1,1,3,4,1,3,1991,2,2
1991,1,421524,2,2,2,2,1,1,3,4,2,3,1988,1,2
1991,2,421524,6,4,4,2,1,1,3,4,2,3,1986,2,2
1991,1,421525,1,2,2,2,1,1,3,4,2,3,1986,2,2
1991,1,421526,1,2,2,2,1,1,3,4,2,3,1986,2,2
1991,1,421527,1,3,3,2,1,1,3,4,2,3,1990,2,2
1991,2,421527,1,2,2,1,1,1,3,4,2,3,1991,2,2
1991,1,421528,1,2,2,1,2,2,3,4,1,3,1983,2,2
1991,1,421529,1,2,2,2,1,1,3,4,2,3,1986,2,2
1991,1,421530,1,3,3,2,1,1,3,4,1,3,1984,2,2
1991,2,421530,1,2,2,2,1,1,3,4,2,3,1979,2,2
1991,1,421532,2,7,7,2,1,1,3,4,2,3,1982,2,2
1991,2,421532,1,7,7,2,1,1,3,4,2,3,1985,2,2
1991,3,421532,1,7,7,2,1,1,3,4,2,3,1986,2,2
1991,1,440001,2,2,2,2,1,1,3,4,2,3,1979,2,2
1991,1,440002,1,3,3,2,2,2,3,4,1,3,1984,2,2
1991,2,440002,1,2,2,2,1,1,3,4,2,3,1983,2,2
1991,1,440003,6,2,2,2,1,1,3,4,2,3,1974,2,2
1991,1,440004,1,2,3,2,2,2,3,4,1,3,1990,2,2
1991,2,440004,6,4,4,2,1,1,3,4,2,3,1989,2,2
1991,1,440005,1,2,2,2,1,1,3,4,2,3,1987,2,2
1991,2,440005,1,2,2,2,1,1,3,4,2,3,1979,2,2
1991,1,440006,1,3,3,2,1,1,3,4,2,3,1979,2,2
1991,2,440006,1,2,2,2,1,1,3,4,2,3,1980,2,2
1991,1,440007,1,4,2,1,1,1,3,4,1,3,1988,2,2
1991,2,440007,1,2,2,2,1,1,3,4,2,3,1987,2,2
1991,1,440008,1,3,3,2,1,1,3,4,2,3,1976,2,2
1991,1,440009,7,2,2,2,4,1,3,1,2,3,1980,2,2
1991,1,440010,1,4,2,2,1,1,3,4,2,3,1983,2,2
1991,1,440011,1,3,3,2,1,1,3,4,2,3,1991,2,2
1991,2,440011,4,2,2,2,1,1,3,4,2,3,1988,2,2
1991,1,440012,7,3,5,2,4,1,3,1,2,3,1988,2,2
1991,2,440012,4,5,5,2,1,1,3,4,2,3,1982,2,2
1991,1,440013,1,3,2,2,2,2,3,4,2,3,1982,2,2
1991,2,440013,1,5,5,2,3,3,3,4,2,3,9999,2,2
1991,1,440014,1,2,2,1,1,1,3,4,2,3,1986,2,2
1991,1,440015,1,5,5,2,1,1,3,4,2,3,1980,2,2
1991,2,440015,3,2,2,2,1,1,3,4,2,3,1985,2,2
1991,1,440016,7,5,2,2,4,1,3,1,1,3,1978,2,2
1991,1,440017,1,1,1,1,1,1,3,4,2,3,1991,2,2
1991,1,440018,6,2,2,2,1,1,3,4,2,3,1987,2,2
1991,1,440019,2,2,2,2,1,1,3,4,2,3,1989,2,2
1991,2,440019,1,2,2,2,1,1,3,4,2,3,1987,2,2
1991,1,440020,1,2,2,2,1,1,3,4,2,3,1983,2,2
1991,1,440021,7,2,2,2,4,1,3,1,1,3,1988,2,2
1991,2,440021,1,4,4,2,1,1,3,4,2,3,1987,2,2
1991,1,440022,7,6,3,2,4,1,3,1,1,3,1988,2,2
1991,2,440022,1,2,2,2,1,1,3,4,2,3,1989,2,2
1991,3,440022,1,2,2,2,1,1,3,4,2,3,1986,2,2
1991,1,440023,1,2,2,2,1,1,3,4,2,3,1990,2,2
1991,1,440024,1,5,2,2,1,1,3,4,2,3,1978,2,2
1991,1,440025,4,2,2,2,2,2,3,4,2,3,1976,1,2
1991,1,440026,1,2,2,2,1,1,3,4,2,3,1982,2,2
1991,2,440026,1,2,2,2,1,1,3,4,2,3,1989,2,2
1991,1,440027,7,3,3,2,4,1,3,1,2,3,1975,2,2
1991,2,440027,1,3,3,2,1,1,3,4,2,3,1990,2,2
1991,1,440028,1,2,2,2,1,1,3,4,2,3,1984,2,2
1991,1,440029,3,2,2,2,1,1,3,4,2,3,1983,2,2
1991,1,440030,1,3,3,2,1,1,3,4,1,3,1972,2,2
1991,1,440031,1,6,6,1,2,2,3,4,1,3,1982,2,2
1991,1,440032,1,5,5,2,1,1,3,4,2,3,1979,2,2
1991,2,440032,1,2,2,2,1,1,3,4,1,3,1972,2,2
1991,1,440033,7,2,2,2,4,1,3,1,1,3,1983,2,2
1991,1,440034,7,3,3,2,4,1,3,1,1,3,1991,2,2
1991,1,440035,1,5,5,2,1,1,3,4,2,3,1990,2,2
1991,1,440036,7,2,2,2,4,2,3,2,2,3,1987,2,2
1991,2,440036,1,4,4,2,1,1,3,4,2,3,1985,2,2
1991,1,440037,1,5,5,2,1,1,3,4,1,3,1986,2,2
1991,1,440038,1,3,5,1,1,1,3,4,2,3,1989,2,2
1991,2,440038,1,2,2,2,1,1,3,4,1,3,1989,1,2
1991,1,440039,1,2,2,2,1,1,3,4,2,3,1985,2,2
1991,1,440040,1,2,2,2,1,1,3,4,2,3,1986,2,1
1991,1,440041,1,2,2,2,1,1,3,4,2,3,1978,2,2
1991,1,440042,1,5,2,2,2,2,3,4,1,3,1984,2,2
1991,1,440043,2,5,5,2,1,1,3,4,2,3,1988,2,2
1991,1,440044,7,5,5,2,4,1,3,1,2,3,1985,2,2
1991,2,440044,1,2,2,2,1,1,3,4,2,3,1966,2,2
1991,1,440045,3,2,2,1,1,1,3,4,2,3,1987,2,2
1991,1,440046,1,5,5,2,1,1,3,4,2,3,1983,2,2
1991,2,440046,4,2,2,2,1,1,3,4,2,3,1989,2,2
1991,1,440047,7,5,5,2,4,1,3,1,2,3,1953,2,2
1991,2,440047,2,2,2,2,1,1,3,4,2,3,1988,2,2
1991,1,440048,1,3,3,2,1,1,3,4,1,3,1983,2,2
1991,2,440048,1,2,2,2,2,2,3,4,1,3,1979,2,2
1991,1,440049,1,2,2,2,1,1,3,4,1,3,1984,2,2
1991,1,440050,7,5,5,2,4,1,3,1,2,3,1980,1,2
1991,2,440050,6,6,6,2,1,1,3,4,2,3,9999,2,2
1991,1,440051,7,2,2,2,4,2,3,2,1,3,1988,2,2
1991,1,440052,1,2,2,1,1,1,3,4,1,3,1981,2,2
1991,1,440053,1,5,5,2,2,2,3,4,2,3,1980,2,2
1991,2,440053,3,2,2,2,1,1,3,4,2,3,1985,2,2
1991,1,440054,1,2,2,2,1,1,3,4,2,3,1977,2,2
1991,1,440055,2,3,3,1,1,1,3,4,2,3,1987,2,2
1991,2,440055,1,2,2,2,1,1,3,4,2,3,1979,2,2
1991,1,440056,2,2,2,2,2,2,3,4,2,3,1989,2,2
1991,1,440057,1,2,2,2,1,1,3,4,2,3,1982,2,2
1991,2,440057,1,2,2,2,1,1,3,4,2,3,1990,2,2
1991,1,440058,1,2,2,2,1,1,3,4,2,3,1987,2,2
1991,1,440059,1,2,2,1,1,1,3,4,1,3,1980,2,2
1991,1,440060,1,2,2,2,1,1,3,4,2,3,1989,2,2
1991,1,440061,1,2,2,2,1,1,3,4,2,3,1983,2,2
1991,2,440061,1,5,5,2,1,1,3,4,2,3,1985,2,2
1991,1,440062,1,2,2,2,1,1,3,4,2,3,1987,2,2
1991,1,440063,7,5,5,2,4,2,3,2,1,3,1982,2,2
1991,1,440064,1,5,5,2,1,1,3,4,1,3,1982,2,2
1991,1,440065,1,2,2,2,1,1,3,4,2,3,1991,2,2
1991,2,440065,1,4,4,2,1,1,3,4,2,3,1982,2,2
1991,1,440066,7,5,5,2,4,1,3,1,2,3,1982,2,2
1991,2,440066,1,2,2,2,1,1,3,4,2,3,1981,2,2
1991,1,440067,1,5,2,2,1,1,3,4,1,3,1984,2,2
1991,2,440067,1,3,3,2,2,2,3,4,1,3,1980,2,2
1991,1,440069,1,2,2,2,1,1,3,4,2,3,1984,2,2
1991,2,440069,2,2,2,2,1,1,3,4,2,3,1987,2,2
1991,1,440070,1,2,2,2,1,1,3,4,2,3,1984,2,2
1991,2,440070,1,6,6,2,1,1,3,4,2,3,1989,2,2
1991,1,440071,1,2,2,2,1,1,3,4,2,3,1984,2,2
1991,1,440072,4,2,2,2,1,1,3,4,2,3,1987,2,2
1991,1,440073,1,2,2,2,1,1,3,4,2,3,1984,2,2
1991,1,440074,1,2,2,2,1,1,3,4,2,3,1990,2,2
1991,2,440074,1,2,2,2,1,1,3,4,2,3,1989,2,2
1991,1,440075,1,2,2,2,1,1,3,4,2,3,1981,2,2
1991,1,440076,1,2,2,2,1,1,3,4,1,3,1989,2,2
1991,1,440077,1,3,3,2,1,1,3,4,2,3,1988,2,2
1991,1,440078,6,6,6,2,1,1,3,4,2,3,1990,2,2
1991,1,440079,1,2,2,2,1,1,3,4,2,3,1971,2,2
1991,2,440079,6,2,2,2,1,1,3,4,2,3,1986,2,2
1991,1,440080,3,2,5,1,1,1,3,4,2,3,1986,2,2
1991,2,440080,1,2,2,2,1,1,3,4,2,3,1986,2,2
1991,1,440082,2,2,2,2,1,1,3,4,2,3,1982,2,2
1991,1,440083,1,2,5,2,1,1,3,4,1,3,1980,2,2
1991,1,440084,1,3,3,2,1,1,3,4,1,3,1980,2,2
1991,1,440085,1,3,3,2,3,3,3,4,2,3,1986,2,2
1991,2,440085,6,2,2,2,3,3,3,4,2,3,9999,2,2
1991,1,440086,1,5,5,2,1,1,3,4,1,3,1985,2,2
1991,1,450001,1,3,5,2,1,1,3,4,1,3,1988,2,2
1991,1,450002,1,5,2,1,1,1,3,4,2,3,1982,2,2
1991,1,450003,1,5,5,2,1,1,3,4,1,3,1982,2,2
1991,2,450003,1,2,2,2,2,2,3,4,2,3,1980,2,2
1991,1,450004,1,3,3,2,1,1,3,4,1,3,1977,2,2
1991,1,450005,1,2,2,2,1,1,3,4,2,3,1979,2,2
1991,2,450005,2,2,2,2,1,1,3,4,2,3,1974,2,2
1991,1,450006,1,2,2,2,1,1,3,4,2,3,1987,2,2
1991,2,450006,1,2,2,2,1,1,3,4,2,3,1980,2,2
1991,1,450007,3,2,2,2,1,1,3,4,2,3,1974,2,2
1991,2,450007,2,2,2,2,1,1,3,4,2,3,1988,2,2
1991,1,450008,1,5,5,2,1,1,3,4,1,3,1989,2,2
1991,1,450009,9,3,2,1,2,2,3,4,1,3,9999,2,2
1991,1,450010,1,5,5,2,1,1,3,4,2,3,1989,2,2
1991,1,450011,2,3,3,2,1,1,3,4,2,3,1987,2,2
1991,2,450011,1,3,3,2,1,1,3,4,2,3,1989,2,2
1991,1,450012,1,3,3,2,1,1,3,4,1,3,1978,2,2
1991,1,450013,1,5,5,2,1,1,3,4,1,3,1979,2,2
1991,1,450014,1,2,2,2,1,1,3,4,2,3,1978,2,2
1991,1,450015,1,2,2,2,1,1,3,4,2,3,1983,2,1
1991,1,450016,1,2,2,2,1,1,3,4,2,3,1960,2,2
1991,2,450016,1,5,5,2,1,1,3,4,2,3,1980,2,2
1991,1,450017,1,2,2,2,1,1,3,4,2,3,1984,2,2
1991,1,450018,4,5,5,2,1,1,3,4,2,3,1983,2,2
1991,1,450019,2,3,5,2,1,1,3,4,1,3,1990,2,2
1991,1,450020,1,5,5,1,1,1,3,4,2,3,1988,2,2
1991,1,450022,1,2,5,1,1,1,3,4,2,3,1984,2,2
1991,1,450023,1,5,5,2,1,1,3,4,1,3,1986,2,2
1991,1,450024,1,3,4,2,1,1,3,4,2,3,1990,2,2
1991,2,450024,2,2,2,2,1,1,3,4,2,3,1984,2,2
1991,1,450025,3,2,2,2,1,1,3,4,2,3,1986,2,2
1991,2,450025,1,2,2,2,1,1,3,4,2,3,1980,2,2
1991,1,450026,6,2,2,2,1,1,3,4,2,3,1977,2,2
1991,2,450026,9,2,2,2,1,1,3,4,2,3,9999,2,2
1991,1,450027,6,2,2,2,1,1,3,4,2,3,1985,2,2
1991,2,450027,1,2,2,2,1,1,3,4,1,3,1983,2,2
1991,1,450028,2,2,2,2,1,1,3,4,2,3,1988,2,2
1991,2,450028,1,2,2,2,2,2,3,4,1,3,1978,2,2
1991,1,450029,1,2,2,2,1,1,3,4,1,3,1987,2,2
1991,1,450030,1,2,3,1,1,1,3,4,1,3,1978,2,2
1991,1,450031,1,2,2,1,1,1,3,4,1,3,1987,2,2
1991,1,450032,6,2,2,2,1,1,3,4,2,3,1989,2,2
1991,2,450032,1,5,5,2,1,1,3,4,2,3,1982,2,2
1991,1,450033,1,2,2,2,1,1,3,4,2,3,1982,2,2
1991,1,450034,8,2,2,2,1,1,3,4,2,3,1988,2,2
1991,2,450034,7,5,5,2,4,2,3,2,2,3,9999,2,2
1991,1,450035,1,2,2,2,1,1,3,4,1,3,1985,2,2
1991,1,450036,1,5,5,2,1,1,3,4,1,3,1985,2,2
1991,1,450037,1,5,2,1,2,2,3,4,1,3,1986,2,2
1991,1,450038,1,2,2,2,2,2,3,4,2,3,1981,2,2
1991,1,450039,9,7,7,2,3,3,3,4,2,3,9999,2,2
1991,1,450040,2,2,2,2,1,1,3,4,2,3,1989,2,2
1991,1,450041,2,2,2,1,1,1,3,4,1,3,1970,2,2
1991,1,450042,1,2,2,2,2,2,3,4,1,3,1983,2,2
1991,1,450043,2,5,5,2,1,1,3,4,2,3,1988,2,2
1991,1,450044,1,2,2,2,1,1,3,4,2,3,1984,2,2
1991,1,450045,2,2,2,2,1,1,3,4,1,3,1983,2,2
1991,1,450046,1,5,5,2,1,1,3,4,2,3,1980,2,2
1991,2,450046,6,5,3,2,1,1,3,4,2,3,1989,2,2
1991,1,450047,1,5,5,2,1,1,3,4,1,3,1987,2,2
1991,1,450048,1,5,2,2,1,1,3,4,1,3,1972,2,2
1991,1,450049,2,2,2,2,2,2,3,4,1,3,1981,2,2
1991,1,450050,1,2,2,2,1,1,3,4,2,3,1982,2,2
1991,1,450051,2,1,1,2,1,1,3,4,2,3,1987,2,2
1991,1,450052,1,2,2,2,1,1,3,4,1,3,1990,2,2
1991,1,450053,1,2,2,2,1,1,3,4,2,3,1987,2,2
1991,1,450054,2,1,1,1,1,1,3,4,1,3,1990,2,2
1991,1,450055,1,5,2,2,1,1,3,4,1,3,1982,2,2
1991,1,450056,1,2,2,2,1,1,3,4,2,3,1990,2,2
1991,1,450057,1,5,4,2,1,1,3,4,2,3,1984,2,2
1991,2,450057,6,2,2,2,1,1,3,4,1,3,1973,2,2
1991,3,450057,8,2,2,2,1,1,3,4,2,1,1980,2,2
1991,1,450058,2,5,2,1,1,1,3,4,1,3,1989,2,2
1991,1,450059,1,3,3,2,1,1,3,4,2,3,1989,2,2
1991,2,450059,9,5,5,2,1,1,3,4,2,3,9999,2,2
1991,1,450060,6,2,2,2,1,1,3,4,2,3,1974,2,2
1991,2,450060,2,2,2,2,1,1,3,4,2,3,1989,2,2
1991,1,450061,1,2,2,2,2,2,3,4,1,3,1976,2,2
1991,1,450062,1,2,2,2,1,1,3,4,2,3,1977,2,2
1991,1,450063,1,5,5,2,1,1,3,4,2,3,1978,2,2
1991,1,450064,9,2,2,2,1,1,3,4,1,3,9999,2,2
1991,1,450065,1,2,2,2,1,1,3,4,2,3,1983,2,2
1991,1,450066,1,2,5,1,1,1,3,4,1,3,1991,2,2
1991,1,450067,2,5,5,2,1,1,3,4,2,3,1991,2,2
1991,2,450067,1,2,2,2,1,1,3,4,2,3,1987,2,2
1991,1,450068,4,3,3,2,1,1,3,4,1,3,1978,2,2
1991,1,450069,1,2,2,2,1,1,3,4,2,3,1982,2,2
1991,2,450069,1,3,3,2,1,1,3,4,2,3,1981,2,2
1991,1,450071,2,4,2,2,1,1,3,4,2,3,1986,2,2
1991,2,450071,6,2,2,2,1,1,3,4,2,3,1980,2,2
1991,3,450071,2,2,2,2,1,1,3,4,2,3,1985,2,2
1991,1,450072,1,5,5,2,1,1,3,4,2,3,1987,2,2
1991,2,450072,2,2,2,2,1,1,3,4,2,3,1991,2,2
1991,1,450073,6,5,5,1,1,1,3,4,2,3,1979,2,2
1991,2,450073,1,2,2,2,1,1,3,4,1,3,1987,2,2
1991,1,450074,6,2,2,2,1,1,3,4,2,3,1973,2,2
1991,2,450074,1,2,2,2,1,1,3,4,2,3,1982,2,2
1991,1,450075,1,5,5,2,1,1,3,4,2,3,1984,2,2
1991,1,450076,9,5,5,2,1,1,3,4,2,3,1987,2,2
1991,2,450076,6,2,2,2,1,1,3,4,2,3,1990,2,2
1991,1,450078,1,2,2,2,1,1,3,4,2,3,1965,2,2
1991,1,450079,2,2,2,2,1,1,3,4,2,3,1986,2,2
1991,2,450079,1,2,2,2,1,1,3,4,2,3,1976,2,2
1991,1,450080,1,2,2,2,1,1,3,4,1,3,1985,2,2
1991,1,450081,1,1,1,1,1,1,3,4,1,3,1984,2,2
1991,1,450082,1,3,5,2,1,1,3,4,2,3,1979,2,2
1991,2,450082,1,2,5,2,1,1,3,4,2,3,1980,2,2
1991,1,450083,1,4,2,1,1,1,3,4,2,3,1978,2,2
1991,2,450083,1,2,2,2,1,1,3,4,1,3,1989,1,2
1991,1,450084,1,2,2,1,2,2,3,4,2,3,1983,2,2
1991,1,450085,2,2,2,2,1,1,3,4,2,3,1976,2,2
1991,2,450085,1,5,2,1,1,1,3,4,2,3,1978,2,2
1991,1,450086,2,2,2,2,1,1,3,4,2,3,1989,2,2
1991,1,450087,3,1,1,1,2,2,3,4,1,3,1980,2,2
1991,1,450088,1,2,2,2,1,1,3,4,2,3,1974,2,2
1991,2,450088,3,5,2,1,1,1,3,4,2,3,1987,2,2
1991,3,450088,1,5,5,2,1,1,3,4,2,3,1978,2,2
1991,1,450089,6,2,2,2,1,1,3,4,2,3,1983,2,2
1991,2,450089,1,5,5,2,1,1,3,4,2,3,1978,2,2
1991,1,450090,1,2,2,2,1,1,3,4,2,3,1983,2,2
1991,1,450091,1,2,2,2,1,1,3,4,1,3,1983,2,2
1991,1,450092,2,5,5,2,1,1,3,4,2,3,1990,2,2
1991,1,450093,1,2,2,1,1,1,3,4,2,3,1967,2,2
1991,1,450094,1,5,5,2,1,1,3,4,2,3,1977,2,2
1991,1,450095,1,4,4,2,1,1,3,4,2,3,1984,2,2
1991,2,450095,1,2,4,2,1,1,3,4,2,3,1990,2,2
1991,3,450095,1,2,2,2,2,2,3,4,1,3,1949,2,2
1991,1,450096,1,4,4,2,1,1,3,4,2,3,1989,2,2
1991,1,450097,1,2,2,2,1,1,3,4,2,3,1975,2,2
1991,1,450098,1,1,1,1,1,1,3,4,1,3,1982,2,2
1991,1,450099,1,1,1,1,2,2,3,4,1,3,1982,2,2
1991,1,450100,6,2,2,2,1,1,3,4,2,3,1987,2,2
1991,2,450100,1,2,2,2,1,1,3,4,2,3,1987,2,2
1991,1,450101,1,5,3,1,1,1,3,4,1,3,1989,2,2
1991,1,450102,6,3,3,2,1,1,3,4,2,3,1985,2,2
1991,2,450102,2,2,2,2,1,1,3,4,2,3,1964,2,2
1991,1,450103,1,5,5,2,1,1,3,4,2,3,1988,2,2
1991,2,450103,1,5,5,2,1,1,3,4,2,3,1983,2,2
1991,1,450104,2,2,2,2,1,1,3,4,2,3,1985,2,2
1991,1,450105,2,5,2,1,1,1,3,4,1,3,1988,2,2
1991,1,450106,2,2,2,2,1,1,3,4,2,3,1990,2,2
1991,2,450106,1,3,3,2,2,2,3,4,2,3,1985,2,2
1991,1,450107,2,2,2,2,1,1,3,4,2,3,1983,2,2
1991,2,450107,1,2,2,2,1,1,3,4,2,3,1982,2,2
1991,1,450108,1,2,2,2,1,1,3,4,2,3,1986,2,2
1991,1,450109,1,2,4,2,2,2,3,4,1,3,1973,2,2
1991,1,450110,7,2,2,2,4,2,3,2,1,3,1979,2,2
1991,1,450111,1,2,2,2,1,1,3,4,2,3,1985,2,2
1991,2,450111,1,5,5,2,1,1,3,4,2,3,1985,2,2
1991,1,450112,1,2,2,2,1,1,3,4,2,3,1971,2,2
1991,2,450112,3,3,3,2,1,1,3,4,2,3,1970,2,2
1991,1,450113,1,5,5,2,1,1,3,4,2,3,1989,2,2
1991,2,450113,1,2,2,2,1,1,3,4,2,3,1985,2,2
1991,1,450114,7,5,5,2,4,1,3,1,2,3,1984,2,2
1991,2,450114,1,2,2,2,1,1,3,4,2,3,1988,2,2
1991,1,450115,1,2,2,2,1,1,3,4,2,3,1973,2,2
1991,2,450115,1,5,5,2,1,1,3,4,2,3,1977,2,1
1991,1,450116,1,1,1,1,1,1,3,4,2,3,1981,2,2
1991,1,450118,8,2,2,2,1,1,3,4,2,1,1987,2,2
1991,1,450119,1,3,3,2,1,1,3,4,2,3,1983,2,2
1991,2,450119,6,2,2,2,1,1,3,4,2,3,1983,2,2
1991,1,450120,1,5,5,2,1,1,3,4,1,3,1979,2,2
1991,1,450121,1,1,1,1,2,2,3,4,1,3,1988,2,2
1991,1,450122,1,5,5,2,1,1,3,4,2,3,1988,2,2
1991,1,450123,9,7,7,2,3,3,3,4,2,3,9999,2,2
1991,1,450124,1,5,5,2,1,1,3,4,2,3,1986,2,2
1991,2,450124,1,2,2,2,1,1,3,4,2,3,1983,2,2
1991,1,450125,6,2,5,1,1,1,3,4,2,3,1990,2,1
1991,1,450126,1,1,1,1,1,1,3,4,2,3,1987,2,2
1991,1,450127,1,5,5,2,1,1,3,4,1,3,1987,2,2
1991,1,450128,2,2,2,2,1,1,3,4,2,3,1982,2,2
1991,2,450128,1,2,2,2,1,1,3,4,1,3,1986,2,2
1991,1,450129,1,2,2,2,1,1,3,4,2,3,1978,2,2
1991,1,450130,1,2,2,2,1,1,3,4,2,3,1990,2,2
1991,2,450130,1,2,2,2,1,1,3,4,2,3,1987,2,2
1991,1,450131,6,2,2,2,1,1,3,4,2,3,1991,2,2
1991,2,450131,1,5,5,2,1,1,3,4,2,3,1983,2,2
1991,1,450132,4,2,2,2,1,1,3,4,2,3,1969,2,2
1991,1,450133,1,5,5,2,1,1,3,4,1,3,1985,2,2
1991,1,450134,1,2,2,1,1,1,3,4,2,3,1984,2,2
1991,2,450134,1,2,2,2,1,1,3,4,2,3,1990,2,2
1991,1,450135,6,2,2,2,1,1,3,4,2,3,1985,2,2
1991,2,450135,1,5,5,2,2,2,3,4,2,3,1980,2,2
1991,1,450136,3,2,2,2,2,2,3,4,2,3,1987,2,2
1991,2,450136,1,5,5,2,1,1,3,4,2,3,1985,2,2
1991,1,450137,6,5,5,2,1,1,3,4,2,3,1990,2,2
1991,2,450137,1,3,3,2,1,1,3,4,2,3,1986,2,2
1991,3,450137,1,3,3,2,1,1,3,4,2,3,1986,2,2
1991,1,450138,2,4,4,1,1,1,3,4,2,3,1967,2,2
1991,2,450138,2,2,2,2,1,1,3,4,1,3,1990,2,2
1991,1,450139,1,2,2,2,1,1,3,4,2,3,1987,2,2
1991,1,450140,1,2,2,1,1,1,3,4,1,3,1989,2,2
1991,1,450141,1,5,5,2,1,1,3,4,2,3,1988,2,2
1991,1,450143,1,2,2,2,1,1,3,4,2,3,1980,2,2
1991,2,450143,1,2,2,2,1,1,3,4,2,3,1979,2,2
1991,1,450144,1,5,2,1,1,1,3,4,1,3,1980,2,2
1991,1,450145,1,2,2,2,1,1,3,4,2,3,1989,2,2
1991,1,450146,2,5,5,2,1,1,3,4,2,3,1989,2,2
1991,1,450147,1,5,5,2,1,1,3,4,1,3,1985,2,2
1991,1,450148,1,5,5,2,1,1,3,4,2,3,1987,2,2
1991,2,450148,1,2,2,2,1,1,3,4,2,3,1979,2,2
1991,1,450149,1,5,5,2,2,2,3,4,1,3,1991,2,2
1991,1,450150,1,2,2,2,3,3,3,4,2,3,1982,2,2
1991,2,450150,2,2,2,2,1,1,3,4,2,3,1984,2,2
1991,1,450151,6,5,2,1,1,1,3,4,2,3,1984,2,2
1991,2,450151,1,5,5,2,1,1,3,4,2,3,1987,2,2
1991,1,450152,2,5,5,2,1,1,3,4,1,3,1987,2,2
1991,1,450153,9,7,7,2,3,3,3,4,2,3,9999,2,2
1991,1,450155,1,2,2,2,1,1,3,4,2,3,1980,1,2
1991,1,450156,1,2,2,2,1,1,3,4,2,3,1976,2,2
1991,2,450156,1,5,5,2,2,2,3,4,2,3,1990,2,2
1991,1,450157,7,2,2,2,4,1,3,1,1,3,1984,2,2
1991,1,450158,7,5,5,2,4,2,3,2,1,3,1980,2,2
1991,1,450159,7,2,2,2,4,1,3,1,1,3,1972,2,2
1991,1,450160,6,2,2,2,1,1,3,4,2,3,1982,2,2
1991,1,450161,1,5,5,2,2,2,3,4,1,3,1984,2,2
1991,1,450162,1,1,1,1,1,1,3,4,1,3,1978,2,2
1991,1,450163,4,1,1,1,1,1,3,4,2,3,1965,2,2
1991,1,450164,1,2,2,2,1,1,3,4,2,3,1987,2,2
1991,2,450164,2,5,5,2,1,1,3,4,2,3,1979,2,2
1991,1,450165,1,5,5,2,1,1,3,4,1,3,1987,2,2
1991,1,450166,2,5,5,2,1,1,3,4,2,3,1986,2,2
1991,1,450167,4,2,2,2,1,1,3,4,2,3,1964,2,2
1991,2,450167,1,5,5,2,2,2,3,4,2,3,1986,2,2
1991,1,450168,1,2,2,2,2,2,3,4,2,3,1986,2,2
1991,2,450168,1,2,2,2,1,1,3,4,2,3,1983,2,2
1991,1,450169,9,1,1,1,1,1,3,4,2,3,1988,2,1
1991,1,450170,1,5,5,2,1,1,3,4,2,3,1981,2,2
1991,2,450170,1,2,2,2,1,1,3,4,2,3,1983,2,2
1991,1,450171,2,2,2,2,1,1,3,4,2,3,1984,2,2
1991,2,450171,9,4,4,2,2,2,3,4,2,3,9999,2,2
1991,1,450172,1,5,2,1,1,1,3,4,1,3,1989,2,2
1991,1,450173,1,2,2,2,1,1,3,4,2,3,1983,2,2
1991,2,450173,1,2,2,2,1,1,3,4,2,3,1985,2,2
1991,1,450174,1,5,2,1,1,1,3,4,1,3,1977,2,2
1991,1,450175,2,3,2,1,1,1,3,4,1,3,1978,2,2
1991,1,450176,2,1,1,1,2,2,3,4,2,3,1969,2,2
1991,1,450177,1,2,2,1,1,1,3,4,2,3,1991,2,2
1991,1,450178,9,5,5,2,1,1,3,4,2,3,9999,2,2
1991,2,450178,2,3,3,2,1,1,3,4,2,3,1984,2,2
1991,1,450179,1,2,2,1,1,1,3,4,2,3,1991,2,2
1991,1,450180,2,2,2,2,1,1,3,4,2,3,1991,2,2
1991,1,450181,1,5,5,2,1,1,3,4,2,3,1984,2,2
1991,2,450181,1,3,3,2,1,1,3,4,2,3,1988,2,2
1991,1,450182,1,2,2,2,1,1,3,4,2,3,1987,2,2
1991,2,450182,6,2,2,2,1,1,3,4,2,3,1989,2,2
1991,1,450183,3,5,2,1,1,1,3,4,1,3,1989,2,2
1991,1,450184,1,2,2,2,1,1,3,4,2,3,1976,2,2
1991,2,450184,2,2,2,2,1,1,3,4,2,3,1972,2,2
1991,1,450185,1,2,2,2,1,1,3,4,2,3,1975,2,2
1991,1,450186,1,2,2,2,1,1,3,4,2,3,1985,2,2
1991,1,450187,2,2,2,2,1,1,3,4,2,3,1981,2,2
1991,1,450188,2,5,3,1,1,1,3,4,2,3,1991,2,2
1991,1,450189,6,1,1,2,2,2,3,4,2,3,1986,2,2
1991,1,450190,1,5,5,1,1,1,3,4,1,3,1985,2,2
1991,1,450191,1,5,5,2,1,1,3,4,2,3,1984,2,2
1991,1,450192,3,5,5,2,1,1,3,4,2,3,1985,2,2
1991,1,450193,1,2,2,2,1,1,3,4,2,3,1986,2,2
1991,2,450193,1,2,2,2,1,1,3,4,1,3,1986,2,2
1991,1,450194,1,2,2,2,1,1,3,4,2,3,1990,2,2
1991,1,450195,1,2,2,2,2,2,3,4,1,3,1986,2,2
1991,1,450196,1,2,2,2,1,1,3,4,2,3,1988,2,2
1991,2,450196,7,2,2,2,4,1,3,1,2,3,1983,2,2
1991,1,450197,1,1,1,1,1,1,3,4,1,3,1978,2,2
1991,1,450198,9,2,5,2,1,1,3,4,1,3,9999,2,2
1991,1,450199,1,3,3,2,1,1,3,4,1,3,1987,2,2
1991,1,450200,1,2,2,2,1,1,3,4,2,3,1984,2,2
1991,2,450200,6,2,2,2,1,1,3,4,2,3,1986,2,2
1991,1,450201,1,1,1,1,1,1,3,4,1,3,1990,2,2
1991,1,450202,1,3,5,2,1,1,3,4,2,3,1977,2,2
1991,2,450202,1,2,2,2,1,1,3,4,2,3,1991,2,2
1991,1,450203,1,2,2,2,1,1,3,4,2,3,1989,2,2
1991,1,450204,1,5,5,1,1,1,3,4,1,3,1989,2,2
1991,1,450205,2,2,2,2,1,1,3,4,2,3,1990,2,2
1991,1,450206,2,2,2,2,1,1,3,4,2,3,1969,2,2
1991,2,450206,1,2,2,2,1,1,3,4,2,3,1983,2,2
1991,1,450207,1,2,2,2,1,1,3,4,2,3,1983,2,2
1991,1,450208,1,3,3,2,2,2,3,4,1,3,1984,2,2
1991,1,450209,2,2,2,2,1,1,3,4,1,3,1991,2,2
1991,1,450210,7,2,2,2,4,2,3,2,1,3,1989,2,2
1991,1,450211,1,5,5,2,1,1,3,4,2,3,1980,2,2
1991,1,450212,2,2,2,1,1,1,3,4,2,3,1979,2,2
1991,2,450212,1,5,5,1,1,1,3,4,2,3,1978,2,2
1991,1,450213,6,4,4,2,1,1,3,4,2,3,1988,2,2
1991,2,450213,6,2,4,2,1,1,3,4,2,3,1967,2,2
1991,3,450213,1,2,4,2,1,1,3,4,2,3,1980,2,2
1991,4,450213,1,2,4,2,1,1,3,4,2,3,1986,2,2
1991,5,450213,6,2,2,1,1,1,3,4,1,3,1981,2,2
1991,1,450214,2,5,5,2,1,1,3,4,2,3,1989,2,2
1991,1,450215,2,2,2,2,1,1,3,4,2,3,1985,2,2
1991,2,450215,2,2,2,2,1,1,3,4,2,3,1986,2,2
1991,1,450216,9,7,7,2,3,3,3,4,2,3,9999,2,2
1991,1,450217,9,3,5,1,1,1,3,4,1,3,9999,2,2
1991,1,450218,2,2,2,1,1,1,3,4,1,3,1987,2,2
1991,1,450219,1,2,2,1,1,1,3,4,1,3,1982,2,2
1991,1,450220,2,2,2,2,1,1,3,4,2,3,9999,2,2
1991,2,450220,1,2,2,2,1,1,3,4,2,3,1988,2,2
1991,1,450221,1,5,5,2,2,2,3,4,1,3,1982,2,2
1991,1,450222,3,5,5,1,1,1,3,4,2,3,1971,2,2
1991,2,450222,7,2,2,2,4,2,3,2,2,3,1990,2,2
1991,1,450223,1,2,2,2,1,1,3,4,2,3,1985,2,2
1991,2,450223,1,2,2,2,1,1,3,4,2,3,1980,2,2
1991,1,450224,1,5,5,2,1,1,3,4,1,3,1978,2,2
1991,1,450225,9,3,3,2,1,1,3,4,1,3,1989,2,2
1991,1,450226,2,2,2,2,1,1,3,4,2,3,1986,2,2
1991,2,450226,1,2,2,2,1,1,3,4,2,3,1986,2,2
1991,1,450227,6,2,2,2,1,1,3,4,2,3,1979,2,2
1991,1,450228,2,2,2,2,1,1,3,4,2,3,1987,2,2
1991,2,450228,1,3,3,2,1,1,3,4,2,3,1979,2,2
1991,1,450229,1,2,2,2,1,1,3,4,2,3,1985,2,2
1991,1,450230,1,2,2,2,1,1,3,4,2,3,1983,2,2
1991,2,450230,9,2,2,2,1,1,3,4,2,3,1987,2,1
1991,1,450231,6,2,2,2,1,1,3,4,2,3,1989,2,2
1991,2,450231,1,5,5,2,2,2,3,4,2,3,1979,2,2
1991,1,450232,9,5,5,2,1,1,3,4,2,3,1990,2,2
1991,1,450233,1,3,3,2,2,2,3,4,2,3,1983,2,1
1991,1,450234,4,2,2,1,1,1,3,4,2,3,1991,1,2
1991,1,450235,1,5,2,1,1,1,3,4,2,3,1989,2,2
1991,1,450236,1,2,2,2,1,1,3,4,2,3,1987,2,2
1991,1,450237,4,1,1,1,3,3,3,4,2,3,1989,2,1
1991,1,450238,1,2,2,2,1,1,3,4,2,3,1979,2,2
1991,2,450238,7,5,5,2,4,1,3,1,2,3,1982,2,2
1991,1,450239,1,2,5,2,1,1,3,4,2,3,1979,2,2
1991,1,450240,1,2,2,2,1,1,3,4,2,3,1974,2,2
1991,1,450241,9,2,2,2,3,3,3,4,2,3,9999,2,2
1991,1,450242,1,2,2,2,1,1,3,4,2,3,1978,2,2
1991,1,450243,2,2,2,2,1,1,3,4,2,3,1979,2,2
1991,2,450243,1,2,2,2,1,1,3,4,2,3,1984,2,2
1991,1,450244,1,2,2,2,1,1,3,4,2,3,1983,2,2
1991,2,450244,1,5,5,2,1,1,3,4,2,3,1982,2,2
1991,1,450245,1,1,1,1,2,1,3,4,1,3,1986,2,2
1991,1,450246,1,2,3,2,1,1,3,4,2,3,1978,2,2
1991,2,450246,1,2,2,2,1,1,3,4,2,3,1986,2,2
1991,1,450247,2,3,3,1,1,1,3,4,2,3,1989,2,2
1991,2,450247,1,2,2,2,1,1,3,4,2,3,1990,2,2
1991,1,450248,1,2,2,2,1,1,3,4,2,3,1988,2,2
1991,2,450248,6,2,2,2,1,1,3,4,2,3,1981,2,2
1991,1,450249,2,2,2,1,1,1,3,4,1,3,1981,2,2
1991,1,450250,1,2,5,1,1,1,3,4,2,3,1983,2,2
1991,2,450250,1,6,6,2,1,1,3,4,2,3,1978,2,2
1991,1,450251,2,5,5,2,1,1,3,4,2,3,1985,2,2
1991,1,450252,1,3,3,2,1,1,3,4,2,3,1980,2,2
1991,2,450252,1,2,2,2,1,1,3,4,2,3,1977,2,2
1991,1,450253,1,2,2,2,1,1,3,4,2,3,1986,2,2
1991,1,450254,6,2,2,2,1,1,3,4,2,3,1979,2,2
1991,2,450254,1,2,2,2,1,1,3,4,2,3,1981,2,2
1991,1,450255,1,3,3,2,1,1,3,4,2,3,1988,2,2
1991,2,450255,1,2,2,2,1,1,3,4,2,3,1979,2,2
1991,1,450256,1,5,5,2,1,1,3,4,2,3,1975,2,2
1991,2,450256,2,2,2,2,1,1,3,4,2,3,1988,2,2
1991,1,450257,1,5,5,2,1,1,3,4,2,3,1990,2,2
1991,2,450257,6,3,3,2,1,1,3,4,2,3,1978,2,2
1991,1,450258,7,3,3,2,4,2,3,2,2,3,1988,2,2
1991,2,450258,2,3,3,2,1,1,3,4,2,3,1986,2,2
1991,1,450259,1,2,2,2,1,1,3,4,2,3,1990,2,2
1991,2,450259,1,5,5,2,2,2,3,4,2,3,1984,2,2
1991,1,450260,1,2,2,2,1,1,3,4,1,3,1979,2,2
1991,1,450261,2,2,2,2,1,1,3,4,2,3,1989,2,2
1991,2,450261,6,5,2,2,1,1,3,4,2,3,1979,2,2
1991,1,450262,2,5,5,2,1,1,3,4,1,3,1981,2,2
1991,1,450263,1,4,4,2,1,1,3,4,2,3,1983,2,2
1991,2,450263,2,2,2,2,1,1,3,4,1,3,1986,2,2
1991,1,450264,1,2,2,2,1,1,3,4,2,3,1981,2,2
1991,1,450265,6,2,2,2,1,1,3,4,2,3,1990,2,2
1991,2,450265,2,4,2,1,1,1,3,4,1,3,1971,2,2
1991,1,450266,2,5,5,2,2,2,3,4,1,3,1976,2,2
1991,1,450267,1,2,2,2,1,1,3,4,2,3,1982,2,2
1991,1,450268,1,2,2,2,1,1,3,4,2,3,1981,2,2
1991,2,450268,1,2,2,2,1,1,3,4,2,3,1985,2,2
1991,1,450269,1,2,2,2,1,1,3,4,2,3,1982,2,2
1991,1,450270,1,5,5,2,1,1,3,4,2,3,1982,2,2
1991,2,450270,6,2,2,2,1,1,3,4,2,3,1990,1,2
1991,1,450272,2,5,5,2,1,1,3,4,2,3,1968,2,2
1991,2,450272,1,2,2,2,1,1,3,4,2,3,1985,2,2
1991,1,450273,2,3,3,2,1,1,3,4,2,3,1988,2,2
1991,1,450274,1,2,2,2,1,1,3,4,2,3,1984,2,2
1991,1,450275,1,2,2,2,2,2,3,4,1,3,1978,2,2
1991,1,450276,4,2,2,2,2,2,3,4,2,3,1987,2,2
1991,1,450277,7,4,4,2,4,1,3,1,2,3,1987,2,2
1991,2,450277,1,5,5,2,1,1,3,4,1,3,1987,2,2
1991,1,450278,1,2,5,1,1,1,3,4,1,3,1986,2,2
1991,1,450279,1,2,2,1,1,1,3,4,2,3,1978,2,2
1991,2,450279,1,2,2,2,1,1,3,4,2,3,1987,2,2
1991,1,450280,1,4,2,1,2,2,3,4,1,3,1983,2,2
1991,1,450281,1,2,2,1,1,1,3,4,1,3,1989,2,2
1991,1,450282,2,2,2,2,1,1,3,4,2,3,1981,2,2
1991,2,450282,1,2,2,2,1,1,3,4,1,3,1975,2,2
1991,1,450283,2,4,4,2,1,1,3,4,2,3,1976,2,2
1991,2,450283,7,2,2,2,4,1,3,1,1,3,1987,2,2
1991,1,450284,1,3,3,2,1,1,3,4,2,3,1985,2,2
1991,2,450284,1,2,2,2,1,1,3,4,2,3,1985,2,2
1991,1,450285,1,4,4,2,1,1,3,4,2,3,1981,2,2
1991,2,450285,9,2,2,2,1,1,3,4,1,3,1989,2,2
1991,1,450286,1,2,2,2,1,1,3,4,2,3,1984,2,2
1991,2,450286,1,5,5,2,1,1,3,4,2,3,1989,2,2
1991,1,450288,1,2,2,2,1,1,3,4,1,3,1987,2,2
1991,1,450289,2,1,1,2,1,1,3,4,2,3,1986,2,2
1991,1,450290,2,1,1,1,1,1,3,4,2,3,1986,2,1
1991,1,450291,1,5,5,2,1,1,3,4,2,3,1991,2,2
1991,1,450292,2,3,3,1,1,1,3,4,1,3,1983,2,2
1991,1,450293,3,2,2,2,1,1,3,4,2,3,1982,2,2
1991,2,450293,1,2,2,2,1,1,3,4,2,3,1987,2,2
1991,1,450294,1,2,2,2,1,1,3,4,2,3,1974,2,2
1991,2,450294,2,5,5,2,1,1,3,4,2,3,1980,2,2
1991,1,450295,1,2,2,2,1,1,3,4,2,3,1986,2,2
1991,2,450295,1,2,2,2,1,1,3,4,2,3,1986,2,2
1991,1,450297,2,2,2,2,1,1,3,4,2,3,1990,2,2
1991,2,450297,1,5,5,2,1,1,3,4,2,3,1982,2,2
1991,1,450298,2,5,5,2,1,1,3,4,2,3,1981,2,2
1991,1,450299,7,2,2,2,4,2,3,2,1,3,1989,2,2
1991,1,450301,1,5,5,2,1,1,3,4,2,3,1986,2,2
1991,2,450301,1,5,5,1,1,1,3,4,2,3,1991,2,2
1991,1,450302,1,5,5,2,1,1,3,4,2,3,1987,2,2
1991,2,450302,2,2,2,1,1,1,3,4,2,3,1988,2,2
1991,1,450303,1,2,2,2,1,1,3,4,2,3,1981,2,2
1991,2,450303,1,2,2,2,1,1,3,4,2,3,1977,2,2
1991,1,450304,1,2,2,2,1,1,3,4,2,3,1973,2,2
1991,2,450304,1,2,2,2,1,1,3,4,2,3,1987,2,2
1991,1,450305,2,2,2,2,1,1,3,4,2,3,1972,2,2
1991,1,450306,1,2,2,1,1,1,3,4,1,3,1979,2,2
1991,1,450307,1,2,2,1,1,1,3,4,1,3,1987,2,2
1991,1,450308,2,2,2,2,1,1,3,4,2,3,1986,2,2
1991,2,450308,1,5,5,2,1,1,3,4,2,3,1981,2,2
1991,1,450309,1,2,2,2,1,1,3,4,2,3,1977,2,2
1991,2,450309,1,5,5,2,1,1,3,4,2,3,1980,2,2
1991,1,450310,1,2,2,2,1,1,3,4,2,3,1988,2,2
1991,1,450311,1,5,5,2,1,1,3,4,2,3,1980,2,2
1991,2,450311,2,2,2,2,1,1,3,4,2,3,1989,2,2
1991,1,450312,2,2,2,2,1,1,3,4,2,3,1990,2,2
1991,2,450312,1,5,3,2,1,1,3,4,1,3,1987,2,2
1991,1,450313,1,5,5,2,1,1,3,4,2,3,1986,2,2
1991,1,450314,2,5,2,1,1,1,3,4,1,3,1986,2,2
1991,1,450315,7,5,5,2,4,1,3,1,2,3,1983,2,2
1991,1,450316,1,5,2,1,1,1,3,4,2,3,1977,2,2
1991,1,450317,2,5,2,2,1,1,3,4,2,3,1983,2,2
1991,2,450317,1,2,2,2,1,1,3,4,2,3,1980,2,2
1991,3,450317,1,5,5,2,1,1,3,4,2,3,1988,2,2
1991,1,450318,1,5,5,2,1,1,3,4,2,3,1990,2,2
1991,1,450319,1,3,3,2,1,1,3,4,2,3,1982,2,2
1991,1,450320,3,2,2,1,1,1,3,4,1,3,1970,2,2
1991,1,450322,1,3,2,1,1,1,3,4,1,3,1984,2,2
1991,1,450323,1,4,4,2,1,1,3,4,2,3,1986,2,2
1991,2,450323,9,2,2,1,1,1,3,4,1,3,1990,2,2
1991,1,450324,1,3,3,2,1,1,3,4,2,3,1982,2,2
1991,1,450325,1,2,2,2,1,1,3,4,2,3,1979,2,1
1991,1,450326,9,2,2,2,1,1,3,4,2,3,1988,2,2
1991,2,450326,1,2,2,2,1,1,3,4,2,3,1967,2,2
1991,3,450326,2,2,2,2,1,1,3,4,2,3,1986,2,2
1991,1,450327,6,2,2,2,1,1,3,4,2,3,1983,2,2
1991,2,450327,1,5,5,2,3,3,3,4,2,3,1990,2,2
1991,1,450328,1,2,2,2,1,1,3,4,2,3,1989,2,2
1991,2,450328,1,3,3,2,1,1,3,4,2,3,1991,2,2
1991,1,450329,2,2,2,2,1,1,3,4,1,3,1969,2,2
1991,1,450330,2,2,2,2,1,1,3,4,2,3,1989,2,2
1991,2,450330,1,2,2,2,1,1,3,4,1,3,1985,2,2
1991,1,450331,1,2,2,2,1,1,3,4,2,3,1986,2,2
1991,1,450332,2,2,2,2,1,1,3,4,1,3,1989,2,2
1991,2,450332,9,2,2,2,1,1,3,4,2,3,9999,2,2
1991,1,450333,1,2,2,2,1,1,3,4,2,3,9999,2,2
1991,1,450334,1,5,5,2,1,1,3,4,2,3,1984,2,2
1991,2,450334,1,2,2,2,1,1,3,4,2,3,1981,2,2
1991,1,450335,1,2,2,2,1,1,3,4,2,3,1984,2,2
1991,2,450335,7,5,5,2,4,2,3,2,2,3,9999,2,2
1991,1,450336,9,2,2,1,1,1,3,4,1,3,9999,2,2
1991,1,450337,1,5,2,1,1,1,3,4,1,3,1983,2,2
1991,1,450338,4,2,2,1,1,1,3,4,2,3,1972,2,2
1991,1,450339,1,5,2,2,1,1,3,4,2,3,1956,2,2
1991,2,450339,1,2,2,2,1,1,3,4,2,3,1990,2,2
1991,3,450339,1,2,2,2,1,1,3,4,2,3,1984,2,2
1991,1,450340,9,5,5,2,1,1,3,4,2,3,9999,2,2
1991,1,450341,9,2,2,2,3,3,3,4,2,3,9999,2,2
1991,1,450342,2,5,5,1,1,1,3,4,2,3,1988,2,2
1991,2,450342,1,2,2,2,1,1,3,4,2,3,1986,2,2
1991,1,450343,1,3,3,2,2,2,3,4,2,3,1982,2,2
1991,2,450343,1,2,2,2,1,1,3,4,2,3,1990,2,2
1991,1,450344,1,5,5,2,1,1,3,4,1,3,1987,2,2
1991,1,450345,7,5,5,2,4,1,3,1,1,3,1982,2,2
1991,1,450346,7,5,4,2,4,1,3,1,2,3,1983,2,2
1991,2,450346,6,5,5,2,1,1,3,4,2,3,1985,2,2
1991,1,450347,2,2,2,2,1,1,3,4,2,3,1985,2,2
1991,1,450348,1,2,2,1,1,1,3,4,2,3,1979,2,2
1991,1,450349,1,2,2,2,1,1,3,4,2,3,1984,2,2
1991,1,450350,1,2,2,1,1,1,3,4,1,3,1978,2,2
1991,1,450351,2,2,2,2,3,3,3,4,2,3,1974,2,2
1991,1,450352,1,2,2,2,1,1,3,4,2,3,1986,2,2
1991,1,450353,1,2,2,1,1,1,3,4,1,3,1977,2,2
1991,1,450354,7,1,1,2,4,2,3,2,1,3,9999,2,2
1991,1,450355,1,2,2,2,1,1,3,4,2,3,1986,2,2
1991,2,450355,2,2,2,2,1,1,3,4,2,3,1985,2,2
1991,3,450355,6,2,2,2,1,1,3,4,2,3,1981,2,2
1991,4,450355,2,2,2,2,1,1,3,4,2,3,1990,2,2
1991,1,450356,1,5,5,2,1,1,3,4,2,3,1982,2,2
1991,2,450356,1,2,2,2,1,1,3,4,1,3,1978,2,2
1991,1,450357,9,2,2,2,1,1,3,4,2,3,1989,2,2
1991,2,450357,9,2,2,2,1,1,3,4,2,3,9999,2,2
1991,1,450358,1,2,2,2,1,1,3,4,1,3,1991,2,2
1991,2,450358,1,5,5,2,1,1,3,4,2,3,1977,2,2
1991,1,450359,1,2,2,2,1,1,3,4,2,3,1987,2,2
1991,1,450360,7,4,4,2,4,1,3,1,2,3,1982,2,2
1991,2,450360,7,2,2,2,4,1,3,1,1,3,1989,2,2
1991,1,450361,2,2,2,2,1,1,3,4,2,3,1989,2,2
1991,2,450361,1,2,2,2,1,1,3,4,1,3,1966,2,2
1991,1,450362,4,2,2,1,1,1,3,4,2,3,1987,2,1
1991,1,450363,1,2,2,2,1,1,3,4,1,3,1977,2,2
1991,1,450364,1,2,2,2,1,1,3,4,2,3,1988,2,2
1991,2,450364,7,2,2,2,4,2,3,2,1,3,9999,2,2
1991,1,450365,1,2,2,2,1,1,3,4,2,3,1987,2,2
1991,2,450365,1,2,2,2,1,1,3,4,1,3,1991,2,2
1991,1,450366,1,2,2,2,1,1,3,4,2,3,1984,2,2
1991,2,450366,2,2,2,2,1,1,3,4,2,3,1990,2,2
1991,1,450367,6,5,5,2,1,1,3,4,2,3,1984,2,2
1991,2,450367,2,2,2,2,2,2,3,4,2,3,1984,2,2
1991,1,450368,1,2,2,2,1,1,3,4,2,3,1987,2,2
1991,1,450369,2,2,2,2,1,1,3,4,2,3,1990,2,2
1991,2,450369,9,2,2,2,1,1,3,4,2,3,1990,2,2
1991,1,450370,9,5,5,2,3,3,3,4,2,3,9999,2,2
1991,1,450371,2,2,2,2,1,1,3,4,2,3,1991,2,2
1991,1,450372,1,5,5,1,1,1,3,4,2,3,1980,2,2
1991,2,450372,2,2,2,2,1,1,3,4,2,3,1986,2,2
1991,3,450372,2,2,2,2,1,1,3,4,1,3,1984,2,2
1991,1,450373,9,3,2,1,1,1,3,4,1,3,9999,2,2
1991,1,450374,3,3,2,2,1,1,3,4,1,3,1969,2,2
1991,1,450375,1,2,2,2,2,2,3,4,1,3,1977,2,2
1991,1,450376,1,2,2,2,1,1,3,4,2,3,1988,2,2
1991,1,450377,1,5,5,2,1,1,3,4,1,3,1974,2,2
1991,1,450378,7,2,2,2,4,1,3,1,1,3,1988,2,2
1991,1,450379,1,4,4,1,1,1,3,4,2,3,1984,2,2
1991,2,450379,1,2,2,2,1,1,3,4,1,3,1980,2,2
1991,1,450380,1,5,5,2,1,1,3,4,1,3,1976,2,2
1991,1,450381,1,2,2,2,1,1,3,4,2,3,1984,2,2
1991,2,450381,1,5,5,2,2,2,3,4,2,3,9999,2,2
1991,1,450382,2,1,1,1,1,1,3,4,2,3,1983,2,2
1991,1,450383,2,4,4,2,1,1,3,4,2,3,1985,2,2
1991,2,450383,1,2,2,2,1,1,3,4,1,3,1990,2,2
1991,1,450384,1,2,2,2,1,1,3,4,1,3,1985,2,2
1991,1,450385,9,2,2,2,1,1,3,4,1,3,9999,2,2
1991,2,450385,2,2,2,2,1,1,3,4,2,3,1985,2,2
1991,1,450386,1,5,5,2,1,1,3,4,1,3,1991,2,2
1991,1,450387,9,2,2,2,1,1,3,4,2,3,1986,2,2
1991,2,450387,1,5,2,1,1,1,3,4,2,3,1989,2,2
1991,1,450388,6,2,2,2,1,1,3,4,2,3,1985,2,2
1991,2,450388,1,3,3,2,1,1,3,4,2,3,1989,2,2
1991,1,450389,1,2,2,2,1,1,3,4,1,3,1979,2,2
1991,1,450390,1,3,3,2,1,1,3,4,2,3,1991,2,2
1991,1,450391,1,2,2,1,1,1,3,4,1,3,1983,2,2
1991,1,450392,2,2,2,2,3,3,3,4,2,3,9999,2,2
1991,1,450393,1,2,2,2,1,1,3,4,2,3,1967,2,2
1991,2,450393,1,3,3,2,1,1,3,4,2,3,1986,2,2
1991,1,450394,1,2,2,2,1,1,3,4,1,3,1989,2,2
1991,1,450395,1,2,2,2,1,1,3,4,1,3,1983,2,2
1991,1,450396,1,5,5,2,1,1,3,4,2,3,1990,2,2
1991,2,450396,1,2,2,2,1,1,3,4,2,3,1986,2,2
1991,1,450397,1,5,2,1,1,1,3,4,1,3,1977,2,1
1991,1,450398,1,2,2,2,1,1,3,4,2,3,1980,2,2
1991,2,450398,2,2,2,2,1,1,3,4,2,3,1974,2,2
1991,1,450399,1,5,2,2,1,1,3,4,1,3,1978,2,2
1991,1,450400,2,2,2,2,1,1,3,4,2,3,1989,2,2
1991,1,450401,1,2,2,2,1,1,3,4,2,3,1987,2,2
1991,1,450402,1,5,5,2,1,1,3,4,2,3,1984,2,1
1991,1,450403,1,5,5,2,1,1,3,4,2,3,1990,2,2
1991,1,450404,2,2,2,2,1,1,3,4,2,3,1989,2,2
1991,1,450405,2,5,5,2,1,1,3,4,2,3,1985,2,2
1991,1,450406,2,5,5,2,1,1,3,4,2,3,1972,2,2
1991,1,450407,7,2,2,2,4,2,3,2,1,3,1982,2,2
1991,1,450408,1,5,5,2,3,3,3,4,2,3,1986,2,2
1991,2,450408,7,2,2,2,4,3,3,3,1,3,1990,2,2
1991,1,450409,4,1,1,1,1,1,3,4,1,3,1984,2,2
1991,1,450410,3,2,2,2,1,1,3,4,1,3,1990,2,2
1991,1,450411,1,5,5,1,1,1,3,4,1,3,1990,2,2
1991,1,450412,2,2,2,2,1,1,3,4,1,3,1989,2,2
1991,1,450413,1,2,2,2,1,1,3,4,1,3,1983,2,2
1991,1,450414,7,2,2,2,4,1,3,1,1,3,1983,2,2
1991,1,450415,1,4,2,2,1,1,3,4,1,3,1989,2,2
1991,2,450415,1,4,4,2,1,1,3,4,2,3,1980,2,2
1991,3,450415,4,2,2,2,1,1,3,4,2,3,1989,2,2
1991,1,450416,4,2,2,2,1,1,3,4,2,3,1969,2,2
1991,1,450417,1,2,2,2,1,1,3,4,1,3,1981,2,2
1991,1,450418,9,5,5,2,3,3,3,4,2,3,9999,2,2
1991,1,450419,1,5,5,2,1,1,3,4,2,3,1987,2,2
1991,2,450419,2,2,2,2,1,1,3,4,1,3,1983,2,2
1991,1,450420,2,2,2,2,1,1,3,4,2,3,1983,2,2
1991,2,450420,1,2,2,2,1,1,3,4,2,3,1982,2,2
1991,1,450421,1,2,2,2,1,1,3,4,2,3,1983,2,2
1991,2,450421,2,2,2,2,1,1,3,4,2,3,1983,2,2
1991,1,450422,6,2,2,1,1,1,3,4,1,3,1985,2,2
1991,1,450423,1,4,5,2,1,1,3,4,1,3,1990,2,2
1991,2,450423,1,5,5,2,1,1,3,4,2,3,1990,2,2
1991,3,450423,1,2,2,2,1,1,3,4,2,3,1990,2,2
1991,4,450423,1,4,4,2,1,1,3,4,2,3,1981,2,2
1991,1,450424,1,5,5,1,1,1,3,4,2,3,1985,2,2
1991,2,450424,1,2,2,2,1,1,3,4,2,3,1981,2,2
1991,1,450425,1,2,2,2,1,1,3,4,1,3,1987,2,2
1991,1,450426,1,1,1,1,1,1,3,4,1,3,1985,2,2
1991,1,450427,1,2,2,1,1,1,3,4,2,3,1982,2,2
1991,2,450427,2,5,5,2,1,1,3,4,1,3,1986,2,2
1991,1,450428,1,2,2,2,1,1,3,4,2,3,1979,2,2
1991,1,450429,1,5,5,2,1,1,3,4,2,3,1982,2,2
1991,1,450430,1,2,2,2,1,1,3,4,1,3,1985,2,2
1991,2,450430,1,2,2,2,1,1,3,4,2,3,1978,2,2
1991,1,450431,2,4,4,2,1,1,3,4,2,3,1991,2,2
1991,2,450431,1,2,4,2,1,1,3,4,2,3,1989,2,2
1991,3,450431,1,2,4,2,1,1,3,4,1,3,1987,2,2
1991,4,450431,6,5,5,2,1,1,3,4,2,3,1983,2,2
1991,1,450432,6,2,2,2,1,1,3,4,2,3,1984,2,2
1991,2,450432,1,2,2,2,1,1,3,4,2,3,1990,2,2
1991,1,450433,1,3,5,2,1,1,3,4,1,3,1972,2,2
1991,2,450433,4,3,3,2,3,3,3,4,2,3,1984,2,2
1991,1,450434,1,5,5,2,1,1,3,4,2,3,1984,2,2
1991,1,450435,1,2,2,2,2,2,3,4,1,3,1991,2,1
1991,1,450436,3,5,5,2,1,1,3,4,1,3,1984,2,2
1991,2,450436,1,2,2,2,1,1,3,4,2,3,1987,2,2
1991,1,450437,1,2,2,2,1,1,3,4,2,3,1983,2,2
1991,2,450437,2,5,5,2,1,1,3,4,1,3,1987,2,2
1991,1,450438,1,2,2,2,1,1,3,4,1,3,1983,2,2
1991,1,450439,2,5,5,2,1,1,3,4,2,3,1983,2,2
1991,2,450439,1,2,2,2,1,1,3,4,2,3,1982,2,2
1991,1,450440,7,2,2,2,4,1,3,1,2,3,1987,2,2
1991,1,450441,1,2,2,2,1,1,3,4,1,3,1987,2,2
1991,1,450442,1,2,2,2,1,1,3,4,1,3,1986,2,2
1991,1,450443,6,5,5,2,1,1,3,4,2,3,1991,2,2
1991,2,450443,2,2,2,2,1,1,3,4,2,3,1988,2,2
1991,1,450444,6,4,4,2,1,1,3,4,2,3,1973,2,2
1991,2,450444,2,2,2,2,3,3,3,4,1,3,1985,2,2
1991,1,450445,1,2,2,2,1,1,3,4,2,3,1988,2,2
1991,1,450446,1,2,2,2,1,1,3,4,1,3,1981,2,2
1991,1,450447,2,1,1,1,1,1,3,4,2,3,1984,2,2
1991,1,450448,2,5,5,2,1,1,3,4,2,3,1984,2,2
1991,2,450448,7,2,2,2,4,1,3,1,2,3,1988,2,2
1991,1,450449,1,2,2,1,1,1,3,4,1,3,1983,2,2
1991,1,450450,1,2,2,1,1,1,3,4,1,3,1986,2,2
1991,1,450451,2,2,2,2,1,1,3,4,2,3,1991,2,2
1991,2,450451,1,5,5,2,1,1,3,4,2,3,1988,2,2
1991,1,450453,1,5,5,2,1,1,3,4,2,3,1977,2,2
1991,2,450453,1,5,2,2,1,1,3,4,1,3,1981,2,2
1991,3,450453,2,2,2,2,1,1,3,4,2,3,1988,2,2
1991,1,450454,2,2,2,1,1,1,3,4,2,3,1988,2,2
1991,2,450454,2,2,2,2,1,1,3,4,2,3,1973,2,2
1991,1,450456,6,3,3,2,1,1,3,4,2,3,1980,2,2
1991,2,450456,1,2,2,2,1,1,3,4,1,3,1987,2,2
1991,1,450457,7,2,2,2,4,2,3,2,1,3,1986,2,2
1991,1,450458,1,5,5,1,1,1,3,4,1,3,1988,2,2
1991,1,450459,2,2,2,2,1,1,3,4,2,3,1985,2,2
1991,2,450459,1,3,3,2,1,1,3,4,1,3,1988,2,2
1991,1,450460,1,3,2,1,3,3,3,4,1,3,1988,2,2
1991,1,450461,2,1,1,1,1,1,3,4,1,3,1985,2,2
1991,1,450462,9,2,2,2,3,3,3,4,2,3,9999,2,2
1991,1,450463,1,5,5,2,1,1,3,4,1,3,1988,2,2
1991,1,450464,2,2,2,2,1,1,3,4,1,3,1980,2,2
1991,1,450465,2,4,2,1,1,1,3,4,1,3,1989,2,2
1991,1,450466,1,5,2,2,1,1,3,4,1,3,1985,2,2
1991,2,450466,1,5,4,2,1,1,3,4,2,3,1989,2,2
1991,1,450467,7,2,2,2,4,1,3,1,1,3,1983,2,2
1991,1,450468,2,5,2,1,1,1,3,4,1,3,1985,2,2
1991,1,450469,2,2,2,2,1,1,3,4,2,3,1988,2,2
1991,2,450469,1,2,2,2,1,1,3,4,2,3,1983,2,2
1991,1,450470,2,3,3,2,1,1,3,4,2,3,1968,2,2
1991,1,450471,3,2,2,2,1,1,3,4,2,3,1988,2,2
1991,2,450471,1,5,5,2,1,1,3,4,2,3,1985,2,2
1991,3,450471,1,2,2,2,1,1,3,4,2,3,1967,2,2
1991,1,450472,2,2,2,1,1,1,3,4,1,3,1988,2,2
1991,1,450473,7,2,2,2,4,1,3,1,1,3,1986,2,2
1991,1,450475,1,2,2,2,1,1,3,4,2,3,1985,2,2
1991,2,450475,2,3,3,2,1,1,3,4,2,3,1986,2,2
1991,1,450476,2,1,1,1,1,1,3,4,1,3,1986,2,2
1991,1,450477,1,2,5,2,1,1,3,4,1,3,1991,2,2
1991,1,450478,7,5,5,2,4,2,3,2,1,3,1991,2,2
1991,1,450479,4,5,5,2,1,1,3,4,2,3,1980,2,2
1991,1,450480,1,2,5,1,1,1,3,4,1,3,1983,2,2
1991,1,450481,1,2,2,2,1,1,3,4,2,3,1981,2,2
1991,2,450481,1,2,2,2,1,1,3,4,2,3,1979,2,2
1991,1,450482,1,2,2,2,1,1,3,4,2,3,1989,2,2
1991,1,450483,6,2,2,2,1,1,3,4,2,3,1982,2,2
1991,2,450483,1,5,5,2,1,1,3,4,2,3,1980,2,2
1991,1,450484,1,2,2,2,1,1,3,4,2,3,1973,2,2
1991,1,450485,1,1,1,1,3,3,3,4,1,3,1989,2,2
1991,1,450486,9,5,5,2,3,3,3,4,2,3,9999,2,2
1991,1,450487,1,3,3,1,1,1,3,4,1,3,1987,2,2
1991,1,450488,1,2,2,2,1,1,3,4,2,3,1990,2,2
1991,2,450488,2,3,3,2,1,1,3,4,2,3,1984,2,2
1991,1,450489,1,2,2,2,1,1,3,4,2,3,1988,2,2
1991,1,450490,7,2,2,2,4,1,3,1,2,3,1988,2,2
1991,1,450491,3,2,2,2,1,1,3,4,2,3,1989,2,2
1991,2,450491,1,3,3,2,1,1,3,4,2,3,1981,2,2
1991,1,450492,9,2,2,2,1,1,3,4,2,3,1972,2,2
1991,1,450493,6,2,2,2,1,1,3,4,2,3,1987,2,2
1991,2,450493,1,2,2,2,1,1,3,4,2,3,1991,2,2
1991,1,450494,3,2,2,1,1,1,3,4,1,3,1988,2,2
1991,1,450495,1,3,3,2,1,1,3,4,1,3,1985,2,2
1991,1,450496,2,2,2,2,1,1,3,4,2,3,1986,2,2
1991,2,450496,1,2,2,2,1,1,3,4,2,3,1984,2,2
1991,1,450497,7,1,1,2,4,1,3,1,1,3,1980,2,2
1991,1,450498,1,2,2,2,1,1,3,4,2,3,1991,2,2
1991,2,450498,1,2,2,2,1,1,3,4,2,3,1982,2,2
1991,1,450499,1,2,2,2,1,1,3,4,1,3,1985,2,2
1991,1,450500,1,2,5,2,1,1,3,4,1,3,1982,2,2
1991,1,450501,2,2,2,2,1,1,3,4,2,3,1987,2,2
1991,2,450501,1,3,3,2,1,1,3,4,2,3,1985,2,2
1991,1,450502,1,2,2,2,1,1,3,4,2,3,1989,2,2
1991,1,450503,2,2,2,2,1,1,3,4,2,3,1979,2,2
1991,1,450504,2,3,3,2,1,1,3,4,2,3,1990,2,2
1991,1,450505,1,2,2,2,2,2,3,4,1,3,1985,2,2
1991,2,450505,1,2,2,2,1,1,3,4,2,3,1986,2,2
1991,1,450506,4,2,2,2,1,1,3,4,2,3,1978,2,2
1991,1,450507,1,2,2,2,1,1,3,4,2,3,1980,2,2
1991,2,450507,9,5,5,2,1,1,3,4,2,3,9999,2,2
1991,1,450508,1,3,3,2,1,1,3,4,2,3,1989,2,2
1991,1,450509,3,3,3,2,1,1,3,4,2,3,1983,2,2
1991,1,450510,2,5,5,2,1,1,3,4,2,3,1991,2,2
1991,2,450510,7,2,2,2,4,1,3,1,2,3,1987,2,2
1991,1,450511,1,5,5,2,1,1,3,4,2,3,1990,2,1
1991,1,450512,1,3,3,2,1,1,3,4,2,3,1985,2,2
1991,2,450512,2,2,2,2,1,1,3,4,2,3,1987,2,2
1991,1,450513,2,5,2,1,1,1,3,4,1,3,1985,2,2
1991,1,450514,1,2,2,2,1,1,3,4,1,3,1980,2,2
1991,1,450515,6,5,5,2,1,1,3,4,2,3,1977,2,2
1991,2,450515,1,2,2,2,1,1,3,4,2,3,1990,2,2
1991,1,450517,1,2,4,2,1,1,3,4,2,3,1978,2,2
1991,2,450517,1,5,5,2,1,1,3,4,1,3,1981,2,2
1991,3,450517,1,2,2,2,1,1,3,4,2,3,1989,2,2
1991,1,450519,1,5,5,2,1,1,3,4,2,3,1971,2,2
1991,2,450519,1,3,3,2,1,1,3,4,1,3,1977,2,2
1991,1,450520,1,2,2,2,2,2,3,4,2,3,1972,2,2
1991,2,450520,1,2,2,2,1,1,3,4,2,3,1984,2,2
1991,1,450521,1,5,5,1,1,1,3,4,2,3,1988,2,2
1991,2,450521,2,4,2,1,1,1,3,4,2,3,1985,2,2
1991,3,450521,1,2,2,2,1,1,3,4,2,3,1985,2,2
1991,1,450522,1,5,5,1,1,1,3,4,2,3,1986,2,2
1991,1,450523,1,2,2,2,1,1,3,4,1,3,1981,2,2
1991,1,450524,2,2,2,2,1,1,3,4,2,3,1985,2,2
1991,2,450524,1,2,2,2,1,1,3,4,2,3,1987,2,2
1991,1,450525,1,5,5,2,1,1,3,4,2,3,1982,2,2
1991,1,450526,2,2,2,2,1,1,3,4,1,3,1989,2,2
1991,1,450528,2,2,2,2,1,1,3,4,1,3,1991,2,2
1991,1,450529,1,2,2,2,1,1,3,4,1,3,1981,2,2
1991,1,450530,1,3,3,2,1,1,3,4,2,3,1990,2,2
1991,2,450530,2,2,2,2,1,1,3,4,1,3,1979,2,2
1991,1,450531,6,2,3,2,1,1,3,4,2,3,1988,2,2
1991,2,450531,1,5,2,2,1,1,3,4,2,3,1982,2,2
1991,3,450531,1,5,3,2,1,1,3,4,2,3,1978,2,2
1991,1,450532,2,2,2,2,1,1,3,4,2,3,1977,2,2
1991,2,450532,3,2,2,2,1,1,3,4,2,3,1986,2,2
1991,1,450533,2,2,2,2,1,1,3,4,2,3,1984,2,2
1991,2,450533,1,3,3,2,1,1,3,4,2,3,1978,2,2
1991,1,450534,1,5,5,2,1,1,3,4,1,3,1979,2,2
1991,1,450535,9,2,2,2,3,3,3,4,2,3,9999,2,2
1991,1,450536,1,3,3,2,1,1,3,4,2,3,1991,2,2
1991,2,450536,1,5,5,2,1,1,3,4,2,3,1975,2,2
1991,1,450537,4,2,2,2,1,1,3,4,2,3,1988,2,2
1991,2,450537,1,2,2,2,1,1,3,4,2,3,1980,2,2
1991,1,450538,2,2,2,2,3,3,3,4,2,3,1990,2,1
1991,1,450540,3,2,2,2,1,1,3,4,2,3,1978,2,2
1991,2,450540,7,5,5,2,4,2,3,2,2,3,1987,2,2
1991,1,450541,1,2,2,2,1,1,3,4,2,3,9999,2,2
1991,1,450542,1,3,3,2,1,1,3,4,2,3,1985,2,2
1991,1,450543,2,3,3,2,1,1,3,4,2,3,1991,2,2
1991,2,450543,6,2,5,2,1,1,3,4,2,3,1981,2,2
1991,3,450543,4,3,2,2,1,1,3,4,2,3,1990,2,2
1991,1,450544,1,2,4,1,1,1,3,4,1,3,1973,2,2
1991,1,450545,1,5,5,1,1,1,3,4,1,3,1989,2,2
1991,1,450546,1,4,4,2,1,1,3,4,1,3,1986,2,2
1991,1,450547,2,2,2,2,1,1,3,4,1,3,1990,2,2
1991,1,450548,7,2,2,2,4,1,3,1,2,3,1984,2,2
1991,2,450548,2,3,3,2,1,1,3,4,2,3,1983,2,2
1991,1,450549,1,2,2,2,1,1,3,4,2,3,1987,2,2
1991,2,450549,1,5,5,2,1,1,3,4,2,3,1979,2,2
1991,1,450550,6,2,2,2,1,1,3,4,2,3,1985,2,2
1991,1,450551,2,2,2,1,1,1,3,4,1,3,1989,2,2
1991,1,450552,1,2,2,2,1,1,3,4,2,3,1979,2,2
1991,2,450552,6,4,4,2,1,1,3,4,2,3,1985,2,2
1991,3,450552,6,2,2,2,1,1,3,4,2,3,1986,2,2
1991,4,450552,6,2,2,2,1,1,3,4,1,3,1978,2,2
1991,1,450553,1,3,2,2,1,1,3,4,1,3,1982,2,1
1991,1,450554,2,1,1,2,2,2,3,4,2,3,1979,2,2
1991,1,450555,2,5,5,2,1,1,3,4,2,3,1990,2,2
1991,1,450556,7,2,2,2,4,1,3,1,1,3,1979,2,2
1991,1,450557,1,3,3,2,1,1,3,4,2,3,1989,2,2
1991,1,450558,9,2,2,2,3,3,3,4,2,3,9999,2,2
1991,1,450559,1,2,2,1,2,2,3,4,2,3,1982,2,2
1991,1,450560,1,2,2,2,1,1,3,4,2,3,1986,2,2
1991,2,450560,1,5,5,2,1,1,3,4,2,3,1989,2,2
1991,1,450561,1,2,2,2,1,1,3,4,1,3,1984,2,2
1991,1,450562,1,2,2,2,1,1,3,4,2,3,1986,2,2
1991,1,450563,1,5,2,2,1,1,3,4,2,3,1982,2,2
1991,2,450563,1,2,2,2,1,1,3,4,2,3,1991,2,2
1991,3,450563,1,3,3,2,1,1,3,4,2,3,1985,2,2
1991,1,450564,1,2,3,2,1,1,3,4,1,3,1984,2,2
1991,1,450566,1,2,2,1,1,1,3,4,1,3,1977,2,2
1991,1,450567,1,2,2,2,1,1,3,4,2,3,1984,2,2
1991,2,450567,1,5,5,2,1,1,3,4,2,3,1974,2,2
1991,1,450568,2,5,5,2,1,1,3,4,1,3,1962,2,2
1991,1,450569,1,3,3,2,1,1,3,4,2,3,1987,2,2
1991,2,450569,7,2,2,2,4,1,3,1,2,3,9999,2,2
1991,1,450570,9,2,2,2,3,3,3,4,2,3,9999,2,2
1991,1,450571,1,5,5,2,1,1,3,4,2,3,1981,2,2
1991,2,450571,1,2,2,2,1,1,3,4,2,3,1987,2,2
1991,1,450572,3,4,4,2,2,2,3,4,2,3,1980,2,2
1991,2,450572,1,2,2,2,1,1,3,4,1,3,1981,2,2
1991,1,450573,2,5,5,1,1,1,3,4,2,3,1979,2,2
1991,1,450574,1,5,5,2,1,1,3,4,2,3,1981,2,2
1991,1,450575,1,5,2,1,1,1,3,4,1,3,1979,2,2
1991,1,450576,1,2,2,2,2,2,3,4,2,3,1982,2,2
1991,2,450576,1,5,5,2,1,1,3,4,2,3,1978,2,2
1991,1,450577,1,5,5,2,1,1,3,4,2,3,1987,2,2
1991,1,450578,1,2,2,2,1,1,3,4,1,3,1978,2,2
1991,1,450579,1,2,2,2,1,1,3,4,2,3,1990,2,2
1991,1,450580,2,2,2,1,2,2,3,4,2,3,1991,2,2
1991,1,450581,9,5,5,2,1,1,3,4,2,3,9999,2,2
1991,2,450581,2,6,6,2,1,1,3,4,2,3,1987,2,2
1991,3,450581,6,6,6,1,1,1,3,4,1,3,1979,2,2
1991,1,450582,1,5,5,2,1,1,3,4,2,3,1983,2,2
1991,1,450583,1,2,2,2,1,1,3,4,2,3,1985,2,2
1991,2,450583,1,3,3,2,3,3,3,4,2,3,1985,2,2
1991,1,450584,1,2,2,2,1,1,3,4,1,3,1973,2,2
1991,2,450584,1,2,2,2,1,1,3,4,2,3,1990,2,2
1991,1,450585,7,2,2,2,4,1,3,1,1,3,1985,2,2
1991,1,450586,1,2,2,2,1,1,3,4,2,3,1982,2,2
1991,1,450587,9,2,2,2,1,1,3,4,2,3,9999,2,2
1991,2,450587,1,5,5,2,1,1,3,4,2,3,1979,2,2
1991,1,450588,1,3,3,2,1,1,3,4,1,3,1987,2,2
1991,1,450589,1,5,5,1,1,1,3,4,1,3,1976,2,2
1991,1,450590,2,5,5,2,1,1,3,4,2,3,1990,2,2
1991,1,450591,7,4,4,2,4,1,3,1,2,3,1981,2,2
1991,2,450591,9,2,2,2,3,3,3,4,2,3,9999,2,2
1991,1,450592,1,1,1,1,1,1,3,4,1,3,1984,2,2
1991,1,450593,6,5,5,2,1,1,3,4,2,3,1989,2,2
1991,2,450593,3,2,2,2,1,1,3,4,1,3,9999,2,2
1991,1,450594,1,2,2,2,1,1,3,4,2,3,1989,2,2
1991,2,450594,6,3,3,2,3,3,3,4,2,3,1984,2,2
1991,1,450596,1,5,5,1,1,1,3,4,1,3,1984,2,2
1991,1,450597,6,2,2,2,1,1,3,4,2,3,1990,2,2
1991,2,450597,2,2,2,2,1,1,3,4,2,3,1988,2,2
1991,1,450598,1,5,5,1,2,2,3,4,1,3,1987,2,2
1991,1,450599,1,2,2,2,1,1,3,4,2,3,1986,2,2
1991,2,450599,2,2,2,2,1,1,3,4,2,3,1980,2,2
1991,3,450599,4,5,4,2,1,1,3,4,2,3,1987,2,2
1991,1,450600,6,2,2,2,1,1,3,4,2,3,1976,2,2
1991,2,450600,2,5,5,2,1,1,3,4,2,3,1978,2,2
1991,1,450601,2,2,2,2,2,2,3,4,1,3,1979,2,2
1991,1,450602,9,2,2,2,1,1,3,4,2,3,9999,2,2
1991,2,450602,1,2,2,1,1,1,3,4,1,3,1982,2,2
1991,1,450603,1,2,2,1,2,2,3,4,1,3,1986,2,2
1991,1,450604,1,3,3,2,2,2,3,4,2,3,1986,2,2
1991,1,450605,1,2,2,2,3,3,3,4,2,3,1991,2,2
1991,1,450606,1,2,2,1,1,1,3,4,1,3,1987,2,2
1991,1,450607,6,2,2,2,1,1,3,4,2,3,1991,2,2
1991,2,450607,1,2,2,2,1,1,3,4,2,3,1980,2,2
1991,1,450608,1,3,3,2,1,1,3,4,2,3,1978,2,2
1991,1,450609,9,2,2,2,1,1,3,4,2,3,9999,2,2
1991,2,450609,2,5,5,2,1,1,3,4,2,3,1987,2,2
1991,1,450610,7,5,5,2,4,1,3,1,1,3,1986,2,2
1991,1,450611,1,5,5,2,1,1,3,4,2,3,1978,2,2
1991,2,450611,2,2,4,2,1,1,3,4,2,3,9999,2,2
1991,3,450611,1,2,2,2,1,1,3,4,2,3,1987,2,2
1991,1,450612,1,5,5,2,1,1,3,4,2,3,1980,2,2
1991,2,450612,1,2,2,2,1,1,3,4,2,3,1990,2,2
1991,1,450613,2,2,5,1,1,1,3,4,1,3,1990,2,2
1991,1,450614,1,5,5,2,1,1,3,4,2,3,1988,2,2
1991,1,450615,2,2,2,2,1,1,3,4,2,3,1970,2,2
1991,2,450615,1,5,5,2,1,1,3,4,1,3,1984,2,2
1991,1,450616,1,2,2,2,1,1,3,4,2,3,1986,2,2
1991,2,450616,1,5,5,2,1,1,3,4,2,3,1980,2,2
1991,1,450617,1,2,2,2,1,1,3,4,2,3,1982,2,2
1991,2,450617,1,2,2,2,1,1,3,4,2,3,1980,2,2
1991,1,450618,1,2,2,2,1,1,3,4,2,3,9999,2,2
1991,2,450618,7,4,4,2,4,2,3,2,2,3,1971,2,2
1991,1,450619,9,3,2,1,1,1,3,4,1,3,9999,2,2
1991,1,450620,9,2,2,2,3,3,3,4,2,3,9999,2,2
1991,1,450621,1,2,2,2,1,1,3,4,2,3,1972,2,2
1991,2,450621,1,4,3,2,1,1,3,4,2,3,1990,2,2
1991,1,450622,1,2,2,2,1,1,3,4,2,3,1985,2,2
1991,2,450622,1,5,5,2,3,3,3,4,2,3,1969,2,2
1991,1,450624,6,4,4,2,1,1,3,4,2,3,1979,2,2
1991,2,450624,6,2,2,2,1,1,3,4,1,3,1986,2,2
1991,1,450625,2,2,2,2,1,1,3,4,1,3,1985,2,2
1991,1,450626,1,5,5,2,1,1,3,4,1,3,1991,2,2
1991,1,450627,1,5,5,2,1,1,3,4,2,3,1979,2,2
1991,2,450627,6,2,5,2,1,1,3,4,2,3,1985,2,2
1991,3,450627,6,2,2,2,1,1,3,4,2,3,1986,2,2
1991,4,450627,9,2,2,2,1,1,3,4,1,3,9999,2,2
1991,1,450628,9,2,2,2,1,1,3,4,2,3,9999,2,2
1991,2,450628,1,3,3,2,1,1,3,4,2,3,1983,2,2
1991,1,450629,2,2,2,2,1,1,3,4,2,3,1991,2,2
1991,2,450629,6,2,2,2,1,1,3,4,2,3,1979,2,2
1991,1,450630,3,2,2,2,1,1,3,4,2,3,1986,2,2
1991,2,450630,1,5,5,2,1,1,3,4,2,3,1989,2,2
1991,1,450631,6,2,2,1,1,1,3,4,2,3,1989,2,2
1991,2,450631,1,5,5,2,1,1,3,4,2,3,1986,2,2
1991,1,450632,1,5,5,1,1,1,3,4,1,3,1982,2,1
1991,1,450633,1,3,3,2,1,1,3,4,2,3,1982,2,2
1991,2,450633,2,2,2,2,1,1,3,4,2,3,1985,2,2
1991,1,450634,1,5,5,2,1,1,3,4,1,3,1981,2,2
1991,1,450635,1,2,2,2,2,2,3,4,2,3,1976,2,2
1991,2,450635,1,2,2,2,1,1,3,4,2,3,1990,2,2
1991,1,450636,1,5,5,2,1,1,3,4,2,3,1987,2,2
1991,1,450637,1,2,2,2,1,1,3,4,2,3,1986,2,2
1991,1,450638,1,5,5,1,2,2,3,4,1,3,1988,2,1
1991,1,450639,1,2,2,2,1,1,3,4,2,3,1989,2,2
1991,2,450639,1,4,4,2,1,1,3,4,2,3,1982,2,2
1991,1,450640,1,5,5,2,1,1,3,4,2,3,1987,2,2
1991,1,450641,9,2,2,2,1,1,3,4,1,3,9999,2,2
1991,1,450642,2,2,2,2,1,1,3,4,2,3,1991,2,2
1991,2,450642,6,3,3,2,1,1,3,4,2,3,1991,2,2
1991,1,450643,1,2,2,2,1,1,3,4,2,3,1988,2,2
1991,2,450643,1,2,2,2,1,1,3,4,2,3,1986,2,2
1991,1,450644,2,5,5,2,1,1,3,4,2,3,1990,2,2
1991,1,450645,1,5,2,1,2,2,3,4,1,3,1985,2,2
1991,1,450646,1,5,5,2,2,2,3,4,1,3,1976,2,2
1991,2,450646,1,2,2,2,1,1,3,4,2,3,1981,2,2
1991,1,450647,9,5,5,2,3,3,3,4,2,3,9999,2,2
1991,1,450648,1,1,1,1,1,1,3,4,2,3,1973,2,2
1991,1,450649,9,2,2,2,3,3,3,4,2,3,9999,2,2
1991,1,450650,1,2,2,2,1,1,3,4,2,3,1989,2,2
1991,1,450652,2,3,3,2,1,1,3,4,2,3,1985,2,2
1991,2,450652,1,2,2,2,1,1,3,4,2,3,1983,2,2
1991,1,450655,1,2,2,2,1,1,3,4,2,3,1991,2,2
1991,2,450655,1,5,5,2,1,1,3,4,2,3,1990,2,2
1991,1,450656,9,2,2,2,3,3,3,4,2,3,9999,2,2
1991,1,450657,1,5,5,2,1,1,3,4,2,3,1988,2,2
1991,1,450658,1,2,2,2,1,1,3,4,2,3,1987,2,2
1991,1,450659,6,2,2,2,1,1,3,4,2,3,1979,2,2
1991,1,450660,9,2,2,2,1,1,3,4,1,3,9999,2,2
1991,1,450661,6,5,5,2,1,1,3,4,2,3,1979,2,2
1991,2,450661,1,5,5,2,1,1,3,4,2,3,1982,2,2
1991,1,450662,1,3,3,2,1,1,3,4,2,3,1984,2,2
1991,2,450662,1,2,2,2,1,1,3,4,2,3,1985,2,2
1991,1,450663,1,2,2,2,1,1,3,4,2,3,1987,2,2
1991,2,450663,9,5,5,2,1,1,3,4,2,3,9999,2,2
1991,1,450664,1,2,2,2,1,1,3,4,1,3,1984,2,2
1991,1,450665,1,5,5,2,1,1,3,4,1,3,1983,2,2
1991,1,450666,1,2,2,2,1,1,3,4,2,3,1980,2,2
1991,1,450667,1,2,2,2,1,1,3,4,2,3,1990,2,2
1991,2,450667,2,2,2,2,1,1,3,4,2,3,1973,2,2
1991,1,450668,3,2,2,1,1,1,3,4,1,3,1989,2,2
1991,1,450669,1,2,2,1,1,1,3,4,1,3,1981,2,2
1991,1,450670,6,2,2,2,1,1,3,4,2,3,1976,2,2
1991,2,450670,1,5,5,2,1,1,3,4,2,3,1985,2,2
1991,1,450671,1,5,5,2,1,1,3,4,2,3,1985,2,2
1991,1,450672,1,2,2,2,1,1,3,4,2,3,1983,2,2
1991,2,450672,1,5,5,2,1,1,3,4,2,3,1988,2,2
1991,1,450673,2,2,2,2,1,1,3,4,2,3,1981,2,2
1991,2,450673,1,2,2,2,1,1,3,4,1,3,1989,2,2
1991,1,450674,9,2,2,2,1,1,3,4,1,3,9999,2,2
1991,1,450675,1,2,2,2,1,1,3,4,2,3,1988,2,2
1991,2,450675,1,2,2,2,1,1,3,4,2,3,1987,2,2
1991,1,450676,1,2,2,2,1,1,3,4,2,3,1986,2,2
1991,1,450677,2,3,3,2,1,1,3,4,2,3,1983,2,2
1991,2,450677,2,5,5,2,1,1,3,4,2,3,1982,2,2
1991,1,450678,1,5,5,2,1,1,3,4,1,3,1988,2,2
1991,1,450679,1,3,3,2,1,1,3,4,2,3,1988,2,2
1991,2,450679,1,5,5,2,1,1,3,4,1,3,1983,2,2
1991,1,450680,1,3,3,2,1,1,3,4,2,3,1986,2,2
1991,1,450681,1,5,3,2,2,2,3,4,1,3,1981,2,2
1991,1,450682,9,2,2,2,1,1,3,4,1,3,1990,2,2
1991,2,450682,2,5,5,2,1,1,3,4,2,3,1982,2,2
1991,1,450683,1,5,5,2,1,1,3,4,1,3,1988,2,2
1991,1,450684,1,5,5,2,1,1,3,4,1,3,1989,2,2
1991,1,450685,1,4,4,2,1,1,3,4,2,3,1989,2,2
1991,2,450685,6,2,2,2,1,1,3,4,1,3,1983,2,2
1991,1,450686,2,5,5,2,1,1,3,4,2,3,1988,2,1
1991,1,450687,2,1,1,1,1,1,3,4,1,3,1991,2,2
1991,1,450688,1,2,4,1,1,1,3,4,2,3,1984,2,2
1991,1,450689,1,3,3,2,1,1,3,4,1,3,1986,2,2
1991,1,450690,1,5,5,2,1,1,3,4,2,3,1980,2,2
1991,2,450690,1,2,5,2,1,1,3,4,2,3,1990,2,2
1991,1,450691,9,4,4,1,1,1,3,4,2,3,1987,2,2
1991,2,450691,1,2,2,2,1,1,3,4,2,3,9999,2,2
1991,1,450692,1,5,5,2,1,1,3,4,2,3,1987,2,2
1991,1,450693,1,2,2,2,1,1,3,4,2,3,1990,2,1
1991,1,450694,6,2,2,2,1,1,3,4,2,3,1991,2,2
1991,2,450694,1,5,5,2,1,1,3,4,2,3,1984,2,2
1991,1,450695,6,5,5,2,1,1,3,4,2,3,1989,2,2
1991,2,450695,1,2,2,2,1,1,3,4,1,3,1982,2,2
1991,1,450696,2,3,3,2,1,1,3,4,2,3,1984,2,2
1991,2,450696,1,2,2,2,1,1,3,4,2,3,1981,2,2
1991,1,450697,1,2,5,1,1,1,3,4,1,3,1987,2,2
1991,1,450698,2,2,2,1,2,2,3,4,1,3,1990,2,2
1991,1,450699,6,4,4,2,1,1,3,4,2,3,1988,2,2
1991,2,450699,2,6,6,2,1,1,3,4,2,3,1985,2,2
1991,3,450699,6,2,4,2,1,1,3,4,2,3,1983,2,2
1991,4,450699,6,2,2,2,2,1,3,4,1,3,1990,2,2
1991,1,450700,1,3,3,2,2,2,3,4,1,3,1987,2,2
1991,1,450701,1,3,2,1,1,1,3,4,1,3,1989,2,2
1991,1,450702,1,2,2,2,1,1,3,4,1,3,1986,2,2
1991,1,450703,1,2,2,1,3,3,3,4,2,3,1981,2,2
1991,1,450704,1,2,2,1,1,1,3,4,1,3,1989,2,2
1991,1,450705,6,2,2,2,1,1,3,4,2,3,1987,2,2
1991,2,450705,1,5,5,2,1,1,3,4,2,3,1989,2,2
1991,3,450705,1,3,3,2,1,1,3,4,2,3,1988,2,2
1991,1,450706,1,5,5,2,1,1,3,4,2,3,1985,2,2
1991,2,450706,3,2,2,2,1,1,3,4,2,3,1978,2,2
1991,1,450707,1,5,5,2,1,1,3,4,1,3,1978,2,2
1991,1,450708,1,2,2,2,1,1,3,4,2,3,1985,2,2
1991,2,450708,2,5,5,2,1,1,3,4,2,3,1988,2,2
1991,1,450709,2,5,2,1,1,1,3,4,2,3,1973,2,2
1991,1,450710,2,5,2,1,1,1,3,4,2,3,1990,2,2
1991,2,450710,1,2,2,2,1,1,3,4,2,3,1985,2,2
1991,1,450711,2,5,2,2,1,1,3,4,1,3,1991,2,2
1991,1,450712,9,3,3,2,1,1,3,4,2,3,1988,2,2
1991,2,450712,1,2,5,2,1,1,3,4,2,3,1990,2,2
1991,3,450712,2,5,2,1,1,1,3,4,2,3,1989,2,2
1991,1,450713,1,5,4,1,1,1,3,4,1,3,1985,2,2
1991,1,450714,1,2,2,2,1,1,3,4,1,3,1987,2,2
1991,1,450715,1,2,3,1,1,1,3,4,1,3,1983,2,2
1991,1,450716,2,2,2,2,1,1,3,4,2,3,1982,2,2
1991,1,450717,1,2,2,2,1,1,3,4,2,3,1988,2,2
1991,2,450717,3,2,2,2,1,1,3,4,1,3,1991,2,2
1991,1,450718,1,5,3,2,1,1,3,4,2,3,1977,2,2
1991,1,450719,1,5,5,2,1,1,3,4,2,3,1984,2,2
1991,2,450719,4,2,2,1,1,1,3,4,2,3,1983,2,2
1991,1,450722,1,2,2,2,1,1,3,4,2,3,1987,2,2
1991,1,450723,3,3,3,2,3,3,3,4,2,3,1984,2,2
1991,2,450723,1,5,5,2,1,1,3,4,2,3,1989,2,2
1991,1,450724,2,2,2,2,1,1,3,4,2,3,1985,2,2
1991,1,450725,1,2,2,2,1,1,3,4,2,3,1988,2,2
1991,1,450726,1,5,5,2,1,1,3,4,2,3,1983,2,1
1991,1,450727,4,2,2,2,1,1,3,4,2,3,1985,2,2
1991,2,450727,1,5,5,2,1,1,3,4,2,3,1985,2,2
1991,1,450728,7,5,5,2,4,1,3,1,1,3,1982,2,2
1991,2,450728,9,5,5,2,1,1,3,4,2,3,9999,2,2
1991,1,450729,8,2,2,2,1,1,3,4,2,1,1985,2,2
1991,2,450729,1,2,2,2,1,1,3,4,2,3,1984,2,2
1991,1,450730,6,2,2,2,2,1,3,4,2,3,1983,2,2
1991,2,450730,1,5,5,2,1,1,3,4,2,3,1985,2,2
1991,3,450730,1,2,2,2,1,1,3,4,2,3,1990,2,2
1991,4,450730,1,5,5,2,1,1,3,4,2,3,1986,2,2
1991,1,450731,9,2,2,2,3,3,3,4,2,3,9999,2,2
1991,1,450732,2,5,2,1,1,1,3,4,2,3,1977,2,2
1991,1,450733,2,2,2,2,1,1,3,4,1,3,1990,2,2
1991,1,450734,1,2,2,1,1,1,3,4,1,3,1985,2,2
1991,1,450735,1,2,2,1,1,1,3,4,1,3,1986,2,2
1991,1,450736,6,2,2,2,1,1,3,4,2,3,1991,2,2
1991,2,450736,1,4,4,2,1,1,3,4,2,3,1986,2,2
1991,1,450737,2,5,5,2,1,1,3,4,2,3,1977,2,2
1991,1,450738,2,2,2,2,1,1,3,4,2,3,1990,2,2
1991,2,450738,3,2,2,2,1,1,3,4,2,3,1982,2,2
1991,1,450739,1,3,3,2,1,1,3,4,2,3,1986,2,2
1991,2,450739,1,2,2,2,1,1,3,4,2,3,1987,2,2
1991,1,450740,1,2,2,2,1,1,3,4,2,3,1988,2,2
1991,2,450740,2,2,2,2,2,2,3,4,1,3,1987,2,2
1991,1,450741,1,2,2,2,1,1,3,4,2,3,1979,2,2
1991,1,450742,1,2,2,2,1,1,3,4,2,3,1985,2,2
1991,2,450742,1,2,2,2,2,2,3,4,2,3,1987,2,2
1991,1,450743,9,2,2,2,1,1,3,4,2,3,9999,2,2
1991,1,450744,2,2,2,2,1,1,3,4,1,3,1984,2,2
1991,1,450745,1,5,5,2,1,1,3,4,2,3,1983,2,2
1991,2,450745,1,2,2,2,1,1,3,4,2,3,1984,2,2
1991,1,450746,1,3,3,2,1,1,3,4,2,3,1984,2,2
1991,2,450746,1,2,2,2,1,1,3,4,2,3,1988,2,2
1991,1,450747,6,5,5,2,1,1,3,4,2,3,1987,2,2
1991,2,450747,1,3,3,2,1,1,3,4,2,3,9999,2,2
1991,1,450748,1,5,5,2,1,1,3,4,2,3,1982,2,2
1991,1,450749,6,2,2,2,1,1,3,4,2,3,1977,2,2
1991,2,450749,1,5,5,2,1,1,3,4,2,3,1989,2,2
1991,1,450750,2,5,5,1,1,1,3,4,1,3,1972,2,2
1991,1,450751,1,5,5,1,1,1,3,4,1,3,1979,2,2
1991,1,450752,2,2,2,2,1,1,3,4,2,3,1988,2,2
1991,2,450752,1,3,3,2,1,1,3,4,1,3,1988,2,2
1991,1,450753,9,2,2,2,3,3,3,4,2,3,9999,2,2
1991,1,450754,1,3,3,2,1,1,3,4,2,3,1988,2,2
1991,2,450754,2,3,3,2,1,1,3,4,2,3,1990,2,2
1991,1,450755,1,4,5,2,1,1,3,4,2,3,1987,2,2
1991,2,450755,2,3,3,2,1,1,3,4,2,3,1985,2,2
1991,3,450755,1,2,2,2,1,1,3,4,2,3,1973,2,2
1991,1,450756,1,2,2,2,1,1,3,4,2,3,1987,2,2
1991,2,450756,1,2,2,2,1,1,3,4,2,3,1982,2,2
1991,3,450756,1,5,5,1,1,1,3,4,2,3,1989,2,2
1991,1,450757,2,5,5,2,1,1,3,4,2,3,1982,2,2
1991,2,450757,7,5,5,2,4,1,3,1,2,3,1989,2,2
1991,1,450758,2,3,3,2,1,1,3,4,1,3,1990,2,2
1991,1,450759,1,3,3,2,1,1,3,4,2,3,1981,2,2
1991,2,450759,2,5,5,2,1,1,3,4,2,3,9999,2,2
1991,1,450760,1,2,2,2,3,3,3,4,2,3,1986,2,2
1991,1,450761,1,4,4,2,1,1,3,4,1,3,1991,2,2
1991,1,450762,2,2,2,2,1,1,3,4,2,3,1987,2,2
1991,2,450762,2,5,5,2,1,1,3,4,2,3,1988,2,2
1991,1,450763,4,4,4,2,1,1,3,4,2,3,1990,2,2
1991,2,450763,1,2,2,2,1,1,3,4,1,3,1985,2,2
1991,1,450764,6,5,5,2,1,1,3,4,2,3,1982,2,2
1991,2,450764,2,5,5,2,1,1,3,4,2,3,1990,2,2
1991,1,450765,2,2,3,1,1,1,3,4,2,3,1989,2,2
1991,1,450766,9,2,2,2,1,1,3,4,1,3,1988,2,2
1991,2,450766,6,4,4,2,1,1,3,4,2,3,1985,2,2
1991,1,450767,1,2,3,1,2,2,3,4,2,3,1987,2,2
1991,1,450768,6,2,2,2,1,1,3,4,2,3,1979,2,2
1991,2,450768,1,5,5,2,1,1,3,4,2,3,1985,2,2
1991,3,450768,1,3,3,2,1,1,3,4,2,3,1978,2,2
1991,1,450769,1,3,2,2,3,3,3,4,2,3,1986,2,1
1991,1,450770,1,5,5,1,1,1,3,4,1,3,1989,2,2
1991,1,450771,3,3,3,2,1,1,3,4,1,3,1984,2,2
1991,1,450772,3,2,2,2,1,1,3,4,2,3,1991,2,2
1991,2,450772,1,5,5,2,1,1,3,4,2,3,1980,2,2
1991,1,450773,1,2,2,2,1,1,3,4,2,3,1979,2,2
1991,2,450773,1,3,3,2,1,1,3,4,2,3,1990,2,2
1991,1,450774,1,2,2,1,1,1,3,4,1,3,1989,2,2
1991,1,450775,1,4,3,2,1,1,3,4,1,3,1990,2,2
1991,1,450776,6,2,2,2,1,1,3,4,2,3,1985,2,2
1991,2,450776,1,2,2,2,3,3,3,4,2,3,1983,2,2
1991,1,450777,1,2,2,1,1,1,3,4,2,3,1991,2,2
1991,2,450777,2,5,5,2,1,1,3,4,2,3,1989,2,2
1991,1,450778,8,5,5,2,1,1,3,4,2,3,1977,2,2
1991,2,450778,1,2,2,2,1,1,3,4,1,3,1978,2,2
1991,1,450779,1,2,2,2,1,1,3,4,1,3,1985,2,2
1991,1,450780,1,2,2,1,1,1,3,4,1,3,1989,2,2
1991,1,450781,2,2,2,2,1,1,3,4,1,3,9999,2,2
1991,1,450782,6,2,2,2,3,3,3,4,2,3,1987,2,2
1991,2,450782,1,5,5,2,1,1,3,4,2,3,1986,2,2
1991,1,450783,4,1,1,1,1,1,3,4,1,3,1980,2,2
1991,1,450784,2,5,5,2,1,1,3,4,2,3,1988,2,2
1991,1,450785,9,5,5,2,1,1,3,4,2,3,1983,2,2
1991,1,450786,1,2,2,2,1,1,3,4,1,3,1980,2,2
1991,1,450787,1,5,5,2,1,1,3,4,2,3,1981,2,2
1991,2,450787,1,2,2,2,1,1,3,4,2,3,1984,2,2
1991,1,450788,1,2,2,2,1,1,3,4,1,3,9999,2,2
1991,1,450789,4,2,2,2,1,1,3,4,2,3,1988,2,2
1991,1,450790,1,2,2,2,1,1,3,4,2,3,1990,2,2
1991,2,450790,2,3,3,2,1,1,3,4,2,3,1989,2,2
1991,1,450791,1,2,2,2,1,1,3,4,2,3,1977,2,2
1991,2,450791,2,2,2,2,1,1,3,4,2,3,1980,2,2
1991,1,450792,2,2,2,2,1,1,3,4,2,3,1987,2,2
1991,2,450792,1,2,2,2,1,1,3,4,2,3,1986,2,2
1991,1,450793,1,1,1,1,1,1,3,4,1,3,1990,2,2
1991,1,450794,1,1,1,1,3,3,3,4,1,3,1986,2,2
1991,1,450795,1,2,2,1,1,1,3,4,1,3,1983,2,2
1991,1,450796,9,4,4,2,1,1,3,4,2,3,1991,2,2
1991,2,450796,2,3,3,2,1,1,3,4,2,3,1983,2,2
1991,1,450798,1,5,5,2,1,1,3,4,1,3,1987,2,2
1991,1,450799,2,2,2,2,1,1,3,4,2,3,1983,2,2
1991,1,450800,1,2,2,2,1,1,3,4,2,3,1989,2,2
1991,1,450801,9,2,2,2,1,1,3,4,2,3,9999,2,2
1991,1,450802,8,4,4,2,1,1,3,4,2,1,1986,2,2
1991,2,450802,1,2,2,2,1,1,3,4,1,3,1967,2,2
1991,1,450803,1,2,2,2,1,1,3,4,2,3,1977,2,2
1991,2,450803,1,2,2,2,1,1,3,4,2,3,1988,2,2
1991,1,450804,6,2,2,2,1,1,3,4,2,3,1989,2,2
1991,2,450804,2,2,2,2,1,1,3,4,2,3,1986,2,2
1991,1,450805,1,2,2,2,1,1,3,4,2,3,1986,2,2
1991,2,450805,1,2,2,2,2,2,3,4,1,3,1980,2,2
1991,1,450806,1,2,2,2,1,1,3,4,2,3,1982,2,2
1991,2,450806,1,2,2,2,1,1,3,4,2,3,1981,2,2
1991,1,450807,2,2,2,2,1,1,3,4,1,3,1981,2,2
1991,2,450807,1,3,3,2,1,1,3,4,2,3,1980,2,2
1991,1,450808,1,4,4,2,1,1,3,4,2,3,1982,2,2
1991,2,450808,2,2,2,2,1,1,3,4,1,3,1991,2,2
1991,1,450809,1,2,2,2,1,1,3,4,2,3,1987,2,2
1991,1,450810,2,2,2,2,1,1,3,4,2,3,1979,2,2
1991,1,450811,1,5,5,2,1,1,3,4,2,3,1984,2,2
1991,1,450812,1,1,1,1,1,1,3,4,1,3,1984,2,2
1991,1,450813,6,5,5,2,1,1,3,4,2,3,1980,2,2
1991,2,450813,1,2,2,2,1,1,3,4,2,3,1980,2,2
1991,1,450814,2,2,2,2,1,1,3,4,1,3,1984,2,2
1991,1,450815,1,2,2,2,1,1,3,4,2,3,1977,2,2
1991,1,450817,6,4,4,2,1,1,3,4,2,3,1991,2,2
1991,2,450817,1,2,2,2,1,1,3,4,1,3,1988,2,2
1991,1,460001,2,2,2,1,1,1,3,4,2,3,1984,2,2
1991,1,460002,1,2,2,2,1,1,3,4,2,3,1983,2,2
1991,2,460002,1,2,2,2,1,1,3,4,2,3,1988,2,2
1991,1,460003,1,5,5,2,1,1,3,4,2,3,1976,2,2
1991,2,460003,2,2,2,2,1,1,3,4,2,3,1989,2,2
1991,1,460004,1,3,3,2,1,1,3,4,2,3,1989,2,2
1991,2,460004,6,2,2,2,1,1,3,4,2,3,1990,2,2
1991,1,460005,1,5,5,2,1,1,3,4,2,3,1989,2,2
1991,2,460005,6,2,2,2,1,1,3,4,1,3,1984,2,2
1991,1,460006,1,3,3,2,1,1,3,4,1,3,1979,2,2
1991,1,460007,1,5,5,2,1,1,3,4,2,3,1984,1,2
1991,1,460008,2,2,2,1,1,1,3,4,2,3,1979,2,2
1991,1,460009,2,2,2,2,1,1,3,4,2,3,1976,2,2
1991,1,460010,1,5,5,2,1,1,3,4,2,3,1978,2,2
1991,1,460011,5,2,2,1,2,2,3,4,2,3,1965,2,2
1991,1,460012,2,1,1,1,1,1,3,4,2,3,1986,2,2
1991,1,460013,1,4,4,2,1,1,3,4,1,3,1973,2,2
1991,1,460014,2,2,2,2,2,2,3,4,1,3,1965,2,2
1991,1,460015,1,1,1,1,2,2,3,4,1,3,1982,2,2
1991,1,460016,1,1,1,1,3,3,3,4,1,3,1986,2,2
1991,1,460017,1,1,1,1,1,1,3,4,1,3,1990,2,2
1991,1,460018,1,7,7,1,1,1,3,4,1,3,1988,2,2
1991,1,460019,6,2,2,2,1,1,3,4,2,3,1986,2,2
1991,2,460019,1,5,5,2,1,1,3,4,2,3,1986,2,2
1991,1,460020,6,2,2,2,1,1,3,4,2,3,1974,2,2
1991,2,460020,1,5,5,2,1,1,3,4,2,3,1979,2,2
1991,1,460021,1,2,2,2,1,1,3,4,2,3,1990,2,2
1991,2,460021,1,2,2,2,1,1,3,4,2,3,1984,2,2
1991,1,460023,1,2,2,2,1,1,3,4,2,3,1983,2,2
1991,2,460023,1,5,5,2,1,1,3,4,2,3,1986,2,2
1991,1,460024,1,1,1,1,1,1,3,4,2,3,1984,2,2
1991,1,460025,1,4,6,2,3,3,3,4,2,3,1987,2,2
1991,1,460026,1,2,2,2,1,1,3,4,2,3,1989,2,2
1991,1,460028,9,7,7,2,3,3,3,4,2,3,9999,2,2
1991,1,460029,1,2,2,1,1,1,3,4,2,3,1978,2,2
1991,2,460029,1,2,2,2,1,1,3,4,2,3,1981,2,2
1991,1,460030,1,2,2,2,1,1,3,4,2,3,1985,2,2
1991,2,460030,1,2,2,2,1,1,3,4,2,3,1983,2,2
1991,1,460031,1,5,5,1,1,1,3,4,2,3,1987,2,2
1991,2,460031,2,2,2,2,1,1,3,4,2,3,1975,2,2
1991,1,460032,1,1,1,1,1,1,3,4,2,3,1978,2,2
1991,1,460033,6,4,4,2,1,1,3,4,2,3,1979,2,2
1991,2,460033,1,2,2,2,1,1,3,4,2,3,1976,2,2
1991,1,460034,1,2,2,2,2,2,3,4,2,3,1989,1,2
1991,2,460034,2,5,5,2,1,1,3,4,2,3,1974,1,2
1991,1,460035,2,1,1,1,1,1,3,4,1,3,1990,2,2
1991,1,460036,1,7,2,2,1,1,3,4,1,3,1976,2,2
1991,1,460037,1,1,1,1,1,1,3,4,1,3,1989,2,2
1991,1,460038,6,2,2,2,1,1,3,4,2,3,1979,2,2
1991,2,460038,1,5,5,2,1,1,3,4,2,3,1984,2,2
1991,1,460039,2,1,1,1,2,2,3,4,1,3,1988,2,2
1991,1,460040,1,2,2,2,1,1,3,4,2,3,1977,2,1
1991,1,460041,1,2,2,2,1,1,3,4,2,3,1988,2,2
1991,2,460041,1,5,5,2,1,1,3,4,2,3,1986,2,2
1991,1,460042,1,2,2,2,1,1,3,4,2,3,1976,2,2
1991,1,460043,2,3,3,2,1,1,3,4,1,3,1978,2,2
1991,1,460044,1,2,2,2,1,1,3,4,2,3,1984,2,2
1991,1,460045,2,1,1,1,1,1,3,4,1,3,1981,2,2
1991,1,460046,6,2,2,1,1,1,3,4,2,3,1979,2,2
1991,1,460047,1,6,6,2,3,3,3,4,2,3,1979,2,2
1991,1,460048,7,6,6,2,4,1,3,1,1,3,1986,2,2
1991,1,460050,6,2,2,1,1,1,3,4,2,3,1988,2,2
1991,2,460050,2,4,4,2,1,1,3,4,2,3,1987,2,2
1991,1,460051,1,7,7,2,1,1,3,4,2,3,1979,2,2
1991,1,460052,1,3,3,1,1,1,3,4,2,3,1983,2,1
1991,1,460053,1,2,2,2,1,1,3,4,1,3,1981,2,1
1991,1,460054,1,2,2,2,1,1,3,4,2,3,1983,2,2
1991,1,460055,1,1,1,2,2,2,3,4,1,3,1982,2,1
1991,1,460056,2,2,2,2,1,1,3,4,2,3,1973,2,2
1991,1,460057,1,5,5,2,1,1,3,4,2,3,1984,2,2
1991,2,460057,6,2,2,1,1,1,3,4,2,3,1989,2,2
1991,1,460058,2,2,2,2,1,1,3,4,2,3,1991,2,2
1991,2,460058,1,3,3,2,1,1,3,4,2,3,1982,2,2
1991,1,460059,1,2,2,2,1,1,3,4,2,3,1988,2,2
1991,2,460059,1,2,2,2,1,1,3,4,2,3,1988,2,2
1991,1,460060,2,2,2,2,1,1,3,4,2,3,1990,2,2
1991,1,460061,7,2,2,2,4,1,3,1,2,3,1990,2,2
1991,2,460061,1,2,2,2,1,1,3,4,2,3,1984,2,2
1991,1,460062,1,2,2,2,1,1,3,4,2,3,1989,2,1
1991,1,460063,2,2,2,1,1,1,3,4,1,3,1988,2,2
1991,1,460064,6,2,2,2,1,1,3,4,2,3,1984,2,2
1991,2,460064,1,2,2,2,1,1,3,4,2,3,1978,2,2
1991,1,460065,2,1,1,1,1,1,3,4,2,3,1990,2,2
1991,1,460066,7,2,2,2,4,2,3,2,1,3,1984,2,2
1991,1,460067,1,2,2,2,1,1,3,4,2,3,1972,2,2
1991,1,460068,6,2,2,1,1,1,3,4,2,3,1987,2,1
1991,1,460069,1,2,2,2,2,2,3,4,1,3,1978,2,2
1991,2,460069,1,2,2,2,1,1,3,4,2,3,1990,2,2
1991,1,460070,1,2,2,2,1,1,3,4,2,3,1984,2,2
1991,1,460071,7,2,2,2,4,1,3,1,1,3,1989,2,2
1991,1,460072,7,2,2,2,4,1,3,1,1,3,1987,2,2
1991,1,460073,4,1,1,1,1,1,3,4,2,3,1989,2,2
1991,1,460074,1,6,6,2,1,1,3,4,1,3,1990,2,2
1991,1,460075,9,7,7,2,1,1,3,4,1,3,1985,2,2
1991,1,460076,9,7,7,2,3,3,3,4,2,3,9999,2,2
1991,1,460077,1,4,4,2,1,1,3,4,2,3,1990,2,2
1991,2,460077,1,2,2,2,2,2,3,4,2,3,1979,2,2
1991,1,460078,2,1,1,1,1,1,3,4,2,3,1973,2,1
1991,1,460079,5,7,7,1,2,2,3,4,1,3,1961,2,2
1991,1,460080,1,2,2,1,1,1,3,4,1,3,1986,2,2
1991,1,460081,7,2,2,2,4,2,3,2,1,3,1991,2,2
1991,1,460082,1,1,1,1,2,2,3,4,2,3,1981,2,2
1991,1,460083,2,1,1,2,2,2,3,4,1,3,1980,2,2
1991,1,460084,1,2,2,2,1,1,3,4,1,3,1975,2,1
1991,1,460085,7,2,2,2,4,2,3,2,2,3,1977,2,2
1991,1,460086,7,2,2,2,4,3,3,3,2,3,1991,2,2
1991,2,460086,1,2,2,2,2,2,3,4,2,3,1973,2,1
1991,1,460087,1,2,2,2,1,1,3,4,1,3,1983,2,2
1991,1,460088,2,5,5,2,1,1,3,4,2,3,1988,2,2
1991,2,460088,6,2,2,1,1,1,3,4,2,3,1973,2,2
1991,1,460089,1,1,1,1,1,1,3,4,2,3,1981,2,2
1991,1,460090,2,2,2,1,1,1,3,4,2,3,1989,2,2
1991,2,460090,2,2,2,2,1,1,3,4,2,3,1984,2,2
1991,1,460091,1,1,1,1,1,1,3,4,1,3,1984,2,2
1991,1,460092,1,2,2,2,1,1,3,4,2,3,1984,2,2
1991,2,460092,1,2,2,2,1,1,3,4,2,3,1983,2,2
1991,1,460093,1,2,2,2,1,1,3,4,2,3,1978,2,2
1991,2,460093,6,4,4,2,3,3,3,4,2,3,1976,2,2
1991,1,460094,1,2,2,1,1,1,3,4,2,3,1985,2,2
1991,1,460095,2,1,1,1,1,1,3,4,2,3,1987,2,1
1991,1,460096,2,7,7,1,1,1,3,4,1,3,1977,2,2
1991,1,460097,2,1,1,1,1,1,3,4,1,3,1991,2,2
1991,1,460098,2,2,2,2,1,1,3,4,1,3,1988,2,2
1991,1,460099,1,1,1,1,1,1,3,4,2,3,1987,2,2
1991,1,460100,1,2,2,2,1,1,3,4,2,3,1985,2,2
1991,2,460100,2,3,3,1,1,1,3,4,2,3,1986,2,2
1991,1,460101,1,2,2,2,1,1,3,4,2,3,1987,1,2
1991,1,460102,2,2,2,2,1,1,3,4,2,3,1984,2,2
1991,2,460102,1,2,2,2,1,1,3,4,2,3,1985,2,2
1991,1,460103,2,6,6,2,1,1,3,4,2,3,1991,2,2
1991,1,460104,1,2,2,2,1,1,3,4,2,3,1985,2,2
1991,2,460104,1,2,2,2,1,1,3,4,2,3,1974,2,2
1991,1,460105,2,1,1,1,1,1,3,4,1,3,1991,2,2
1991,1,460106,2,2,2,2,1,1,3,4,1,3,1987,2,2
1991,1,460107,1,2,2,2,1,1,3,4,1,3,1978,2,2
1991,2,460107,6,4,4,2,2,2,3,4,2,3,1991,1,2
1991,1,460108,3,2,2,2,1,1,3,4,2,3,1984,2,2
1991,2,460108,6,5,5,1,1,1,3,4,1,3,1985,2,2
1991,1,460109,6,4,4,1,1,1,3,4,2,3,1979,2,2
1991,2,460109,6,2,2,2,1,1,3,4,2,3,1992,2,2
1991,1,460110,2,1,1,1,2,2,3,4,1,3,1983,2,2
1991,1,460111,1,2,6,1,1,1,3,4,2,3,1989,2,2
1991,1,460112,1,2,2,2,1,1,3,4,2,3,1990,2,2
1991,2,460112,1,2,2,2,2,2,3,4,2,3,1972,2,2
1991,1,460113,1,1,1,1,1,1,3,4,1,3,1986,2,2
1991,1,460114,2,5,5,2,1,1,3,4,2,3,1987,2,2
1991,2,460114,6,2,2,1,1,1,3,4,1,3,1975,2,2
1991,1,460115,1,2,2,2,1,1,3,4,2,3,1990,2,2
1991,2,460115,2,2,2,2,1,1,3,4,2,3,1983,2,2
1991,1,460116,1,2,2,2,1,1,3,4,2,3,1970,2,2
1991,2,460116,1,2,2,2,1,1,3,4,2,3,1984,2,2
1991,1,460117,2,1,1,1,1,1,3,4,1,3,1991,2,2
1991,1,460118,1,2,2,2,1,1,3,4,1,3,1976,2,2
1991,2,460118,1,4,4,2,2,2,3,4,2,3,1977,2,2
1991,1,460119,1,3,3,2,1,1,3,4,1,3,1989,2,2
1991,2,460119,2,2,2,2,1,1,3,4,2,3,1987,2,2
1991,1,460120,1,1,1,1,1,1,3,4,1,3,1990,2,2
1991,1,460121,1,2,2,2,1,1,3,4,2,3,1978,2,2
1991,1,460122,1,2,2,2,1,1,3,4,2,3,1985,2,2
1991,1,460123,1,2,2,2,2,2,3,4,1,3,1966,2,2
1991,2,460123,1,2,2,2,1,1,3,4,2,3,1984,2,2
1991,3,460123,1,2,2,2,1,1,3,4,2,3,1986,2,2
1991,1,460124,1,2,2,1,1,1,3,4,1,3,1981,2,2
1991,1,460125,3,1,1,1,1,1,3,4,1,3,1990,2,2
1991,1,460126,3,1,1,1,1,1,3,4,2,3,1988,2,2
1991,1,460127,6,2,2,2,2,2,3,4,2,3,1974,2,2
1991,2,460127,1,3,3,2,1,1,3,4,2,3,1987,2,2
1991,1,460128,1,2,2,2,1,1,3,4,1,3,1986,2,2
1991,1,460129,1,2,2,2,1,1,3,4,2,3,1986,2,2
1991,2,460129,1,2,2,2,1,1,3,4,1,3,1985,2,2
1991,1,460130,6,4,4,1,1,1,3,4,2,3,1965,2,2
1991,2,460130,2,2,2,2,1,1,3,4,2,3,1990,2,2
1991,1,460131,3,1,1,1,1,1,3,4,1,3,1985,2,2
1991,1,460132,1,1,1,1,1,1,3,4,2,3,1980,2,2
1991,1,460133,2,2,2,1,3,3,3,4,2,3,1988,2,2
1991,1,470001,2,2,2,2,1,1,3,4,2,3,1981,2,2
1991,1,470002,1,3,3,2,3,3,3,4,2,3,1983,2,2
1991,2,470002,2,2,2,2,1,1,3,4,2,3,1967,2,2
1991,1,470003,1,3,3,2,1,1,3,4,1,3,1986,2,2
1991,1,470004,1,2,2,2,1,1,3,4,1,3,1989,2,2
1991,2,470004,1,4,4,2,1,1,3,4,2,3,1988,2,2
1991,1,470006,2,2,2,2,1,1,3,4,1,3,1986,2,2
1991,1,470007,1,5,5,1,1,1,3,4,1,3,1989,2,2
1991,1,470008,1,2,2,1,1,1,3,4,2,3,1982,2,2
1991,2,470008,1,2,2,2,1,1,3,4,2,3,1984,2,2
1991,1,470009,6,2,2,2,1,1,3,4,2,3,1990,2,2
1991,2,470009,2,2,2,2,1,1,3,4,2,3,1978,2,2
1991,3,470009,1,2,2,2,1,1,3,4,2,3,1979,2,2
1991,1,470010,2,2,5,1,2,2,3,4,1,3,1983,2,2
1991,1,470011,1,2,2,1,2,2,3,4,1,3,1990,2,2
1991,1,470012,2,2,2,2,1,1,3,4,2,3,1980,2,2
1991,1,470014,1,2,2,2,1,1,3,4,1,3,1985,2,1
1991,1,470015,6,6,6,2,1,1,3,4,2,3,1987,2,2
1991,2,470015,2,2,2,2,1,1,3,4,2,3,1990,2,2
1991,1,470016,1,2,2,2,1,1,3,4,2,3,1980,2,2
1991,1,470017,6,2,2,2,1,1,3,4,1,3,1989,2,2
1991,2,470017,1,4,4,2,1,1,3,4,2,3,1979,2,2
1991,1,470018,1,2,2,2,1,1,3,4,2,3,1989,2,2
1991,1,470019,2,2,2,2,1,1,3,4,2,3,1977,2,2
1991,1,470020,1,2,2,1,2,2,3,4,1,3,1981,2,2
1991,1,470021,1,2,2,2,1,1,3,4,2,3,1978,2,2
1991,2,470021,1,5,5,2,1,1,3,4,2,3,1983,2,2
1991,1,470022,1,7,7,1,1,1,3,4,2,3,1969,2,2
1991,1,470023,1,5,5,1,1,1,3,4,1,3,1983,2,2
1991,1,470024,1,1,1,1,1,1,3,4,2,3,1979,2,2
1991,1,470025,3,2,2,2,1,1,3,4,1,3,1984,2,2
1991,2,470025,4,4,4,2,1,1,3,4,2,3,1986,2,2
1991,3,470025,1,4,4,2,1,1,3,4,2,3,1987,2,2
1991,1,470026,2,3,3,1,1,1,3,4,1,3,1990,2,2
1991,1,470027,4,2,2,2,1,1,3,4,1,3,1984,2,2
1991,2,470027,1,3,3,2,1,1,3,4,2,3,1984,2,2
1991,1,470028,1,3,3,2,1,1,3,4,2,3,1988,2,2
1991,2,470028,1,2,2,2,1,1,3,4,2,3,1975,2,2
1991,1,470029,1,2,2,1,2,2,3,4,1,3,1980,2,2
1991,1,470030,2,3,3,2,1,1,3,4,1,3,1962,2,2
1991,1,470031,1,2,2,2,2,2,3,4,2,3,1989,2,2
1991,2,470031,6,2,2,2,1,1,3,4,2,3,1987,2,2
1991,1,470032,1,2,2,2,1,1,3,4,2,3,1970,2,2
1991,1,470033,1,2,2,2,2,2,3,4,2,3,1984,2,2
1991,1,470034,2,2,2,2,2,2,3,4,2,3,1973,2,2
1991,1,470035,1,2,2,2,1,1,3,4,1,3,1983,2,2
1991,2,470035,1,2,2,2,1,1,3,4,2,3,1987,2,2
1991,1,470036,2,2,2,2,1,1,3,4,2,3,1989,2,2
1991,1,470037,3,3,3,2,1,1,3,4,2,3,1986,2,2
1991,1,470038,2,2,2,2,1,1,3,4,2,3,1965,2,2
1991,2,470038,1,2,2,2,1,1,3,4,2,3,1978,2,2
1991,1,470039,2,2,2,2,1,1,3,4,2,3,1979,2,2
1991,1,470040,1,2,2,2,1,1,3,4,2,3,1989,2,2
1991,1,470041,1,2,2,1,2,2,3,4,1,3,1982,2,2
1991,1,470042,2,7,5,1,2,2,3,4,1,3,1978,2,2
1991,1,470043,2,2,2,2,1,1,3,4,2,3,1991,2,2
1991,2,470043,1,5,5,2,1,1,3,4,2,3,1971,2,2
1991,1,470044,1,2,2,2,1,1,3,4,2,3,1988,2,2
1991,1,470045,2,2,2,2,1,1,3,4,2,3,1969,2,2
1991,1,470046,1,2,2,2,1,1,3,4,1,3,1990,2,2
1991,1,470047,1,2,2,2,1,1,3,4,2,3,1976,2,2
1991,1,470048,1,2,2,1,1,1,3,4,1,3,1986,2,2
1991,1,470049,1,2,2,1,1,1,3,4,1,3,1969,2,2
1991,1,470050,1,2,2,1,1,1,3,4,1,3,1987,2,1
1991,1,470051,6,6,6,1,1,1,3,4,2,3,1987,2,2
1991,1,470052,1,2,2,2,2,2,3,4,1,3,1984,2,2
1991,1,470053,1,2,3,2,1,1,3,4,1,3,1989,2,2
1991,1,470054,1,2,2,1,1,1,3,4,1,3,1989,2,2
1991,1,470055,2,2,2,2,1,1,3,4,1,3,1986,2,2
1991,1,470056,1,2,2,2,2,2,3,4,1,3,1981,2,2
1991,2,470056,1,2,2,2,2,2,3,4,2,3,1978,2,2
1991,1,470057,3,3,3,2,1,1,3,4,1,3,1978,2,2
1991,1,470058,1,2,2,1,1,1,3,4,1,3,1989,2,2
1991,1,470060,1,2,2,2,1,1,3,4,2,3,1985,2,2
1991,1,470062,1,3,3,2,1,1,3,4,2,3,1985,2,2
1991,2,470062,2,2,2,2,1,1,3,4,2,3,1987,2,2
1991,1,470063,2,2,2,1,1,1,3,4,2,3,1991,2,2
1991,1,470064,1,2,2,2,1,1,3,4,2,3,1983,2,2
1991,1,470065,1,2,2,2,2,2,3,4,2,3,1987,2,1
1991,1,470066,1,2,2,2,1,1,3,4,2,3,1980,2,2
1991,2,470066,1,2,2,2,1,1,3,4,2,3,1983,2,2
1991,1,470067,2,1,1,1,1,1,3,4,2,3,1984,2,1
1991,1,470068,1,2,2,1,3,3,3,4,1,3,1984,2,2
1991,1,470069,1,2,2,2,1,1,3,4,1,3,1980,2,2
1991,1,470070,1,2,2,2,1,1,3,4,2,3,1987,2,2
1991,1,470071,1,5,5,2,1,1,3,4,1,3,1988,2,2
1991,1,470072,2,3,3,2,1,1,3,4,1,3,1984,2,2
1991,1,470073,6,2,6,2,1,1,3,4,2,3,1990,2,2
1991,2,470073,1,4,4,2,1,1,3,4,2,3,1977,2,2
1991,1,470074,1,2,2,2,1,1,3,4,2,3,1989,2,2
1991,2,470074,1,2,2,2,1,1,3,4,2,3,1989,2,2
1991,1,470075,2,2,2,2,1,1,3,4,2,3,1989,2,2
1991,2,470075,1,2,2,2,2,2,3,4,2,3,1979,2,2
1991,1,470076,1,2,2,2,1,1,3,4,1,3,1988,2,2
1991,1,470077,1,2,2,2,1,1,3,4,2,3,1980,2,2
1991,2,470077,2,2,2,2,1,1,3,4,1,3,1990,2,2
1991,1,470078,1,2,2,2,2,2,3,4,1,3,1981,2,2
1991,1,470079,2,2,2,2,1,1,3,4,1,3,1972,2,2
1991,1,470080,2,2,2,2,2,2,3,4,2,3,1979,2,2
1991,1,470081,1,3,3,2,1,1,3,4,1,3,1990,2,2
1991,1,470082,2,6,6,2,3,3,3,4,2,3,1990,2,2
1991,1,470083,6,6,6,1,1,1,3,4,2,3,1987,2,2
1991,1,470084,4,2,2,2,1,1,3,4,2,3,1970,2,2
1991,2,470084,1,2,2,2,1,1,3,4,1,3,1981,2,2
1991,1,470085,1,3,3,1,2,2,3,4,2,3,1988,2,2
1991,1,470086,1,2,2,2,1,1,3,4,1,3,1989,2,2
1991,2,470086,6,2,2,2,1,1,3,4,2,3,1989,2,2
1991,1,470087,1,5,7,2,1,1,3,4,2,3,1986,2,2
1991,2,470087,2,2,2,2,1,1,3,4,2,3,1985,2,2
1991,3,470087,6,2,2,2,1,1,3,4,2,3,1983,2,2
1991,4,470087,1,7,7,2,1,1,3,4,2,3,1982,2,2
1991,1,470088,2,2,2,2,1,1,3,4,1,3,1985,2,2
1991,1,470089,1,5,5,2,1,1,3,4,2,3,1977,2,2
1991,1,470090,1,2,2,2,2,2,3,4,2,3,1978,2,2
1991,1,470091,1,2,2,1,1,1,3,4,1,3,1991,2,2
1991,1,470092,1,3,3,2,1,1,3,4,2,3,1978,2,2
1991,2,470092,3,2,2,2,1,1,3,4,2,3,1978,2,2
1991,1,470093,3,2,2,2,1,1,3,4,2,3,1988,2,2
1991,2,470093,2,2,2,2,2,2,3,4,2,3,1974,2,2
1991,1,470094,1,2,2,2,2,2,3,4,2,3,1982,2,2
1991,2,470094,1,3,3,1,1,1,3,4,2,3,1982,2,2
1991,1,470095,6,2,2,2,1,1,3,4,2,3,1990,2,2
1991,1,470096,1,2,2,2,2,2,3,4,1,3,1985,2,2
1991,1,470097,1,2,2,1,1,1,3,4,2,3,1980,2,2
1991,1,470098,2,2,2,2,1,1,3,4,2,3,1977,2,2
1991,1,470099,2,2,2,2,1,1,3,4,2,3,1988,2,2
1991,2,470099,1,2,2,2,1,1,3,4,2,3,1988,2,2
1991,1,470100,2,2,2,2,1,1,3,4,2,3,1979,2,2
1991,2,470100,2,4,4,1,1,1,3,4,2,3,1987,2,2
1991,1,470101,3,2,2,2,1,1,3,4,2,3,1989,2,2
1991,1,470102,1,2,2,2,1,1,3,4,1,3,1986,2,2
1991,1,470103,2,6,5,2,1,1,3,4,1,3,1990,2,2
1991,1,470104,2,3,3,2,1,1,3,4,2,3,1988,2,2
1991,2,470104,6,2,2,2,1,1,3,4,2,3,1990,2,2
1991,1,470105,6,2,2,2,1,1,3,4,2,3,1987,2,2
1991,2,470105,1,2,2,2,1,1,3,4,2,3,1987,2,2
1991,3,470105,1,4,2,2,1,1,3,4,2,3,1986,2,2
1991,4,470105,1,2,2,2,1,1,3,4,2,3,1972,2,2
1991,1,470108,1,2,2,2,1,1,3,4,2,3,1974,2,2
1991,2,470108,1,2,2,2,2,2,3,4,2,3,1972,2,2
1991,1,470109,1,2,2,2,1,1,3,4,2,3,1977,2,2
1991,1,470110,3,2,2,1,1,1,3,4,2,3,1989,2,2
1991,1,470111,6,4,4,2,1,1,3,4,2,3,1987,2,2
1991,2,470111,1,2,2,2,2,2,3,4,2,3,1980,2,2
1991,1,470112,2,1,1,1,2,2,3,4,2,3,1988,2,2
1991,1,470113,1,2,2,2,1,1,3,4,2,3,1986,2,2
1991,1,470114,1,2,2,2,1,1,3,4,2,3,1978,2,2
1991,1,470115,2,2,6,1,1,1,3,4,1,3,1989,2,2
1991,1,470116,2,2,2,1,1,1,3,4,1,3,1989,2,2
1991,1,470117,2,1,1,1,1,1,3,4,1,3,1983,2,2
1991,1,470118,1,3,3,1,1,1,3,4,2,3,1979,2,2
1991,1,470119,1,3,3,2,1,1,3,4,2,3,1982,2,2
1991,2,470119,2,2,2,2,1,1,3,4,2,3,1983,2,2
1991,3,470119,1,2,2,2,1,1,3,4,2,3,1987,2,2
1991,1,470120,2,2,2,1,1,1,3,4,1,3,1980,2,2
1991,1,470121,2,2,2,1,1,1,3,4,2,3,1983,2,2
1991,1,470122,1,2,2,2,1,1,3,4,1,3,1982,2,2
1991,1,470123,1,3,3,2,1,1,3,4,2,3,1981,2,2
1991,2,470123,1,2,2,2,1,1,3,4,2,3,1972,2,2
1991,1,470124,1,2,2,2,1,1,3,4,2,3,1990,2,2
1991,2,470124,1,2,2,2,1,1,3,4,2,3,1984,2,2
1991,1,470125,1,7,7,1,1,1,3,4,1,3,1986,2,2
1991,1,470126,2,2,2,1,1,1,3,4,2,3,1986,2,2
1991,1,470127,2,2,2,2,1,1,3,4,2,3,1978,2,2
1991,2,470127,1,2,2,2,2,2,3,4,2,3,1988,2,2
1991,1,470128,1,1,1,1,1,1,3,4,2,3,1982,2,2
1991,1,470129,1,2,2,2,1,1,3,4,2,3,1976,2,2
1991,1,470130,1,5,5,2,1,1,3,4,1,3,1979,2,2
1991,1,470131,1,2,2,2,1,1,3,4,2,3,1976,2,2
1991,2,470131,1,2,2,2,1,1,3,4,2,3,1980,2,2
1991,1,470133,1,3,3,2,2,2,3,4,1,3,1991,2,2
1991,1,470134,1,5,5,2,2,2,3,4,2,3,1987,2,2
1991,1,470135,2,2,2,2,1,1,3,4,2,3,1977,2,2
1991,2,470135,1,2,2,2,1,1,3,4,1,3,1987,2,2
1991,1,470136,1,2,2,2,2,2,3,4,1,3,1987,2,2
1991,1,470137,1,7,7,1,1,1,3,4,1,3,1987,2,2
1991,1,470138,1,2,2,2,1,1,3,4,2,3,1987,2,2
1991,1,470139,2,2,2,2,2,2,3,4,2,3,1989,2,2
1991,1,470140,1,2,2,2,1,1,3,4,2,3,1988,2,2
1991,2,470140,1,2,2,2,1,1,3,4,2,3,1984,2,2
1991,3,470140,1,4,4,2,1,1,3,4,2,3,1982,2,2
1991,1,470141,1,2,2,2,1,1,3,4,1,3,1978,2,2
1991,2,470141,2,2,2,2,1,1,3,4,1,3,1986,2,2
1991,1,470142,2,2,2,2,1,1,3,4,2,3,1983,2,2
1991,2,470142,1,2,2,2,1,1,3,4,2,3,1986,2,1
1991,1,470143,1,5,5,1,1,1,3,4,1,3,1984,2,2
1991,1,470144,2,2,2,2,1,1,3,4,1,3,1986,2,2
1991,1,470145,1,2,2,2,1,1,3,4,1,3,1984,2,2
1991,2,470145,1,2,2,2,1,1,3,4,2,3,1989,2,2
1991,1,470146,1,2,2,1,1,1,3,4,2,3,1991,2,2
1991,2,470146,1,2,2,2,1,1,3,4,2,3,1986,2,2
1991,1,470147,6,2,2,2,1,1,3,4,2,3,1990,2,2
1991,2,470147,1,2,2,2,2,2,3,4,1,3,1983,2,2
1991,1,470148,1,1,1,2,1,1,3,4,2,3,1991,2,2
1991,1,470149,1,2,2,2,1,1,3,4,2,3,1988,2,2
1991,2,470149,1,3,3,2,1,1,3,4,2,3,1985,2,2
1991,3,470149,1,2,2,2,1,1,3,4,2,3,1984,2,2
1991,1,470150,6,2,2,1,1,1,3,4,2,3,1982,2,2
1991,2,470150,1,2,2,2,1,1,3,4,2,3,1984,2,2
1991,1,470151,1,2,2,1,1,1,3,4,1,3,1977,2,2
1991,1,470152,2,2,2,2,1,1,3,4,2,3,1973,2,2
1991,2,470152,1,5,5,2,1,1,3,4,2,3,1986,2,2
1991,1,470153,4,2,2,2,1,1,3,4,2,3,1982,2,2
1991,1,470154,1,2,2,2,1,1,3,4,1,3,1989,2,2
1991,1,470155,1,5,5,2,1,1,3,4,2,3,1986,2,2
1991,1,470156,2,3,3,1,1,1,3,4,2,3,1979,2,2
1991,1,470157,1,2,2,2,2,2,3,4,2,3,1979,2,2
1991,1,470158,1,2,2,2,1,1,3,4,2,3,1988,2,2
1991,1,470159,1,2,6,1,1,1,3,4,1,3,1990,2,2
1991,1,470160,3,3,6,1,1,1,3,4,1,3,1990,2,2
1991,1,470161,7,2,2,2,4,1,3,1,1,3,1979,2,2
1991,1,470162,3,1,1,1,1,1,3,4,1,3,1988,2,2
1991,1,470163,1,2,2,2,1,1,3,4,2,3,1984,2,2
1991,2,470163,4,2,2,2,2,2,3,4,2,3,1981,2,2
1991,1,470164,1,2,2,2,1,1,3,4,2,3,1986,2,1
1991,1,470165,7,2,2,2,4,2,3,2,2,3,1988,2,2
1991,2,470165,2,2,2,2,1,1,3,4,2,3,1991,2,2
1991,1,470166,1,3,3,2,2,2,3,4,2,3,1978,2,2
1991,1,470167,1,2,6,1,1,1,3,4,1,3,1982,2,2
1991,1,470168,1,2,2,2,1,1,3,4,2,3,1965,2,1
1991,1,470169,2,1,1,1,2,2,3,4,2,3,1965,2,2
1991,1,470170,1,2,2,2,1,1,3,4,2,3,1987,2,2
1991,2,470170,1,2,2,2,1,1,3,4,2,3,1971,2,2
1991,1,470171,1,2,2,1,1,1,3,4,2,3,1980,2,2
1991,1,470173,7,7,7,2,4,2,3,2,2,3,1973,2,2
1991,1,470174,1,5,5,2,1,1,3,4,1,3,1986,2,2
1991,1,470175,6,4,4,2,2,2,3,4,2,3,1989,2,2
1991,2,470175,1,7,6,2,1,1,3,4,1,3,1987,2,2
1991,1,470176,1,2,2,2,1,1,3,4,2,3,1979,2,2
1991,1,470177,2,5,5,2,1,1,3,4,2,3,1975,2,2
1991,1,470178,1,4,4,1,1,1,3,4,1,3,1981,2,2
1991,1,470179,1,3,3,1,1,1,3,4,1,3,1984,2,2
1991,1,470180,3,2,2,1,2,2,3,4,2,3,1978,2,2
1991,1,470181,6,2,2,1,1,1,3,4,2,3,1990,2,1
1991,1,470182,2,2,2,2,2,2,3,4,2,3,1971,2,2
1991,2,470182,2,2,2,2,1,1,3,4,2,3,1985,2,2
1991,1,470183,2,2,2,2,3,3,3,4,2,3,1974,2,2
1991,2,470183,2,2,2,2,1,1,3,4,2,3,1986,2,2
1991,1,470184,1,2,2,1,2,2,3,4,2,3,1978,2,2
1991,1,470185,1,5,5,1,1,1,3,4,2,3,1990,2,2
1991,1,470186,1,2,2,1,1,1,3,4,1,3,1989,2,2
1991,1,470187,1,5,5,1,2,2,3,4,1,3,1982,2,2
1991,1,470188,1,2,2,2,3,3,3,4,2,3,1988,2,2
1991,2,470188,3,3,3,1,1,1,3,4,2,3,1973,2,2
1991,1,470189,2,2,2,1,1,1,3,4,1,3,1977,2,2
1991,1,470190,7,2,2,2,4,1,3,1,2,3,1982,2,2
1991,1,470191,1,5,5,1,1,1,3,4,2,3,1987,2,2
1991,1,470193,1,2,2,2,2,2,3,4,2,3,1976,2,2
1991,1,470194,2,2,2,2,1,1,3,4,2,3,1974,2,2
1991,1,470195,6,2,2,2,1,1,3,4,2,3,1991,2,2
1991,1,470196,2,3,3,2,1,1,3,4,2,3,1989,2,2
1991,1,470197,1,2,3,2,1,1,3,4,2,3,1986,2,2
1991,2,470197,1,4,4,2,1,1,3,4,2,3,1988,2,2
1991,3,470197,1,2,2,2,1,1,3,4,2,3,1985,2,2
1991,1,470198,1,2,2,2,1,1,3,4,2,3,1985,2,2
1991,1,470199,2,2,2,2,1,1,3,4,2,3,1989,2,2
1991,2,470199,1,2,2,2,1,1,3,4,2,3,1981,2,2
1991,1,470200,1,3,3,2,1,1,3,4,2,3,1986,2,2
1991,1,470201,2,2,2,1,1,1,3,4,2,3,1984,2,2
1991,1,470202,7,2,2,2,4,2,3,2,1,3,1987,2,2
1991,2,470202,1,4,4,2,1,1,3,4,2,3,1986,2,2
1991,1,470203,1,2,2,2,1,1,3,4,2,3,1989,2,2
1991,2,470203,1,2,2,1,1,1,3,4,2,3,1981,2,2
1991,1,470204,1,5,5,2,1,1,3,4,2,3,1982,2,2
1991,2,470204,1,2,2,2,1,1,3,4,2,3,1987,2,2
1991,1,470205,1,2,2,2,1,1,3,4,2,3,1990,2,2
1991,2,470205,2,2,2,2,1,1,3,4,2,3,1977,2,2
1991,1,470206,2,2,2,2,1,1,3,4,1,3,1978,2,2
1991,1,470208,2,2,2,2,3,3,3,4,2,3,1980,2,2
1991,1,470209,1,3,3,2,1,1,3,4,2,3,1989,2,2
1991,1,470210,1,2,3,2,2,2,3,4,1,3,1973,2,2
1991,1,470211,1,2,6,1,1,1,3,4,2,3,1989,2,2
1991,1,470212,7,2,2,2,4,1,3,1,2,3,1989,2,2
1991,1,470213,4,5,5,2,1,1,3,4,2,3,1989,2,2
1991,2,470213,2,2,2,2,1,1,3,4,2,3,1988,2,2
1991,1,470214,1,2,2,2,2,2,3,4,2,3,1980,2,2
1991,2,470214,1,2,2,2,1,1,3,4,2,3,1982,2,2
1991,1,470215,1,3,3,2,2,2,3,4,1,3,1988,2,2
1991,2,470215,1,2,2,2,1,1,3,4,2,3,1984,2,2
1991,1,470216,6,2,2,1,1,1,3,4,2,3,1989,2,2
1991,1,470217,1,2,2,2,1,1,3,4,2,3,1981,2,2
1991,2,470217,3,4,4,2,1,1,3,4,2,3,1986,2,2
1991,1,470218,1,2,2,2,2,2,3,4,1,3,1985,2,2
1991,1,470219,1,2,2,1,1,1,3,4,1,3,1977,2,2
1991,1,470220,1,2,2,2,1,1,3,4,2,3,1982,2,2
1991,1,470221,6,1,1,1,1,1,3,4,1,3,1989,2,2
1991,1,470222,3,1,1,1,2,2,3,4,2,3,1988,2,2
1991,1,470223,3,2,2,1,1,1,3,4,2,3,1986,2,2
1991,1,470224,7,7,7,2,4,2,3,2,1,3,1977,2,2
1991,1,470225,2,2,2,2,1,1,3,4,2,3,1981,2,2
1991,2,470225,2,2,2,2,1,1,3,4,2,3,1979,2,2
1991,3,470225,1,2,2,2,1,1,3,4,2,3,1989,2,2
1991,1,470226,6,2,2,2,2,2,3,4,1,3,1989,2,2
1991,1,470227,2,2,2,2,1,1,3,4,2,3,1985,2,2
1991,2,470227,9,5,5,2,2,1,3,4,2,3,9999,2,2
1991,1,470228,6,2,2,2,1,1,3,4,2,3,1989,2,2
1991,2,470228,6,4,4,2,1,1,3,4,2,3,1990,2,2
1991,1,470229,1,6,6,1,1,1,3,4,2,3,1987,2,2
1991,1,470230,1,5,5,2,1,1,3,4,1,3,1987,2,2
1991,1,470232,1,5,5,2,1,1,3,4,2,3,1985,2,2
1991,1,470233,2,2,2,1,1,1,3,4,1,3,1969,2,2
1991,1,470234,2,4,4,2,1,1,3,4,2,3,1975,2,2
1991,2,470234,7,2,2,2,4,2,3,2,2,3,1981,2,2
1991,1,470235,2,3,3,2,1,1,3,4,2,3,1981,2,2
1991,2,470235,4,2,2,2,1,1,3,4,2,3,1986,2,2
1991,1,470236,9,7,7,2,3,3,3,4,2,3,9999,2,2
1991,1,470237,1,3,6,1,2,2,3,4,1,3,1991,2,2
1991,1,470238,1,3,3,2,1,1,3,4,2,3,1988,2,2
1991,2,470238,7,2,2,2,4,1,3,1,2,3,1985,2,2
1991,1,470239,2,1,1,1,1,1,3,4,1,3,1985,2,2
1991,1,470240,6,4,4,2,1,1,3,4,2,3,1977,2,2
1991,2,470240,6,2,2,2,1,1,3,4,2,3,1985,1,2
1991,1,470241,1,7,7,2,1,1,3,4,1,3,1983,2,2
1991,1,470242,1,5,5,2,1,1,3,4,2,3,1990,2,2
1991,1,470243,1,4,4,1,2,2,3,4,2,3,1982,2,2
1991,2,470243,2,4,4,2,2,2,3,4,2,3,1982,2,2
1991,3,470243,1,6,6,2,1,1,3,4,2,3,1982,2,2
1991,1,470244,6,6,6,2,1,1,3,4,2,3,1978,2,2
1991,2,470244,1,3,3,2,1,1,3,4,2,3,1990,2,2
1991,1,470245,1,1,1,1,1,1,3,4,1,3,1975,2,2
1991,1,470246,1,3,3,2,1,1,3,4,1,3,1979,2,2
1991,1,470247,3,2,2,1,2,2,3,4,1,3,1989,2,2
1991,2,470247,4,2,2,2,1,1,3,4,2,3,1989,2,2
1991,3,470247,6,6,6,2,1,1,3,4,2,3,1988,2,2
1991,1,470248,1,2,2,1,1,1,3,4,2,3,1988,2,2
1991,1,470249,2,2,2,2,1,1,3,4,2,3,1976,2,2
1991,2,470249,1,2,3,2,1,1,3,4,2,3,1987,2,2
1991,3,470249,4,2,2,2,1,1,3,4,2,3,1984,2,2
1991,1,470250,1,2,2,1,1,1,3,4,2,3,1985,2,2
1991,1,470251,1,4,4,2,2,2,3,4,2,3,1985,2,2
1991,1,470252,2,4,4,2,1,1,3,4,2,3,1976,2,2
1991,2,470252,1,2,2,1,1,1,3,4,2,3,1985,2,2
1991,1,470253,2,3,3,2,1,1,3,4,1,3,1983,2,2
1991,1,470254,1,2,2,1,1,1,3,4,2,3,1976,2,2
1991,1,470255,1,2,2,2,1,1,3,4,1,3,1982,2,2
1991,2,470255,1,3,3,2,1,1,3,4,2,3,1984,2,2
1991,1,470256,2,4,6,1,1,1,3,4,2,3,1979,2,2
1991,2,470256,1,2,2,2,1,1,3,4,1,3,1989,2,2
1991,1,470257,1,4,4,2,1,1,3,4,2,3,1987,2,2
1991,2,470257,1,4,4,2,1,1,3,4,2,3,1988,2,2
1991,1,470258,2,7,7,1,1,1,3,4,2,3,1985,2,2
1991,2,470258,1,2,2,2,1,1,3,4,2,3,1979,2,2
1991,1,470259,4,2,2,2,1,1,3,4,2,3,1989,2,2
1991,1,470260,1,2,7,2,2,2,3,4,1,3,1977,2,2
1991,2,470260,1,4,4,2,1,1,3,4,2,3,1986,2,2
1991,1,470261,1,2,2,1,1,1,3,4,2,3,1974,2,1
1991,1,470262,1,2,2,2,2,2,3,4,2,3,1975,2,2
1991,2,470262,1,2,2,2,1,1,3,4,2,3,1981,2,2
1991,1,470263,1,6,6,2,1,1,3,4,2,3,1978,2,2
1991,1,470264,1,2,2,1,2,2,3,4,2,3,1981,2,2
1991,1,470265,1,2,2,2,1,1,3,4,2,3,1976,2,2
1991,1,470266,1,5,5,2,1,1,3,4,2,3,1990,2,2
1991,1,470267,1,2,2,1,2,2,3,4,2,3,1984,2,2
1991,1,470268,1,2,2,2,1,1,3,4,1,3,1984,2,2
1991,2,470268,9,2,2,2,1,1,3,4,2,3,1979,2,2
1991,1,470269,3,2,2,2,1,1,3,4,2,3,1976,2,2
1991,1,470270,2,2,2,2,1,1,3,4,2,3,1991,2,2
1991,2,470270,7,2,2,2,4,1,3,1,2,3,1990,2,2
1991,1,470271,3,2,2,2,1,1,3,4,1,3,1989,2,1
1991,1,470272,1,2,2,2,1,1,3,4,2,3,1981,2,2
1991,2,470272,2,4,4,2,1,1,3,4,2,3,1975,2,2
1991,1,470273,2,2,2,2,1,1,3,4,2,3,1985,2,2
1991,1,470274,1,2,2,2,1,1,3,4,1,3,1986,2,2
1991,1,470275,1,2,2,2,3,3,3,4,2,3,1984,2,2
1991,2,470275,4,4,4,1,1,1,3,4,1,3,1990,2,2
1991,1,470276,1,1,1,1,1,1,3,4,2,3,1986,2,2
1991,1,470277,1,2,2,2,1,1,3,4,2,3,1980,2,2
1991,1,470278,1,5,5,2,2,2,3,4,1,3,1987,2,2
1991,1,470279,2,4,4,2,1,1,3,4,1,3,1990,2,2
1991,1,470280,1,2,2,2,1,1,3,4,2,3,1980,2,2
1991,2,470280,1,5,5,2,1,1,3,4,2,3,1991,2,2
1991,1,470281,1,2,2,2,1,1,3,4,2,3,1984,2,2
1991,1,470283,6,2,2,2,1,1,3,4,2,3,1990,2,2
1991,2,470283,1,2,2,2,2,2,3,4,2,3,1979,2,2
1991,1,470284,1,5,5,1,2,2,3,4,2,3,1973,2,2
1991,2,470284,6,2,2,2,1,1,3,4,2,3,1988,2,2
1991,1,470285,4,2,2,2,1,1,3,4,2,3,1988,2,2
1991,2,470285,1,5,5,2,1,1,3,4,2,3,1972,2,2
1991,1,470287,1,2,2,2,2,2,3,4,1,3,1973,2,2
1991,1,470288,2,2,2,2,1,1,3,4,2,3,1988,2,2
1991,1,470290,1,2,2,2,1,1,3,4,2,3,1987,2,2
1991,1,470291,1,2,2,2,1,1,3,4,2,3,1979,2,2
1991,2,470291,1,2,2,2,1,1,3,4,1,3,1976,2,2
1991,1,470292,1,2,2,2,1,1,3,4,2,3,1991,2,2
1991,1,470293,1,1,1,1,1,1,3,4,1,3,1986,2,2
1991,1,470294,1,2,2,2,2,2,3,4,2,3,1982,2,2
1991,2,470294,1,2,2,2,1,1,3,4,2,3,1982,2,2
1991,1,470295,1,7,7,1,1,1,3,4,2,3,1991,2,2
1991,1,470296,1,2,2,2,2,2,3,4,1,3,1972,2,2
1991,1,470297,1,2,2,2,1,1,3,4,2,3,1979,1,2
1991,1,470298,3,2,2,2,1,1,3,4,2,3,1979,2,2
1991,1,470299,2,2,2,1,1,1,3,4,2,3,1971,2,2
1991,1,470300,1,3,3,2,1,1,3,4,2,3,1973,2,2
1991,1,470301,2,4,4,2,1,1,3,4,2,3,1972,2,2
1991,2,470301,2,2,2,2,1,1,3,4,1,3,1986,2,2
1991,1,470302,7,2,2,2,4,2,3,2,1,3,1983,2,2
1991,1,470303,1,1,1,1,1,1,3,4,2,3,1989,2,2
1991,1,470304,1,5,5,2,1,1,3,4,1,3,1991,2,2
1991,1,470305,1,2,2,2,1,1,3,4,2,3,1972,2,2
1991,1,470306,1,2,2,2,1,1,3,4,1,3,1981,2,2
1991,1,470307,6,2,2,2,1,1,3,4,2,3,1989,2,2
1991,2,470307,1,2,2,2,1,1,3,4,2,3,1982,2,2
1991,1,470308,2,2,2,1,1,1,3,4,2,3,1986,2,2
1991,2,470308,1,2,2,2,1,1,3,4,2,3,1975,2,2
1991,1,470309,2,2,2,2,1,1,3,4,2,3,1989,2,2
1991,2,470309,1,5,5,2,1,1,3,4,2,3,1982,2,2
1991,1,470310,9,2,2,2,1,1,3,4,2,3,9999,2,2
1991,2,470310,1,2,2,2,1,1,3,4,2,3,1965,2,2
1991,1,470311,1,2,5,2,1,1,3,4,1,3,1990,2,2
1991,1,470312,1,2,2,2,2,2,3,4,2,3,1982,2,2
1991,1,470313,1,2,2,2,1,1,3,4,2,3,1978,2,2
1991,2,470313,3,2,2,2,1,1,3,4,1,3,1978,2,2
1991,1,470314,1,5,5,2,1,1,3,4,2,3,1984,2,2
1991,2,470314,4,2,2,1,1,1,3,4,2,3,1986,2,2
1991,1,470315,2,2,2,1,1,1,3,4,2,3,1986,2,2
1991,1,470316,1,2,2,2,1,1,3,4,2,3,1985,2,2
1991,2,470316,1,2,2,2,1,1,3,4,2,3,1984,2,2
1991,1,470317,1,5,5,2,2,2,3,4,2,3,1987,2,2
1991,1,470318,2,2,2,2,1,1,3,4,2,3,1990,2,2
1991,1,470319,1,2,2,1,1,1,3,4,2,3,1986,2,2
1991,2,470319,1,3,3,2,1,1,3,4,2,3,1984,2,2
1991,1,470320,1,4,4,1,1,1,3,4,1,3,1984,2,2
1991,1,470321,9,1,1,1,2,2,3,4,2,3,9999,2,2
1991,1,470322,2,3,3,2,1,1,3,4,2,3,1991,2,2
1991,1,470323,2,2,2,1,1,1,3,4,2,3,1968,2,2
1991,2,470323,2,2,2,2,1,1,3,4,2,3,1984,2,2
1991,1,470324,1,3,3,2,1,1,3,4,1,3,1977,2,2
1991,1,470325,1,3,3,2,1,1,3,4,2,3,1980,2,2
1991,1,470326,1,3,3,2,1,1,3,4,2,3,1984,2,2
1991,1,470327,1,2,2,1,2,2,3,4,2,3,1965,2,2
1991,1,470328,1,2,2,2,1,1,3,4,2,3,1977,2,2
1991,2,470328,1,2,2,2,1,1,3,4,2,3,1986,2,2
1991,1,470329,6,4,4,2,1,1,3,4,2,3,1990,2,2
1991,2,470329,1,6,6,2,1,1,3,4,2,3,1991,2,1
1991,1,470330,1,2,2,2,1,1,3,4,1,3,1990,2,2
1991,2,470330,1,4,4,2,1,1,3,4,2,3,1981,2,2
1991,1,470331,1,5,5,1,1,1,3,4,1,3,1981,2,2
1991,1,470332,1,3,3,1,1,1,3,4,1,3,1977,2,2
1991,1,470333,2,2,2,2,1,1,3,4,2,3,1989,2,2
1991,2,470333,2,2,2,2,1,1,3,4,2,3,1970,2,2
1991,1,470334,7,2,2,2,4,1,3,1,1,3,1989,2,2
1991,2,470334,6,4,4,2,1,1,3,4,2,3,1977,2,2
1991,1,470336,1,3,3,1,1,1,3,4,1,3,1989,2,2
1991,1,470337,6,5,5,2,1,1,3,4,2,3,1983,2,2
1991,2,470337,7,2,2,2,4,1,3,1,2,3,1985,2,2
1991,1,470338,2,2,2,1,1,1,3,4,2,3,1986,2,2
1991,1,470339,1,3,3,2,1,1,3,4,1,3,1982,2,2
1991,2,470339,1,2,2,2,1,1,3,4,2,3,1987,2,2
1991,1,470340,1,2,2,2,1,1,3,4,2,3,1988,2,2
1991,2,470340,1,4,2,2,1,1,3,4,2,3,1990,2,2
1991,1,470341,1,3,3,2,1,1,3,4,2,3,1990,2,2
1991,1,470342,1,2,2,2,1,1,3,4,2,3,1977,2,2
1991,2,470342,1,2,2,2,1,1,3,4,2,3,1983,2,2
1991,1,470343,1,2,2,2,1,1,3,4,1,3,1980,2,2
1991,1,470344,4,7,7,1,1,1,3,4,1,3,1990,2,2
1991,1,470345,7,4,4,2,4,1,3,1,2,3,1979,2,2
1991,2,470345,1,2,2,2,1,1,3,4,2,3,1977,2,2
1991,1,470347,6,2,2,2,1,1,3,4,2,3,1988,2,2
1991,2,470347,1,2,2,2,2,2,3,4,2,3,1978,2,2
1991,1,470348,6,2,2,1,1,1,3,4,2,3,1979,2,2
1991,2,470348,1,2,2,2,1,1,3,4,2,3,1983,2,2
1991,3,470348,2,4,4,2,1,1,3,4,2,3,1973,2,2
1991,1,470349,2,2,2,2,1,1,3,4,1,3,1991,2,2
1991,1,470350,2,2,2,2,1,1,3,4,2,3,1986,2,2
1991,2,470350,1,2,2,2,1,1,3,4,2,3,1979,2,2
1991,3,470350,1,2,2,2,1,1,3,4,2,3,1985,2,2
1991,4,470350,1,2,2,2,1,1,3,4,2,3,1987,2,2
1991,1,470351,1,2,2,1,1,1,3,4,1,3,1991,2,2
1991,1,470352,2,2,2,2,1,1,3,4,2,3,1986,2,2
1991,2,470352,2,2,2,2,1,1,3,4,2,3,1977,2,2
1991,1,470353,1,5,5,2,1,1,3,4,2,3,1980,2,2
1991,2,470353,1,2,2,2,1,1,3,4,2,3,1982,2,2
1991,1,470354,1,2,2,2,2,2,3,4,2,3,1976,2,2
1991,2,470354,2,2,2,2,1,1,3,4,2,3,1971,2,2
1991,1,470355,2,2,2,2,1,1,3,4,2,3,1968,2,2
1991,2,470355,1,5,5,2,1,1,3,4,2,3,1989,2,2
1991,1,470356,1,2,2,2,1,1,3,4,1,3,1990,2,2
1991,1,470357,1,2,2,2,1,1,3,4,2,3,1985,2,2
1991,1,470358,2,2,2,2,1,1,3,4,2,3,1989,2,2
1991,2,470358,6,2,2,2,1,1,3,4,2,3,1984,2,2
1991,1,470359,6,2,2,2,1,1,3,4,2,3,1989,2,2
1991,2,470359,1,2,2,2,1,1,3,4,2,3,1980,2,2
1991,1,470360,2,3,3,2,1,1,3,4,2,3,1988,2,2
1991,1,470361,1,5,5,2,1,1,3,4,1,3,1984,2,2
1991,1,470362,1,2,2,2,1,1,3,4,2,3,1969,2,2
1991,1,470363,1,2,2,1,1,1,3,4,2,3,1983,2,2
1991,1,470364,1,7,2,2,1,1,3,4,2,3,1987,2,1
1991,2,470364,1,2,2,2,1,1,3,4,2,3,1986,2,2
1991,3,470364,2,4,4,2,1,1,3,4,2,3,1979,2,2
1991,1,470365,1,2,2,2,1,1,3,4,2,3,1982,2,2
1991,1,470366,1,2,2,2,1,1,3,4,2,3,1984,2,2
1991,1,470367,1,5,5,2,2,2,3,4,2,3,1972,2,2
1991,2,470367,6,2,2,2,3,3,3,4,2,3,1988,2,2
1991,1,470368,2,2,2,1,1,1,3,4,2,3,1988,2,2
1991,1,470369,1,2,2,2,1,1,3,4,1,3,1979,2,2
1991,1,470370,1,2,2,2,2,2,3,4,2,3,1980,2,2
1991,2,470370,7,2,2,2,4,2,3,2,2,3,1985,2,2
1991,1,470371,1,1,1,1,1,1,3,4,2,3,1990,2,1
1991,1,470372,1,2,2,2,1,1,3,4,2,3,1988,2,2
1991,1,470373,4,2,2,2,1,1,3,4,2,3,1985,2,2
1991,2,470373,1,2,2,2,1,1,3,4,2,3,1991,2,2
1991,1,470374,1,2,2,1,1,1,3,4,1,3,1989,2,2
1991,1,470375,2,3,3,1,1,1,3,4,2,3,1978,2,2
1991,1,470376,2,2,2,2,1,1,3,4,1,3,1967,2,2
1991,1,470377,1,2,2,2,1,1,3,4,2,3,1986,2,1
1991,1,470378,2,3,3,2,2,2,3,4,1,3,1989,2,2
1991,1,470379,1,2,2,2,1,1,3,4,2,3,1988,2,2
1991,1,470380,4,3,3,2,1,1,3,4,2,3,1987,2,2
1991,1,470381,9,7,7,2,3,3,3,4,2,3,9999,2,2
1991,1,470382,2,2,2,2,1,1,3,4,2,3,1978,2,2
1991,2,470382,1,2,2,2,1,1,3,4,2,3,1990,2,1
1991,1,470383,1,5,5,2,1,1,3,4,2,3,1985,2,2
1991,2,470383,2,2,2,2,1,1,3,4,2,3,1989,2,2
1991,1,470384,1,2,2,2,2,2,3,4,2,3,1978,2,2
1991,1,470385,1,5,5,2,2,2,3,4,2,3,1976,2,2
1991,2,470385,1,2,2,2,1,1,3,4,2,3,1987,2,2
1991,1,470386,2,2,2,2,1,1,3,4,2,3,1966,2,2
1991,2,470386,7,2,2,2,4,1,3,1,2,3,1971,2,2
1991,1,470387,1,5,5,2,1,1,3,4,2,3,1986,2,2
1991,2,470387,1,2,2,2,1,1,3,4,2,3,1981,2,2
1991,1,470388,3,2,2,2,1,1,3,4,2,3,1986,2,2
1991,1,470389,1,3,3,2,2,2,3,4,2,3,1988,2,2
1991,2,470389,1,2,2,2,1,1,3,4,2,3,1982,2,2
1991,1,470390,1,4,4,2,1,1,3,4,2,3,1989,2,2
1991,2,470390,7,2,2,2,4,2,3,2,1,3,1990,2,2
1991,1,470391,1,2,2,1,2,2,3,4,2,3,1987,2,2
1991,1,470392,1,5,5,2,1,1,3,4,2,3,1981,2,2
1991,2,470392,1,2,2,2,1,1,3,4,2,3,1984,2,2
1991,1,470393,7,2,2,2,4,2,3,2,2,3,1989,2,2
1991,1,470394,7,2,2,2,4,1,3,1,1,3,1984,2,2
1991,2,470394,1,5,2,2,1,1,3,4,2,3,1985,2,2
1991,1,470395,1,2,2,2,1,1,3,4,2,3,1983,2,2
1991,2,470395,1,2,2,2,1,1,3,4,2,3,1979,2,2
1991,1,470396,1,2,2,2,1,1,3,4,2,3,1988,2,2
1991,2,470396,1,2,2,2,1,1,3,4,2,3,1990,2,2
1991,1,470397,1,2,2,2,1,1,3,4,2,3,1984,2,2
1991,2,470397,1,2,2,2,1,1,3,4,2,3,1978,2,2
1991,1,470399,2,7,7,2,3,3,3,4,2,3,9999,2,2
1991,1,470400,1,2,2,2,2,2,3,4,2,3,1977,2,2
1991,2,470400,1,2,2,2,1,1,3,4,2,3,1975,2,2
1991,1,470401,1,2,2,2,1,1,3,4,2,3,1988,2,2
1991,1,470402,2,2,3,1,1,1,3,4,2,3,1967,2,2
1991,2,470402,2,5,5,2,1,1,3,4,2,3,1988,2,2
1991,1,470403,2,2,2,1,1,1,3,4,2,3,1988,2,2
1991,1,470404,6,2,2,2,1,1,3,4,2,3,1990,2,2
1991,2,470404,1,2,2,2,1,1,3,4,2,3,1990,2,2
1991,1,470405,6,2,2,2,1,1,3,4,2,3,1978,2,2
1991,2,470405,1,3,3,2,1,1,3,4,2,3,1979,2,2
1991,1,470406,1,2,2,2,1,1,3,4,2,3,1975,2,2
1991,2,470406,3,2,2,2,1,1,3,4,2,3,1985,2,2
1991,3,470406,6,2,2,2,1,2,3,4,2,3,1987,2,2
1991,1,470407,2,1,1,2,2,2,3,4,2,3,1985,2,2
1991,1,470408,1,2,2,2,1,1,3,4,1,3,1991,2,2
1991,1,470409,1,5,5,2,1,1,3,4,2,3,1990,2,2
1991,2,470409,2,2,2,2,1,1,3,4,2,3,1990,2,2
1991,1,470410,1,2,2,2,1,1,3,4,2,3,1988,2,2
1991,1,470411,1,1,1,1,1,1,3,4,1,3,1989,2,2
1991,1,470412,1,6,2,1,1,1,3,4,2,3,1983,2,2
1991,1,470413,1,2,2,2,2,2,3,4,2,3,1979,2,2
1991,1,470414,1,2,2,2,1,1,3,4,2,3,1986,2,2
1991,2,470414,2,2,2,2,1,1,3,4,2,3,1987,2,2
1991,1,470415,1,2,2,2,1,1,3,4,2,3,1980,2,2
1991,2,470415,2,2,2,2,1,1,3,4,2,3,1986,2,2
1991,1,470416,1,3,3,2,1,1,3,4,2,3,1987,2,2
1991,2,470416,1,2,2,2,1,1,3,4,2,3,1985,2,2
1991,3,470416,1,2,2,2,1,1,3,4,2,3,1984,2,2
1991,4,470416,1,2,2,2,1,1,3,4,2,3,1987,2,2
1991,1,470417,1,4,4,2,3,3,3,4,2,3,1984,2,2
1991,2,470417,2,2,2,2,1,1,3,4,2,3,1979,2,2
1991,1,470418,1,2,2,2,2,2,3,4,2,3,1985,2,2
1991,2,470418,1,2,2,2,1,1,3,4,2,3,1983,2,2
1991,1,470419,7,7,7,2,4,2,3,2,1,3,1983,2,2
1991,1,470420,4,2,7,1,3,3,3,4,2,3,1984,2,2
1991,1,470421,2,2,2,2,1,1,3,4,2,3,1988,2,2
1991,2,470421,1,2,2,2,1,1,3,4,2,3,1981,2,2
1991,1,470422,3,2,2,2,1,1,3,4,2,3,1988,2,2
1991,1,470423,3,3,3,1,1,1,3,4,2,3,1978,2,2
1991,1,470424,1,1,1,1,2,2,3,4,1,3,1964,2,2
1991,1,470425,1,2,2,2,1,1,3,4,1,3,1981,2,2
1991,1,470426,1,2,2,2,1,1,3,4,2,3,1984,2,2
1991,2,470426,1,2,2,2,1,1,3,4,2,3,1990,2,2
1991,1,470427,9,2,2,2,3,3,3,4,2,3,9999,2,2
1991,1,470428,1,3,3,2,2,2,3,4,1,3,1979,2,2
1991,1,470430,1,2,2,2,1,1,3,4,1,3,1984,2,2
1991,2,470430,2,2,2,2,1,1,3,4,2,3,1980,2,2
1991,3,470430,1,2,2,2,1,1,3,4,2,3,1985,2,2
1991,1,470431,3,3,3,2,1,1,3,4,2,3,1987,2,2
1991,2,470431,2,7,7,2,1,1,3,4,2,3,1985,2,2
1991,1,470432,1,5,5,2,1,1,3,4,2,3,1974,2,2
1991,2,470432,1,2,2,2,1,1,3,4,1,3,1991,2,2
1991,1,470433,1,2,2,2,1,1,3,4,2,3,1983,2,2
1991,2,470433,1,5,5,2,1,1,3,4,2,3,1977,2,2
1991,1,470434,1,2,2,2,1,1,3,4,2,3,1990,2,2
1991,2,470434,1,5,5,2,3,3,3,4,2,3,1981,2,2
1991,1,470435,2,2,2,1,1,1,3,4,1,3,1986,2,2
1991,1,470436,2,2,2,1,1,1,3,4,1,3,1974,2,2
1991,1,470437,1,3,3,2,3,3,3,4,1,3,1978,2,2
1991,1,470438,1,2,2,2,2,2,3,4,1,3,1983,2,2
1991,2,470438,6,4,4,2,1,1,3,4,2,3,1985,2,2
1991,1,470440,1,2,2,2,1,1,3,4,2,3,1986,2,2
1991,1,470441,1,4,5,2,1,1,3,4,1,3,1986,2,2
1991,1,470442,1,2,2,1,2,2,3,4,1,3,1988,2,2
1991,1,470443,1,2,2,2,2,2,3,4,1,3,1978,2,2
1991,2,470443,6,2,2,1,1,1,3,4,2,3,1985,2,2
1991,1,470444,1,2,2,2,1,1,3,4,2,3,1989,2,2
1991,1,470445,9,4,4,2,1,1,3,4,2,3,1982,2,2
1991,1,470446,2,2,2,2,1,1,3,4,2,3,1985,2,2
1991,2,470446,1,3,3,2,1,1,3,4,1,3,1976,2,2
1991,1,470447,6,2,2,2,1,1,3,4,2,3,1974,2,2
1991,2,470447,2,2,2,2,1,1,3,4,2,3,1977,2,2
1991,1,470448,2,4,4,2,1,1,3,4,2,3,1981,2,2
1991,2,470448,6,2,2,1,1,1,3,4,2,3,1986,2,2
1991,1,470449,2,2,2,1,1,1,3,4,1,3,1971,2,2
1991,2,470449,1,4,4,2,1,1,3,4,2,3,1983,2,2
1991,1,470450,1,4,4,2,1,1,3,4,2,3,1986,2,2
1991,2,470450,1,2,2,2,1,1,3,4,1,3,1985,2,2
1991,1,470451,2,2,2,2,1,1,3,4,2,3,1991,2,2
1991,2,470451,2,2,2,2,1,1,3,4,2,3,1991,2,2
1991,1,470452,2,2,2,1,1,1,3,4,2,3,1980,2,2
1991,1,470453,2,2,2,1,1,1,3,4,2,3,1987,2,1
1991,1,470454,9,7,7,2,3,3,3,4,2,3,9999,2,2
1991,1,470455,1,2,2,1,1,1,3,4,1,3,1982,2,2
1991,1,470456,2,2,2,2,1,1,3,4,2,3,1982,2,2
1991,2,470456,1,3,3,2,1,1,3,4,2,3,1985,2,2
1991,3,470456,1,2,2,2,1,1,3,4,2,3,1979,2,2
1991,1,470457,2,5,5,2,1,1,3,4,2,3,1982,2,2
1991,2,470457,1,5,5,2,1,1,3,4,2,3,1989,2,2
1991,1,470458,6,2,2,2,1,1,3,4,2,3,1987,2,1
1991,1,470459,7,7,7,2,4,2,3,2,1,3,1981,2,2
1991,1,470461,1,5,5,2,1,1,3,4,2,3,1990,2,2
1991,2,470461,1,2,2,2,1,1,3,4,2,3,1990,2,2
1991,1,470462,1,1,1,1,2,2,3,4,1,3,1980,2,2
1991,1,470463,2,1,1,1,1,1,3,4,2,3,1988,2,2
1991,1,470464,2,5,5,1,1,1,3,4,2,3,1989,2,2
1991,2,470464,6,2,2,2,1,2,3,4,2,3,1982,2,2
1991,1,470465,1,4,4,2,1,1,3,4,2,3,1977,2,2
1991,2,470465,6,2,6,2,1,1,3,4,2,3,1984,2,2
1991,3,470465,4,2,3,1,1,1,3,4,2,3,1982,2,2
1991,1,470466,2,2,2,2,1,1,3,4,1,3,1979,2,2
1991,2,470466,1,4,4,2,3,3,3,4,2,3,1977,2,2
1991,1,470467,4,2,2,2,1,1,3,4,2,3,1978,2,2
1991,1,470468,1,3,3,1,1,1,3,4,1,3,1990,2,2
1991,1,470469,1,2,2,2,1,1,3,4,2,3,1987,2,2
1991,2,470469,2,2,2,2,1,1,3,4,2,3,1973,2,2
1991,1,470470,1,2,2,2,1,1,3,4,2,3,1981,2,2
1991,1,470471,1,2,2,2,2,2,3,4,2,3,1986,2,2
1991,1,470472,6,2,2,1,1,1,3,4,1,3,1980,2,2
1991,1,470473,1,2,2,2,1,1,3,4,2,3,1986,2,2
1991,2,470473,6,2,2,2,1,1,3,4,2,3,1986,2,2
1991,3,470473,2,4,4,2,1,1,3,4,2,3,1984,2,2
1991,4,470473,4,2,2,2,1,1,3,4,2,3,1991,2,2
1991,1,470474,6,1,1,1,1,1,3,4,2,3,1985,2,2
1991,1,470475,1,2,2,1,3,3,3,4,1,3,1984,2,2
1991,1,470476,1,2,2,2,1,1,3,4,2,3,1987,2,2
1991,1,470477,1,5,5,2,2,2,3,4,2,3,1980,2,2
1991,1,470478,1,2,2,2,2,2,3,4,1,3,1987,2,1
1991,1,470479,1,6,6,2,1,1,3,4,2,3,1988,2,2
1991,2,470479,6,6,6,2,1,1,3,4,2,3,1985,2,2
1991,1,470480,2,2,2,2,1,1,3,4,2,3,1990,2,2
1991,1,470481,2,1,1,1,1,1,3,4,2,3,1989,2,2
1991,1,470482,3,2,2,2,1,1,3,4,2,3,1985,2,2
1991,2,470482,1,2,3,1,2,2,3,4,1,3,1981,2,2
1991,1,470483,1,2,2,1,1,1,3,4,1,3,1985,2,2
1991,1,470484,2,2,3,2,1,1,3,4,2,3,1991,2,2
1991,1,470485,1,2,2,2,1,1,3,4,2,3,1988,2,2
1991,2,470485,1,2,2,2,1,1,3,4,2,3,1981,2,2
1991,1,470486,2,4,4,2,1,1,3,4,2,3,1990,2,2
1991,2,470486,1,2,2,2,1,1,3,4,2,3,1978,2,2
1991,1,470487,1,2,2,2,1,1,3,4,2,3,1980,2,2
1991,1,470488,1,2,2,2,1,1,3,4,2,3,1990,2,2
1991,1,470489,1,2,2,2,2,2,3,4,2,3,1983,2,2
1991,2,470489,7,2,2,2,4,2,3,2,2,3,1982,2,2
1991,1,470490,2,2,2,2,1,1,3,4,2,3,1979,2,2
1991,2,470490,1,2,2,2,1,1,3,4,2,3,1982,2,1
1991,1,470491,1,2,2,2,1,1,3,4,2,3,1982,2,2
1991,1,470492,1,2,2,2,1,1,3,4,2,3,1982,2,2
1991,2,470492,2,2,2,2,2,2,3,4,2,3,1983,2,2
1991,1,470493,1,2,2,2,1,1,3,4,2,3,1981,2,2
1991,1,470494,1,7,7,1,1,1,3,4,2,3,1986,2,2
1991,1,470495,2,2,2,1,3,3,3,4,1,3,1977,2,2
1991,1,470496,2,7,7,1,1,1,3,4,2,3,1988,2,2
1991,1,470497,1,2,2,2,1,1,3,4,1,3,1988,1,2
1991,1,470498,1,2,3,1,1,1,3,4,2,3,1986,2,2
1991,1,470499,2,1,1,2,1,1,3,4,2,3,1987,2,2
1991,1,470500,1,2,2,1,1,1,3,4,1,3,1982,2,2
1991,1,470501,1,2,2,2,1,1,3,4,2,3,1982,2,2
1991,1,470502,2,2,2,2,1,1,3,4,2,3,1979,2,1
1991,1,470503,1,2,2,1,2,2,3,4,1,3,1984,2,2
1991,1,470504,1,5,5,2,2,2,3,4,2,3,1982,2,2
1991,1,470505,1,2,2,2,1,1,3,4,2,3,1984,2,2
1991,2,470505,1,2,2,2,1,1,3,4,2,3,1964,2,2
1991,1,470506,1,2,2,2,2,2,3,4,1,3,1974,2,2
1991,1,470507,7,2,2,2,4,1,3,1,1,3,1990,2,2
1991,1,470508,1,2,2,2,2,2,3,4,1,3,1968,2,2
1991,1,470509,2,2,2,1,1,1,3,4,1,3,1966,2,2
1991,2,470509,1,4,4,2,1,1,3,4,1,3,1972,2,2
1991,1,470510,2,2,2,2,1,1,3,4,2,3,1979,2,2
1991,2,470510,4,2,2,2,1,1,3,4,2,3,1977,2,2
1991,3,470510,1,2,2,2,1,1,3,4,2,3,1983,2,2
1991,1,470511,2,7,7,1,1,1,3,4,2,3,1981,2,2
1991,1,470512,1,1,1,1,1,1,3,4,2,3,1985,2,2
1991,1,470513,7,2,2,2,4,2,3,2,1,3,1978,2,2
1991,2,470513,1,2,2,2,1,1,3,4,2,3,1983,2,2
1991,1,470514,2,2,2,1,2,2,3,4,1,3,1977,2,2
1991,1,470515,6,1,1,1,1,1,3,4,2,3,1967,2,2
1991,1,470516,2,2,2,1,1,1,3,4,1,3,1989,2,2
1991,1,470517,3,2,2,2,1,1,3,4,2,3,1988,2,1
1991,1,470518,1,2,2,1,1,1,3,4,1,3,1974,2,2
1991,1,470519,7,2,2,2,4,2,3,2,1,3,1986,2,2
1991,1,470520,1,2,2,2,1,1,3,4,2,3,1990,2,2
1991,1,470521,9,2,2,2,3,3,3,4,2,3,9999,2,2
1991,2,470521,9,7,7,2,3,3,3,4,2,3,9999,2,2
1991,1,470522,7,2,2,2,4,2,3,2,2,3,1978,2,2
1991,1,470523,2,2,2,2,1,1,3,4,2,3,1988,2,2
1991,2,470523,2,2,2,2,2,2,3,4,2,3,1980,2,2
1991,1,470524,2,3,3,2,1,1,3,4,2,3,1986,2,2
1991,2,470524,7,2,2,2,4,1,3,1,2,3,1983,2,2
1991,1,470525,1,2,2,1,2,2,3,4,1,3,1983,2,2
1991,1,470526,1,7,7,2,1,1,3,4,2,3,1978,2,2
1991,1,470527,1,1,1,1,2,2,3,4,2,3,1979,2,2
1991,1,470528,1,1,1,1,2,2,3,4,2,3,1982,2,2
1991,1,470529,1,2,2,2,1,1,3,4,2,3,1989,2,2
1991,1,470530,1,2,2,1,1,1,3,4,1,3,1987,2,2
1991,1,470531,4,2,2,2,1,1,3,4,2,3,1990,2,2
1991,2,470531,7,2,2,2,4,1,3,1,1,3,1980,2,2
1991,1,470532,7,2,2,2,4,1,3,1,2,3,1968,2,2
1991,2,470532,2,2,2,2,1,1,3,4,2,3,1986,2,2
1991,1,470533,1,2,2,2,1,1,3,4,2,3,1984,1,2
1991,1,470534,6,7,7,1,1,1,3,4,1,3,1987,2,2
1991,1,470535,1,4,4,2,1,1,3,4,2,3,1980,2,2
1991,2,470535,1,2,2,2,1,1,3,4,2,3,1991,2,2
1991,3,470535,1,2,2,2,1,1,3,4,2,3,1989,2,2
1991,1,470536,2,1,1,2,1,1,3,4,2,3,1972,2,2
1991,1,470537,1,2,2,1,2,2,3,4,2,3,1983,2,2
1991,1,470538,2,2,2,2,2,2,3,4,2,3,1977,2,2
1991,1,470539,1,2,2,2,1,1,3,4,2,3,1978,2,2
1991,1,470540,1,2,2,2,1,1,3,4,2,3,1979,2,2
1991,2,470540,1,5,5,2,1,1,3,4,2,3,1984,2,2
1991,1,470541,1,2,2,1,1,1,3,4,2,3,1988,2,2
1991,1,470542,1,2,2,1,2,2,3,4,1,3,1989,2,2
1991,1,470543,7,2,2,2,4,1,3,1,2,3,1985,1,2
1991,1,470544,1,2,2,2,1,1,3,4,2,3,1980,2,2
1991,2,470544,9,2,2,2,1,1,3,4,2,3,1981,2,2
1991,1,470545,1,2,2,2,2,2,3,4,2,3,1985,2,2
1991,1,470546,1,2,2,2,1,1,3,4,1,3,1965,2,2
1991,2,470546,6,4,4,2,1,1,3,4,2,3,1985,2,2
1991,3,470546,1,5,5,2,1,1,3,4,2,3,1981,2,2
1991,1,470547,1,2,2,2,1,1,3,4,2,3,1991,2,2
1991,2,470547,4,2,2,2,1,1,3,4,2,3,1985,2,2
1991,1,470548,1,2,2,1,1,1,3,4,2,3,1991,2,2
1991,1,470549,1,2,2,1,2,2,3,4,1,3,1991,2,2
1991,1,470550,1,1,1,1,1,1,3,4,1,3,1991,1,2
1991,1,470551,1,4,5,2,1,1,3,4,1,3,1981,2,2
1991,1,470552,1,1,1,1,1,1,3,4,1,3,1980,2,2
1991,1,470553,1,2,2,2,1,1,3,4,2,3,1979,2,2
1991,2,470553,6,2,2,2,1,1,3,4,2,3,1991,2,2
1991,1,470554,6,2,2,2,1,1,3,4,2,3,1989,2,2
1991,2,470554,6,4,4,1,1,1,3,4,2,3,1986,2,2
1991,1,470555,1,2,2,1,1,1,3,4,2,3,1983,2,2
1991,1,470556,1,2,2,2,1,1,3,4,2,3,1988,2,2
1991,1,470557,2,2,2,2,1,1,3,4,2,3,1990,2,2
1991,2,470557,2,2,2,2,1,1,3,4,2,3,1986,2,2
1991,1,470558,1,1,1,1,1,1,3,4,1,3,1984,2,2
1991,1,470559,1,2,2,2,1,1,3,4,2,3,1983,2,2
1991,2,470559,1,2,2,2,1,1,3,4,2,3,1984,1,2
1991,1,470560,6,6,2,1,1,1,3,4,2,3,1991,2,2
1991,1,470561,1,2,2,2,1,1,3,4,2,3,1986,2,2
1991,1,470562,1,2,2,2,1,1,3,4,2,3,1988,2,2
1991,2,470562,1,3,3,2,1,1,3,4,2,3,1991,2,2
1991,1,470563,2,2,2,2,1,1,3,4,1,3,1977,2,2
1991,1,470564,2,1,1,1,1,1,3,4,1,3,1989,2,2
1991,1,470566,1,2,2,2,1,1,3,4,2,3,1987,2,2
1991,2,470566,2,4,4,1,1,1,3,4,2,3,1985,2,2
1991,1,470567,1,2,2,2,1,1,3,4,2,3,1987,2,2
1991,2,470567,1,2,2,2,1,1,3,4,2,3,1975,2,2
1991,1,470568,2,2,2,1,1,1,3,4,1,3,1988,2,2
1991,1,470569,2,2,2,2,1,1,3,4,2,3,1970,2,2
1991,2,470569,1,2,2,2,1,1,3,4,2,3,1990,2,2
1991,1,470570,7,2,2,2,4,2,3,2,1,3,1985,2,2
1991,1,470571,1,2,2,2,2,2,3,4,2,3,1978,2,2
1991,1,470572,1,2,2,1,1,1,3,4,2,3,1982,2,2
1991,1,470573,1,2,2,2,2,2,3,4,2,3,1990,2,2
1991,2,470573,2,2,2,2,1,1,3,4,2,3,1986,2,2
1991,3,470573,1,2,2,2,1,1,3,4,2,3,1984,2,2
1991,4,470573,1,5,5,2,2,2,3,4,2,3,1987,2,2
1991,1,470574,1,2,2,1,1,1,3,4,1,3,1990,2,2
1991,1,470575,4,2,2,1,1,1,3,4,1,3,1989,2,2
1991,2,470575,1,5,5,2,1,1,3,4,2,3,1986,2,2
1991,1,470576,1,4,4,2,1,1,3,4,2,3,1989,2,2
1991,1,470577,1,2,2,2,3,3,3,4,2,3,9999,2,2
1991,1,470578,1,2,2,2,2,2,3,4,2,3,1990,2,2
1991,1,470579,1,2,2,2,3,3,3,4,2,3,9999,2,2
1991,2,470579,1,6,6,2,1,1,3,4,2,3,1978,2,2
1991,1,470580,2,1,1,2,1,1,3,4,2,3,1970,2,2
1991,1,470581,1,2,2,1,1,1,3,4,1,3,1988,2,2
1991,1,470582,2,2,2,2,1,1,3,4,2,3,1988,2,2
1991,2,470582,2,5,5,2,1,1,3,4,2,3,1991,2,2
1991,1,470583,1,6,6,1,1,1,3,4,1,3,1980,2,2
1991,1,470584,1,3,3,1,1,1,3,4,1,3,1990,2,2
1991,1,470585,1,2,2,2,1,1,3,4,2,3,1989,2,2
1991,2,470585,1,2,2,2,1,1,3,4,1,3,1990,2,2
1991,1,470586,1,2,2,1,1,1,3,4,1,3,1988,2,2
1991,2,470586,6,3,3,2,1,1,3,4,2,3,1987,2,2
1991,1,470587,1,1,1,1,2,2,3,4,2,3,1988,2,2
1991,1,470588,1,4,4,2,1,1,3,4,1,3,1979,2,2
1991,1,470589,1,2,2,2,1,1,3,4,1,3,1976,2,2
1991,2,470589,1,4,4,2,1,1,3,4,2,3,1990,2,2
1991,3,470589,1,3,3,2,1,1,3,4,2,3,1984,2,2
1991,1,470590,2,2,2,2,1,1,3,4,2,3,1984,2,2
1991,1,470591,2,2,2,1,1,1,3,4,1,3,1980,2,2
1991,2,470591,1,2,2,2,1,1,3,4,2,3,1986,2,2
1991,1,470592,2,2,2,1,1,1,3,4,2,3,1984,2,2
1991,1,470593,6,2,2,2,1,1,3,4,2,3,1985,2,2
1991,2,470593,6,5,5,1,1,1,3,4,2,3,1989,2,2
1991,3,470593,6,2,2,2,1,1,3,4,2,3,1988,2,2
1991,1,470594,1,2,2,2,2,2,3,4,1,3,1973,2,2
1991,1,470595,1,2,2,2,1,1,3,4,2,3,1982,2,2
1991,1,470596,1,2,2,2,2,2,3,4,2,3,1984,2,2
1991,1,470597,3,2,2,2,1,1,3,4,2,3,1978,2,2
1991,2,470597,1,3,3,2,1,1,3,4,2,3,1988,2,2
1991,1,470598,2,1,1,1,1,1,3,4,2,3,1989,2,2
1991,1,470599,7,2,2,2,4,2,3,2,2,3,1985,2,2
1991,2,470599,1,4,4,2,1,1,3,4,2,3,1989,2,2
1991,1,470600,2,2,2,2,1,1,3,4,2,3,1981,2,2
1991,1,470601,1,5,5,2,1,1,3,4,2,3,1981,2,2
1991,1,470602,1,2,2,2,1,1,3,4,1,3,1974,2,2
1991,2,470602,1,2,2,2,1,1,3,4,2,3,1978,2,2
1991,1,470603,1,1,1,1,3,3,3,4,2,3,1978,2,2
1991,1,470604,2,2,2,2,1,1,3,4,2,3,1991,2,2
1991,1,470605,1,2,2,2,1,1,3,4,1,3,1981,2,2
1991,1,470606,2,1,1,1,1,1,3,4,1,3,1989,2,2
1991,1,470607,1,2,2,1,2,2,3,4,1,3,1976,2,2
1991,1,470608,1,4,4,2,2,2,3,4,1,3,1981,2,1
1991,1,470609,1,3,3,2,1,1,3,4,1,3,1990,2,2
1991,1,470610,2,2,2,1,1,1,3,4,2,3,1981,2,2
1991,2,470610,6,2,6,2,1,1,3,4,1,3,1976,2,2
1991,1,470611,9,7,7,2,3,3,3,4,2,3,9999,2,2
1991,1,470612,1,4,4,2,1,1,3,4,1,3,1972,2,2
1991,1,470613,1,2,2,1,1,1,3,4,1,3,1988,2,2
1991,1,470614,1,5,5,2,2,2,3,4,2,3,1978,2,2
1991,1,470615,1,2,2,1,1,1,3,4,1,3,1987,2,2
1991,1,470616,1,5,5,2,2,2,3,4,2,3,1985,2,2
1991,2,470616,3,2,2,2,1,1,3,4,2,3,1987,2,2
1991,1,470617,2,2,6,2,1,1,3,4,2,3,1982,2,2
1991,2,470617,6,3,3,1,1,1,3,4,2,3,1986,2,2
1991,1,470618,1,7,7,1,2,2,3,4,1,3,1991,2,2
1991,1,470619,1,2,2,1,1,1,3,4,2,3,1980,2,2
1991,1,470620,2,2,3,2,1,1,3,4,2,3,1984,2,2
1991,1,470621,6,2,2,2,1,1,3,4,2,3,1987,2,2
1991,2,470621,1,5,5,2,1,1,3,4,2,3,1985,2,2
1991,1,470622,7,3,3,2,4,1,3,1,2,3,1982,2,2
1991,2,470622,2,2,2,2,1,1,3,4,2,3,1980,2,2
1991,1,470623,6,2,2,2,1,1,3,4,2,3,1989,2,2
1991,2,470623,1,2,2,2,1,1,3,4,2,3,1986,2,2
1991,1,470624,1,2,2,1,1,1,3,4,1,3,1981,2,2
1991,1,470625,6,2,2,1,1,1,3,4,2,3,1989,2,2
1991,1,470626,1,2,2,2,1,1,3,4,2,3,1987,2,2
1991,2,470626,1,5,5,2,1,1,3,4,2,3,1990,2,2
1991,1,470627,1,3,3,2,1,1,3,4,1,3,1980,2,2
1991,1,470629,1,2,2,2,1,1,3,4,2,3,1979,2,1
1991,1,470630,1,2,2,2,1,1,3,4,2,3,1983,2,2
1991,2,470630,1,2,4,2,1,1,3,4,2,3,1987,2,2
1991,3,470630,1,2,2,2,1,1,3,4,1,3,1988,2,2
1991,1,470631,1,2,2,2,1,1,3,4,2,3,1988,2,2
1991,2,470631,1,2,2,2,1,1,3,4,2,3,1982,2,2
1991,1,470633,7,7,7,2,4,2,3,2,1,3,1982,2,2
1991,1,470634,3,2,2,1,1,1,3,4,2,3,1978,1,2
1991,1,470635,1,2,2,2,1,1,3,4,2,3,1981,2,2
1991,1,470636,1,2,2,2,1,1,3,4,2,3,1984,2,2
1991,2,470636,2,2,2,2,1,1,3,4,2,3,1987,2,2
1991,1,470637,6,1,1,1,1,1,3,4,2,3,1991,2,2
1991,1,470639,4,2,2,1,1,1,3,4,2,3,1987,2,2
1991,1,470640,2,2,2,1,2,2,3,4,2,3,1987,2,2
1991,1,470641,2,2,2,2,1,1,3,4,2,3,1970,2,2
1991,2,470641,2,2,2,2,1,1,3,4,2,3,1988,2,2
1991,1,470642,2,2,2,2,1,1,3,4,1,3,1987,2,2
1991,1,470643,1,2,2,2,1,1,3,4,2,3,1988,2,2
1991,1,470644,4,2,2,2,1,1,3,4,2,3,1989,2,2
1991,2,470644,2,2,2,2,1,1,3,4,2,3,1987,2,2
1991,1,470645,2,1,1,1,2,2,3,4,1,3,1981,2,2
1991,1,470646,2,2,2,1,1,1,3,4,2,3,1983,2,2
1991,1,470647,1,5,2,2,1,1,3,4,2,3,1971,2,2
1991,2,470647,1,2,2,2,1,1,3,4,2,3,1990,2,2
1991,1,470648,1,2,2,2,1,1,3,4,1,3,1982,2,2
1991,1,470649,1,1,1,1,1,1,3,4,2,3,1983,2,2
1991,1,470650,1,2,2,1,1,1,3,4,2,3,1983,2,2
1991,1,470651,1,2,2,2,2,2,3,4,1,3,1978,2,2
1991,1,470652,2,2,2,2,1,1,3,4,2,3,1974,2,2
1991,2,470652,7,2,2,2,4,2,3,2,2,3,1975,2,2
1991,1,470653,1,2,2,2,1,1,3,4,2,3,1986,2,2
1991,1,470654,6,2,2,2,1,1,3,4,2,3,1986,2,2
1991,1,470655,6,2,2,2,1,1,3,4,2,3,1990,2,2
1991,2,470655,1,4,4,2,1,1,3,4,2,3,1983,2,2
1991,1,470656,1,3,3,2,1,1,3,4,1,3,1989,2,2
1991,2,470656,1,2,2,2,1,1,3,4,2,3,1979,2,2
1991,1,470657,1,3,3,2,2,2,3,4,1,3,1973,2,2
1991,1,470658,2,2,2,1,1,1,3,4,2,3,1974,2,2
1991,1,470659,1,2,2,1,1,1,3,4,2,3,1981,2,1
1991,1,470660,1,2,2,2,1,1,3,4,1,3,1981,2,2
1991,2,470660,1,2,2,2,1,1,3,4,2,3,1979,2,2
1991,1,470661,2,2,2,2,1,1,3,4,2,3,1984,2,2
1991,2,470661,1,2,2,2,1,1,3,4,2,3,1985,2,2
1991,3,470661,1,2,2,2,2,2,3,4,2,3,1979,2,2
1991,1,470663,1,2,2,2,2,2,3,4,2,3,1985,2,2
1991,1,470664,1,2,3,2,1,1,3,4,1,3,1986,2,2
1991,1,470665,1,5,5,2,1,1,3,4,2,3,1990,2,2
1991,1,470666,1,2,2,2,1,1,3,4,2,3,1973,2,2
1991,1,470667,6,4,4,2,1,1,3,4,2,3,1980,2,2
1991,2,470667,1,6,6,2,1,1,3,4,2,3,1984,2,2
1991,1,470668,1,2,2,2,1,1,3,4,1,3,1977,2,2
1991,1,470669,1,2,2,2,1,1,3,4,2,3,1990,2,2
1991,1,470670,1,3,3,2,2,2,3,4,1,3,1976,2,2
1991,1,470671,1,2,2,2,1,1,3,4,2,3,1981,2,2
1991,2,470671,1,2,2,2,3,3,3,4,2,3,1985,2,2
1991,1,470672,2,2,2,1,1,1,3,4,1,3,1989,2,2
1991,1,470674,6,2,2,2,1,1,3,4,1,3,1976,2,2
1991,2,470674,1,5,5,2,1,1,3,4,2,3,1981,2,2
1991,1,470675,1,3,3,2,1,1,3,4,2,3,1987,2,2
1991,1,470676,1,4,4,2,3,3,3,4,2,3,1988,2,2
1991,2,470676,1,2,2,2,1,1,3,4,1,3,1979,1,2
1991,3,470676,6,2,2,2,3,3,3,4,2,3,1989,2,2
1991,1,470677,2,2,2,2,1,1,3,4,1,3,1975,2,2
1991,2,470677,2,4,4,2,1,1,3,4,2,3,1986,2,2
1991,1,470678,1,2,2,2,1,1,3,4,2,3,1982,2,2
1991,1,470679,3,2,2,2,1,1,3,4,1,3,1988,2,2
1991,1,470680,2,2,2,2,1,1,3,4,2,3,1989,2,2
1991,1,470681,1,2,2,2,1,1,3,4,2,3,1988,2,2
1991,1,470682,1,2,2,2,1,1,3,4,2,3,1989,2,2
1991,2,470682,2,2,2,2,1,1,3,4,1,3,1983,2,2
1991,1,470683,4,2,2,2,1,1,3,4,2,3,1986,2,2
1991,2,470683,2,2,2,2,1,1,3,4,2,3,1979,2,2
1991,1,470684,2,2,2,2,1,1,3,4,2,3,1985,2,2
1991,2,470684,1,3,3,2,1,1,3,4,2,3,1989,2,2
1991,1,470685,7,7,7,2,4,2,3,2,1,3,1980,2,2
1991,1,470686,1,2,2,2,1,1,3,4,2,3,1984,2,2
1991,1,470687,1,2,2,2,1,1,3,4,2,3,1981,2,2
1991,1,470688,6,2,2,1,1,1,3,4,2,3,1992,2,2
1991,2,470688,1,2,2,2,1,1,3,4,2,3,1975,2,2
1991,1,470689,1,2,2,2,1,1,3,4,2,3,1983,2,2
1991,2,470689,1,2,2,2,1,1,3,4,2,3,1982,2,2
1991,1,470690,7,2,2,2,4,1,3,1,2,3,1983,2,2
1991,1,470691,6,6,6,2,1,1,3,4,2,3,1989,2,2
1991,1,470692,2,1,1,1,1,1,3,4,2,3,1988,2,2
1991,1,470693,2,2,2,1,2,2,3,4,1,3,1964,2,2
1991,1,470694,1,1,1,1,1,1,3,4,2,3,1991,2,2
1991,1,470695,2,1,1,1,1,1,3,4,2,3,1987,2,2
1991,1,470696,1,4,4,2,1,1,3,4,2,3,1980,2,2
1991,2,470696,7,4,4,2,4,2,3,2,1,3,1981,2,2
1991,1,470697,2,2,2,2,1,1,3,4,2,3,1986,2,2
1991,2,470697,1,2,2,2,1,1,3,4,2,3,1984,2,2
1991,1,470698,1,2,2,2,1,1,3,4,2,3,1983,2,2
1991,2,470698,1,2,2,2,1,1,3,4,2,3,1989,2,2
1991,1,470699,1,2,2,2,1,1,3,4,2,3,1981,2,2
1991,2,470699,2,2,2,2,1,1,3,4,2,3,1990,2,2
1991,3,470699,2,2,2,2,1,1,3,4,2,3,1991,2,2
1991,1,470700,1,7,7,1,2,2,3,4,1,3,1977,2,2
1991,1,470702,1,2,2,2,1,1,3,4,2,3,1989,2,2
1991,1,470703,1,2,2,2,1,1,3,4,1,3,1981,2,2
1991,1,470704,1,1,1,1,1,1,3,4,2,3,1985,2,2
1991,1,470705,1,3,3,2,1,1,3,4,1,3,1989,2,2
1991,1,470706,2,2,2,2,2,2,3,4,2,3,1989,2,2
1991,1,470707,2,3,3,2,2,2,3,4,2,3,1979,2,2
1991,2,470707,6,2,2,1,1,1,3,4,2,3,1984,2,2
1991,1,470708,1,2,2,2,1,1,3,4,1,3,1970,2,2
1991,1,470709,1,2,2,2,1,1,3,4,2,3,1990,2,2
1991,2,470709,1,3,3,2,1,1,3,4,2,3,1986,2,2
1991,1,470710,6,1,1,1,1,1,3,4,2,3,1989,2,2
1991,1,470711,1,2,2,2,1,1,3,4,2,3,1985,2,2
1991,1,470712,1,2,2,1,1,1,3,4,1,3,1987,2,2
1991,1,470713,1,1,1,2,1,1,3,4,2,3,1982,2,2
1991,1,470714,1,2,2,2,1,1,3,4,1,3,1982,2,2
1991,1,470715,1,2,2,2,1,1,3,4,1,3,1970,2,1
1991,1,470716,1,5,5,2,1,1,3,4,2,3,1989,2,2
1991,2,470716,2,2,2,2,1,1,3,4,2,3,1979,2,2
1991,1,470717,4,2,2,2,1,1,3,4,2,3,1983,2,2
1991,2,470717,2,2,2,2,1,1,3,4,2,3,1984,2,2
1991,1,470718,4,2,2,2,1,1,3,4,2,3,1987,2,2
1991,2,470718,1,3,3,2,1,1,3,4,2,3,1986,2,2
1991,1,470719,2,2,2,2,1,1,3,4,2,3,1977,2,2
1991,2,470719,2,2,2,2,1,1,3,4,2,3,1986,2,2
1991,1,470720,2,2,2,1,1,1,3,4,2,3,1983,2,2
1991,2,470720,1,2,2,2,1,1,3,4,1,3,1977,2,2
1991,1,470721,6,5,5,1,1,1,3,4,2,3,1987,2,2
1991,1,470722,1,5,5,2,1,1,3,4,2,3,1982,2,2
1991,1,470723,4,2,2,2,1,1,3,4,2,3,1986,2,2
1991,1,470724,1,2,2,2,2,2,3,4,2,3,1983,2,2
1991,2,470724,1,2,2,2,1,1,3,4,2,3,1989,2,2
1991,1,470725,1,2,2,2,1,1,3,4,2,3,1983,2,2
1991,1,470726,1,2,2,1,2,2,3,4,1,3,1975,2,2
1991,1,470727,1,1,1,1,1,1,3,4,1,3,1990,2,2
1991,1,470728,2,2,2,2,2,2,3,4,1,3,1988,2,2
1991,1,470729,2,2,2,2,1,1,3,4,2,3,1976,2,2
1991,2,470729,1,2,2,2,1,1,3,4,2,3,1988,2,2
1991,1,470730,2,2,2,1,1,1,3,4,2,3,1982,2,2
1991,1,470731,1,2,2,2,1,1,3,4,2,3,1985,2,2
1991,2,470731,2,2,2,2,1,1,3,4,2,3,1977,2,2
1991,1,470732,1,2,2,2,2,2,3,4,2,3,1982,2,2
1991,2,470732,1,2,2,2,2,2,3,4,2,3,1978,2,2
1991,1,470733,1,2,2,2,1,1,3,4,2,3,1987,2,2
1991,1,470734,2,5,5,2,1,1,3,4,2,3,1977,2,2
1991,2,470734,1,6,6,2,1,1,3,4,2,3,1984,2,2
1991,1,470735,1,5,5,2,1,1,3,4,2,3,1970,2,2
1991,2,470735,2,2,2,2,1,1,3,4,2,3,1988,2,2
1991,1,470736,2,1,1,1,1,1,3,4,1,3,1986,2,2
1991,1,470737,3,2,2,2,1,1,3,4,2,3,1985,2,2
1991,2,470737,2,2,2,2,1,1,3,4,2,3,1985,2,2
1991,1,470738,1,2,2,2,1,1,3,4,1,3,1991,2,2
1991,2,470738,1,2,2,2,2,2,3,4,2,3,1981,2,2
1991,1,470739,2,4,4,2,3,3,3,4,2,3,1971,2,2
1991,2,470739,1,2,2,2,2,2,3,4,2,3,1984,2,2
1991,1,470740,2,2,2,2,1,1,3,4,2,3,1988,2,2
1991,2,470740,1,5,5,2,1,1,3,4,2,3,1984,2,2
1991,1,470741,1,2,2,1,1,1,3,4,2,3,1989,2,2
1991,1,470742,2,3,3,2,2,2,3,4,2,3,1973,2,2
1991,2,470742,8,2,2,2,1,1,3,4,2,3,1972,2,2
1991,1,470743,1,2,2,2,1,1,3,4,2,3,1986,2,2
1991,1,470744,1,4,4,2,1,1,3,4,2,3,1989,2,2
1991,2,470744,6,6,6,2,1,1,3,4,2,3,1990,2,2
1991,1,470745,2,2,2,1,1,1,3,4,2,3,1983,2,2
1991,1,470746,1,2,2,2,1,1,3,4,2,3,1978,2,1
1991,1,470747,2,2,2,2,1,1,3,4,2,3,1989,2,2
1991,2,470747,7,2,2,2,4,1,3,1,2,3,1978,2,2
1991,1,470748,1,2,2,1,1,1,3,4,2,3,1987,2,2
1991,1,470749,1,2,2,2,1,1,3,4,2,3,1981,2,2
1991,1,470750,1,2,2,2,1,1,3,4,1,3,1986,2,2
1991,2,470750,1,2,2,2,1,1,3,4,2,3,1975,2,2
1991,1,470751,1,2,2,2,1,1,3,4,2,3,1987,2,2
1991,2,470751,1,2,2,2,1,1,3,4,2,3,1984,2,2
1991,1,470752,1,3,3,2,1,1,3,4,2,3,1990,2,2
1991,2,470752,1,2,2,2,1,1,3,4,2,3,1990,2,2
1991,1,470753,1,2,2,2,1,1,3,4,2,3,1985,2,1
1991,1,470754,6,5,5,2,1,1,3,4,2,3,1989,2,2
1991,2,470754,1,2,2,2,1,1,3,4,2,3,1988,2,2
1991,1,470755,2,2,2,1,1,1,3,4,2,3,1990,2,2
1991,1,470757,2,2,2,2,1,1,3,4,2,3,1986,2,2
1991,1,470758,1,3,3,2,1,1,3,4,2,3,1977,2,2
1991,2,470758,2,2,2,2,1,1,3,4,2,3,1989,2,2
1991,1,470759,1,2,7,1,1,1,3,4,1,3,1976,2,2
1991,2,470759,3,2,2,2,1,3,3,4,2,3,1986,2,2
1991,1,470760,2,1,1,1,2,2,3,4,1,3,1976,2,2
1991,1,470761,1,2,2,2,1,1,3,4,2,3,1986,2,2
1991,2,470761,1,4,4,2,1,1,3,4,2,3,1988,2,2
1991,1,470762,1,2,2,2,1,1,3,4,2,3,1977,2,2
1991,2,470762,3,2,2,2,1,1,3,4,2,3,1987,2,2
1991,1,470763,1,3,3,2,1,1,3,4,2,3,1984,2,2
1991,2,470763,2,2,2,2,1,1,3,4,2,3,1987,2,2
1991,1,470764,1,7,7,1,1,1,3,4,2,3,1986,2,2
1991,1,470765,1,3,3,2,1,1,3,4,2,3,1979,2,2
1991,2,470765,2,2,2,2,1,1,3,4,2,3,1977,2,2
1991,1,470766,9,2,2,2,3,3,3,4,2,3,9999,2,2
1991,2,470766,1,4,4,2,1,1,3,4,2,3,1974,2,2
1991,1,470767,1,2,2,2,1,2,3,4,2,3,1988,2,2
1991,2,470767,1,5,5,2,1,1,3,4,2,3,1981,2,2
1991,1,470768,1,2,2,2,1,1,3,4,2,3,1982,2,2
1991,1,470769,1,2,2,2,1,1,3,4,2,3,1987,2,2
1991,2,470769,1,2,2,2,1,1,3,4,2,3,1978,2,2
1991,1,470770,7,5,5,2,4,2,3,2,1,3,1980,2,2
1991,2,470770,1,5,5,2,1,1,3,4,2,3,1989,2,2
1991,3,470770,1,2,4,2,1,1,3,4,2,3,1991,2,2
1991,4,470770,1,2,6,2,1,1,3,4,2,3,1988,2,2
1991,1,470771,2,1,1,1,1,1,3,4,2,3,1984,2,2
1991,1,470772,2,2,2,2,1,1,3,4,2,3,1986,2,2
1991,2,470772,3,2,2,2,1,1,3,4,2,3,1989,2,2
1991,3,470772,2,5,5,2,1,1,3,4,2,3,1990,2,2
1991,4,470772,1,2,3,2,2,2,3,4,2,3,1987,2,2
1991,1,470773,2,5,5,2,1,1,3,4,1,3,1977,2,2
1991,1,470774,1,2,2,1,1,1,3,4,1,3,1989,2,2
1991,1,470775,3,3,3,1,1,1,3,4,2,3,1989,2,2
1991,2,470775,1,2,2,2,1,1,3,4,2,3,1989,2,2
1991,1,470776,1,2,2,2,1,1,3,4,1,3,1987,2,2
1991,1,470777,1,2,2,2,1,1,3,4,2,3,1980,2,2
1991,2,470777,6,2,2,2,1,1,3,4,2,3,1979,2,2
1991,1,470778,1,2,2,2,1,1,3,4,1,3,1978,2,2
1991,1,470779,9,4,4,2,1,1,3,4,2,3,1971,2,2
1991,2,470779,1,2,2,2,1,1,3,4,2,3,1987,2,2
1991,1,470780,1,7,7,1,2,2,3,4,1,3,1982,2,2
1991,2,470780,9,2,2,2,3,3,3,4,1,3,9999,2,2
1991,1,470781,1,2,2,2,1,1,3,4,2,3,1988,2,2
1991,2,470781,1,2,2,2,1,1,3,4,2,3,1977,2,2
1991,1,470782,6,2,2,2,1,1,3,4,2,3,1990,2,2
1991,2,470782,1,2,2,2,1,1,3,4,2,3,1982,2,2
1991,1,470783,1,2,2,1,1,1,3,4,2,3,1986,2,1
1991,2,470783,6,4,4,2,1,1,3,4,2,3,1986,2,2
1991,1,470784,2,2,2,2,2,2,3,4,2,3,1987,2,2
1991,2,470784,6,2,2,2,1,1,3,4,2,3,1979,2,2
1991,1,470785,1,2,2,2,1,1,3,4,2,3,1983,2,2
1991,1,470786,1,2,2,2,1,1,3,4,2,3,1988,2,2
1991,2,470786,1,5,5,2,1,1,3,4,2,3,1989,2,2
1991,1,470787,1,2,2,2,1,1,3,4,2,3,1977,2,2
1991,2,470787,4,2,2,2,1,1,3,4,2,3,1989,2,2
1991,3,470787,2,7,7,2,1,1,3,4,2,3,1981,2,2
1991,1,470788,2,1,1,2,1,1,3,4,2,3,1977,2,2
1991,1,470789,2,4,4,2,1,1,3,4,2,3,1987,2,2
1991,2,470789,7,2,2,2,4,1,3,1,2,3,1987,2,2
1991,1,470790,1,7,7,2,1,1,3,4,1,3,1985,2,2
1991,1,470791,1,2,2,2,2,2,3,4,2,3,1982,2,2
1991,2,470791,1,2,2,2,1,1,3,4,2,3,1975,2,2
1991,1,470792,2,2,2,1,1,1,3,4,1,3,1985,2,2
1991,1,470793,1,2,2,2,1,1,3,4,2,3,1977,2,2
1991,1,470794,6,6,6,2,1,1,3,4,2,3,1988,2,2
1991,2,470794,1,6,6,2,1,1,3,4,2,3,1987,2,2
1991,1,470795,1,3,3,1,2,2,3,4,2,3,1973,2,2
1991,1,470796,2,2,2,1,1,1,3,4,2,3,1985,2,1
1991,1,470797,2,1,1,1,1,1,3,4,2,3,1985,2,1
1991,1,470798,2,3,3,2,1,1,3,4,2,3,1978,2,2
1991,2,470798,1,2,2,1,1,1,3,4,2,3,1986,2,2
1991,1,470799,1,3,3,1,2,2,3,4,1,3,1979,2,2
1991,1,470800,1,2,2,2,1,1,3,4,1,3,1984,2,2
1991,1,470801,1,7,7,1,1,1,3,4,1,3,1984,2,2
1991,1,470802,3,2,2,2,1,1,3,4,2,3,1991,2,2
1991,2,470802,1,2,2,2,1,1,3,4,2,3,1983,2,2
1991,3,470802,2,3,3,2,1,1,3,4,2,3,1972,2,2
1991,1,470803,1,1,1,1,1,1,3,4,2,3,1991,2,2
1991,1,470804,1,1,1,1,1,1,3,4,2,3,1992,2,2
1991,1,470805,1,2,2,2,1,1,3,4,2,3,1987,2,1
1991,1,470806,1,2,2,2,2,2,3,4,2,3,1979,2,2
1991,2,470806,1,2,2,2,1,1,3,4,2,3,1979,2,2
1991,1,470807,2,2,2,1,1,1,3,4,1,3,1979,2,2
1991,1,470808,1,2,5,2,3,3,3,4,1,3,1983,2,2
1991,1,470809,2,1,1,2,1,1,3,4,2,3,1983,2,2
1991,1,470810,1,2,2,1,2,2,3,4,2,3,1983,2,1
1991,1,470811,1,2,2,2,1,1,3,4,2,3,1976,2,2
1991,1,470812,3,2,2,2,1,1,3,4,2,3,1989,2,2
1991,2,470812,1,5,5,2,1,1,3,4,2,3,1975,2,2
1991,1,470813,1,3,3,2,1,1,3,4,1,3,1990,2,2
1991,1,470814,1,2,2,2,1,1,3,4,2,3,1989,2,2
1991,2,470814,1,2,2,2,1,1,3,4,2,3,1979,2,2
1991,1,470815,3,7,7,1,2,2,3,4,1,3,1988,2,2
1991,1,470816,2,2,2,2,1,1,3,4,2,3,1978,2,2
1991,1,470817,1,2,2,1,2,2,3,4,2,3,1984,2,2
1991,2,470817,1,2,2,2,1,1,3,4,2,3,1969,2,2
1991,1,470818,1,5,5,1,1,1,3,4,2,3,1978,2,2
1991,1,470819,1,7,3,2,1,1,3,4,1,3,1975,2,2
1991,1,470820,1,2,2,1,2,2,3,4,2,3,1984,2,2
1991,1,470821,2,5,5,2,2,2,3,4,1,3,1978,2,2
1991,1,470822,1,3,3,2,1,1,3,4,2,3,1975,2,2
1991,2,470822,2,2,2,2,1,1,3,4,2,3,1990,2,2
1991,1,470823,1,1,1,1,1,1,3,4,2,3,1989,2,2
1991,1,470824,1,2,2,2,1,1,3,4,2,3,1983,2,2
1991,2,470824,2,4,4,1,1,1,3,4,2,3,1986,2,2
1991,1,470825,1,3,3,1,1,1,3,4,2,3,1987,2,2
1991,1,470826,6,2,2,2,1,1,3,4,1,3,1987,2,1
1991,2,470826,6,4,4,2,1,1,3,4,2,3,1988,2,2
1991,1,470827,7,2,2,2,4,2,3,2,2,3,1985,2,2
1991,1,470828,1,2,2,1,1,1,3,4,1,3,1989,2,2
1991,1,470829,1,2,2,2,1,1,3,4,2,3,1989,2,2
1991,1,470830,1,2,2,2,1,1,3,4,2,3,1988,2,2
1991,2,470830,1,2,2,2,1,1,3,4,2,3,1987,2,2
1991,1,470831,1,2,2,2,3,3,3,4,1,3,1985,2,2
1991,2,470831,1,5,5,2,1,1,3,4,2,3,1987,2,2
1991,3,470831,1,2,2,2,1,1,3,4,2,3,1985,2,2
1991,1,470832,3,2,2,1,1,1,3,4,2,3,1984,2,2
1991,1,470833,1,5,5,1,2,2,3,4,2,3,1984,2,2
1991,1,470834,4,1,1,1,1,1,3,4,1,3,1987,2,2
1991,1,470835,1,2,2,2,1,1,3,4,1,3,1986,2,2
1991,1,470836,1,1,1,1,1,1,3,4,2,3,1978,2,2
1991,1,470837,2,2,2,1,1,1,3,4,1,3,1978,2,2
1991,1,470838,2,1,1,1,1,1,3,4,1,3,1990,2,2
1991,1,470839,6,2,2,1,1,1,3,4,2,3,1985,2,2
1991,2,470839,1,2,2,2,1,1,3,4,2,3,1980,2,2
1991,1,470840,1,1,1,1,1,1,3,4,1,3,1986,2,2
1991,1,470841,1,5,5,2,1,1,3,4,2,3,1987,2,2
1991,2,470841,2,2,2,2,1,1,3,4,2,3,1991,2,2
1991,1,470842,2,2,2,2,1,1,3,4,2,3,1988,2,2
1991,2,470842,1,2,2,2,1,1,3,4,2,3,1989,2,2
1991,3,470842,1,6,6,2,1,1,3,4,2,3,1981,2,2
1991,1,470843,7,3,3,2,4,2,3,2,2,3,1974,2,2
1991,1,470844,1,2,2,1,3,3,3,4,2,3,1991,2,2
1991,1,470845,1,2,2,1,3,3,3,4,1,3,1978,2,2
1991,2,470845,6,5,5,2,1,1,3,4,2,3,1990,2,2
1991,3,470845,1,2,2,2,1,1,3,4,2,3,1980,2,2
1991,1,470846,1,2,2,1,1,1,3,4,2,3,1982,2,2
1991,1,470847,7,7,7,2,4,2,3,2,2,3,1976,2,2
1991,1,470848,2,1,1,1,1,1,3,4,1,3,1977,2,2
1991,1,470849,1,2,2,2,1,1,3,4,2,3,1989,2,2
1991,2,470849,1,5,5,1,1,1,3,4,2,3,1988,2,2
1991,1,470850,6,2,2,2,1,1,3,4,2,3,1978,2,2
1991,1,470851,1,2,2,1,1,1,3,4,2,3,1987,2,2
1991,1,470852,1,2,2,2,1,1,3,4,1,3,1988,2,2
1991,2,470852,6,4,4,2,3,3,3,4,2,3,1989,2,2
1991,1,470853,6,2,2,2,1,1,3,4,2,3,1990,2,2
1991,2,470853,1,2,2,2,1,1,3,4,2,3,1991,2,2
1991,1,470854,2,2,2,1,1,1,3,4,1,3,1990,2,2
1991,1,470855,1,2,2,2,2,2,3,4,2,3,1983,2,2
1991,2,470855,1,6,6,2,1,1,3,4,2,3,1984,2,2
1991,1,470856,1,2,2,1,1,1,3,4,1,3,1989,2,1
1991,1,470857,2,2,2,2,1,1,3,4,2,3,1986,2,2
1991,2,470857,6,4,4,2,1,1,3,4,2,3,1987,2,2
1991,1,470858,6,2,2,2,1,1,3,4,2,3,1981,2,2
1991,2,470858,2,3,3,2,1,1,3,4,2,3,1989,2,2
1991,3,470858,1,2,2,2,1,1,3,4,2,3,1977,2,2
1991,1,470859,1,3,3,2,3,3,3,4,1,3,1983,2,2
1991,1,470860,2,2,2,2,1,1,3,4,2,3,1986,2,2
1991,2,470860,1,3,3,2,1,1,3,4,2,3,1985,2,2
1991,1,470861,4,2,2,2,1,1,3,4,2,3,1991,2,2
1991,2,470861,6,2,2,2,1,1,3,4,2,3,1982,2,2
1991,1,470862,1,7,3,2,1,1,3,4,2,3,1983,2,2
1991,1,470863,1,2,2,2,1,1,3,4,2,3,1983,2,2
1991,2,470863,2,2,2,2,1,1,3,4,2,3,1989,2,2
1991,1,470864,1,4,2,2,1,1,3,4,2,3,1984,2,2
1991,1,470865,3,1,1,1,2,2,3,4,2,3,1979,2,2
1991,1,470866,2,5,5,2,1,1,3,4,2,3,1968,2,2
1991,1,470867,1,2,2,2,1,1,3,4,2,3,1980,2,2
1991,1,470868,1,2,2,2,1,1,3,4,2,3,1987,2,2
1991,2,470868,2,2,2,2,1,1,3,4,2,3,1977,2,2
1991,1,470869,6,2,2,2,1,1,3,4,2,3,1986,2,2
1991,2,470869,6,4,4,1,1,1,3,4,2,3,1992,2,2
1991,1,470870,1,3,3,2,1,1,3,4,2,3,1980,2,2
1991,2,470870,2,2,2,2,1,1,3,4,2,3,1987,2,2
1991,1,470872,1,2,2,2,1,1,3,4,2,3,1990,2,2
1991,1,470873,1,3,3,2,1,1,3,4,2,3,1980,2,2
1991,2,470873,2,2,2,2,1,1,3,4,2,3,1991,2,2
1991,3,470873,1,5,5,2,2,2,3,4,2,3,1981,2,2
1991,4,470873,2,5,5,2,1,1,3,4,2,3,1986,2,2
1991,5,470873,4,3,3,2,1,1,3,4,2,3,1979,2,2
1991,1,470874,1,5,5,2,1,1,3,4,1,3,1988,2,2
1991,1,470875,7,1,1,2,4,1,3,1,2,3,1988,2,2
1991,1,470876,7,2,2,2,4,2,3,2,1,3,1980,2,2
1991,2,470876,2,2,2,2,1,1,3,4,2,3,1981,2,2
1991,1,470877,1,2,2,1,2,2,3,4,2,3,1980,2,2
1991,1,470878,2,2,2,2,2,2,3,4,2,3,1972,2,2
1991,2,470878,1,2,2,2,1,1,3,4,2,3,1976,2,2
1991,1,470879,1,5,5,2,1,1,3,4,2,3,1983,2,2
1991,2,470879,7,2,2,2,4,1,3,1,2,3,1980,2,2
1991,1,470881,1,2,5,2,2,2,3,4,1,3,1974,2,2
1991,1,470882,2,2,2,2,2,2,3,4,1,3,1972,2,2
1991,1,470884,4,2,2,2,1,1,3,4,2,3,1985,2,2
1991,2,470884,1,3,3,2,1,1,3,4,2,3,1981,2,2
1991,1,470885,1,6,6,2,1,1,3,4,2,3,1979,2,2
1991,1,470886,3,1,1,1,1,1,3,4,1,3,1981,2,2
1991,1,470887,2,2,2,2,1,1,3,4,2,3,1982,2,2
1991,2,470887,1,2,2,2,1,1,3,4,2,3,1990,2,2
1991,1,470888,1,2,2,1,1,1,3,4,2,3,1988,2,2
1991,1,470889,6,2,2,2,1,1,3,4,2,3,1987,2,2
1991,2,470889,2,3,3,2,1,1,3,4,2,3,1990,2,2
1991,1,470890,2,1,1,1,1,1,3,4,2,3,1991,2,2
1991,1,470891,7,1,1,2,4,1,3,1,1,3,1979,2,2
1991,1,470892,4,2,2,2,1,1,3,4,2,3,1983,2,2
1991,1,470893,4,2,2,2,1,1,3,4,2,3,1986,2,2
1991,1,470894,1,2,2,2,1,1,3,4,2,3,1985,2,2
1991,2,470894,2,2,2,2,2,2,3,4,2,3,1982,2,2
1991,1,470895,2,2,2,2,1,1,3,4,2,3,1974,2,2
1991,2,470895,6,2,2,2,1,1,3,4,2,3,1990,2,2
1991,1,470896,1,2,2,2,1,1,3,4,2,3,1985,2,2
1991,2,470896,1,2,2,2,1,1,3,4,2,3,1984,2,2
1991,1,470897,1,2,2,2,3,3,3,4,2,3,1983,2,2
1991,1,470898,6,4,4,2,1,1,3,4,2,3,1974,2,2
1991,2,470898,1,2,2,2,1,1,3,4,1,3,1989,2,2
1991,1,470899,2,2,2,2,1,1,3,4,2,3,1982,2,2
1991,2,470899,1,2,2,2,1,1,3,4,2,3,1990,2,2
1991,1,470900,1,2,2,2,1,1,3,4,2,3,1981,2,2
1991,1,470901,1,2,2,2,1,1,3,4,2,3,1989,2,2
1991,2,470901,2,2,2,2,1,1,3,4,2,3,1981,2,2
1991,1,470902,1,3,2,2,1,1,3,4,2,3,1991,2,2
1991,2,470902,1,2,2,2,1,1,3,4,2,3,1982,2,2
1991,1,470903,1,2,2,2,1,1,3,4,2,3,1989,2,2
1991,2,470903,1,2,2,2,1,1,3,4,2,3,1990,2,2
1991,1,470904,2,2,2,2,1,1,3,4,2,3,1991,2,1
1991,2,470904,6,2,2,2,1,1,3,4,2,3,1990,2,2
1991,1,470905,1,5,5,2,1,1,3,4,2,3,1980,2,2
1991,2,470905,2,2,2,2,2,2,3,4,2,3,1976,2,2
1991,1,470906,1,2,2,2,1,1,3,4,2,3,1980,2,2
1991,2,470906,3,6,6,2,1,1,3,4,2,3,1987,2,2
1991,1,470907,1,2,2,2,1,1,3,4,2,3,1980,2,2
1991,1,470908,1,2,2,2,1,1,3,4,2,3,1977,2,2
1991,1,470909,1,3,3,2,1,1,3,4,2,3,1989,2,2
1991,1,470910,1,4,3,2,1,1,3,4,2,3,1990,2,2
1991,2,470910,1,2,2,2,1,1,3,4,2,3,1987,2,2
1991,1,470911,1,2,2,1,2,2,3,4,2,3,1990,2,2
1991,1,470912,1,2,2,2,1,1,3,4,2,3,1984,2,2
1991,2,470912,1,2,2,2,2,2,3,4,2,3,1978,2,2
1991,1,470914,2,2,2,2,1,1,3,4,2,3,1986,2,2
1991,1,470915,2,3,3,2,1,1,3,4,2,3,1979,2,2
1991,2,470915,1,2,2,2,1,1,3,4,2,3,1988,2,2
1991,3,470915,1,2,2,2,1,1,3,4,2,3,1987,2,2
1991,1,470916,1,2,2,2,1,1,3,4,2,3,1987,2,2
1991,2,470916,1,2,2,2,1,1,3,4,2,3,1988,2,1
1991,1,470917,4,1,1,2,1,1,3,4,2,3,1985,2,2
1991,1,470918,4,2,2,2,1,1,3,4,2,3,1981,2,2
1991,2,470918,2,4,4,2,2,2,3,4,2,3,1974,2,2
1991,3,470918,6,3,2,2,1,1,3,4,2,3,1967,2,2
1991,4,470918,1,3,3,2,1,1,3,4,2,3,1979,2,2
1991,1,470919,1,2,2,2,3,3,3,4,2,3,1981,2,2
1991,2,470919,2,2,2,1,1,1,3,4,2,3,1980,2,2
1991,3,470919,2,2,2,2,2,2,3,4,2,3,1978,2,2
1991,1,470920,1,1,1,1,1,1,3,4,1,3,1984,2,2
1991,1,470921,1,5,5,2,1,1,3,4,2,3,1976,2,2
1991,2,470921,1,2,2,2,1,1,3,4,2,3,1990,2,2
1991,1,470922,1,1,1,1,1,1,3,4,2,3,1980,2,2
1991,1,470923,1,2,2,2,1,1,3,4,2,3,1986,2,2
1991,1,470924,3,2,2,1,1,1,3,4,2,3,1985,2,2
1991,1,470925,6,1,1,1,1,1,3,4,2,3,1989,2,2
1991,1,470926,1,4,4,2,1,1,3,4,2,3,1989,2,2
1991,2,470926,6,2,2,2,1,1,3,4,2,3,1984,2,2
1991,1,470927,1,2,2,1,1,1,3,4,1,3,1984,2,2
1991,1,470928,2,1,1,1,2,2,3,4,2,3,1978,2,2
1991,1,470929,1,1,1,1,2,2,3,4,2,3,1988,2,2
1991,1,470930,1,2,2,1,1,1,3,4,1,3,1974,2,2
1991,1,470931,1,2,2,1,2,2,3,4,2,3,1980,2,2
1991,1,470932,4,5,5,2,3,3,3,4,2,3,1986,2,2
1991,2,470932,1,5,5,2,1,1,3,4,2,3,1989,2,2
1991,1,470933,6,2,2,2,1,1,3,4,2,3,1981,2,2
1991,1,470934,3,6,6,1,1,1,3,4,2,3,1989,2,2
1991,1,470935,1,2,2,2,2,2,3,4,1,3,1983,2,2
1991,2,470935,1,2,2,2,2,2,3,4,2,3,1975,2,2
1991,1,470936,1,2,2,2,2,2,3,4,1,3,1986,2,2
1991,1,470937,2,1,1,1,1,1,3,4,2,3,1990,2,2
1991,1,470938,2,2,2,2,1,1,3,4,2,3,1988,2,2
1991,2,470938,4,2,2,2,1,1,3,4,1,3,1989,2,2
1991,1,470939,1,2,2,2,2,2,3,4,2,3,1984,2,2
1991,1,470940,1,2,2,2,1,1,3,4,2,3,1975,2,2
1991,2,470940,1,2,2,2,1,1,3,4,2,3,1990,2,2
1991,1,470941,6,2,2,2,1,1,3,4,2,3,1981,2,2
1991,2,470941,2,3,3,2,1,1,3,4,2,3,1990,2,2
1991,1,470942,2,2,2,1,1,1,3,4,2,3,1987,2,2
1991,1,470943,1,3,3,2,1,1,3,4,1,3,1990,2,2
1991,1,470944,1,2,2,1,2,2,3,4,2,3,1972,2,2
1991,1,470945,1,2,2,2,1,1,3,4,2,3,1980,2,2
1991,2,470945,1,2,2,2,1,1,3,4,2,3,1980,2,2
1991,1,470947,1,2,2,1,1,1,3,4,2,3,1984,2,2
1991,1,470948,1,2,2,2,1,1,3,4,2,3,1982,2,2
1991,1,470949,1,2,2,2,1,1,3,4,2,3,1988,2,2
1991,2,470949,2,2,2,2,1,1,3,4,2,3,1984,2,2
1991,3,470949,1,2,2,2,1,1,3,4,2,3,1990,2,2
1991,1,470950,1,2,2,2,1,1,3,4,2,3,1983,2,2
1991,1,470951,1,2,2,1,1,1,3,4,1,3,1987,2,2
1991,1,470952,1,2,2,2,3,3,3,4,2,3,1986,2,2
1991,2,470952,6,4,4,2,1,1,3,4,2,3,1986,2,2
1991,1,470953,2,3,3,1,1,1,3,4,1,3,1979,2,2
1991,1,470954,6,5,5,2,1,1,3,4,2,3,1988,2,2
1991,1,470955,1,2,2,2,1,1,3,4,2,3,1970,2,2
1991,1,470956,1,2,2,1,1,1,3,4,2,3,1982,2,2
1991,1,470957,1,2,2,2,1,1,3,4,2,3,1987,2,2
1991,2,470957,1,2,2,2,1,1,3,4,2,3,9999,2,2
1991,1,470958,2,2,2,2,1,1,3,4,2,3,1970,2,2
1991,2,470958,1,2,2,2,2,2,3,4,2,3,1980,2,2
1991,1,470959,2,2,5,2,1,1,3,4,1,3,1972,2,2
1991,1,470960,1,3,5,2,1,1,3,4,1,3,1983,2,2
1991,1,470961,9,1,1,2,1,1,3,4,2,3,1984,2,2
1991,1,470962,1,2,2,2,1,1,3,4,2,3,1988,2,2
1991,2,470962,1,2,2,2,1,1,3,4,2,3,1979,2,2
1991,1,470963,1,2,2,2,1,1,3,4,2,3,1990,2,2
1991,2,470963,4,2,2,2,1,1,3,4,2,3,1987,2,2
1991,1,470964,1,2,2,2,2,2,3,4,2,3,1977,2,2
1991,1,470966,1,2,2,2,2,2,3,4,1,3,1976,2,2
1991,1,470967,1,2,2,2,1,1,3,4,2,3,1981,2,2
1991,2,470967,1,2,2,2,1,1,3,4,2,3,1982,2,2
1991,1,470968,1,2,2,1,2,2,3,4,2,3,1978,2,2
1991,1,470969,1,3,3,2,1,1,3,4,2,3,1985,2,2
1991,1,470970,4,2,2,2,1,1,3,4,2,3,1990,2,2
1991,1,470971,2,2,2,2,1,1,3,4,2,3,1983,2,2
1991,2,470971,2,2,2,2,1,1,3,4,2,3,1986,2,2
1991,1,470972,2,2,2,1,2,2,3,4,2,3,1975,2,2
1991,1,470973,1,5,5,2,1,1,3,4,2,3,1982,2,2
1991,1,470974,1,2,2,1,1,1,3,4,2,3,1979,2,1
1991,1,470975,1,2,2,2,1,1,3,4,2,3,1984,2,2
1991,1,470977,1,2,2,2,1,1,3,4,2,3,1981,2,2
1991,2,470977,1,2,2,2,1,1,3,4,2,3,1984,2,2
1991,1,470978,1,3,3,2,2,2,3,4,2,3,1984,2,2
1991,2,470978,4,2,2,2,2,2,3,4,2,3,1986,2,2
1991,1,470979,2,2,2,2,1,1,3,4,2,3,1986,2,2
1991,1,470980,9,7,7,2,3,3,3,4,2,3,9999,2,2
1991,1,470981,1,2,2,2,1,1,3,4,2,3,1983,2,2
1991,2,470981,7,2,2,2,4,1,3,1,2,3,1988,2,2
1991,1,470982,2,2,2,2,1,1,3,4,2,3,1979,2,2
1991,2,470982,1,3,3,2,1,1,3,4,2,3,1986,2,2
1991,3,470982,1,2,2,2,1,1,3,4,2,3,1987,2,2
1991,1,470983,1,1,1,1,1,1,3,4,2,3,1984,2,2
1991,1,470984,2,3,3,2,1,1,3,4,1,3,1971,2,2
1991,1,470985,1,2,2,2,2,2,3,4,2,3,1978,2,2
1991,2,470985,2,2,2,2,1,1,3,4,2,3,1986,2,2
1991,1,470986,6,2,2,2,1,1,3,4,2,3,1991,2,2
1991,2,470986,1,2,2,2,1,1,3,4,2,3,1991,2,2
1991,1,470987,1,2,2,2,1,1,3,4,2,3,1985,2,2
1991,2,470987,1,4,4,2,1,1,3,4,2,3,1987,2,2
1991,1,470988,1,2,2,2,1,1,3,4,2,3,1979,2,2
1991,2,470988,1,3,3,1,1,1,3,4,2,3,1988,2,2
1991,1,470989,1,2,2,2,1,1,3,4,1,3,1966,2,2
1991,1,470990,1,2,2,1,1,1,3,4,1,3,1988,2,2
1991,1,470991,2,3,3,2,1,1,3,4,2,3,1979,2,2
1991,1,470992,1,2,2,2,1,1,3,4,1,3,1989,2,2
1991,1,470993,1,3,3,1,1,1,3,4,2,3,1979,2,2
1991,1,470994,1,2,2,2,1,1,3,4,2,3,1984,2,2
1991,2,470994,1,2,2,2,1,1,3,4,2,3,1990,2,2
1991,1,470995,1,2,2,2,1,1,3,4,2,3,1979,2,2
1991,2,470995,1,2,2,2,1,1,3,4,2,3,1987,2,2
1991,1,470996,2,2,2,2,1,1,3,4,2,3,1986,2,2
1991,1,470997,3,3,3,2,1,1,3,4,2,3,1989,2,2
1991,1,470999,1,2,2,2,1,1,3,4,1,3,1981,2,2
1991,1,471000,6,2,2,2,1,1,3,4,2,3,1978,2,2
1991,1,471001,1,2,2,2,1,1,3,4,2,3,1979,2,2
1991,2,471001,1,2,2,2,1,1,3,4,2,3,1990,2,2
1991,1,471002,2,5,5,2,1,1,3,4,2,3,1988,2,2
1991,1,471003,9,2,2,2,3,3,3,4,2,3,9999,2,2
1991,1,471004,2,3,3,2,1,1,3,4,2,3,1984,2,2
1991,2,471004,1,2,2,2,1,1,3,4,2,3,1974,2,2
1991,1,471005,2,1,1,1,1,1,3,4,2,3,1975,2,2
1991,1,471006,1,2,2,2,1,1,3,4,2,3,1989,2,2
1991,2,471006,1,2,2,2,1,1,3,4,2,3,1985,2,2
1991,1,471007,1,5,5,2,1,1,3,4,2,3,1982,2,2
1991,2,471007,4,2,2,2,1,1,3,4,2,3,1988,2,2
1991,1,471008,1,2,2,2,1,1,3,4,2,3,1978,2,2
1991,1,471009,3,1,1,1,1,1,3,4,2,3,1987,2,2
1991,1,471010,3,2,2,2,1,1,3,4,2,3,1985,2,2
1991,2,471010,1,2,2,2,1,1,3,4,2,3,1984,2,2
1991,1,471011,7,1,1,2,4,1,3,1,2,3,1991,2,2
1991,1,471013,9,7,7,2,3,3,3,4,2,3,9999,2,2
1991,1,471014,6,2,2,2,1,1,3,4,2,3,1989,2,2
1991,1,471015,9,7,7,2,3,3,3,4,2,3,9999,2,2
1991,1,471016,1,5,5,2,1,1,3,4,2,3,1987,2,2
1991,2,471016,1,2,2,2,1,1,3,4,2,3,1979,2,2
1991,1,471017,1,4,4,2,2,2,3,4,2,3,1982,2,2
1991,2,471017,1,2,2,2,1,1,3,4,2,3,1986,2,2
1991,1,471018,2,2,2,2,1,1,3,4,2,3,1989,2,2
1991,2,471018,1,2,2,2,1,1,3,4,2,3,1980,2,2
1991,1,471019,1,1,1,1,1,1,3,4,2,3,1988,2,2
1991,1,471020,1,2,2,2,1,1,3,4,1,3,1984,2,2
1991,1,471022,1,3,3,2,1,1,3,4,2,3,1988,2,2
1991,2,471022,1,2,2,2,1,1,3,4,1,3,1980,2,2
1991,1,471023,1,5,5,2,2,2,3,4,1,3,1981,2,2
1991,1,471024,2,2,2,2,1,1,3,4,2,3,1987,2,2
1991,2,471024,1,5,5,2,1,1,3,4,2,3,1981,2,2
1991,1,471026,1,2,2,2,1,1,3,4,2,3,1984,2,2
1991,2,471026,2,2,2,2,1,1,3,4,2,3,1986,2,2
1991,1,471027,1,3,3,2,1,1,3,4,2,3,1980,2,2
1991,1,471028,1,2,2,1,2,2,3,4,2,3,1977,2,2
1991,1,471029,1,2,2,2,1,1,3,4,2,3,1984,2,2
1991,2,471029,1,5,5,2,1,1,3,4,2,3,1981,2,2
1991,3,471029,1,5,5,2,1,1,3,4,2,3,1977,2,2
1991,1,471030,1,2,2,2,1,1,3,4,2,3,1991,2,2
1991,2,471030,1,2,2,2,1,1,3,4,2,3,1990,2,2
1991,1,471031,4,2,2,2,1,1,3,4,2,3,1977,2,2
1991,1,471032,2,2,2,2,2,2,3,4,1,3,1988,2,2
1991,1,471033,1,2,2,2,2,2,3,4,2,3,1985,2,2
1991,1,471034,1,2,2,2,1,1,3,4,2,3,1984,2,2
1991,2,471034,1,5,5,2,1,1,3,4,2,3,1980,2,2
1991,1,471035,9,7,7,2,3,3,3,4,2,3,9999,2,2
1991,1,471036,1,2,2,2,1,1,3,4,2,3,1985,2,2
1991,1,471037,4,2,2,2,1,1,3,4,2,3,1984,2,2
1991,1,471038,1,2,2,1,1,1,3,4,1,3,1977,2,2
1991,1,471039,6,4,4,2,1,1,3,4,2,3,1984,2,2
1991,2,471039,3,2,2,2,1,1,3,4,2,3,1990,2,2
1991,1,471040,1,3,3,2,1,1,3,4,1,3,1985,2,2
1991,1,471041,2,2,2,2,1,1,3,4,1,3,1973,2,2
1991,1,480001,1,4,4,2,1,1,3,4,1,3,1989,2,2
1991,1,480002,2,1,1,2,1,1,3,4,2,3,1979,2,2
1991,1,480003,9,6,6,2,2,1,3,4,2,3,1989,1,2
1991,1,480004,9,2,2,2,2,2,3,4,2,3,1980,2,2
1991,1,480005,2,1,1,1,2,2,3,4,1,3,1978,2,2
1991,1,480006,2,1,1,1,1,1,3,4,2,3,1986,2,1
1991,1,480007,2,2,2,2,1,1,3,4,2,3,1990,2,1
1991,1,480008,1,1,1,1,1,1,3,4,2,3,1978,2,1
1991,1,480009,1,2,2,2,1,1,3,4,2,3,1991,2,2
1991,1,480010,4,2,2,2,1,1,3,4,2,3,1987,2,2
1991,2,480010,1,3,3,2,1,1,3,4,2,3,1982,2,2
1991,1,480011,1,1,1,1,1,1,3,4,2,3,1985,2,1
1991,1,480012,6,2,2,2,1,1,3,4,2,3,1990,1,2
1991,2,480012,6,4,4,2,3,3,3,4,2,3,1990,2,2
1991,1,480013,6,2,2,1,1,1,3,4,1,3,1986,1,1
1991,2,480013,6,4,4,2,1,1,3,4,2,3,1989,2,2
1991,1,480014,6,2,2,2,1,1,3,4,2,3,1986,2,2
1991,1,480015,4,2,2,1,1,1,3,4,1,3,1972,2,2
1991,2,480015,1,4,2,2,1,1,3,4,2,3,1984,2,2
1991,3,480015,9,2,2,2,3,3,3,4,1,3,9999,2,2
1991,1,480016,2,2,2,2,1,1,3,4,2,3,1982,1,1
1991,1,480017,4,1,1,1,1,1,3,4,2,3,1985,2,2
1991,1,480018,1,7,7,2,1,1,3,4,2,3,1983,1,2
1991,2,480018,4,2,2,2,1,1,3,4,2,3,1985,1,2
1991,1,480019,1,2,2,2,1,1,3,4,2,3,1982,2,2
1991,2,480019,1,3,3,2,1,1,3,4,2,3,1990,2,2
1991,1,480020,2,1,1,1,1,1,3,4,1,3,1986,2,2
1991,1,480021,2,2,2,2,1,1,3,4,2,3,1983,2,2
1991,1,480022,7,2,2,2,4,1,3,1,1,3,1979,2,2
1991,2,480022,3,4,4,2,1,1,3,4,2,3,1990,2,2
1991,1,480023,2,2,2,2,1,2,3,4,1,3,1972,2,2
1991,1,480024,1,1,1,1,1,1,3,4,2,3,1977,1,2
1991,1,480025,3,2,2,2,1,1,3,4,2,3,1987,2,2
1991,2,480025,1,2,2,2,1,1,3,4,2,3,1984,2,2
1991,1,480026,1,2,2,2,1,1,3,4,2,3,1990,2,2
1991,2,480026,2,2,2,2,1,1,3,4,2,3,1990,2,2
1991,1,480027,1,2,2,2,2,2,3,4,2,3,1979,2,2
1991,1,480028,1,2,2,2,1,1,3,4,1,3,1978,2,2
1991,1,480029,2,2,2,1,1,1,3,4,1,3,1989,2,2
1991,1,480030,2,1,1,1,1,1,3,4,2,3,1983,2,2
1991,1,480031,2,1,1,1,1,1,3,4,2,3,1988,2,2
1991,1,480032,1,2,2,2,1,1,3,4,2,3,1986,2,2
1991,2,480032,2,2,2,2,1,1,3,4,2,3,1988,2,1
1991,1,480033,1,5,5,2,1,1,3,4,2,3,1989,2,2
1991,2,480033,1,2,2,2,2,2,3,4,2,3,1984,2,1
1991,1,480034,1,5,5,2,1,1,3,4,2,3,1978,2,2
1991,1,480035,1,5,5,2,1,1,3,4,2,3,1979,2,2
1991,1,480036,1,2,5,2,1,1,3,4,2,3,1990,2,1
1991,1,480037,3,2,2,2,1,1,3,4,1,3,1988,2,2
1991,1,480038,1,2,2,2,1,1,3,4,2,3,1971,2,1
1991,1,480039,1,2,2,1,1,1,3,4,1,3,1986,2,2
1991,1,480040,6,4,4,2,1,1,3,4,2,3,1989,2,2
1991,2,480040,1,2,2,2,1,1,3,4,2,3,1978,2,2
1991,1,480041,1,2,2,2,3,3,3,4,1,3,9999,2,2
1991,1,480042,2,1,1,1,1,1,3,4,2,3,1985,2,2
1991,1,480043,4,2,4,2,1,1,3,4,2,3,1982,2,2
1991,1,480044,1,5,5,2,1,1,3,4,2,3,1989,2,2
1991,2,480044,4,2,2,2,1,1,3,4,2,3,1986,1,2
1991,1,480045,1,2,2,2,2,2,3,4,2,3,1977,2,2
1991,2,480045,1,2,4,2,2,2,3,4,2,3,1975,2,2
1991,1,480046,1,2,2,2,1,1,3,4,1,3,1983,2,2
1991,2,480046,1,3,3,2,1,1,3,4,2,3,1988,2,2
1991,1,480047,2,2,2,2,1,1,3,4,2,3,1983,2,2
1991,1,480048,6,7,7,2,1,1,3,4,2,3,1987,2,2
1991,1,480049,2,1,1,1,1,1,3,4,2,3,1988,2,2
1991,1,480050,1,3,3,2,1,1,3,4,1,3,1985,2,2
1991,2,480050,6,2,2,2,1,1,3,4,2,3,1989,2,2
1991,1,480051,9,2,2,2,3,3,3,4,2,3,9999,2,2
1991,2,480051,7,5,5,2,4,2,3,2,2,3,1979,2,2
1991,1,480052,1,2,2,1,1,1,3,4,2,3,1989,2,2
1991,1,480053,2,2,2,2,2,2,3,4,2,3,1963,2,2
1991,2,480053,1,3,3,2,1,1,3,4,2,3,1989,2,2
1991,1,480054,6,4,4,2,1,1,3,4,2,3,1984,2,2
1991,2,480054,2,2,2,2,1,1,3,4,1,3,1988,2,2
1991,1,480055,1,2,2,2,1,1,3,4,2,3,1991,2,2
1991,2,480055,2,2,2,2,1,1,3,4,2,3,1979,2,2
1991,1,480056,2,2,5,2,1,1,3,4,2,3,1984,2,2
1991,2,480056,1,5,5,2,1,1,3,4,2,3,1986,2,2
1991,3,480056,6,2,2,2,1,1,3,4,2,3,1986,2,2
1991,1,480057,9,7,7,2,3,3,3,4,2,3,9999,2,2
1991,2,480057,2,7,7,2,3,3,3,4,2,3,9999,2,2
1991,3,480057,1,7,7,2,1,1,3,4,2,3,1983,2,2
1991,4,480057,2,7,7,2,3,3,3,4,2,3,9999,2,2
1991,5,480057,1,6,6,2,1,1,3,4,2,3,1986,2,2
1991,6,480057,1,7,7,2,1,1,3,4,2,3,1983,2,2
1991,1,480058,1,2,2,2,1,1,3,4,2,3,1981,1,2
1991,2,480058,1,2,2,2,1,1,3,4,2,3,1987,2,2
1991,1,480059,2,5,5,2,1,1,3,4,2,3,1981,2,2
1991,2,480059,6,2,2,2,1,1,3,4,2,3,1981,2,2
1991,1,480060,1,1,1,1,2,2,3,4,2,3,1986,2,2
1991,1,480061,1,2,2,2,1,1,3,4,2,3,1982,2,1
1991,2,480061,6,2,2,2,1,1,3,4,2,3,1985,2,2
1991,1,480062,2,2,2,2,1,1,3,4,2,3,1980,2,1
1991,2,480062,2,4,4,2,1,1,3,4,2,3,1988,2,2
1991,3,480062,1,2,2,2,2,2,3,4,2,3,1985,2,2
1991,4,480062,1,2,2,2,1,1,3,4,2,3,1983,2,2
1991,1,480063,2,4,4,2,1,1,3,4,1,3,1984,2,2
1991,2,480063,6,2,2,2,1,1,3,4,2,3,1990,2,2
1991,1,480064,1,2,2,2,2,2,3,4,2,3,1985,1,2
1991,2,480064,1,4,4,2,3,3,3,4,2,3,1973,2,2
1991,1,480065,2,2,2,1,1,1,3,4,2,3,1985,2,1
1991,2,480065,1,2,2,2,1,1,3,4,2,3,1984,2,2
1991,1,480066,1,2,2,2,1,1,3,4,2,3,1977,2,2
1991,2,480066,4,2,2,1,1,1,3,4,1,3,1979,2,1
1991,1,480067,1,2,2,2,2,2,3,4,2,3,1987,2,2
1991,1,480068,1,2,2,2,1,1,3,4,2,3,1985,2,2
1991,2,480068,2,2,2,1,1,1,3,4,2,3,1990,2,2
1991,1,480069,3,2,2,1,1,1,3,4,2,3,1982,2,2
1991,1,480070,1,2,2,2,1,1,3,4,2,3,1989,2,2
1991,2,480070,1,2,2,2,1,1,3,4,2,3,1991,2,2
1991,1,480071,1,2,2,2,1,1,3,4,2,3,1990,1,2
1991,1,480072,1,2,5,2,1,1,3,4,2,3,1985,1,2
1991,2,480072,1,2,2,2,2,2,3,4,1,3,1991,2,1
1991,1,480073,3,2,2,2,2,2,3,4,2,3,1983,2,2
1991,1,480074,1,2,2,2,2,2,3,4,2,3,1987,2,2
1991,1,480075,1,1,1,2,2,2,3,4,2,3,1977,1,2
1991,1,480076,1,2,2,2,1,1,3,4,2,3,1979,2,2
1991,1,480077,1,5,5,2,1,1,3,4,2,3,1985,1,2
1991,2,480077,6,2,2,2,1,1,3,4,2,3,1980,2,2
1991,1,480078,2,2,2,2,1,1,3,4,2,3,1986,2,2
1991,2,480078,1,2,2,2,1,1,3,4,2,3,1965,2,2
1991,1,480079,2,2,2,2,1,1,3,4,2,3,1980,2,2
1991,1,480080,7,7,7,2,4,1,3,1,1,3,1989,2,2
1991,2,480080,2,5,5,2,1,1,3,4,2,3,1985,2,2
1991,1,480081,2,2,2,2,1,1,3,4,2,3,1969,2,2
1991,2,480081,1,2,2,2,1,1,3,4,2,3,1978,2,2
1991,1,480082,2,2,2,2,1,1,3,4,2,3,1989,2,2
1991,2,480082,6,2,2,2,1,1,3,4,2,3,1987,2,2
1991,1,480083,1,2,2,2,1,1,3,4,2,3,1980,2,1
1991,1,480084,2,2,2,2,1,1,3,4,1,3,1990,1,2
1991,1,480085,2,2,2,2,1,1,3,4,1,3,1968,2,2
1991,1,480086,2,5,5,2,1,1,3,4,2,3,1984,2,2
1991,2,480086,6,2,2,1,1,1,3,4,2,3,1985,2,2
1991,1,480087,1,7,7,1,1,1,3,4,2,3,1970,2,2
1991,1,480088,2,5,5,2,1,1,3,4,1,3,1989,2,2
1991,1,480089,1,2,2,2,1,1,3,4,2,3,1988,2,2
1991,2,480089,2,2,2,1,2,2,3,4,2,3,1983,2,2
1991,1,480090,1,2,2,2,1,1,3,4,2,3,1980,2,2
1991,2,480090,1,5,5,2,1,1,3,4,2,3,1985,2,2
1991,1,480091,1,1,1,1,2,2,3,4,1,3,1984,2,2
1991,1,480092,1,3,3,2,1,1,3,4,1,3,1988,2,2
1991,2,480092,1,2,2,2,1,1,3,4,2,3,1987,2,2
1991,1,480093,1,2,2,2,1,1,3,4,2,3,1987,2,2
1991,2,480093,2,4,2,1,2,2,3,4,1,3,1975,2,2
1991,1,480094,1,2,2,2,2,2,3,4,2,3,1981,2,2
1991,2,480094,1,2,2,2,1,1,3,4,2,3,1979,2,2
1991,1,480095,1,2,2,2,1,1,3,4,2,3,1984,2,2
1991,1,480096,1,2,2,2,1,1,3,4,2,3,1988,2,1
1991,2,480096,6,4,4,2,1,1,3,4,2,3,1987,2,2
1991,1,480097,1,2,2,2,1,1,3,4,2,3,1988,1,1
1991,2,480097,1,2,2,2,1,1,3,4,2,3,1981,1,2
1991,3,480097,1,2,2,2,1,1,3,4,2,3,1982,1,2
1991,1,480098,6,4,4,2,1,1,3,4,2,3,1990,2,2
1991,2,480098,1,2,6,2,1,1,3,4,2,3,1982,2,2
1991,1,480099,1,2,2,1,1,1,3,4,2,3,1975,1,2
1991,1,480100,1,5,5,2,2,2,3,4,1,3,1982,2,2
1991,1,480101,1,3,3,2,1,1,3,4,1,3,1988,2,2
1991,1,480102,1,2,2,2,2,2,3,4,2,3,1985,2,2
1991,1,480103,1,2,2,2,1,1,3,4,1,3,1982,2,2
1991,1,480104,1,7,7,2,3,3,3,4,2,3,1984,2,2
1991,1,480105,9,2,2,2,3,3,3,4,2,3,9999,2,2
1991,1,480106,6,1,1,1,1,2,3,4,1,3,1985,2,2
1991,1,480107,1,2,2,2,1,1,3,4,2,3,1982,2,2
1991,2,480107,7,2,2,2,4,2,3,2,1,3,1982,1,2
1991,1,480108,6,2,2,2,1,1,3,4,1,3,1981,2,2
1991,2,480108,2,2,2,2,1,1,3,4,2,3,1990,1,2
1991,1,480109,6,2,2,2,1,1,3,4,2,3,1987,2,2
1991,2,480109,1,2,2,2,1,1,3,4,2,3,1986,1,2
1991,1,480110,3,2,2,2,1,1,3,4,2,3,1990,2,2
1991,2,480110,1,5,5,2,1,1,3,4,2,3,1981,2,2
1991,1,480111,6,7,7,1,1,1,3,4,2,3,1979,2,2
1991,1,480112,2,2,2,2,1,1,3,4,2,3,1979,2,2
1991,1,480113,4,2,2,2,1,1,3,4,2,3,1986,2,2
1991,2,480113,3,2,2,2,1,1,3,4,2,3,1980,2,2
1991,1,480114,6,2,2,2,1,1,3,4,2,3,1989,2,2
1991,2,480114,3,5,5,2,1,1,3,4,2,3,1973,2,2
1991,1,480115,2,2,2,1,2,2,3,4,2,3,1980,2,1
1991,1,480116,1,1,1,1,1,1,3,4,2,3,1984,2,2
1991,1,480117,1,5,5,2,1,1,3,4,1,3,1984,2,2
1991,1,480118,1,4,2,2,2,2,3,4,1,3,1983,2,2
1991,1,480119,2,2,2,1,1,1,3,4,1,3,1970,2,2
1991,1,480120,1,2,2,1,1,1,3,4,2,3,1983,2,1
1991,1,480121,2,2,2,1,2,2,3,4,1,3,1983,1,2
1991,2,480121,2,4,4,2,1,1,3,4,2,3,1974,2,2
1991,1,480122,1,2,2,2,1,1,3,4,2,3,1982,2,2
1991,2,480122,1,2,2,2,1,1,3,4,2,3,1982,2,2
1991,1,480123,1,2,2,2,2,2,3,4,2,3,1981,2,2
1991,2,480123,1,2,2,2,1,1,3,4,2,3,1979,2,2
1991,1,480124,2,2,2,2,1,1,3,4,2,3,1979,2,2
1991,1,480125,2,2,2,2,1,1,3,4,2,3,1980,2,2
1991,1,480126,1,2,2,2,1,1,3,4,2,3,1990,2,2
1991,2,480126,1,2,2,2,1,1,3,4,2,3,1979,2,2
1991,1,480127,4,1,1,2,1,1,3,4,2,3,1989,2,2
1991,1,480128,2,5,5,2,1,1,3,4,2,3,1980,2,2
1991,1,480129,1,2,2,2,1,1,3,4,1,3,1978,2,2
1991,1,480130,1,4,4,2,1,1,3,4,2,3,1979,2,2
1991,1,480131,1,3,3,2,1,1,3,4,1,3,1990,2,2
1991,1,480132,1,2,2,1,1,1,3,4,2,3,1991,2,2
1991,1,480133,6,2,2,1,1,1,3,4,2,3,1991,2,1
1991,1,480134,1,1,1,1,1,1,3,4,1,3,1982,1,2
1991,1,480135,1,2,2,2,1,1,3,4,2,3,1978,2,2
1991,1,480136,1,1,1,1,1,1,3,4,1,3,1991,2,1
1991,1,480137,6,2,2,2,1,1,3,4,2,3,1989,2,2
1991,2,480137,1,3,3,2,2,2,3,4,2,3,1982,1,2
1991,1,480138,1,2,2,2,1,1,3,4,2,3,1983,2,2
1991,1,480139,1,3,3,2,1,1,3,4,2,3,1983,2,2
1991,1,480140,2,3,3,1,2,2,3,4,2,3,1977,2,2
1991,1,480141,2,1,1,1,2,2,3,4,1,3,1978,2,2
1991,1,480142,1,4,2,2,3,3,3,4,1,3,1976,2,2
1991,2,480142,1,2,2,2,1,1,3,4,2,3,1988,2,2
1991,1,480143,1,5,5,2,2,2,3,4,2,3,1985,2,2
1991,2,480143,5,2,2,2,2,2,3,4,2,3,1984,2,2
1991,1,480144,2,2,2,2,1,1,3,4,1,3,1971,2,2
1991,1,480145,2,1,1,1,1,1,3,4,1,3,1988,1,2
1991,1,480146,1,3,3,2,1,1,3,4,1,3,1988,2,2
1991,2,480146,1,2,2,2,1,1,3,4,2,3,1988,2,2
1991,1,480147,1,2,2,2,1,1,3,4,1,3,1977,1,2
1991,2,480147,1,2,2,1,3,3,3,4,2,3,1981,2,2
1991,1,480148,1,2,6,1,1,1,3,4,2,3,1981,2,1
1991,1,480149,5,3,3,2,1,1,3,4,2,3,1985,2,2
1991,2,480149,1,2,2,2,1,1,3,4,2,3,1978,2,2
1991,1,480150,9,7,7,2,3,3,3,4,2,3,9999,2,2
1991,1,480151,1,2,2,2,1,1,3,4,1,3,1989,2,2
1991,2,480151,1,2,2,2,1,1,3,4,2,3,1986,2,2
1991,1,480152,1,2,2,2,1,1,3,4,2,3,1987,1,2
1991,2,480152,2,2,2,2,2,2,3,4,2,3,1979,2,2
1991,1,480153,4,6,6,1,1,1,3,4,2,3,1990,2,2
1991,1,480154,1,2,2,2,1,1,3,4,1,3,1986,2,2
1991,1,480155,2,1,1,2,1,1,3,4,2,3,1990,2,2
1991,1,480156,1,2,6,2,1,1,3,4,2,3,1983,2,1
1991,1,480157,1,2,2,2,2,2,3,4,2,3,1984,2,2
1991,1,480158,1,7,7,1,2,2,3,4,1,3,1988,2,2
1991,1,480159,2,2,2,2,1,1,3,4,1,3,1990,2,2
1991,1,480160,1,2,2,2,1,1,3,4,1,3,1985,2,2
1991,1,480161,1,2,2,2,1,1,3,4,2,3,1985,2,2
1991,2,480161,2,2,2,1,1,1,3,4,2,3,1980,2,2
1991,1,480162,2,2,2,2,1,1,3,4,1,3,1989,2,2
1991,1,480163,2,7,7,2,1,1,3,4,2,3,1988,2,2
1991,2,480163,6,2,2,2,1,1,3,4,2,3,1990,2,2
1991,1,480164,1,2,2,2,1,1,3,4,2,3,1973,2,2
1991,1,480165,1,2,2,2,1,1,3,4,2,3,1981,2,2
1991,2,480165,1,2,2,2,1,1,3,4,2,3,1990,2,2
1991,1,480166,1,2,2,1,1,1,3,4,1,3,1986,1,2
1991,1,480167,7,2,2,2,4,2,3,2,2,3,1985,2,2
1991,1,480168,2,2,2,2,2,2,3,4,2,3,1980,1,2
1991,1,480169,9,7,7,2,3,3,3,4,2,3,9999,2,2
1991,1,480170,4,2,2,2,1,1,3,4,2,3,1990,2,2
1991,2,480170,1,3,3,2,1,1,3,4,2,3,1990,2,2
1991,1,480171,2,2,2,1,1,1,3,4,2,3,1989,2,1
1991,1,480172,1,2,2,2,2,2,3,4,2,3,1977,2,1
1991,1,480173,2,2,2,2,1,1,3,4,1,3,1984,2,2
1991,1,480174,1,2,2,2,2,2,3,4,2,3,1979,1,2
1991,2,480174,1,2,2,2,1,1,3,4,2,3,1988,2,2
1991,1,480175,2,2,2,2,1,1,3,4,2,3,1984,2,2
1991,1,480176,2,2,2,2,2,2,3,4,1,3,1976,2,2
1991,1,480177,1,5,5,2,1,1,3,4,1,3,1985,2,2
1991,1,480178,6,2,2,2,1,1,3,4,2,3,1986,2,2
1991,2,480178,1,2,2,2,1,1,3,4,2,3,1989,2,1
1991,1,480179,1,7,7,1,1,1,3,4,1,3,1989,2,2
1991,1,480180,2,3,3,2,1,1,3,4,2,3,1974,1,2
1991,2,480180,1,2,2,2,2,2,3,4,2,3,1976,2,2
1991,3,480180,3,2,2,2,1,1,3,4,2,3,1989,2,2
1991,1,480181,1,4,4,2,1,1,3,4,1,3,1990,2,2
1991,2,480181,2,2,2,2,1,1,3,4,2,3,1982,2,2
1991,1,480182,2,2,2,2,1,1,3,4,1,3,1988,2,2
1991,2,480182,1,4,4,2,1,1,3,4,2,3,1990,2,2
1991,1,480183,2,2,2,2,1,1,3,4,2,3,1990,2,1
1991,1,480184,2,2,2,2,1,1,3,4,2,3,1975,2,2
1991,1,480185,2,2,2,2,1,1,3,4,2,3,1990,2,2
1991,2,480185,6,2,2,2,1,2,3,4,2,3,1976,2,2
1991,1,480186,1,2,2,2,2,2,3,4,1,3,1978,2,2
1991,2,480186,1,2,2,2,1,1,3,4,2,3,1984,2,2
1991,1,480187,2,1,1,1,1,1,3,4,2,3,1990,2,2
1991,1,480188,2,5,5,2,2,2,3,4,1,3,1986,2,2
1991,1,480189,6,2,2,2,1,1,3,4,2,3,1984,2,2
1991,1,480190,2,2,2,2,1,1,3,4,2,3,1977,2,2
1991,2,480190,2,5,5,2,1,1,3,4,2,3,1982,2,2
1991,1,480191,1,2,2,2,1,1,3,4,2,3,1985,2,2
1991,1,480192,2,2,2,1,1,1,3,4,1,3,1985,2,2
1991,1,480193,1,6,6,1,1,1,3,4,1,3,1991,2,2
1991,1,480194,2,2,2,2,1,1,3,4,2,3,1990,2,2
1991,2,480194,8,2,2,2,1,1,3,4,2,3,1984,2,2
1991,1,480195,1,2,2,2,1,1,3,4,1,3,1978,2,2
1991,2,480195,6,2,6,1,1,1,3,4,2,3,1983,2,2
1991,1,480196,2,2,2,2,2,2,3,4,2,3,1990,2,2
1991,2,480196,1,2,2,2,1,1,3,4,2,3,1988,2,2
1991,1,480197,1,2,2,1,1,1,3,4,1,3,1987,2,2
1991,1,480198,4,2,2,1,2,2,3,4,1,3,1988,2,2
1991,1,480199,3,1,1,1,2,2,3,4,1,3,1988,2,2
1991,1,480200,1,2,2,2,1,1,3,4,2,3,1989,2,2
1991,2,480200,1,2,2,2,1,1,3,4,2,3,1984,2,2
1991,3,480200,1,2,2,2,1,1,3,4,2,3,1983,2,2
1991,1,480201,1,5,5,2,1,1,3,4,2,3,1978,2,2
1991,2,480201,1,2,2,2,1,1,3,4,1,3,1970,2,2
1991,1,480202,4,2,2,2,1,1,3,4,2,3,1978,1,2
1991,1,480203,1,2,2,2,1,1,3,4,2,3,1988,2,2
1991,1,480204,7,2,2,2,4,1,3,1,2,3,1981,1,2
1991,1,480205,1,5,5,2,1,1,3,4,2,3,1981,2,2
1991,2,480205,2,2,2,2,1,1,3,4,2,3,1989,2,2
1991,1,480206,1,2,2,2,1,1,3,4,2,3,1978,2,2
1991,1,480207,1,2,2,2,1,1,3,4,1,3,1980,2,2
1991,1,480208,1,3,3,1,1,1,3,4,1,3,1981,2,2
1991,1,480209,1,2,2,2,1,1,3,4,2,3,1986,2,2
1991,2,480209,6,2,2,2,1,1,3,4,2,3,1989,2,2
1991,1,480210,1,2,2,2,1,1,3,4,2,3,1986,2,2
1991,1,480211,1,2,2,1,2,2,3,4,1,3,1978,2,2
1991,1,480212,1,5,5,1,1,1,3,4,1,3,1985,2,2
1991,1,480213,2,2,2,2,1,1,3,4,1,3,1988,1,2
1991,2,480213,1,2,2,2,1,1,3,4,2,3,1990,2,1
1991,1,480214,1,2,2,2,1,1,3,4,2,3,1984,2,2
1991,2,480214,2,2,2,2,1,1,3,4,2,3,1970,2,2
1991,3,480214,1,4,4,2,1,1,3,4,2,3,1987,2,2
1991,4,480214,2,2,2,2,1,1,3,4,2,3,1981,2,2
1991,1,480215,1,2,2,2,1,1,3,4,2,3,1988,2,2
1991,1,480216,1,4,4,1,1,1,3,4,2,3,1990,2,2
1991,1,480217,1,7,5,2,1,1,3,4,1,3,1985,2,2
1991,1,480218,1,2,2,2,2,2,3,4,2,3,1985,2,2
1991,2,480218,2,2,2,2,1,1,3,4,2,3,1977,1,2
1991,1,480219,2,3,3,2,1,1,3,4,2,3,1982,1,2
1991,1,480220,1,2,2,2,1,1,3,4,2,3,1989,1,2
1991,2,480220,4,2,2,2,1,1,3,4,2,3,1988,2,2
1991,1,480221,1,2,2,1,2,2,3,4,1,3,1990,2,2
1991,1,480222,1,2,2,2,2,2,3,4,2,3,1981,2,1
1991,1,480223,2,4,4,2,1,1,3,4,1,3,1979,2,2
1991,2,480223,1,2,2,2,1,1,3,4,2,3,1982,2,2
1991,1,480224,1,1,1,1,1,1,3,4,1,3,1986,1,1
1991,1,480225,2,2,2,2,1,1,3,4,2,3,1990,2,2
1991,2,480225,1,3,3,2,1,1,3,4,2,3,1986,2,2
1991,1,480226,4,2,2,2,1,1,3,4,2,3,1986,2,2
1991,2,480226,1,5,5,2,1,1,3,4,2,3,1988,2,2
1991,3,480226,1,2,2,2,1,1,3,4,2,3,1988,2,2
1991,1,480228,2,2,2,1,1,1,3,4,2,3,1987,2,1
1991,1,480229,3,1,1,1,2,2,3,4,1,3,1977,2,2
1991,1,480230,1,3,3,2,2,2,3,4,1,3,1982,2,2
1991,2,480230,3,2,2,2,1,1,3,4,2,3,1985,2,2
1991,1,480231,3,4,2,2,1,1,3,4,1,3,1976,2,2
1991,2,480231,2,4,4,2,1,1,3,4,2,3,1988,2,2
1991,3,480231,1,4,4,2,1,1,3,4,2,3,1983,2,2
1991,4,480231,1,2,2,2,1,1,3,4,2,3,1977,2,2
1991,1,480232,2,7,7,1,1,1,3,4,1,3,1990,2,2
1991,1,480233,2,2,2,2,1,1,3,4,2,3,1967,2,2
1991,1,480234,2,2,2,2,2,2,3,4,2,3,1982,2,2
1991,2,480234,7,3,3,2,4,2,3,2,2,3,1976,2,2
1991,1,480235,2,2,2,2,1,1,3,4,1,3,1986,1,2
1991,1,480236,1,2,2,2,1,1,3,4,2,3,1985,1,2
1991,1,480237,1,2,2,2,1,1,3,4,2,3,1990,2,2
1991,1,480238,2,3,3,2,1,1,3,4,2,3,1990,1,2
1991,1,480239,2,2,2,2,1,1,3,4,1,3,1983,2,2
1991,1,480240,7,2,2,2,4,2,3,2,2,3,1986,2,2
1991,2,480240,1,2,2,2,1,1,3,4,2,3,1974,2,2
1991,1,480241,3,2,2,2,1,1,3,4,1,3,1971,2,2
1991,1,480242,1,2,2,2,1,1,3,4,2,3,1989,2,2
1991,1,480243,1,2,7,1,1,1,3,4,1,3,1990,2,2
1991,2,480243,1,7,7,2,1,1,3,4,2,3,1989,2,2
1991,1,480244,1,2,2,2,1,1,3,4,2,3,1981,2,2
1991,1,480245,7,7,7,2,4,2,3,2,1,3,1981,2,2
1991,1,480246,4,2,2,2,1,1,3,4,2,3,1990,2,2
1991,2,480246,1,2,2,2,1,1,3,4,2,3,1990,2,2
1991,1,480247,1,2,2,1,2,2,3,4,1,3,1991,2,2
1991,2,480247,6,4,4,2,1,1,3,4,2,3,1989,2,2
1991,1,480248,2,2,2,2,1,1,3,4,2,3,1986,2,2
1991,1,480249,1,2,2,2,1,1,3,4,2,3,1972,2,1
1991,1,480250,1,2,2,2,1,1,3,4,1,3,1985,2,2
1991,1,480251,6,6,6,2,1,1,3,4,2,3,1989,2,2
1991,1,480252,2,2,2,2,1,1,3,4,1,3,1975,1,2
1991,2,480252,1,5,5,2,1,1,3,4,2,3,1987,1,2
1991,1,480253,2,2,2,2,1,1,3,4,2,3,1980,1,2
1991,2,480253,1,2,2,2,1,1,3,4,2,3,1990,1,2
1991,1,480254,1,2,2,2,1,1,3,4,2,3,1986,2,2
1991,1,480255,1,2,2,2,1,1,3,4,2,3,1988,2,2
1991,1,480256,2,3,3,2,1,1,3,4,2,3,1983,2,2
1991,1,480257,1,3,3,2,1,1,3,4,2,3,1986,2,2
1991,2,480257,6,2,2,2,1,1,3,4,2,3,1983,2,2
1991,1,480258,1,7,7,1,1,1,3,4,1,3,1985,2,2
1991,1,480259,1,4,4,2,1,1,3,4,2,3,1980,2,2
1991,2,480259,1,2,2,2,1,1,3,4,1,3,1990,2,2
1991,1,480260,1,2,2,2,1,1,3,4,1,3,1980,2,2
1991,1,480261,2,1,1,1,1,1,3,4,2,3,1979,2,2
1991,1,480262,1,5,5,2,1,1,3,4,1,3,1988,2,2
1991,1,480263,1,3,3,2,1,1,3,4,1,3,1990,2,2
1991,1,480264,2,2,2,2,1,1,3,4,2,3,1972,2,2
1991,2,480264,2,2,2,2,1,1,3,4,2,3,1988,2,2
1991,1,480265,4,3,3,1,1,1,3,4,1,3,1989,2,2
1991,2,480265,1,2,2,2,1,1,3,4,2,3,1980,2,2
1991,1,480266,1,2,2,2,2,2,3,4,2,3,1979,2,2
1991,1,480267,1,2,2,2,2,2,3,4,2,3,1978,2,2
1991,2,480267,1,2,2,2,2,2,3,4,2,3,1985,2,2
1991,1,480268,6,5,5,2,1,1,3,4,2,3,1991,2,2
1991,2,480268,6,2,2,1,1,1,3,4,2,3,1987,2,1
1991,1,480269,9,7,7,2,3,3,3,4,2,3,9999,2,2
1991,1,480270,7,7,7,2,4,1,3,1,2,3,1988,1,2
1991,1,480271,1,2,2,2,2,2,3,4,1,3,1986,2,2
1991,2,480271,1,2,2,2,1,1,3,4,2,3,1980,2,2
1991,1,480272,3,1,1,2,1,1,3,4,2,3,1989,2,2
1991,1,480273,2,1,1,1,1,1,3,4,1,3,1989,2,2
1991,1,480274,2,1,1,1,1,1,3,4,2,3,1984,1,2
1991,1,480275,1,2,2,1,1,1,3,4,2,3,1984,2,1
1991,1,480276,1,2,2,2,1,1,3,4,1,3,1988,2,2
1991,2,480276,8,4,4,2,1,1,3,4,2,1,1979,2,2
1991,3,480276,1,7,7,2,1,1,3,4,2,3,1977,2,2
1991,1,480277,9,7,7,2,3,3,3,4,2,3,9999,2,2
1991,1,480278,1,7,7,1,1,1,3,4,2,3,1990,2,2
1991,1,480279,2,2,2,2,1,1,3,4,1,3,1986,2,2
1991,2,480279,1,5,5,2,1,1,3,4,2,3,1987,1,2
1991,1,480280,1,2,2,2,1,1,3,4,1,3,1988,2,2
1991,2,480280,3,2,2,1,2,2,3,4,2,3,1986,2,2
1991,1,480281,1,5,5,2,1,1,3,4,2,3,1981,2,2
1991,2,480281,2,2,2,2,1,1,3,4,2,3,1986,2,2
1991,1,480282,1,2,2,2,1,1,3,4,2,3,1974,2,2
1991,2,480282,1,2,2,2,1,1,3,4,2,3,1986,2,2
1991,1,480283,3,2,2,2,1,1,3,4,1,3,1984,2,1
1991,2,480283,6,4,4,2,1,1,3,4,2,3,1984,2,2
1991,1,480284,1,2,2,2,1,1,3,4,1,3,1982,2,2
1991,2,480284,6,4,4,2,1,1,3,4,2,3,1976,2,2
1991,1,480285,6,7,7,1,1,1,3,4,2,3,1985,2,2
1991,2,480285,1,4,4,2,3,3,3,4,2,3,1978,2,2
1991,1,480286,2,2,2,2,1,1,3,4,2,3,1990,2,2
1991,2,480286,1,5,5,2,1,1,3,4,2,3,1984,2,2
1991,1,480287,1,2,2,2,1,1,3,4,2,3,1987,2,2
1991,2,480287,1,3,3,2,1,1,3,4,2,3,1968,2,2
1991,1,480288,2,1,1,1,1,1,3,4,1,3,1983,2,2
1991,1,480289,4,5,5,2,1,1,3,4,2,3,1988,2,2
1991,2,480289,2,2,6,2,2,2,3,4,2,3,1987,2,2
1991,3,480289,1,2,2,2,1,1,3,4,2,3,1978,2,2
1991,4,480289,6,2,2,2,1,1,3,4,2,3,1985,2,2
1991,1,480290,1,2,2,2,1,1,3,4,1,3,1984,2,2
1991,1,480291,9,7,7,2,3,3,3,4,2,3,9999,2,2
1991,1,480292,2,1,1,1,1,1,3,4,2,3,1988,1,2
1991,1,480293,1,3,3,2,1,1,3,4,2,3,1988,2,2
1991,2,480293,6,4,4,2,1,1,3,4,2,3,1973,2,2
1991,1,480294,2,1,1,1,1,1,3,4,2,3,1990,1,2
1991,1,480295,1,1,1,1,2,2,3,4,2,3,1990,2,1
1991,1,480296,1,2,2,2,1,1,3,4,1,3,1982,2,2
1991,2,480296,1,4,4,2,1,1,3,4,2,3,1988,2,2
1991,3,480296,2,2,2,2,1,1,3,4,2,3,1984,2,2
1991,1,480297,1,2,2,2,1,1,3,4,2,3,1981,1,2
1991,1,480298,2,2,2,1,1,1,3,4,1,3,1980,1,2
1991,1,480299,1,2,2,2,1,1,3,4,2,3,1984,2,2
1991,2,480299,2,2,2,2,1,1,3,4,2,3,1979,2,2
1991,1,480300,1,3,3,2,1,1,3,4,1,3,1989,2,2
1991,2,480300,1,4,4,2,1,1,3,4,2,3,1985,2,2
1991,3,480300,1,2,2,2,1,1,3,4,2,3,1980,2,2
1991,1,480301,1,7,7,1,1,1,3,4,1,3,1991,2,2
1991,1,480302,1,7,7,1,1,1,3,4,1,3,1981,2,2
1991,1,480303,1,2,2,1,1,1,3,4,1,3,1988,2,2
1991,1,480304,1,3,3,2,1,1,3,4,2,3,1975,2,2
1991,2,480304,1,2,2,2,1,1,3,4,2,3,1987,2,2
1991,1,480305,9,4,4,2,1,1,3,4,2,3,1989,2,2
1991,2,480305,7,7,7,2,4,1,3,1,2,3,1975,2,2
1991,1,480306,2,2,2,2,1,1,3,4,2,3,1989,2,2
1991,2,480306,1,2,2,2,1,1,3,4,2,3,1991,2,2
1991,1,480307,6,2,2,1,1,1,3,4,2,3,1982,2,2
1991,2,480307,2,2,2,2,1,1,3,4,2,3,1991,2,2
1991,1,480308,1,2,2,2,2,2,3,4,2,3,1983,2,2
1991,1,480309,1,2,2,2,1,1,3,4,2,3,1976,2,2
1991,1,480310,2,2,2,2,1,1,3,4,2,3,1981,2,2
1991,2,480310,1,5,5,2,1,1,3,4,2,3,1982,2,2
1991,1,480311,7,1,1,2,4,2,3,2,1,3,1991,1,2
1991,1,480312,2,2,2,2,1,1,3,4,2,3,1978,2,2
1991,1,480313,1,2,2,2,1,1,3,4,2,3,1979,1,2
1991,1,480314,1,1,1,1,2,2,3,4,2,3,1989,2,2
1991,1,480315,1,3,3,2,1,1,3,4,2,3,1980,2,2
1991,2,480315,9,2,2,2,1,1,3,4,2,3,1984,2,2
1991,1,480316,2,2,2,2,1,1,3,4,2,3,1989,1,2
1991,2,480316,6,5,5,2,1,1,3,4,2,3,1977,2,2
1991,1,480317,1,5,5,2,1,1,3,4,2,3,1991,2,2
1991,2,480317,1,2,2,2,1,1,3,4,1,3,1977,2,2
1991,1,480318,1,2,2,2,1,1,3,4,2,3,1989,2,2
1991,1,480319,3,2,2,2,1,1,3,4,2,3,1987,2,1
1991,1,480320,2,3,3,2,1,1,3,4,2,3,1981,2,2
1991,2,480320,7,2,2,2,4,2,3,2,1,3,1984,2,2
1991,3,480320,1,2,2,2,1,1,3,4,2,3,1982,2,2
1991,1,480321,1,2,5,2,1,1,3,4,1,3,1980,2,2
1991,2,480321,1,2,2,2,1,1,3,4,2,3,1986,2,2
1991,1,480322,1,7,7,1,1,1,3,4,2,3,1981,2,2
1991,1,480323,6,3,5,2,1,1,3,4,2,3,1990,2,2
1991,2,480323,1,2,2,2,1,1,3,4,2,3,1987,2,2
1991,3,480323,6,2,2,2,1,1,3,4,2,3,1987,2,2
1991,1,480324,6,2,2,2,1,1,3,4,2,3,1975,1,2
1991,1,480325,2,1,1,1,1,1,3,4,1,3,1985,2,2
1991,1,480326,1,2,2,2,1,1,3,4,2,3,1976,2,2
1991,2,480326,1,2,2,2,1,1,3,4,2,3,1991,2,2
1991,1,480327,9,7,7,2,3,3,3,4,1,3,9999,2,2
1991,1,480328,2,2,2,1,1,1,3,4,1,3,1988,2,2
1991,1,480329,3,2,2,2,2,2,3,4,1,3,1984,2,2
1991,1,480330,1,2,2,2,1,1,3,4,2,3,1990,2,2
1991,1,480331,1,2,2,2,1,1,3,4,1,3,1982,2,1
1991,2,480331,8,2,2,2,1,1,3,4,2,1,1981,2,2
1991,1,480332,1,5,5,2,1,1,3,4,2,3,1979,2,2
1991,2,480332,1,2,2,2,1,1,3,4,2,3,1984,2,2
1991,3,480332,8,2,2,2,1,1,3,4,2,1,1984,2,2
1991,4,480332,1,4,4,2,1,1,3,4,2,3,1990,2,2
1991,1,480333,2,1,1,1,1,1,3,4,1,3,1990,2,2
1991,1,480334,1,2,2,2,1,1,3,4,2,3,1986,2,2
1991,1,480335,2,2,2,2,1,1,3,4,2,3,1985,2,2
1991,1,480336,5,2,2,2,1,1,3,4,1,3,1979,2,2
1991,1,480337,1,2,2,2,2,2,3,4,2,3,1989,1,2
1991,1,480338,1,2,2,1,2,2,3,4,1,3,1987,1,2
1991,1,480339,1,1,1,1,2,2,3,4,2,3,1988,1,2
1991,1,480340,1,3,3,2,2,2,3,4,1,3,1978,2,2
1991,1,480341,2,2,2,2,1,1,3,4,2,3,1978,1,2
1991,2,480341,1,5,5,2,1,1,3,4,2,3,1988,2,2
1991,1,480342,2,2,2,1,1,1,3,4,2,3,1990,2,1
1991,2,480342,1,7,7,2,1,1,3,4,2,3,1979,2,2
1991,1,480344,1,2,2,2,1,1,3,4,2,3,1987,2,1
1991,1,480345,1,6,6,2,1,1,3,4,2,3,1979,2,2
1991,1,480346,3,2,2,2,1,1,3,4,2,3,1978,2,2
1991,2,480346,1,2,2,2,1,1,3,4,2,3,1991,2,2
1991,3,480346,1,2,2,2,1,1,3,4,2,3,1991,2,2
1991,1,480347,1,7,7,1,1,1,3,4,1,3,1978,2,2
1991,1,480348,1,1,1,1,1,1,3,4,1,3,1991,2,2
1991,1,480349,1,2,2,2,1,1,3,4,2,3,1990,2,2
1991,1,480350,1,2,2,2,1,1,3,4,2,3,1979,2,1
1991,1,480351,1,2,2,2,1,1,3,4,2,3,1988,2,1
1991,1,480352,1,2,2,2,1,1,3,4,2,3,1977,2,2
1991,2,480352,2,2,2,2,1,1,3,4,2,3,1986,2,2
1991,1,480353,1,2,2,2,1,1,3,4,1,3,1978,1,2
1991,1,480354,1,3,3,2,1,1,3,4,1,3,1980,2,2
1991,2,480354,2,2,2,2,1,1,3,4,2,3,1972,2,2
1991,1,480355,1,2,2,2,1,1,3,4,2,3,1988,2,1
1991,1,480356,1,2,2,2,1,1,3,4,2,3,1974,2,2
1991,1,480357,1,1,1,1,1,1,3,4,2,3,1970,2,2
1991,1,480358,1,2,2,2,1,1,3,4,2,3,1978,2,2
1991,2,480358,1,3,3,2,1,1,3,4,2,3,1984,2,2
1991,1,480359,6,2,2,2,1,1,3,4,2,3,1978,2,2
1991,2,480359,1,2,2,2,2,2,3,4,2,3,1980,2,2
1991,1,480360,1,2,2,2,1,1,3,4,2,3,1989,2,2
1991,2,480360,1,2,2,2,1,1,3,4,2,3,1981,2,2
1991,3,480360,6,2,2,2,1,1,3,4,2,3,1988,2,2
1991,1,480361,4,2,2,2,1,1,3,4,2,3,1983,2,2
1991,1,480362,1,2,2,2,1,1,3,4,1,3,1984,2,2
1991,1,480363,3,2,2,2,1,1,3,4,1,3,1981,2,2
1991,2,480363,1,4,4,2,2,2,3,4,2,3,1978,2,2
1991,1,480364,2,2,2,2,1,1,3,4,2,3,1991,2,2
1991,2,480364,2,2,2,2,1,1,3,4,2,3,1988,2,2
1991,1,480365,7,7,7,2,4,1,3,1,2,3,1975,2,2
1991,2,480365,4,2,2,2,1,1,3,4,2,3,1977,2,2
1991,1,480366,1,4,4,2,1,1,3,4,2,3,1977,2,2
1991,2,480366,4,2,2,2,1,1,3,4,2,3,1990,2,2
1991,1,480367,1,2,2,2,1,1,3,4,2,3,1984,1,2
1991,1,480368,1,2,2,2,2,2,3,4,1,3,1982,2,2
1991,1,480369,1,2,2,2,1,1,3,4,2,3,1988,2,2
1991,1,480370,2,2,2,2,1,1,3,4,2,3,1967,2,2
1991,1,480371,2,2,2,2,3,3,3,4,2,3,1966,2,2
1991,2,480371,4,4,4,2,1,1,3,4,2,3,1990,2,2
1991,1,480372,9,2,2,2,2,2,3,4,2,3,9999,2,2
1991,1,480373,1,2,2,2,1,1,3,4,2,3,1982,2,1
1991,1,480374,2,7,7,1,1,1,3,4,2,3,1981,2,2
1991,1,480375,6,2,2,2,1,1,3,4,2,3,1986,2,2
1991,1,480376,1,2,2,2,1,1,3,4,2,3,1987,2,2
1991,2,480376,1,2,2,2,1,1,3,4,1,3,1985,2,2
1991,1,480377,3,2,2,2,1,1,3,4,2,3,1988,1,2
1991,2,480377,1,5,5,2,1,1,3,4,2,3,1984,2,2
1991,1,480378,1,2,2,1,2,2,3,4,2,3,1977,2,2
1991,1,480379,2,1,1,1,1,1,3,4,2,3,1984,2,2
1991,1,480380,1,2,7,2,1,1,3,4,1,3,1980,2,2
1991,1,480381,1,2,2,2,1,1,3,4,1,3,1984,1,2
1991,1,480382,1,2,2,2,1,1,3,4,2,3,1982,1,2
1991,2,480382,6,2,2,2,1,1,3,4,2,3,1975,2,2
1991,1,480383,1,2,2,2,1,1,3,4,1,3,1988,2,2
1991,2,480383,1,4,4,2,1,1,3,4,2,3,1980,2,2
1991,1,480384,1,2,2,2,1,1,3,4,2,3,1985,2,2
1991,1,480385,7,1,1,2,4,2,3,2,2,3,1981,2,2
1991,1,480386,1,2,2,2,1,1,3,4,2,3,1982,2,2
1991,1,480387,1,5,5,2,1,1,3,4,2,3,1988,2,1
1991,1,480388,4,2,2,2,1,1,3,4,2,3,1989,2,2
1991,1,480389,2,2,2,2,1,1,3,4,1,3,1974,2,2
1991,2,480389,1,2,2,2,1,1,3,4,2,3,1990,2,2
1991,1,480390,7,2,2,2,4,1,3,1,1,3,1980,2,2
1991,1,480391,1,2,2,2,1,1,3,4,2,3,1980,2,2
1991,2,480391,1,6,6,2,1,1,3,4,2,3,1983,2,2
1991,1,480392,1,2,2,2,1,1,3,4,2,3,1984,2,2
1991,1,480393,1,2,2,2,1,1,3,4,1,3,1977,2,2
1991,1,480394,2,1,1,1,1,1,3,4,2,3,1981,1,2
1991,1,480395,1,2,2,2,1,1,3,4,2,3,1981,1,2
1991,2,480395,1,2,2,2,1,1,3,4,2,3,1989,2,2
1991,1,480396,9,7,7,2,3,3,3,4,2,3,9999,2,2
1991,1,480397,1,2,2,2,2,2,3,4,2,3,1991,2,2
1991,2,480397,1,2,2,2,1,1,3,4,2,3,1987,2,2
1991,1,480398,7,2,2,2,4,2,3,2,2,3,1984,1,2
1991,2,480398,4,2,2,2,1,1,3,4,2,3,1986,2,2
1991,1,480399,1,2,2,2,1,1,3,4,2,3,1979,2,2
1991,2,480399,1,2,2,2,2,2,3,4,2,3,1982,2,2
1991,1,480400,1,2,2,2,1,1,3,4,1,3,1981,2,2
1991,2,480400,1,2,2,2,2,2,3,4,2,3,1987,2,2
1991,1,480401,2,2,5,2,1,1,3,4,1,3,1990,2,2
1991,1,480402,1,2,2,2,2,2,3,4,1,3,1989,2,2
1991,1,480403,2,2,2,2,1,1,3,4,2,3,1988,2,2
1991,1,480404,1,2,2,2,1,1,3,4,2,3,1981,2,2
1991,1,480405,1,2,2,2,1,1,3,4,2,3,1980,2,2
1991,1,480406,6,3,3,2,1,2,3,4,2,3,1985,2,2
1991,2,480406,1,2,2,2,1,1,3,4,2,3,1982,2,2
1991,1,480407,1,2,2,2,1,1,3,4,2,3,1977,2,2
1991,1,480408,1,2,2,2,1,1,3,4,1,3,1978,2,2
1991,2,480408,3,4,4,1,1,1,3,4,2,3,1987,2,2
1991,1,480409,1,2,2,2,1,1,3,4,2,3,1976,2,2
1991,2,480409,1,3,3,2,1,1,3,4,2,3,1982,2,2
1991,1,480410,4,2,2,2,1,1,3,4,2,3,1991,2,2
1991,2,480410,2,4,4,2,1,1,3,4,2,3,1989,2,2
1991,1,480411,1,1,1,1,2,2,3,4,2,3,1981,2,1
1991,1,480412,1,2,2,1,2,2,3,4,1,3,1970,2,2
1991,1,480413,1,2,2,2,1,1,3,4,1,3,1975,2,2
1991,2,480413,1,5,5,2,2,2,3,4,2,3,1987,2,2
1991,1,480414,5,3,3,2,1,1,3,4,2,3,1991,2,2
1991,1,480415,6,2,2,1,1,1,3,4,2,3,1984,2,1
1991,2,480415,1,2,2,2,1,1,3,4,2,3,1990,2,2
1991,1,480416,1,3,3,1,1,1,3,4,2,3,1984,2,2
1991,1,480417,1,2,2,2,1,1,3,4,2,3,1989,2,2
1991,1,480418,2,2,2,2,1,1,3,4,2,3,1988,2,2
1991,2,480418,1,7,7,2,1,1,3,4,2,3,1977,2,2
1991,3,480418,1,2,2,2,1,1,3,4,2,3,1976,2,2
1991,4,480418,2,2,2,2,1,1,3,4,2,3,1988,2,2
1991,1,480419,1,2,2,2,1,1,3,4,1,3,1984,2,2
1991,1,480420,1,2,2,2,1,1,3,4,2,3,1984,2,2
1991,1,480421,2,1,1,1,2,2,3,4,1,3,1982,2,2
1991,1,480422,2,1,1,1,1,1,3,4,2,3,1974,2,2
1991,1,480423,1,2,2,2,1,1,3,4,2,3,1986,2,2
1991,1,480424,2,2,2,2,1,1,3,4,2,3,1983,2,2
1991,1,480425,1,5,5,2,1,1,3,4,2,3,1979,1,2
1991,2,480425,6,2,2,2,1,1,3,4,2,3,1990,2,2
1991,1,480426,1,2,2,2,1,1,3,4,1,3,1975,1,2
1991,2,480426,2,4,4,2,3,3,3,4,2,3,1985,2,2
1991,1,480427,1,5,5,2,1,1,3,4,1,3,1986,2,2
1991,1,480428,1,2,2,2,1,1,3,4,1,3,1978,1,1
1991,2,480428,6,4,4,2,1,1,3,4,2,3,1977,2,2
1991,1,480429,2,2,2,2,1,1,3,4,2,3,1989,2,2
1991,2,480429,4,2,2,2,1,1,3,4,1,3,1979,2,2
1991,1,480430,1,5,5,2,1,1,3,4,1,3,1990,2,2
1991,1,480431,2,2,2,2,1,1,3,4,2,3,1986,2,2
1991,2,480431,1,3,3,2,2,2,3,4,1,3,1978,2,2
1991,1,480432,2,2,2,2,1,1,3,4,2,3,1990,2,2
1991,2,480432,2,2,2,2,1,1,3,4,2,3,1979,2,2
1991,1,480433,1,2,2,2,1,1,3,4,2,3,1983,2,2
1991,2,480433,1,4,4,2,1,1,3,4,2,3,1989,2,2
1991,1,480434,2,2,2,2,1,1,3,4,2,3,1982,2,2
1991,2,480434,1,2,2,2,2,2,3,4,2,3,1982,2,2
1991,1,480435,1,2,2,2,1,1,3,4,2,3,1981,2,2
1991,1,480436,2,2,3,2,1,1,3,4,2,3,1986,2,2
1991,1,480437,1,2,2,2,1,1,3,4,2,3,1979,2,2
1991,1,480438,7,2,2,2,4,1,3,1,1,3,1980,2,2
1991,2,480438,1,4,4,2,1,1,3,4,2,3,1978,2,2
1991,1,480439,6,2,2,2,1,2,3,4,2,3,1986,2,2
1991,2,480439,3,2,2,2,1,1,3,4,2,3,1984,2,2
1991,1,480440,1,2,2,2,1,1,3,4,1,3,1978,2,2
1991,2,480440,1,2,2,2,1,1,3,4,2,3,1978,2,2
1991,1,480441,2,2,2,2,1,1,3,4,2,3,1983,2,2
1991,1,480442,1,2,2,2,1,1,3,4,2,3,1985,2,1
1991,1,480443,3,2,2,2,1,1,3,4,2,3,1982,1,2
1991,1,480444,1,7,7,1,1,1,3,4,1,3,1985,2,2
1991,1,480445,1,4,4,1,1,1,3,4,1,3,1975,2,2
1991,1,480446,1,2,2,2,1,1,3,4,2,3,1988,2,2
1991,1,480447,1,3,3,2,1,1,3,4,2,3,1988,1,2
1991,1,480448,1,2,2,2,1,1,3,4,2,3,1990,2,2
1991,2,480448,6,2,2,2,1,1,3,4,2,3,1986,2,2
1991,1,480449,1,2,2,2,1,1,3,4,2,3,1986,2,2
1991,1,480450,6,6,6,2,1,1,3,4,2,3,1979,1,2
1991,2,480450,1,2,6,2,2,2,3,4,2,3,1967,2,2
1991,1,480451,1,7,7,2,1,1,3,4,2,3,1979,1,1
1991,1,480452,1,2,2,2,1,1,3,4,2,3,1990,2,2
1991,1,480453,2,2,6,1,1,1,3,4,1,3,1983,2,2
1991,1,480454,1,2,2,2,1,1,3,4,2,3,1990,2,2
1991,1,480455,4,2,2,2,3,3,3,4,2,3,1985,2,2
1991,2,480455,1,2,2,2,1,1,3,4,2,3,1984,2,2
1991,1,480456,3,1,1,1,1,1,3,4,1,3,1987,1,2
1991,1,480458,6,4,4,2,1,1,3,4,2,3,1980,2,2
1991,2,480458,1,2,2,2,1,1,3,4,1,3,1989,2,1
1991,1,480459,4,2,2,2,1,1,3,4,2,3,1982,2,2
1991,1,480460,1,5,5,2,1,1,3,4,2,3,1990,1,2
1991,2,480460,6,2,2,2,1,1,3,4,2,3,1985,2,2
1991,1,480461,1,3,3,2,2,2,3,4,2,3,1982,2,2
1991,2,480461,1,2,2,2,2,2,3,4,1,3,1968,2,2
1991,1,480462,1,4,4,2,1,1,3,4,2,3,1984,2,2
1991,2,480462,4,2,2,2,1,1,3,4,1,3,1976,2,1
1991,3,480462,1,5,5,2,1,1,3,4,2,3,1985,2,2
1991,1,480463,1,2,2,2,1,1,3,4,1,3,1983,2,2
1991,1,480464,1,2,2,2,1,1,3,4,2,3,1986,2,2
1991,1,480465,1,2,2,2,1,1,3,4,2,3,1976,2,2
1991,2,480465,1,5,5,2,1,1,3,4,2,3,1980,2,2
1991,1,480466,4,3,3,2,1,1,3,4,2,3,1984,2,2
1991,2,480466,7,7,7,2,4,3,3,3,1,3,1987,2,2
1991,1,480467,2,2,2,2,1,1,3,4,2,3,1990,2,2
1991,2,480467,6,2,2,2,1,1,3,4,2,3,1988,2,2
1991,1,480468,2,2,2,2,1,1,3,4,2,3,1988,2,2
1991,1,480469,1,2,2,2,1,1,3,4,2,3,1968,2,2
1991,2,480469,2,2,2,1,1,1,3,4,2,3,1988,2,2
1991,1,480470,4,2,2,2,2,2,3,4,2,3,1971,2,2
1991,1,480471,2,2,2,2,1,1,3,4,1,3,1991,1,2
1991,2,480471,3,7,7,1,1,3,3,4,2,3,1984,1,2
1991,1,480472,2,3,3,2,1,1,3,4,2,3,1988,1,2
1991,2,480472,6,2,2,1,1,1,3,4,2,3,1990,1,1
1991,1,480473,4,2,2,2,1,1,3,4,2,3,1990,2,2
1991,2,480473,6,5,5,2,1,1,3,4,2,3,1978,2,2
1991,1,480474,2,5,5,2,3,3,3,4,2,3,1978,2,2
1991,2,480474,1,2,2,2,1,1,3,4,2,3,1981,2,2
1991,1,480475,1,5,5,2,2,2,3,4,2,3,1982,2,2
1991,2,480475,2,2,2,2,1,1,3,4,2,3,1989,2,2
1991,1,480476,1,2,2,2,1,1,3,4,2,3,1981,2,2
1991,2,480476,1,2,2,2,1,1,3,4,2,3,1981,2,2
1991,1,480477,1,2,5,2,1,1,3,4,1,3,1990,1,2
1991,2,480477,1,4,4,2,1,1,3,4,2,3,1981,2,2
1991,3,480477,2,4,4,2,1,1,3,4,2,3,1988,2,2
1991,4,480477,6,2,2,2,1,1,3,4,2,3,1973,2,2
1991,1,480478,1,2,2,2,1,1,3,4,1,3,1990,2,2
1991,1,480479,2,2,2,2,1,1,3,4,2,3,1986,2,2
1991,1,480480,9,2,2,2,3,3,3,4,2,3,9999,2,2
1991,1,480481,1,2,2,2,1,1,3,4,2,3,1966,2,2
1991,1,480482,5,2,2,2,3,3,3,4,1,3,9999,2,2
1991,1,480483,1,1,1,1,1,1,3,4,1,3,1968,1,2
1991,1,480484,1,6,6,2,1,1,3,4,2,3,1980,1,1
1991,1,480485,2,2,2,2,1,1,3,4,1,3,1989,2,2
1991,2,480485,1,2,2,2,1,1,3,4,2,3,1984,2,2
1991,1,480486,2,5,5,2,1,1,3,4,2,3,1990,2,2
1991,1,480487,2,5,5,2,1,1,3,4,1,3,1980,2,2
1991,1,480488,3,1,1,1,1,1,3,4,2,3,1984,2,1
1991,1,480489,1,5,5,2,1,1,3,4,2,3,1989,2,2
1991,2,480489,1,2,2,2,1,1,3,4,1,3,1988,2,2
1991,1,480490,2,1,1,1,1,1,3,4,2,3,1991,2,2
1991,1,480491,1,2,2,2,1,1,3,4,2,3,1974,2,2
1991,1,480492,6,4,4,2,1,1,3,4,2,3,1984,2,2
1991,2,480492,1,2,2,2,1,1,3,4,2,3,1982,1,2
1991,1,480493,2,6,6,1,1,1,3,4,2,3,1987,2,2
1991,1,480494,2,2,6,2,1,1,3,4,2,3,1981,1,2
1991,1,480495,2,2,2,2,2,2,3,4,1,3,1973,2,2
1991,2,480495,1,3,3,2,1,1,3,4,2,3,1987,2,2
1991,3,480495,1,3,3,2,1,1,3,4,2,3,1978,2,2
1991,1,480496,2,2,2,2,1,1,3,4,2,3,1983,2,2
1991,1,480497,1,7,2,1,2,2,3,4,1,3,1985,2,2
1991,1,480498,4,2,2,2,1,1,3,4,2,3,1987,2,2
1991,1,480499,2,2,2,2,1,1,3,4,1,3,1985,2,2
1991,2,480499,6,2,2,2,1,1,3,4,2,3,1986,2,2
1991,1,480500,6,2,2,2,1,1,3,4,2,3,1980,2,2
1991,2,480500,3,5,5,2,1,1,3,4,2,3,1985,1,2
1991,1,480501,9,1,1,2,1,1,3,4,2,3,1975,2,2
1991,1,480502,1,2,2,2,1,1,3,4,2,3,1986,2,2
1991,2,480502,5,2,2,2,1,1,3,4,2,3,1987,2,2
1991,1,480503,6,1,1,1,3,3,3,4,1,3,1979,2,2
1991,1,480504,1,5,5,2,1,1,3,4,2,3,1988,2,2
1991,2,480504,1,2,2,2,1,1,3,4,2,3,1990,2,2
1991,3,480504,2,5,5,2,1,1,3,4,2,3,1985,2,2
1991,1,480505,1,2,2,1,1,1,3,4,1,3,1986,2,2
1991,1,480506,6,3,3,2,1,2,3,4,2,3,1974,2,2
1991,2,480506,1,2,2,2,1,1,3,4,2,3,1978,2,2
1991,1,480507,1,2,2,1,3,3,3,4,2,3,1979,2,2
1991,1,480508,1,5,5,2,1,1,3,4,2,3,1979,2,2
1991,2,480508,4,2,2,2,1,1,3,4,2,3,1985,2,2
1991,1,480509,1,2,2,2,1,1,3,4,2,3,1986,2,2
1991,1,480510,2,5,5,1,1,1,3,4,2,3,1985,2,1
1991,1,480511,1,1,1,1,1,1,3,4,1,3,1980,2,2
1991,1,480512,2,2,2,2,1,1,3,4,1,3,1988,1,2
1991,2,480512,1,4,4,2,1,1,3,4,2,3,1986,2,2
1991,1,480513,2,2,2,1,1,1,3,4,2,3,1982,2,2
1991,2,480513,4,2,2,2,2,2,3,4,2,3,1988,2,2
1991,1,480514,1,2,2,2,1,1,3,4,2,3,1985,2,2
1991,2,480514,9,7,7,2,3,3,3,4,2,3,9999,2,2
1991,1,480515,1,2,2,2,1,1,3,4,2,3,1986,2,2
1991,1,480516,1,2,2,1,1,1,3,4,2,3,1982,2,2
1991,1,480517,1,2,2,2,1,1,3,4,2,3,1990,2,2
1991,1,480518,2,2,2,1,2,2,3,4,2,3,1990,2,1
1991,2,480518,1,2,2,2,1,1,3,4,2,3,1984,2,2
1991,1,480519,8,7,7,2,1,1,3,4,2,1,1979,2,2
1991,1,480520,6,2,2,2,1,2,3,4,2,3,1984,2,2
1991,2,480520,1,2,2,2,1,1,3,4,2,3,1983,2,2
1991,1,480521,1,2,2,2,1,1,3,4,2,3,1985,2,2
1991,2,480521,2,2,2,2,1,1,3,4,2,3,1989,2,1
1991,1,480522,1,7,7,2,1,1,3,4,2,3,1987,2,2
1991,1,480523,1,2,2,2,1,1,3,4,2,3,1979,2,2
1991,2,480523,2,2,2,2,2,2,3,4,1,3,1986,2,2
1991,1,480524,1,2,2,2,1,1,3,4,2,3,1990,2,2
1991,1,480525,2,2,2,2,1,1,3,4,2,3,1987,2,2
1991,1,480526,1,5,5,2,1,1,3,4,2,3,1977,2,2
1991,2,480526,2,2,2,2,1,1,3,4,2,3,1985,2,2
1991,1,480527,1,2,2,2,1,1,3,4,1,3,1967,1,2
1991,2,480527,1,5,5,2,1,1,3,4,2,3,1987,2,2
1991,1,480528,1,2,2,1,1,1,3,4,2,3,1990,1,1
1991,1,480529,6,2,2,2,1,1,3,4,2,3,1985,2,2
1991,2,480529,1,2,2,2,1,1,3,4,2,3,1979,2,2
1991,1,480530,6,7,7,2,1,1,3,4,2,3,1982,2,2
1991,2,480530,6,7,7,2,1,1,3,4,2,3,1989,2,2
1991,1,480531,1,2,2,2,1,1,3,4,1,3,1980,2,2
1991,1,480532,1,2,2,1,1,1,3,4,2,3,1983,2,2
1991,1,480533,1,5,3,2,1,1,3,4,2,3,1985,2,2
1991,2,480533,1,2,2,2,1,1,3,4,2,3,1983,2,2
1991,1,480534,1,2,2,2,1,1,3,4,2,3,1990,2,2
1991,2,480534,2,2,2,2,1,1,3,4,2,3,1984,2,2
1991,1,480535,2,2,2,2,1,1,3,4,2,3,1989,2,2
1991,2,480535,2,2,2,2,1,1,3,4,2,3,1988,2,2
1991,1,480536,3,2,2,1,1,1,3,4,2,3,1979,2,2
1991,2,480536,1,2,2,2,3,3,3,4,2,3,1984,2,2
1991,1,480537,1,3,3,2,1,1,3,4,1,3,1987,2,2
1991,1,480538,1,2,2,2,1,1,3,4,2,3,1983,2,2
1991,1,480539,1,1,1,1,1,1,3,4,1,3,1980,1,2
1991,1,480540,1,3,3,2,1,1,3,4,2,3,1989,2,2
1991,2,480540,7,2,2,2,4,2,3,2,2,3,1985,2,2
1991,1,480541,7,7,7,2,4,1,3,1,1,3,1984,2,2
1991,1,480542,1,2,2,2,2,2,3,4,1,3,1986,2,2
1991,1,480543,2,2,2,1,1,1,3,4,1,3,1975,2,2
1991,1,480544,1,2,2,1,1,1,3,4,2,3,1984,1,2
1991,1,480545,3,2,2,1,1,1,3,4,2,3,1987,2,1
1991,1,480546,2,2,2,2,1,1,3,4,1,3,1989,2,2
1991,1,480547,2,2,2,2,1,1,3,4,2,3,1981,2,2
1991,2,480547,4,2,2,2,1,1,3,4,2,3,1990,2,2
1991,1,480548,1,2,2,1,2,2,3,4,1,3,1979,2,2
1991,1,480549,1,3,3,2,1,1,3,4,2,3,1991,2,2
1991,2,480549,1,2,2,2,1,1,3,4,1,3,1985,2,2
1991,3,480549,3,2,2,2,1,1,3,4,2,3,1991,2,2
1991,1,480550,1,1,1,1,1,1,3,4,1,3,1976,2,2
1991,1,480551,1,2,2,2,1,1,3,4,2,3,1981,2,2
1991,1,480552,3,2,2,2,1,1,3,4,1,3,1981,2,2
1991,2,480552,3,5,5,2,1,1,3,4,2,3,1990,2,2
1991,1,480553,1,4,4,2,1,1,3,4,2,3,1975,1,2
1991,2,480553,6,2,2,2,1,1,3,4,2,3,1989,2,2
1991,1,480554,1,2,2,2,1,1,3,4,2,3,1988,1,2
1991,1,480555,1,2,7,2,1,1,3,4,2,3,1991,2,2
1991,2,480555,4,2,7,2,1,1,3,4,2,3,1982,2,2
1991,1,480556,1,5,5,2,1,1,3,4,2,3,1982,2,2
1991,2,480556,6,2,2,2,1,1,3,4,2,3,1989,2,2
1991,1,480557,2,1,1,1,1,1,3,4,2,3,1985,2,2
1991,1,480558,1,2,2,2,1,1,3,4,2,3,1982,1,2
1991,2,480558,9,2,2,2,1,1,3,4,2,3,1978,2,2
1991,1,480559,1,7,7,1,2,2,3,4,1,3,1980,1,2
1991,1,480560,1,2,2,2,2,2,3,4,2,3,1984,2,2
1991,1,480561,1,3,3,2,1,1,3,4,1,3,1990,2,2
1991,1,480562,6,5,5,2,3,3,3,4,2,3,1974,2,2
1991,2,480562,2,2,6,2,1,1,3,4,2,3,1988,2,2
1991,1,480563,1,2,2,2,1,1,3,4,2,3,1979,2,1
1991,2,480563,6,2,2,2,1,1,3,4,2,3,1991,2,2
1991,1,480564,2,2,2,2,2,2,3,4,2,3,1983,2,1
1991,1,480565,2,1,1,1,1,1,3,4,1,3,1991,2,1
1991,1,480566,1,2,2,2,2,2,3,4,1,3,1978,2,2
1991,1,480567,2,2,2,1,1,1,3,4,2,3,1983,2,2
1991,1,480568,1,2,2,2,1,1,3,4,2,3,1989,2,2
1991,2,480568,1,2,2,1,1,1,3,4,2,3,1978,1,2
1991,1,480569,4,2,2,2,1,1,3,4,2,3,1983,2,2
1991,2,480569,4,2,2,2,2,2,3,4,2,3,1977,2,2
1991,1,480570,1,2,2,2,2,2,3,4,2,3,1984,2,2
1991,2,480570,1,2,2,2,1,1,3,4,2,3,1983,2,2
1991,1,480571,1,1,1,1,1,1,3,4,1,3,1966,2,2
1991,1,480572,1,2,2,2,1,1,3,4,2,3,1986,2,2
1991,2,480572,1,2,2,2,1,1,3,4,2,3,1972,2,2
1991,1,480573,3,2,2,2,1,1,3,4,2,3,1985,2,2
1991,2,480573,1,6,6,2,1,1,3,4,2,3,1983,2,2
1991,1,480574,1,2,2,2,1,1,3,4,2,3,1985,2,1
1991,1,480575,1,4,2,2,1,1,3,4,2,3,1981,2,2
1991,2,480575,3,2,2,2,1,1,3,4,2,3,1991,2,2
1991,3,480575,1,4,3,2,1,1,3,4,2,3,1980,2,2
1991,4,480575,1,2,2,2,1,1,3,4,2,3,1984,2,2
1991,5,480575,4,4,4,2,1,1,3,4,2,3,1978,2,2
1991,1,480576,1,2,2,2,1,1,3,4,2,3,1984,2,2
1991,2,480576,1,2,2,2,1,1,3,4,2,3,1981,1,2
1991,1,480578,1,5,5,2,1,1,3,4,2,3,1989,2,2
1991,2,480578,2,2,2,2,1,1,3,4,2,3,1991,2,2
1991,1,480579,1,2,2,2,1,1,3,4,2,3,1989,2,1
1991,2,480579,6,2,2,2,1,1,3,4,2,3,1989,2,2
1991,1,480580,2,2,2,2,1,1,3,4,2,3,1971,2,2
1991,1,480581,2,2,2,2,1,1,3,4,2,3,1990,2,2
1991,2,480581,3,5,5,2,1,1,3,4,2,3,1986,2,2
1991,1,480582,3,1,1,1,1,1,3,4,2,3,1987,2,2
1991,1,480583,1,2,6,2,2,2,3,4,2,3,1986,2,2
1991,1,480584,1,2,2,2,2,2,3,4,2,3,1980,2,2
1991,1,480585,2,1,1,1,1,1,3,4,2,3,1988,2,2
1991,1,480586,1,2,2,2,1,1,3,4,1,3,1986,1,2
1991,1,480587,1,2,2,2,1,1,3,4,2,3,1987,2,2
1991,1,480588,1,3,3,1,1,1,3,4,2,3,1982,2,2
1991,1,480589,1,1,1,1,1,1,3,4,2,3,1991,1,2
1991,1,480590,2,2,2,2,1,1,3,4,2,3,1990,2,2
1991,2,480590,1,5,5,2,1,1,3,4,2,3,1984,2,2
1991,1,480591,3,1,1,1,1,1,3,4,2,3,1987,2,1
1991,1,480592,1,4,4,2,1,1,3,4,2,3,1986,2,2
1991,2,480592,1,4,2,2,1,1,3,4,2,3,1978,2,2
1991,3,480592,2,2,2,2,1,1,3,4,2,3,1987,1,2
1991,1,480593,1,2,2,2,3,3,3,4,1,3,9999,2,2
1991,2,480593,7,4,4,2,4,3,3,3,2,3,1981,2,2
1991,1,480594,3,2,2,2,1,1,3,4,2,3,1978,2,2
1991,2,480594,2,2,2,2,1,1,3,4,2,3,1986,2,2
1991,1,480595,2,2,2,2,1,1,3,4,2,3,1985,2,2
1991,1,480596,2,2,2,2,1,1,3,4,2,3,1985,2,2
1991,2,480596,1,2,2,2,1,1,3,4,2,3,1977,2,2
1991,1,480597,8,5,5,2,1,1,3,4,2,3,1988,2,2
1991,2,480597,1,2,2,2,1,1,3,4,2,3,1978,1,2
1991,1,480598,6,4,4,2,1,1,3,4,2,3,1989,2,2
1991,2,480598,2,2,2,2,1,1,3,4,2,3,1988,2,2
1991,1,480599,1,2,2,2,2,2,3,4,2,3,1982,2,2
1991,2,480599,1,2,2,2,1,1,3,4,2,3,1977,2,2
1991,1,480600,1,2,2,1,1,1,3,4,1,3,1968,2,2
1991,1,480601,1,5,5,2,2,2,3,4,1,3,1978,2,2
1991,1,480602,1,3,2,2,1,1,3,4,2,3,1977,2,2
1991,1,480603,1,2,2,2,1,1,3,4,2,3,1981,2,2
1991,2,480603,1,2,2,2,1,1,3,4,2,3,1971,2,2
1991,3,480603,2,2,2,2,1,1,3,4,2,3,1986,2,2
1991,1,480604,1,1,1,1,2,2,3,4,2,3,1979,1,2
1991,1,480605,1,4,4,2,1,1,3,4,1,3,1968,2,2
1991,1,480606,9,7,7,2,3,3,3,4,2,3,9999,2,2
1991,1,480607,1,3,3,2,2,2,3,4,2,3,1980,1,2
1991,1,480608,1,2,2,2,1,1,3,4,1,3,1973,1,2
1991,1,480609,1,2,2,2,1,1,3,4,2,3,1990,2,2
1991,1,480610,2,1,1,1,2,2,3,4,2,3,1977,2,1
1991,1,480611,2,2,2,1,1,1,3,4,2,3,1979,2,1
1991,1,480612,1,2,3,2,2,2,3,4,1,3,1984,2,2
1991,1,480613,2,2,2,2,1,1,3,4,2,3,1985,2,2
1991,1,480614,1,1,1,1,1,1,3,4,2,3,1981,2,2
1991,1,480615,1,2,2,2,1,1,3,4,2,3,1979,2,2
1991,2,480615,1,2,2,2,1,1,3,4,2,3,1980,2,2
1991,1,480616,4,2,2,2,2,2,3,4,2,3,1973,1,2
1991,1,480617,2,2,2,2,1,1,3,4,2,3,1983,2,2
1991,1,480618,1,1,1,1,1,1,3,4,1,3,1979,2,2
1991,1,480619,2,2,2,2,1,1,3,4,1,3,1976,2,2
1991,1,480620,1,2,2,2,1,1,3,4,1,3,1989,2,2
1991,2,480620,1,2,2,2,2,2,3,4,1,3,1986,2,2
1991,1,480621,1,4,4,2,1,1,3,4,1,3,1981,2,2
1991,2,480621,2,2,2,2,1,1,3,4,2,3,1989,2,2
1991,3,480621,1,2,2,2,1,1,3,4,2,3,1981,2,2
1991,1,480622,1,2,2,2,1,1,3,4,2,3,1978,2,2
1991,2,480622,1,2,2,2,1,1,3,4,2,3,1990,2,2
1991,1,480623,1,5,5,2,1,1,3,4,2,3,1990,1,2
1991,2,480623,2,2,2,2,1,1,3,4,2,3,1981,2,2
1991,1,480624,1,2,2,2,1,1,3,4,2,3,1978,2,2
1991,2,480624,2,5,5,2,1,1,3,4,2,3,1964,2,2
1991,1,480625,2,2,2,2,1,1,3,4,2,3,1985,2,2
1991,1,480626,1,2,2,2,2,2,3,4,2,3,1979,2,2
1991,1,480627,2,2,2,2,1,1,3,4,2,3,1972,2,2
1991,1,480628,2,2,2,2,1,1,3,4,2,3,1988,2,2
1991,1,480629,1,5,5,2,1,1,3,4,1,3,1986,2,2
1991,1,480630,1,2,2,2,1,1,3,4,2,3,1991,2,2
1991,1,480631,7,7,7,2,4,2,3,2,1,3,1984,2,2
1991,1,480632,4,2,2,2,1,1,3,4,2,3,1984,2,2
1991,2,480632,1,2,2,2,2,2,3,4,2,3,1981,2,2
1991,3,480632,2,2,2,2,1,1,3,4,2,3,1986,2,2
1991,1,480633,1,2,2,2,1,1,3,4,2,3,1984,2,2
1991,1,480634,2,2,2,2,1,1,3,4,2,3,1979,2,2
1991,2,480634,1,2,2,2,1,1,3,4,2,3,1977,2,2
1991,1,480635,6,2,2,2,1,1,3,4,2,3,1983,2,2
1991,2,480635,1,5,5,2,1,1,3,4,2,3,1989,1,2
1991,1,480636,4,2,2,2,1,1,3,4,2,3,1978,2,2
1991,2,480636,7,7,7,2,4,2,3,2,2,3,1989,2,2
1991,1,480637,6,4,4,2,1,1,3,4,2,3,1988,2,2
1991,2,480637,2,2,2,2,1,1,3,4,2,3,1987,1,1
1991,1,480638,1,5,5,2,1,1,3,4,2,3,1986,1,2
1991,1,480639,1,2,2,2,1,1,3,4,2,3,1989,1,2
1991,1,480640,1,2,2,2,2,2,3,4,2,3,1977,2,2
1991,1,480641,2,2,2,2,1,1,3,4,2,3,1983,2,2
1991,2,480641,1,3,3,2,1,1,3,4,2,3,1989,2,2
1991,1,480642,1,2,2,2,1,1,3,4,2,3,1978,2,2
1991,2,480642,1,2,2,2,1,1,3,4,2,3,1986,2,2
1991,1,480643,1,7,7,1,1,1,3,4,2,3,1987,2,2
1991,1,480644,2,7,7,1,2,2,3,4,1,3,1978,2,2
1991,1,480645,1,7,2,2,1,1,3,4,1,3,1977,2,2
1991,1,480646,1,2,7,1,1,1,3,4,2,3,1988,2,1
1991,1,480647,1,2,2,1,1,1,3,4,2,3,1988,2,1
1991,1,480648,2,2,2,2,1,1,3,4,2,3,1985,2,2
1991,2,480648,1,2,2,2,1,1,3,4,2,3,1984,2,2
1991,3,480648,1,7,7,2,1,1,3,4,2,3,1977,2,2
1991,4,480648,6,6,6,2,1,1,3,4,2,3,1977,2,2
1991,5,480648,6,6,6,2,1,1,3,4,2,3,1979,2,2
1991,1,480649,3,2,2,2,1,1,3,4,2,3,1985,2,2
1991,2,480649,1,2,2,2,1,1,3,4,1,3,1981,2,2
1991,1,480650,9,7,7,2,3,3,3,4,2,3,9999,2,2
1991,1,480651,7,2,2,2,4,2,3,2,2,3,1986,1,2
1991,2,480651,6,4,4,2,1,1,3,4,2,3,1986,2,2
1991,1,480652,1,5,5,2,1,1,3,4,1,3,1985,2,2
1991,2,480652,1,2,2,2,1,1,3,4,2,3,1988,2,2
1991,1,480653,2,2,2,2,1,1,3,4,2,3,1990,2,2
1991,2,480653,2,5,5,1,1,1,3,4,2,3,1989,2,2
1991,1,480654,1,2,2,2,1,1,3,4,2,3,1985,1,1
1991,2,480654,1,2,2,2,1,1,3,4,2,3,1985,1,2
1991,1,480655,1,4,4,2,1,1,3,4,1,3,1985,2,2
1991,1,480656,2,2,2,2,1,1,3,4,2,3,1986,2,1
1991,1,480657,2,2,2,1,2,2,3,4,1,3,1970,2,2
1991,1,480658,1,2,2,2,1,1,3,4,2,3,1982,1,2
1991,2,480658,6,2,2,2,1,1,3,4,2,3,1990,2,2
1991,1,480659,2,2,2,2,1,1,3,4,2,3,1983,2,2
1991,2,480659,1,5,5,2,1,1,3,4,2,3,1988,1,2
1991,1,480660,1,2,2,2,1,1,3,4,1,3,1965,2,2
1991,1,480661,1,2,2,2,1,1,3,4,2,3,1989,2,2
1991,2,480661,2,2,2,2,1,1,3,4,2,3,1989,2,2
1991,1,480662,2,2,2,2,1,1,3,4,2,3,1988,2,2
1991,2,480662,2,2,2,2,1,1,3,4,2,3,1981,2,2
1991,1,480663,1,6,6,2,1,1,3,4,2,3,1988,2,2
1991,1,480664,1,2,2,2,1,1,3,4,2,3,1980,2,2
1991,1,480666,2,2,2,2,1,1,3,4,2,3,1967,2,2
1991,1,480667,2,2,2,2,1,1,3,4,2,3,1977,1,2
1991,1,480668,1,2,2,2,1,1,3,4,2,3,1985,2,2
1991,1,480669,1,2,2,2,2,2,3,4,1,3,1977,1,2
1991,1,480670,1,2,2,2,1,1,3,4,1,3,1984,2,2
1991,2,480670,1,2,2,2,1,1,3,4,2,3,1990,2,2
1991,1,480671,1,7,7,1,1,1,3,4,1,3,1982,2,2
1991,1,480672,1,2,2,1,1,2,3,4,2,3,1990,2,2
1991,1,480673,2,1,1,1,1,1,3,4,2,3,1988,2,2
1991,1,480674,1,1,1,1,1,1,3,4,2,3,1979,2,1
1991,1,480675,2,2,2,2,1,1,3,4,2,3,1989,2,2
1991,1,480676,1,2,2,2,1,1,3,4,2,3,1989,2,2
1991,1,480677,6,2,2,2,1,1,3,4,2,3,1981,2,1
1991,1,480678,1,7,7,2,1,1,3,4,2,3,1985,2,2
1991,1,480679,1,2,2,2,2,2,3,4,1,3,1977,2,2
1991,2,480679,1,2,4,2,1,1,3,4,2,3,1978,2,2
1991,1,480680,1,2,2,2,2,2,3,4,1,3,1979,2,2
1991,1,480681,2,1,1,2,1,1,3,4,2,3,1987,2,2
1991,1,480682,2,1,1,1,2,2,3,4,2,3,1976,2,2
1991,1,480683,1,2,2,2,1,1,3,4,1,3,1984,2,2
1991,1,480684,9,2,2,2,3,3,3,4,2,3,9999,2,2
1991,1,480685,1,1,1,1,2,2,3,4,1,3,1980,2,2
1991,1,480686,1,3,3,2,1,1,3,4,2,3,1981,2,2
1991,2,480686,1,2,2,2,1,1,3,4,2,3,1990,2,2
1991,1,480687,6,2,2,2,1,1,3,4,2,3,1980,2,2
1991,2,480687,1,5,5,2,1,1,3,4,2,3,1981,2,2
1991,1,480688,2,1,1,1,1,1,3,4,1,3,1990,2,2
1991,1,480689,1,2,2,2,1,1,3,4,2,3,1981,2,2
1991,1,480690,1,7,7,2,1,1,3,4,2,3,1982,2,2
1991,1,480691,1,2,2,2,1,1,3,4,1,3,1989,2,2
1991,1,480692,4,2,2,2,1,1,3,4,1,3,1985,2,2
1991,2,480692,2,5,5,2,1,1,3,4,2,3,1989,2,2
1991,1,480693,1,5,5,2,3,3,3,4,2,3,1984,2,2
1991,1,480694,1,3,3,2,1,1,3,4,2,3,1985,2,1
1991,1,480695,7,2,2,2,4,1,3,1,1,3,1991,2,2
1991,1,480696,6,2,2,2,1,1,3,4,1,3,1976,1,2
1991,2,480696,1,4,4,2,2,2,3,4,2,3,1980,2,2
1991,1,480697,4,2,2,2,1,1,3,4,2,3,1977,2,2
1991,2,480697,2,2,2,2,1,1,3,4,2,3,1989,2,2
1991,1,480698,2,2,2,2,1,1,3,4,2,3,1989,2,2
1991,2,480698,4,2,2,2,1,1,3,4,2,3,1985,2,2
1991,1,480699,2,2,2,2,1,1,3,4,2,3,1991,1,2
1991,1,480700,1,2,6,2,1,1,3,4,1,3,1980,1,2
1991,2,480700,6,4,4,2,1,1,3,4,2,3,1984,2,2
1991,1,480701,6,2,2,2,1,1,3,4,1,3,1985,2,2
1991,2,480701,2,4,4,2,1,1,3,4,2,3,1978,2,2
1991,1,480702,1,1,1,1,1,1,3,4,1,3,1991,2,2
1991,1,480703,2,2,2,2,1,1,3,4,1,3,1990,1,2
1991,2,480703,1,4,4,2,1,1,3,4,2,3,1984,2,2
1991,3,480703,1,2,2,2,1,1,3,4,1,3,1988,1,2
1991,4,480703,5,4,4,2,1,1,3,4,2,3,1983,2,2
1991,5,480703,2,2,2,2,1,1,3,4,2,3,1987,2,2
1991,1,480704,1,2,2,2,1,1,3,4,2,3,1982,2,2
1991,1,480705,1,7,2,2,1,1,3,4,1,3,1981,2,2
1991,1,480706,1,2,2,2,1,1,3,4,1,3,1984,2,2
1991,1,480707,4,2,2,2,1,1,3,4,1,3,1988,2,2
1991,1,480708,1,2,2,2,1,1,3,4,2,3,1983,2,1
1991,1,480709,2,1,1,1,1,1,3,4,2,3,1991,1,2
1991,1,480710,1,2,2,2,1,1,3,4,1,3,1991,2,2
1991,2,480710,1,5,5,2,1,1,3,4,2,3,1986,2,2
1991,1,480711,1,2,2,2,2,2,3,4,1,3,1985,2,2
1991,2,480711,1,2,2,2,1,1,3,4,2,3,1989,2,2
1991,1,480712,1,2,2,1,1,1,3,4,1,3,1973,2,2
1991,1,480713,1,2,2,2,1,1,3,4,2,3,1984,2,2
1991,2,480713,1,4,4,2,1,1,3,4,2,3,1988,2,2
1991,3,480713,1,2,2,2,1,1,3,4,2,3,1990,2,2
1991,4,480713,1,2,2,2,1,1,3,4,2,3,1988,2,2
1991,1,480714,4,2,2,2,1,1,3,4,2,3,1987,2,2
1991,2,480714,1,2,2,2,2,2,3,4,2,3,1986,2,2
1991,1,480715,7,7,7,2,4,2,3,2,1,3,1987,2,2
1991,1,480716,1,2,2,2,1,1,3,4,1,3,1991,2,1
1991,2,480716,6,2,2,2,1,1,3,4,2,3,1978,2,2
1991,1,480717,1,7,7,1,1,1,3,4,2,3,1989,2,1
1991,1,480718,4,5,5,1,2,2,3,4,1,3,1991,1,2
1991,1,480719,1,5,5,2,1,1,3,4,2,3,1988,2,2
1991,2,480719,2,2,2,2,1,1,3,4,2,3,1985,2,2
1991,3,480719,2,2,2,2,1,1,3,4,2,3,1981,2,2
1991,1,480720,2,2,2,2,1,1,3,4,2,3,1981,2,2
1991,1,480721,8,6,6,2,1,1,3,4,2,3,1985,2,2
1991,1,480722,2,1,1,1,1,1,3,4,2,3,1981,2,2
1991,1,480723,1,7,7,1,2,2,3,4,1,3,1979,2,2
1991,1,480724,9,7,7,2,3,3,3,4,2,3,9999,2,2
1991,1,480725,1,7,7,2,1,1,3,4,2,3,1986,2,2
1991,2,480725,2,2,2,2,1,1,3,4,2,3,1986,2,2
1991,1,480726,2,2,2,2,1,1,3,4,1,3,1988,2,2
1991,1,480727,1,3,3,2,1,1,3,4,2,3,1986,2,2
1991,2,480727,1,2,2,2,1,1,3,4,2,3,1983,2,2
1991,1,480728,1,2,2,2,1,1,3,4,2,3,1984,2,2
1991,2,480728,6,2,2,2,1,1,3,4,2,3,1981,2,1
1991,1,480729,1,3,3,2,2,2,3,4,2,3,1982,2,1
1991,2,480729,2,2,2,2,1,1,3,4,2,3,1977,2,2
1991,1,480730,2,2,2,2,1,1,3,4,2,3,1983,2,2
1991,2,480730,1,3,3,2,1,1,3,4,2,3,1984,2,2
1991,1,480731,1,2,2,2,1,1,3,4,2,3,1987,1,2
1991,2,480731,1,2,2,2,1,1,3,4,2,3,1986,2,2
1991,3,480731,2,2,2,2,1,1,3,4,2,3,1987,2,2
1991,1,480732,6,2,2,2,1,1,3,4,2,3,1979,2,2
1991,2,480732,1,2,2,2,1,1,3,4,2,3,1982,1,2
1991,1,480733,1,2,3,2,2,2,3,4,1,3,1979,2,2
1991,2,480733,1,2,2,2,1,1,3,4,2,3,1985,2,2
1991,1,480734,2,3,3,2,2,2,3,4,2,3,1982,2,2
1991,1,480735,1,2,2,2,1,1,3,4,2,3,1988,2,2
1991,2,480735,1,6,6,2,1,1,3,4,2,3,1990,2,2
1991,3,480735,5,6,6,2,1,1,3,4,2,3,1978,2,2
1991,4,480735,2,6,6,2,1,1,3,4,2,3,1987,2,2
1991,1,480736,1,2,2,2,2,2,3,4,2,3,1981,2,2
1991,2,480736,2,2,2,2,2,2,3,4,1,3,1985,2,2
1991,1,480737,1,2,2,1,2,2,3,4,1,3,1981,2,2
1991,1,480738,1,5,5,2,1,1,3,4,2,3,1990,2,2
1991,1,480739,2,1,1,1,1,1,3,4,2,3,1985,2,2
1991,1,480740,7,2,2,2,4,2,3,2,2,3,1988,2,2
1991,1,480741,2,2,2,2,1,1,3,4,2,3,1991,2,2
1991,1,480742,3,1,1,1,1,1,3,4,1,3,1976,1,2
1991,1,480743,9,2,2,2,1,1,3,4,1,3,1985,2,2
1991,1,480744,1,2,2,2,1,1,3,4,1,3,1985,2,2
1991,2,480744,8,2,2,2,1,1,3,4,2,1,1986,1,2
1991,1,480745,2,2,5,2,1,1,3,4,1,3,1967,2,2
1991,2,480745,1,2,2,2,1,1,3,4,2,3,1979,2,2
1991,1,480746,2,4,4,2,1,1,3,4,2,3,1984,2,2
1991,2,480746,7,2,2,2,4,1,3,1,2,3,1989,2,2
1991,1,480747,1,2,2,2,1,1,3,4,1,3,1990,2,1
1991,2,480747,2,2,2,2,1,1,3,4,2,3,1976,2,2
1991,1,480748,9,1,1,2,2,1,3,4,1,3,1987,1,2
1991,1,480749,2,2,2,1,1,1,3,4,1,3,1988,2,2
1991,1,480750,2,1,1,1,1,1,3,4,1,3,1984,2,1
1991,1,480751,2,5,5,2,1,1,3,4,2,3,1981,1,2
1991,1,480752,2,2,2,2,2,2,3,4,1,3,1991,2,2
1991,2,480752,1,4,4,1,1,1,3,4,2,3,1980,2,2
1991,3,480752,2,4,4,2,1,1,3,4,2,3,1987,2,2
1991,1,480753,1,5,5,2,1,1,3,4,2,3,1983,2,2
1991,2,480753,2,2,2,2,1,1,3,4,2,3,1989,2,2
1991,1,480754,1,5,5,2,1,1,3,4,1,3,1986,1,2
1991,1,480755,1,5,5,2,2,2,3,4,2,3,1980,2,2
1991,2,480755,1,2,2,2,1,1,3,4,2,3,1981,2,2
1991,1,480756,1,2,2,1,1,1,3,4,1,3,1982,2,2
1991,2,480756,1,4,4,2,1,1,3,4,2,3,1988,2,2
1991,1,480757,1,1,1,1,1,1,3,4,2,3,1990,2,2
1991,1,480758,9,7,7,2,3,3,3,4,2,3,9999,2,2
1991,1,480759,1,2,2,2,2,2,3,4,2,3,1979,2,2
1991,2,480759,1,2,2,1,1,1,3,4,2,3,1975,2,2
1991,1,480760,1,2,7,2,1,1,3,4,1,3,1991,2,2
1991,2,480760,1,2,2,2,1,1,3,4,2,3,1988,2,2
1991,3,480760,1,2,2,2,1,1,3,4,2,3,1990,2,2
1991,1,480761,1,1,1,1,1,1,3,4,1,3,1976,2,2
1991,1,480762,7,2,2,2,4,2,3,2,2,3,1990,2,2
1991,1,480763,1,1,1,1,1,1,3,4,1,3,1988,2,2
1991,1,480764,1,5,5,2,1,1,3,4,1,3,1968,2,2
1991,2,480764,7,2,2,2,4,1,3,1,2,3,1986,2,2
1991,1,480765,1,1,1,1,1,2,3,4,1,3,1986,1,2
1991,1,480766,2,2,2,2,1,1,3,4,2,3,1984,2,2
1991,2,480766,2,5,5,1,1,1,3,4,2,3,1987,2,2
1991,1,480767,2,1,1,1,1,1,3,4,2,3,1978,2,2
1991,1,480768,2,2,2,2,1,1,3,4,1,3,1980,2,2
1991,1,480769,1,1,1,2,1,1,3,4,2,3,1980,2,2
1991,1,480770,1,2,2,2,1,1,3,4,1,3,1985,2,2
1991,1,480771,4,2,5,2,1,1,3,4,1,3,1991,2,2
1991,2,480771,6,2,2,2,1,1,3,4,2,3,1989,2,2
1991,1,480772,1,2,2,2,1,1,3,4,1,3,1978,2,2
1991,1,480773,1,2,2,2,1,1,3,4,2,3,1988,2,2
1991,2,480773,1,2,2,2,1,1,3,4,2,3,1980,2,2
1991,1,480774,1,5,5,2,1,1,3,4,2,3,1991,1,2
1991,2,480774,2,2,2,2,1,1,3,4,2,3,1990,2,2
1991,1,480775,6,2,2,2,1,1,3,4,2,3,1991,2,2
1991,2,480775,7,5,5,2,4,1,3,1,2,3,1981,2,2
1991,1,480776,1,2,6,2,2,2,3,4,2,3,1983,2,2
1991,1,480777,6,2,2,2,1,1,3,4,2,3,1988,2,2
1991,2,480777,1,3,3,1,1,1,3,4,2,3,1980,1,2
1991,1,480778,9,2,2,2,3,3,3,4,2,3,9999,2,2
1991,1,480779,1,2,2,1,1,1,3,4,1,3,1984,2,2
1991,1,480780,3,1,1,1,1,1,3,4,1,3,1977,1,2
1991,1,480781,2,2,2,2,1,1,3,4,2,3,1975,2,2
1991,2,480781,2,2,2,2,1,1,3,4,2,3,1975,2,2
1991,3,480781,1,7,7,2,1,1,3,4,2,3,1991,2,2
1991,1,480782,2,1,1,1,1,1,3,4,1,3,1986,2,2
1991,1,480783,1,3,3,2,1,1,3,4,2,3,1988,1,2
1991,2,480783,6,2,2,2,1,1,3,4,2,3,1982,2,2
1991,1,480784,1,5,5,2,1,2,3,4,1,3,1989,2,2
1991,1,480785,2,1,1,1,1,1,3,4,1,3,1988,1,2
1991,1,480786,2,2,2,2,1,1,3,4,2,3,1978,1,2
1991,1,480787,2,1,1,1,1,1,3,4,2,3,1990,2,2
1991,1,480788,1,2,2,2,1,1,3,4,2,3,1982,1,2
1991,2,480788,6,2,2,2,1,1,3,4,2,3,1985,2,2
1991,1,480789,2,7,7,2,1,1,3,4,1,3,1983,1,2
1991,1,480790,1,2,2,2,1,1,3,4,1,3,1984,2,2
1991,2,480790,2,2,2,2,1,1,3,4,2,3,1988,2,2
1991,3,480790,3,2,2,2,1,1,3,4,2,3,1991,2,2
1991,1,480791,1,2,2,2,1,1,3,4,2,3,1985,1,2
1991,2,480791,1,2,2,2,2,2,3,4,2,3,1978,2,2
1991,1,480792,1,3,3,1,1,1,3,4,2,3,1977,2,2
1991,2,480792,1,2,2,2,1,1,3,4,2,3,1988,2,2
1991,1,480793,6,4,4,2,1,1,3,4,2,3,1984,2,2
1991,2,480793,1,4,4,2,1,1,3,4,2,3,1988,1,2
1991,1,480795,1,2,2,1,2,2,3,4,2,3,1989,2,2
1991,1,480796,6,2,2,2,1,1,3,4,2,3,1979,2,2
1991,2,480796,1,2,2,2,1,1,3,4,2,3,1979,1,2
1991,1,480797,2,2,2,2,1,1,3,4,2,3,1988,2,1
1991,2,480797,6,2,2,2,1,1,3,4,2,3,1990,2,2
1991,1,480798,4,2,2,1,1,1,3,4,1,3,1978,2,2
1991,2,480798,1,2,2,2,1,1,3,4,2,3,1982,2,2
1991,1,480799,1,2,2,2,1,1,3,4,1,3,1981,2,2
1991,2,480799,2,7,7,1,2,2,3,4,1,3,1982,2,2
1991,1,480800,6,4,4,2,1,1,3,4,2,3,1989,2,2
1991,2,480800,1,2,2,2,2,2,3,4,2,3,1979,2,2
1991,1,480801,9,2,2,2,3,3,3,4,2,3,9999,2,2
1991,2,480801,7,3,3,2,4,2,3,2,2,3,1984,2,2
1991,1,480802,2,2,2,2,1,1,3,4,2,3,1991,2,1
1991,1,480803,1,3,3,2,1,1,3,4,2,3,1974,2,2
1991,2,480803,1,2,2,2,2,2,3,4,2,3,1981,2,2
1991,1,480804,2,7,7,1,2,2,3,4,1,3,1989,2,1
1991,1,480805,1,6,6,1,1,1,3,4,1,3,1976,2,2
1991,1,480806,1,2,2,2,1,1,3,4,1,3,1984,1,1
1991,1,480807,1,2,2,2,1,1,3,4,1,3,1991,2,2
1991,1,480808,3,2,2,1,2,2,3,4,2,3,1989,2,2
1991,2,480808,1,2,2,2,2,2,3,4,2,3,1981,2,2
1991,1,480809,1,5,5,2,1,1,3,4,2,3,1990,1,2
1991,2,480809,2,2,2,2,1,1,3,4,2,3,1988,2,2
1991,1,480810,2,7,7,2,1,1,3,4,2,3,1991,2,2
1991,2,480810,2,2,2,2,1,1,3,4,2,3,1979,2,2
1991,1,480811,1,2,2,2,1,1,3,4,2,3,1985,2,2
1991,2,480811,2,2,2,2,1,1,3,4,1,3,1982,2,2
1991,1,480812,2,1,1,1,2,2,3,4,2,3,1975,2,2
1991,1,480813,1,2,2,2,1,1,3,4,2,3,1986,2,2
1991,2,480813,1,5,5,2,1,1,3,4,2,3,1984,1,2
1991,1,480814,1,2,2,2,1,1,3,4,2,3,1988,2,2
1991,1,480815,1,2,2,2,2,2,3,4,2,3,1987,2,2
1991,1,480816,1,3,3,2,1,1,3,4,1,3,1985,2,2
1991,2,480816,4,2,2,2,1,1,3,4,2,3,1990,2,2
1991,1,480817,6,4,4,2,1,1,3,4,2,3,1989,2,2
1991,2,480817,1,2,2,2,1,1,3,4,2,3,1990,1,2
1991,1,480818,1,2,2,2,2,2,3,4,2,3,1976,2,2
1991,2,480818,1,2,2,2,1,1,3,4,2,3,1984,2,2
1991,1,480819,1,2,2,2,1,1,3,4,2,3,1981,2,2
1991,1,480820,3,5,5,2,1,1,3,4,2,3,1978,2,2
1991,2,480820,1,2,2,2,1,1,3,4,2,3,1987,2,2
1991,3,480820,1,7,7,2,1,1,3,4,2,3,1986,2,2
1991,1,480821,2,3,3,1,1,1,3,4,2,3,1986,1,2
1991,1,480822,6,2,2,2,1,1,3,4,2,3,1984,2,2
1991,2,480822,1,2,2,2,1,1,3,4,2,3,1976,2,1
1991,1,480823,1,2,2,2,1,1,3,4,2,3,1979,2,2
1991,1,480824,2,3,3,2,2,2,3,4,1,3,1982,2,2
1991,1,480825,9,7,7,2,1,1,3,4,2,3,1986,2,2
1991,1,480826,2,2,2,2,1,1,3,4,2,3,1981,2,2
1991,1,480827,1,2,2,2,1,1,3,4,2,3,1990,2,2
1991,1,480828,2,2,2,2,1,1,3,4,2,3,1985,2,2
1991,1,480829,2,2,2,1,1,1,3,4,2,3,1990,1,2
1991,1,480830,1,2,2,2,1,1,3,4,1,3,1983,2,2
1991,2,480830,1,2,2,2,1,1,3,4,2,3,1988,2,2
1991,1,480831,2,1,1,1,1,1,3,4,1,3,1985,2,2
1991,1,480832,2,4,4,2,3,3,3,4,2,3,9999,2,2
1991,1,480833,2,2,2,2,1,1,3,4,1,3,1989,2,2
1991,1,480834,7,2,2,2,4,2,3,2,2,3,1986,2,2
1991,1,480835,2,2,2,2,1,1,3,4,2,3,1986,2,2
1991,2,480835,2,2,2,2,1,1,3,4,2,3,1983,2,2
1991,1,480836,2,2,2,2,1,1,3,4,1,3,1981,2,2
1991,1,480837,2,4,4,2,1,1,3,4,2,3,1976,2,2
1991,2,480837,1,2,2,2,2,2,3,4,2,3,1985,2,2
1991,1,480838,2,1,1,1,1,1,3,4,1,3,1990,2,2
1991,1,480839,1,2,2,2,1,1,3,4,2,3,1991,2,2
1991,1,480840,1,2,2,2,1,1,3,4,2,3,1988,2,2
1991,2,480840,1,3,3,2,1,1,3,4,2,3,1988,2,2
1991,1,480841,1,5,5,1,1,1,3,4,1,3,1974,2,2
1991,1,480842,1,2,2,2,1,1,3,4,2,3,1984,2,2
1991,1,480843,3,1,1,1,1,1,3,4,1,3,1991,1,2
1991,1,480844,2,2,2,2,1,1,3,4,2,3,1984,2,2
1991,2,480844,1,2,2,2,1,1,3,4,2,3,1971,2,2
1991,1,480845,1,2,2,2,1,1,3,4,1,3,1974,2,1
1991,2,480845,6,2,2,2,1,1,3,4,2,3,1987,2,2
1991,1,480846,1,2,3,2,1,1,3,4,1,3,1989,2,2
1991,1,480847,1,4,4,2,2,2,3,4,2,3,1990,2,2
1991,2,480847,1,2,2,2,2,2,3,4,1,3,1980,2,2
1991,1,480848,1,2,2,2,1,1,3,4,2,3,1985,2,2
1991,1,480849,9,2,2,2,3,3,3,4,1,3,9999,2,2
1991,1,480850,1,1,1,1,1,1,3,4,2,3,1990,1,2
1991,1,480851,1,2,2,2,1,1,3,4,2,3,1986,2,2
1991,2,480851,8,2,2,2,1,1,3,4,2,1,1982,2,2
1991,1,480852,4,2,2,2,1,1,3,4,2,3,1989,2,2
1991,2,480852,1,2,2,2,1,1,3,4,2,3,1983,1,2
1991,1,480853,1,2,5,2,1,1,3,4,1,3,1974,2,2
1991,1,480854,1,3,3,2,1,1,3,4,2,3,1981,2,2
1991,2,480854,1,2,2,1,1,1,3,4,2,3,1991,2,2
1991,1,480855,9,4,2,2,2,2,3,4,2,3,1984,2,2
1991,2,480855,2,2,2,2,1,1,3,4,1,3,1988,1,2
1991,3,480855,6,2,2,2,1,1,3,4,2,3,1985,2,2
1991,1,480856,1,1,1,1,1,1,3,4,1,3,1971,2,2
1991,1,480857,2,2,2,2,1,1,3,4,2,3,1985,2,2
1991,1,480858,2,1,1,2,1,1,3,4,2,3,1988,2,2
1991,1,480859,6,2,2,2,1,1,3,4,2,3,1982,2,2
1991,2,480859,1,2,2,2,1,1,3,4,2,3,1973,2,2
1991,1,480860,1,3,3,2,3,3,3,4,2,3,1980,2,2
1991,2,480860,2,2,2,2,2,2,3,4,2,3,1989,2,2
1991,1,480861,2,2,2,2,1,1,3,4,2,3,1982,2,2
1991,1,480862,2,2,2,2,1,1,3,4,2,3,1970,2,2
1991,2,480862,1,3,3,2,1,1,3,4,2,3,1991,2,2
1991,1,480863,3,1,1,1,1,1,3,4,2,3,1990,2,2
1991,1,480864,1,2,2,2,1,1,3,4,1,3,1975,2,2
1991,1,480865,1,7,7,2,2,2,3,4,2,3,1979,2,2
1991,1,480866,9,6,6,2,3,3,3,4,2,3,9999,2,2
1991,1,480867,1,5,5,2,1,1,3,4,2,3,1969,1,2
1991,2,480867,1,2,2,2,1,1,3,4,2,3,1987,2,2
1991,1,480868,9,2,2,2,3,3,3,4,2,3,9999,2,2
1991,1,480869,7,2,2,2,4,2,3,2,1,3,1980,2,2
1991,1,480870,1,5,5,2,2,2,3,4,2,3,1983,1,2
1991,2,480870,6,2,2,2,1,1,3,4,2,3,1983,2,2
1991,1,480871,6,2,2,2,1,1,3,4,2,3,1978,2,2
1991,2,480871,1,5,5,2,1,1,3,4,2,3,1980,2,1
1991,1,480872,1,2,2,2,1,1,3,4,2,3,1990,2,2
1991,2,480872,2,4,4,2,1,1,3,4,2,3,1991,2,2
1991,1,480873,5,1,1,1,2,2,3,4,1,3,1984,2,2
1991,1,480874,2,6,6,2,1,1,3,4,2,3,1982,2,2
1991,1,480875,2,2,2,1,1,1,3,4,2,3,1985,2,1
1991,1,480876,1,6,6,2,1,1,3,4,2,3,1976,2,2
1991,1,480877,1,2,6,2,1,1,3,4,2,3,1989,2,2
1991,1,480878,1,2,2,2,1,1,3,4,2,3,1990,2,1
1991,2,480878,6,2,2,2,1,1,3,4,2,3,1988,2,2
1991,1,480879,1,3,3,2,1,1,3,4,2,3,1981,2,2
1991,2,480879,8,2,2,2,1,1,3,4,2,3,1983,2,2
1991,1,480880,1,2,2,2,2,2,3,4,2,3,1974,2,2
1991,2,480880,1,5,5,2,1,1,3,4,2,3,1989,2,2
1991,1,480881,2,2,2,1,2,2,3,4,1,3,1978,2,2
1991,1,480882,2,2,2,2,1,1,3,4,2,3,1985,2,2
1991,2,480882,2,2,2,2,1,1,3,4,2,3,1981,2,2
1991,1,480883,1,2,2,2,1,1,3,4,2,3,1972,2,2
1991,1,480884,6,1,1,1,1,1,3,4,1,3,1991,2,2
1991,1,480885,1,2,2,2,2,2,3,4,2,3,1982,2,2
1991,1,480886,3,7,7,2,1,1,3,4,1,3,1987,2,2
1991,2,480886,1,2,2,2,1,2,3,4,2,3,1981,2,2
1991,1,480887,1,2,2,2,2,2,3,4,1,3,1977,2,2
1991,1,480888,1,2,2,2,1,1,3,4,2,3,1988,2,2
1991,2,480888,7,7,7,2,4,1,3,1,1,3,1985,2,2
1991,1,480889,7,7,7,2,4,1,3,1,2,3,1978,2,2
1991,1,480890,4,2,2,1,1,1,3,4,1,3,1988,2,2
1991,1,480891,2,1,1,1,1,1,3,4,1,3,1988,2,1
1991,1,480892,1,3,3,2,1,1,3,4,1,3,1975,2,2
1991,1,480893,1,2,2,2,1,1,3,4,1,3,1988,2,2
1991,1,480894,3,2,2,2,2,2,3,4,2,3,1988,2,2
1991,1,480895,7,2,2,2,4,1,3,1,2,3,1986,2,2
1991,2,480895,1,2,2,2,1,1,3,4,2,3,1979,1,2
1991,1,480896,1,1,1,1,1,1,3,4,2,3,1989,2,1
1991,1,480897,1,2,2,2,1,1,3,4,2,3,1974,2,2
1991,2,480897,4,2,2,2,1,1,3,4,2,3,1975,2,2
1991,3,480897,1,2,2,2,1,1,3,4,2,3,1981,2,2
1991,1,480898,6,2,2,2,1,1,3,4,2,3,1990,2,2
1991,1,480899,1,2,2,2,1,1,3,4,2,3,1983,1,2
1991,1,480900,1,2,2,2,1,1,3,4,2,3,1991,2,2
1991,1,480901,1,5,5,2,1,1,3,4,2,3,1989,2,2
1991,2,480901,2,2,2,2,1,1,3,4,2,3,1987,2,2
1991,1,480902,3,2,2,1,1,1,3,4,2,3,1990,1,1
1991,1,480903,1,2,2,2,3,3,3,4,2,3,1980,2,2
1991,1,480904,1,2,2,2,1,1,3,4,2,3,1973,2,2
1991,2,480904,1,2,2,2,1,1,3,4,2,3,1977,2,2
1991,1,480905,3,2,6,2,1,1,3,4,2,3,1990,2,2
1991,1,480906,3,1,1,1,1,1,3,4,1,3,1969,2,2
1991,1,480907,1,5,5,2,1,1,3,4,2,3,1982,2,2
1991,2,480907,1,2,2,2,1,1,3,4,2,3,1988,2,2
1991,1,480908,2,2,2,2,1,1,3,4,1,3,1990,2,2
1991,2,480908,1,3,3,2,1,1,3,4,2,3,1986,2,2
1991,1,480909,1,1,1,1,1,1,3,4,2,3,1981,2,2
1991,1,480910,2,5,5,2,1,1,3,4,2,3,1984,1,2
1991,1,480911,2,1,1,2,1,1,3,4,2,3,1977,1,2
1991,1,480912,1,2,2,2,1,1,3,4,2,3,1986,2,2
1991,1,480913,1,2,2,2,1,1,3,4,2,3,1986,2,2
1991,2,480913,1,2,2,2,1,1,3,4,2,3,1988,2,2
1991,1,480914,6,4,4,2,1,1,3,4,2,3,1980,2,2
1991,2,480914,3,2,2,2,1,1,3,4,1,3,1987,1,1
1991,1,480915,1,5,5,2,1,1,3,4,2,3,1983,2,2
1991,2,480915,2,2,2,2,1,1,3,4,2,3,1985,2,2
1991,1,480916,1,1,1,1,1,1,3,4,1,3,1986,2,2
1991,1,480917,1,2,2,2,1,1,3,4,2,3,1990,2,2
1991,2,480917,3,4,4,1,1,1,3,4,2,3,1985,2,2
1991,1,480918,1,2,2,2,1,1,3,4,2,3,1987,2,2
1991,1,480919,2,2,2,2,1,1,3,4,2,3,1981,2,2
1991,1,480920,1,2,2,2,1,1,3,4,2,3,1983,2,2
1991,2,480920,1,2,2,2,1,1,3,4,1,3,1983,2,2
1991,1,480921,3,2,2,1,1,1,3,4,1,3,1986,2,2
1991,2,480921,1,2,2,2,1,1,3,4,2,3,1987,2,2
1991,3,480921,1,4,4,2,1,1,3,4,2,3,1984,2,2
1991,1,480922,1,2,2,1,1,1,3,4,2,3,1985,1,2
1991,2,480922,1,2,2,2,1,1,3,4,2,3,1988,2,2
1991,1,480923,1,2,2,2,1,1,3,4,1,3,1989,2,2
1991,1,480924,2,1,1,1,1,1,3,4,1,3,1990,2,2
1991,1,480925,7,2,2,2,4,2,3,2,1,3,1981,1,2
1991,2,480925,4,2,2,2,1,1,3,4,2,3,1987,2,2
1991,1,480926,1,7,7,2,2,2,3,4,1,3,1981,2,2
1991,1,480927,1,2,2,2,1,1,3,4,2,3,1984,1,2
1991,1,480928,1,2,2,2,1,1,3,4,2,3,1991,2,2
1991,1,480929,1,2,2,2,1,1,3,4,2,3,1981,2,2
1991,1,480930,9,2,2,2,1,1,3,4,2,3,1983,1,2
1991,2,480930,2,2,2,2,3,3,3,4,2,3,1987,2,2
1991,1,480931,4,2,2,1,1,1,3,4,1,3,1986,2,2
1991,2,480931,1,4,2,2,1,1,3,4,2,3,1963,2,2
1991,3,480931,1,4,4,2,3,3,3,4,2,3,1977,2,2
1991,1,480932,1,7,7,1,1,1,3,4,2,3,1987,2,2
1991,1,480933,7,2,2,2,4,2,3,2,2,3,1985,1,2
1991,1,480935,3,3,3,2,1,1,3,4,2,3,1984,2,2
1991,1,480936,2,2,2,2,1,1,3,4,2,3,1971,2,2
1991,1,480937,2,7,7,1,1,1,3,4,2,3,1984,2,2
1991,1,480938,1,2,2,2,2,2,3,4,2,3,1984,2,2
1991,1,480939,6,2,2,2,1,1,3,4,2,3,1989,2,2
1991,2,480939,1,2,2,2,1,1,3,4,1,3,1984,2,1
1991,1,480940,7,1,1,2,4,2,3,2,2,3,1975,1,2
1991,1,480941,1,2,2,1,2,2,3,4,2,3,1991,2,2
1991,1,480942,6,4,4,2,1,1,3,4,2,3,1982,2,2
1991,2,480942,2,2,2,1,1,1,3,4,1,3,1980,2,2
1991,1,480943,2,2,2,2,1,1,3,4,2,3,1977,2,1
1991,1,480944,3,1,1,1,1,1,3,4,1,3,1985,1,2
1991,1,480945,2,2,2,2,1,1,3,4,2,3,1984,2,2
1991,2,480945,1,2,2,2,1,1,3,4,2,3,1984,2,2
1991,1,480946,1,5,5,2,1,1,3,4,2,3,1980,2,2
1991,2,480946,2,2,2,2,1,1,3,4,2,3,1981,2,2
1991,1,480947,4,5,5,2,1,1,3,4,2,3,1978,2,2
1991,1,480948,2,2,2,2,1,1,3,4,2,3,1981,2,2
1991,2,480948,1,3,3,2,1,1,3,4,2,3,1990,2,2
1991,3,480948,2,2,2,2,1,1,3,4,2,3,1984,2,2
1991,1,480949,9,6,6,2,3,3,3,4,1,3,9999,2,2
1991,1,480950,1,2,3,2,1,1,3,4,1,3,1989,2,2
1991,2,480950,1,5,5,2,1,1,3,4,2,3,1986,2,2
1991,3,480950,2,2,2,2,1,1,3,4,2,3,1991,2,2
1991,1,480951,1,2,2,2,1,1,3,4,1,3,1984,2,2
1991,1,480952,1,2,2,2,1,1,3,4,1,3,1988,2,2
1991,1,480953,2,2,2,2,1,1,3,4,1,3,1990,2,1
1991,1,480954,1,5,5,2,2,2,3,4,1,3,1980,2,2
1991,1,480955,4,2,2,1,1,1,3,4,2,3,1988,1,1
1991,2,480955,3,2,2,1,2,2,3,4,2,3,1977,1,1
1991,1,480956,2,2,2,2,1,1,3,4,2,3,1988,1,2
1991,1,480957,1,2,2,2,1,1,3,4,2,3,1989,1,1
1991,2,480957,2,4,4,2,1,1,3,4,2,3,1978,1,2
1991,1,480958,1,2,2,2,3,3,3,4,2,3,1984,1,2
1991,1,480959,1,2,2,2,1,1,3,4,2,3,1990,2,2
1991,2,480959,1,4,4,2,1,1,3,4,2,3,1987,2,2
1991,3,480959,1,4,4,2,1,1,3,4,2,3,1987,2,2
1991,4,480959,2,2,2,2,1,1,3,4,2,3,1990,2,2
1991,5,480959,2,4,4,2,2,2,3,4,2,3,1968,2,2
1991,6,480959,4,2,2,2,1,1,3,4,2,3,1981,2,2
1991,1,480960,1,2,2,2,1,1,3,4,1,3,1992,2,2
1991,1,480961,2,2,2,2,1,1,3,4,1,3,1970,2,2
1991,1,480962,2,2,2,2,1,1,3,4,2,3,1976,2,2
1991,2,480962,1,4,4,2,3,3,3,4,2,3,1979,2,2
1991,1,480963,1,2,2,2,2,2,3,4,2,3,1974,1,2
1991,2,480963,1,2,2,2,1,1,3,4,2,3,1985,2,2
1991,1,480964,1,2,2,2,1,1,3,4,2,3,1985,2,2
1991,1,480965,1,1,1,1,1,1,3,4,1,3,1980,2,2
1991,1,480966,1,5,5,2,1,1,3,4,2,3,1978,1,2
1991,2,480966,2,2,2,2,1,1,3,4,2,3,1988,1,2
1991,1,480967,1,1,1,1,2,2,3,4,1,3,1990,2,2
1991,1,480968,1,2,2,2,2,2,3,4,2,3,1978,2,2
1991,1,480969,1,1,1,1,1,1,3,4,2,3,1984,2,2
1991,1,480970,4,5,5,2,1,2,3,4,2,3,1988,2,2
1991,1,480971,1,2,2,2,1,1,3,4,2,3,1986,2,2
1991,1,480972,1,2,2,2,1,1,3,4,1,3,1990,2,2
1991,1,480973,6,2,2,2,1,1,3,4,2,3,1979,2,2
1991,2,480973,1,3,3,2,1,1,3,4,2,3,1987,2,2
1991,1,480974,1,1,1,1,1,1,3,4,1,3,1991,1,2
1991,1,480975,1,3,3,2,1,1,3,4,1,3,1978,2,2
1991,2,480975,4,2,2,2,1,1,3,4,2,3,1989,2,2
1991,1,480976,1,2,2,2,1,1,3,4,1,3,1987,2,2
1991,1,480977,1,2,2,2,1,1,3,4,2,3,1969,2,2
1991,2,480977,2,2,2,2,1,1,3,4,2,3,1980,2,2
1991,1,480978,1,2,2,2,1,1,3,4,1,3,1985,2,2
1991,1,480979,1,2,2,2,1,1,3,4,2,3,1990,2,2
1991,2,480979,1,3,3,2,1,1,3,4,2,3,1984,2,2
1991,1,480980,5,2,2,1,1,1,3,4,1,3,1984,2,2
1991,2,480980,2,4,6,2,1,1,3,4,2,3,1983,2,2
1991,3,480980,6,4,4,2,1,1,3,4,2,3,1981,2,2
1991,1,480981,2,2,2,2,1,1,3,4,1,3,1983,1,2
1991,2,480981,7,4,4,2,4,1,3,1,2,3,1976,2,2
1991,1,480982,2,2,2,2,2,2,3,4,2,3,1991,2,2
1991,2,480982,3,5,6,2,1,1,3,4,2,3,1983,2,2
1991,1,480983,1,2,2,2,2,2,3,4,2,3,1978,2,2
1991,2,480983,7,7,7,2,4,2,3,2,2,3,1986,2,2
1991,1,480984,7,1,1,2,4,2,3,2,2,3,1981,2,2
1991,1,480985,2,1,1,1,2,2,3,4,2,3,1978,2,1
1991,2,480985,9,6,6,2,3,3,3,4,2,3,9999,2,1
1991,1,480986,1,5,5,2,1,1,3,4,2,3,1990,2,2
1991,2,480986,6,2,2,2,1,2,3,4,2,3,1981,2,2
1991,1,480987,9,7,7,2,3,3,3,4,2,3,9999,2,2
1991,1,480988,3,2,2,2,1,1,3,4,2,3,1989,2,2
1991,1,480989,1,2,2,2,1,1,3,4,2,3,1985,2,2
1991,2,480989,1,2,2,2,1,2,3,4,2,3,1982,2,2
1991,3,480989,6,2,2,1,1,1,3,4,2,3,1985,2,2
1991,1,480990,1,2,2,1,1,1,3,4,1,3,1981,2,2
1991,1,480991,2,2,2,1,2,2,3,4,1,3,1979,2,2
1991,1,480992,6,4,4,2,1,2,3,4,2,3,1978,2,2
1991,2,480992,1,2,6,2,1,1,3,4,1,3,1986,1,2
1991,1,480993,1,2,2,2,1,1,3,4,2,3,1979,1,2
1991,2,480993,1,5,5,2,3,3,3,4,2,3,1979,2,2
1991,1,480994,2,1,1,1,1,1,3,4,1,3,1991,2,2
1991,1,480995,3,2,2,2,3,3,3,4,2,3,1990,2,2
1991,2,480995,2,2,2,2,1,1,3,4,2,3,1978,2,2
1991,1,480996,1,2,2,2,1,1,3,4,2,3,1988,2,2
1991,2,480996,2,4,4,2,1,1,3,4,2,3,1981,2,2
1991,1,480997,2,5,5,1,1,1,3,4,2,3,1986,2,2
1991,2,480997,2,2,2,2,1,1,3,4,2,3,1991,1,2
1991,1,480998,9,2,2,2,3,3,3,4,1,3,9999,2,2
1991,1,480999,1,2,2,2,1,1,3,4,2,3,1988,2,2
1991,1,481000,9,7,7,2,3,3,3,4,2,3,9999,2,2
1991,1,481001,1,2,2,2,1,1,3,4,1,3,1991,2,2
1991,2,481001,6,4,4,2,1,1,3,4,2,3,1964,2,2
1991,1,481002,1,7,7,2,2,2,3,4,1,3,1976,2,1
1991,1,481003,7,1,1,2,4,1,3,1,1,3,1980,2,2
1991,1,481004,4,2,2,2,1,1,3,4,2,3,1987,2,2
1991,1,481005,1,5,5,2,2,2,3,4,1,3,1980,2,2
1991,2,481005,1,2,2,2,1,1,3,4,2,3,1964,2,2
1991,1,481006,1,1,1,1,2,2,3,4,2,3,1978,1,1
1991,1,481007,1,2,2,2,1,1,3,4,1,3,1985,2,2
1991,2,481007,1,2,2,2,1,1,3,4,2,3,1991,2,2
1991,3,481007,1,2,2,2,1,1,3,4,2,3,1989,2,2
1991,1,481008,1,2,2,2,2,2,3,4,2,3,1981,2,2
1991,1,481009,1,2,2,2,1,1,3,4,2,3,1978,2,2
1991,2,481009,1,4,4,2,1,1,3,4,2,3,1979,2,2
1991,1,481010,1,2,2,2,1,1,3,4,2,3,1983,2,2
1991,1,481011,1,2,2,2,1,1,3,4,2,3,1980,2,2
1991,1,481012,2,2,2,2,1,1,3,4,1,3,1977,2,2
1991,2,481012,2,5,5,2,1,1,3,4,2,3,1991,2,2
1991,1,481013,1,3,3,2,1,1,3,4,2,3,1979,1,2
1991,2,481013,2,2,2,2,1,1,3,4,2,3,1990,2,2
1991,1,481014,1,2,2,2,1,1,3,4,2,3,1989,2,2
1991,2,481014,1,2,2,2,1,1,3,4,2,3,1961,2,2
1991,3,481014,2,2,2,2,1,1,3,4,2,3,1978,2,2
1991,1,481015,1,2,2,2,2,2,3,4,2,3,1979,2,2
1991,2,481015,2,4,4,2,1,1,3,4,2,3,1982,2,2
1991,3,481015,1,2,2,2,1,1,3,4,2,3,1984,2,2
1991,1,481016,2,3,3,2,1,1,3,4,2,3,1991,2,2
1991,2,481016,2,2,2,2,1,1,3,4,2,3,1976,2,2
1991,1,481017,1,2,2,2,1,1,3,4,1,3,1975,2,2
1991,1,481018,1,2,2,2,1,1,3,4,2,3,1984,1,2
1991,1,481019,9,2,2,2,3,3,3,4,1,3,9999,2,2
1991,1,481020,7,2,2,2,4,2,3,2,2,3,1990,2,2
1991,1,481021,7,7,7,2,4,1,3,1,1,3,1986,2,2
1991,1,481022,1,3,3,2,1,1,3,4,2,3,1989,1,2
1991,2,481022,3,2,2,2,1,1,3,4,2,3,1991,2,2
1991,1,481023,2,2,2,2,1,1,3,4,2,3,1982,2,2
1991,1,481024,1,2,2,1,1,1,3,4,1,3,1990,2,2
1991,1,481025,2,1,1,1,1,1,3,4,1,3,1989,1,2
1991,1,481026,3,1,1,1,1,1,3,4,2,3,1981,2,2
1991,1,481027,4,1,1,1,2,2,3,4,2,3,1964,2,2
1991,1,481028,1,2,2,2,1,1,3,4,2,3,1991,2,2
1991,1,481029,2,2,5,2,1,1,3,4,2,3,1971,2,2
1991,2,481029,6,4,4,2,1,1,3,4,2,3,1985,2,2
1991,3,481029,6,2,2,2,1,1,3,4,2,3,1987,2,2
1991,1,481030,6,2,2,2,1,1,3,4,2,3,1989,2,1
1991,1,481031,2,1,1,1,1,1,3,4,2,3,1974,2,2
1991,1,481032,4,2,6,2,1,1,3,4,2,3,1976,1,2
1991,1,481033,1,2,2,2,1,1,3,4,2,3,1988,2,2
1991,2,481033,1,5,5,2,1,1,3,4,2,3,1987,2,2
1991,1,481034,1,2,2,2,2,2,3,4,2,3,1978,1,2
1991,2,481034,1,2,2,2,2,2,3,4,2,3,1968,2,2
1991,1,481035,2,2,2,2,1,1,3,4,2,3,1990,2,2
1991,2,481035,1,2,2,2,1,1,3,4,2,3,1991,2,2
1991,1,481036,1,2,2,2,1,1,3,4,2,3,1985,2,2
1991,2,481036,3,2,2,2,1,1,3,4,2,3,1987,2,2
1991,1,481037,1,2,6,2,1,1,3,4,1,3,1989,2,2
1991,1,481038,1,2,2,2,1,1,3,4,2,3,1987,2,2
1991,2,481038,2,3,3,2,2,2,3,4,2,3,1983,2,2
1991,1,481039,2,2,3,2,1,1,3,4,2,3,1967,2,2
1991,2,481039,2,4,7,2,1,1,3,4,2,3,1986,2,2
1991,3,481039,2,2,2,2,1,1,3,4,2,3,1988,2,2
1991,1,481040,2,2,2,1,1,1,3,4,2,3,1979,1,2
1991,1,481041,1,2,2,2,1,1,3,4,2,3,1989,2,2
1991,2,481041,1,5,5,2,1,1,3,4,2,3,1990,2,2
1991,1,481042,1,2,2,2,2,2,3,4,1,3,1978,2,2
1991,2,481042,1,2,2,2,2,2,3,4,2,3,1986,2,2
1991,3,481042,1,5,5,2,1,1,3,4,2,3,1990,2,2
1991,1,481043,1,2,2,1,1,1,3,4,1,3,1983,2,2
1991,1,481044,7,2,2,2,4,1,3,1,1,3,1991,2,2
1991,1,481045,2,2,2,2,1,1,3,4,2,3,1986,2,2
1991,1,481046,2,2,2,1,1,1,3,4,2,3,1984,2,2
1991,1,481047,2,2,2,2,1,1,3,4,1,3,1989,2,1
1991,1,481048,2,1,1,2,1,1,3,4,2,3,1985,2,2
1991,1,481049,2,2,2,2,1,1,3,4,2,3,1986,2,2
1991,1,481050,3,1,1,1,1,1,3,4,2,3,1984,2,2
1991,1,481051,1,2,4,2,1,1,3,4,1,3,1982,2,2
1991,1,481052,9,7,7,2,3,3,3,4,1,3,9999,2,2
1991,1,481053,1,5,5,2,1,1,3,4,2,3,1986,1,2
1991,2,481053,6,2,2,2,1,1,3,4,2,3,1989,2,2
1991,1,481054,1,2,2,2,2,2,3,4,1,3,1980,2,2
1991,1,481055,9,2,2,2,3,3,3,4,2,3,9999,2,2
1991,2,481055,1,6,6,2,1,1,3,4,2,3,1986,2,2
1991,1,481056,6,2,6,2,1,1,3,4,1,3,1984,1,2
1991,2,481056,1,4,4,2,1,1,3,4,2,3,1987,2,2
1991,3,481056,1,4,2,2,1,1,3,4,2,3,1981,2,2
1991,4,481056,1,4,2,2,1,1,3,4,2,3,1984,2,2
1991,5,481056,3,4,4,2,1,1,3,4,2,3,1990,2,2
1991,6,481056,1,4,4,2,1,1,3,4,2,3,1991,2,2
1991,7,481056,1,4,4,2,1,1,3,4,2,3,1988,2,2
1991,8,481056,2,4,4,2,1,1,3,4,2,3,1983,2,2
1991,1,481057,4,1,1,1,1,1,3,4,2,3,1990,2,1
1991,1,481058,1,2,2,2,1,1,3,4,2,3,1989,1,2
1991,1,481059,2,2,2,2,1,1,3,4,2,3,1988,2,2
1991,2,481059,1,7,7,2,1,2,3,4,1,3,1980,2,2
1991,1,481060,1,4,4,2,1,1,3,4,1,3,1988,2,2
1991,1,481061,5,1,1,1,1,1,3,4,2,3,1968,2,2
1991,1,481062,6,7,7,2,1,1,3,4,2,3,1989,2,2
1991,1,481063,6,6,6,2,1,1,3,4,2,3,1988,2,2
1991,1,481064,1,2,2,2,1,1,3,4,2,3,1962,2,2
1991,2,481064,4,2,2,2,1,1,3,4,2,3,1984,2,2
1991,1,481065,1,2,2,2,1,1,3,4,2,3,1985,2,2
1991,1,481066,1,3,3,1,1,1,3,4,1,3,1990,2,2
1991,1,481067,1,2,2,1,1,1,3,4,1,3,1987,2,2
1991,1,481068,4,2,2,2,1,1,3,4,2,3,1977,1,2
1991,1,481069,1,2,2,1,1,1,3,4,1,3,1980,2,2
1991,1,481070,1,2,2,2,1,1,3,4,2,3,1991,2,2
1991,2,481070,6,2,2,2,1,1,3,4,2,3,1990,2,2
1991,1,481071,6,2,2,2,1,1,3,4,2,3,1990,1,2
1991,1,481072,2,1,1,1,1,1,3,4,2,3,1972,2,1
1991,1,481073,2,2,2,2,1,1,3,4,2,3,1982,2,2
1991,2,481073,1,5,5,2,1,1,3,4,2,3,1988,2,2
1991,1,481074,1,2,2,2,1,1,3,4,1,3,1989,2,2
1991,1,481075,3,1,1,1,1,1,3,4,1,3,1986,2,2
1991,1,481076,2,2,2,2,1,1,3,4,2,3,1988,2,1
1991,1,481077,1,7,7,2,1,1,3,4,1,3,1977,2,2
1991,1,481078,1,3,3,2,2,2,3,4,2,3,1975,2,2
1991,2,481078,1,2,2,2,1,1,3,4,2,3,1986,2,2
1991,1,481079,1,2,2,2,1,1,3,4,1,3,1988,2,2
1991,1,481080,1,3,3,2,1,1,3,4,2,3,1990,2,2
1991,2,481080,1,2,2,2,1,1,3,4,2,3,1989,2,2
1991,1,481081,6,2,2,2,1,1,3,4,2,3,1990,2,2
1991,2,481081,1,5,5,2,2,2,3,4,2,3,1985,2,2
1991,1,481082,2,7,7,1,1,1,3,4,2,3,1983,2,2
1991,1,481083,2,1,1,2,2,2,3,4,2,3,1978,1,2
1991,1,481084,2,2,2,2,2,2,3,4,2,3,1985,2,2
1991,2,481084,1,2,2,2,1,1,3,4,2,3,1990,2,2
1991,1,481085,1,2,2,2,1,1,3,4,1,3,1983,2,2
1991,1,481086,2,1,1,1,1,1,3,4,1,3,1987,1,2
1991,1,481087,2,2,2,2,1,1,3,4,1,3,1991,2,2
1991,2,481087,1,2,2,2,1,1,3,4,2,3,1978,2,2
1991,1,481088,3,2,2,2,1,1,3,4,1,3,1989,2,2
1991,2,481088,1,3,3,2,2,2,3,4,2,3,1982,2,2
1991,1,481089,1,7,7,1,1,1,3,4,2,3,1984,2,2
1991,2,481089,1,5,5,2,1,1,3,4,2,3,1985,2,2
1991,1,481090,6,2,2,2,1,1,3,4,2,3,1988,2,2
1991,1,481091,3,2,2,2,1,1,3,4,2,3,1986,2,2
1991,1,481092,1,2,2,2,2,2,3,4,2,3,1985,2,2
1991,1,481093,1,2,7,2,2,2,3,4,1,3,1984,1,2
1991,2,481093,4,2,2,2,1,1,3,4,2,3,1991,2,2
1991,1,481094,2,4,4,2,1,1,3,4,2,3,1980,2,2
1991,2,481094,1,5,5,2,1,1,3,4,1,3,1989,2,2
1991,3,481094,1,7,7,2,3,3,3,4,2,3,1981,2,2
1991,4,481094,2,7,7,2,3,3,3,4,2,3,1983,2,2
1991,1,481095,2,2,2,2,1,1,3,4,1,3,1991,2,2
1991,2,481095,6,2,2,2,1,1,3,4,2,3,1991,2,2
1991,3,481095,2,7,7,2,1,1,3,4,2,3,1986,2,2
1991,1,481096,1,2,2,2,1,1,3,4,2,3,1988,2,2
1991,2,481096,1,5,5,2,1,1,3,4,2,3,1971,2,2
1991,1,481097,2,2,2,2,1,1,3,4,2,3,1984,2,2
1991,2,481097,7,2,2,2,4,2,3,2,2,3,1981,2,2
1991,1,481098,3,7,7,1,1,1,3,4,1,3,1991,2,2
1991,1,481099,2,1,1,1,3,3,3,4,2,3,1990,2,2
1991,1,481100,7,7,7,2,4,2,3,2,2,3,1983,2,2
1991,1,481101,1,2,2,2,1,1,3,4,2,3,1987,2,1
1991,1,481102,1,2,2,2,1,1,3,4,2,3,1987,2,2
1991,1,481103,1,4,4,2,1,1,3,4,2,3,1990,1,2
1991,1,481104,1,2,2,2,1,1,3,4,2,3,1985,2,2
1991,2,481104,2,6,6,2,1,1,3,4,2,3,1984,2,2
1991,3,481104,1,6,6,2,1,1,3,4,2,3,1990,2,2
1991,1,481105,1,2,2,2,2,2,3,4,2,3,1980,2,1
1991,2,481105,2,2,2,2,1,1,3,4,1,3,1988,2,2
1991,1,481106,1,2,2,2,2,2,3,4,1,3,1988,2,2
1991,1,481107,1,5,5,2,2,2,3,4,2,3,1988,2,2
1991,2,481107,2,2,2,2,1,1,3,4,2,3,1988,2,2
1991,3,481107,6,2,2,2,1,1,3,4,2,3,1985,2,2
1991,1,481108,2,1,1,1,2,2,3,4,1,3,1985,2,2
1991,1,481109,1,3,3,2,2,2,3,4,2,3,1990,2,2
1991,2,481109,2,2,2,1,1,1,3,4,2,3,1988,2,2
1991,1,481110,2,2,6,2,1,1,3,4,2,3,1987,2,1
1991,2,481110,6,4,4,2,1,1,3,4,2,3,1986,2,2
1991,1,481111,1,1,1,1,2,2,3,4,2,3,1970,2,2
1991,1,481112,1,2,2,2,1,1,3,4,1,3,1989,2,2
1991,2,481112,2,4,2,2,3,3,3,4,2,3,1979,2,2
1991,3,481112,1,4,4,2,1,1,3,4,2,3,1980,2,2
1991,1,481113,1,7,7,1,1,1,3,4,2,3,1984,2,1
1991,1,481114,1,2,2,2,1,1,3,4,2,3,1990,2,2
1991,2,481114,2,2,2,2,1,1,3,4,2,3,1990,2,2
1991,3,481114,1,2,2,2,1,1,3,4,2,3,1989,2,2
1991,1,481115,1,2,2,2,1,1,3,4,2,3,1987,2,2
1991,2,481115,3,2,2,2,1,1,3,4,2,3,1986,2,2
1991,1,481116,2,2,2,2,1,1,3,4,2,3,1985,2,2
1991,1,481117,1,2,2,2,1,1,3,4,2,3,1984,2,2
1991,1,481118,1,2,2,2,1,1,3,4,2,3,1989,2,2
1991,1,481119,2,2,2,2,2,2,3,4,1,3,1977,2,2
1991,2,481119,1,4,6,2,3,3,3,4,2,3,1980,2,2
1991,1,481120,1,2,2,2,2,2,3,4,1,3,1979,2,2
1991,1,481121,1,2,2,2,1,1,3,4,1,3,1989,2,2
1991,1,481122,1,5,5,2,1,1,3,4,2,3,1983,2,2
1991,2,481122,2,2,2,2,1,1,3,4,2,3,1986,2,2
1991,1,481123,2,2,2,2,1,1,3,4,2,3,1990,2,1
1991,2,481123,1,5,5,2,1,1,3,4,2,3,1990,2,2
1991,1,481124,2,1,1,2,1,1,3,4,2,3,1983,2,2
1991,1,481125,1,3,3,2,1,1,3,4,2,3,1981,2,2
1991,2,481125,6,2,2,2,1,1,3,4,2,3,1979,2,2
1991,1,481126,1,3,3,1,1,1,3,4,2,3,1981,2,2
1991,2,481126,2,2,2,2,1,1,3,4,2,3,1986,2,2
1991,1,481127,1,3,3,2,2,2,3,4,1,3,1984,2,2
1991,2,481127,7,2,2,2,4,1,3,1,2,3,1981,2,2
1991,1,481128,1,2,2,2,1,1,3,4,1,3,1979,2,2
1991,1,481129,2,2,2,1,2,2,3,4,2,3,1982,2,2
1991,1,481130,3,1,1,1,1,1,3,4,2,3,1987,2,1
1991,1,481131,6,2,2,1,1,1,3,4,1,3,1976,2,2
1991,2,481131,6,4,4,2,1,1,3,4,2,3,1988,2,2
1991,1,481132,1,7,7,2,1,1,3,4,2,3,1983,2,2
1991,2,481132,1,2,2,2,1,1,3,4,2,3,1977,1,2
1991,1,481133,1,2,2,2,3,3,3,4,2,3,1984,2,2
1991,2,481133,1,5,5,2,1,1,3,4,2,3,1986,2,2
1991,1,481134,9,1,1,1,1,1,3,4,2,3,1978,2,2
1991,1,481135,1,2,2,2,1,1,3,4,2,3,1991,2,2
1991,2,481135,1,6,6,2,1,1,3,4,2,3,1991,2,2
1991,1,481136,4,1,1,1,1,1,3,4,2,3,1988,2,2
1991,1,481137,1,2,2,2,2,2,3,4,2,3,1989,2,2
1991,1,481138,2,2,5,1,1,1,3,4,1,3,1982,2,2
1991,1,481139,1,5,5,2,1,1,3,4,2,3,1985,2,2
1991,2,481139,7,2,4,2,4,1,3,1,1,3,1986,2,2
1991,1,481140,1,2,2,2,1,1,3,4,2,3,1984,2,2
1991,1,481141,4,2,2,2,1,1,3,4,2,3,1986,1,2
1991,2,481141,4,5,5,2,1,1,3,4,2,3,1990,2,2
1991,1,481142,4,2,2,2,1,1,3,4,2,3,1988,2,2
1991,2,481142,1,2,2,2,1,1,3,4,2,3,1986,2,2
1991,1,481143,1,2,2,2,1,1,3,4,2,3,1983,1,2
1991,2,481143,6,4,4,2,1,1,3,4,2,3,1987,2,2
1991,1,481144,2,2,6,2,1,1,3,4,1,3,1990,2,2
1991,2,481144,6,4,4,2,1,1,3,4,2,3,1990,2,2
1991,1,481145,2,2,2,1,1,1,3,4,2,3,1987,2,1
1991,1,481146,1,2,2,2,1,1,3,4,2,3,1981,2,2
1991,1,481147,1,2,2,2,1,1,3,4,2,3,1987,2,1
1991,1,481148,2,2,2,1,1,1,3,4,2,3,1984,1,1
1991,1,481149,1,2,2,2,1,1,3,4,2,3,1986,2,1
1991,1,481150,1,7,7,1,1,1,3,4,1,3,1988,2,2
1991,1,481151,2,5,5,2,1,1,3,4,2,3,1990,2,2
1991,1,481152,2,3,3,2,1,1,3,4,2,3,1984,1,2
1991,1,481153,1,3,3,2,2,2,3,4,1,3,1969,2,2
1991,1,481154,6,2,2,2,1,1,3,4,2,3,1989,2,1
1991,1,481155,1,1,1,1,1,1,3,4,2,3,1987,1,1
1991,1,481156,6,1,1,1,3,3,3,4,2,3,1990,1,1
1991,1,481157,1,2,2,2,2,2,3,4,2,3,1987,2,2
1991,2,481157,6,2,2,2,1,1,3,4,1,3,1988,2,2
1991,1,481158,7,7,7,2,4,2,3,2,1,3,1985,2,2
1991,1,481159,1,2,2,2,3,3,3,4,2,3,9999,2,2
1991,1,481160,4,4,4,2,1,1,3,4,2,3,1973,2,2
1991,2,481160,3,2,2,2,1,1,3,4,2,3,1976,2,2
1991,1,481161,2,5,5,2,1,1,3,4,1,3,1987,2,1
1991,1,481162,2,1,1,1,2,2,3,4,2,3,1984,2,1
1991,1,481163,2,2,2,2,1,1,3,4,2,3,1984,1,2
1991,2,481163,6,2,2,2,1,1,3,4,2,3,1981,2,2
1991,1,481164,1,4,4,2,2,2,3,4,1,3,1983,2,2
1991,2,481164,2,2,2,1,1,1,3,4,2,3,1991,2,2
1991,1,481165,1,3,3,2,1,1,3,4,1,3,1984,2,2
1991,2,481165,2,2,2,2,1,1,3,4,2,3,1979,2,2
1991,3,481165,4,2,2,2,1,1,3,4,2,3,1990,2,2
1991,1,481166,1,2,2,2,2,2,3,4,1,3,1964,2,2
1991,2,481166,1,2,2,2,1,1,3,4,2,3,1979,2,2
1991,1,481167,2,2,2,2,1,1,3,4,2,3,1983,2,2
1991,2,481167,2,2,2,2,1,1,3,4,2,3,1990,1,2
1991,1,481168,1,6,6,2,1,1,3,4,2,3,1987,2,2
1991,1,481169,2,1,1,1,2,2,3,4,1,3,1982,2,2
1991,1,481170,2,1,1,1,1,1,3,4,2,3,1979,2,2
1991,1,481171,1,3,3,2,2,2,3,4,1,3,1968,2,2
1991,2,481171,2,2,2,2,1,1,3,4,2,3,1991,2,2
1991,1,481172,2,2,2,2,1,1,3,4,2,3,1983,2,2
1991,1,481173,1,2,2,2,1,1,3,4,2,3,1985,2,1
1991,1,481174,1,1,1,1,1,1,3,4,1,3,1977,2,2
1991,1,481175,2,2,2,2,1,1,3,4,1,3,1989,2,2
1991,1,481176,1,2,3,2,1,1,3,4,2,3,1988,2,1
1991,2,481176,1,2,2,2,1,1,3,4,2,3,1985,2,2
1991,3,481176,2,2,2,2,1,1,3,4,2,3,1990,2,2
1991,4,481176,1,7,7,2,1,1,3,4,2,3,1988,2,2
1991,1,481177,1,3,3,2,2,2,3,4,2,3,1977,2,2
1991,2,481177,3,2,2,1,1,1,3,4,2,3,1977,2,2
1991,1,481178,2,2,2,2,1,1,3,4,2,3,1985,2,1
1991,2,481178,2,4,4,2,3,3,3,4,2,3,1989,2,2
1991,1,481179,1,3,3,2,1,1,3,4,2,3,1973,2,2
1991,2,481179,2,2,2,2,1,1,3,4,2,3,1984,2,2
1991,1,481180,4,2,2,2,1,1,3,4,2,3,1980,2,2
1991,2,481180,4,2,2,2,1,1,3,4,2,3,1986,2,2
1991,1,481181,1,1,1,2,1,1,3,4,2,3,1978,2,2
1991,1,481182,1,2,2,2,1,1,3,4,2,3,1989,2,2
1991,2,481182,1,3,3,2,2,2,3,4,2,3,1979,2,2
1991,1,481183,1,3,3,2,1,1,3,4,1,3,1983,2,2
1991,2,481183,1,2,2,2,1,1,3,4,2,3,1981,2,2
1991,1,481184,1,3,3,2,1,1,3,4,2,3,1991,2,2
1991,2,481184,2,2,2,2,1,1,3,4,2,3,1983,2,2
1991,3,481184,1,2,2,2,1,1,3,4,2,3,1991,2,2
1991,4,481184,1,3,2,2,1,1,3,4,2,3,1986,2,2
1991,5,481184,1,2,2,2,1,1,3,4,2,3,1989,2,2
1991,6,481184,1,2,2,2,1,1,3,4,2,3,1984,2,2
1991,1,481185,1,2,5,2,2,2,3,4,1,3,1980,2,2
1991,2,481185,2,4,4,2,1,1,3,4,2,3,1985,2,2
1991,1,481186,1,2,2,2,2,2,3,4,2,3,1985,2,2
1991,1,481187,1,4,4,2,1,1,3,4,1,3,1984,1,2
1991,2,481187,1,2,2,2,1,1,3,4,2,3,1991,2,2
1991,3,481187,2,5,5,2,1,1,3,4,2,3,1990,2,2
1991,1,481188,1,2,2,2,1,1,3,4,2,3,1989,2,2
1991,1,481189,3,1,1,1,1,1,3,4,1,3,1983,2,2
1991,1,481190,2,2,2,2,2,2,3,4,2,3,1983,2,2
1991,2,481190,6,2,2,2,1,1,3,4,2,3,1984,2,2
1991,1,481191,1,2,2,2,1,1,3,4,2,3,1965,2,2
1991,1,481192,1,2,2,2,1,1,3,4,2,3,1985,2,2
1991,1,481193,6,2,2,2,1,1,3,4,2,3,1986,2,2
1991,1,481194,1,2,2,1,1,1,3,4,2,3,1986,1,1
1991,1,481195,1,2,2,2,1,1,3,4,2,3,1984,2,2
1991,1,481196,1,2,2,2,1,1,3,4,2,3,1991,2,2
1991,1,481197,6,2,6,2,1,1,3,4,2,3,1980,2,2
1991,2,481197,1,2,6,2,1,1,3,4,1,3,1987,2,2
1991,1,481198,1,2,2,2,1,1,3,4,2,3,1979,2,2
1991,2,481198,1,2,2,2,1,1,3,4,2,3,1988,2,2
1991,1,481199,1,1,1,1,1,1,3,4,1,3,1988,2,2
1991,1,481200,2,2,2,2,1,1,3,4,2,3,1987,2,2
1991,1,481201,2,2,2,2,1,1,3,4,1,3,1988,2,2
1991,2,481201,6,4,4,2,3,3,3,4,2,3,1980,2,2
1991,1,481202,2,3,3,2,1,1,3,4,1,3,1987,2,1
1991,1,481203,7,1,1,2,4,2,3,2,1,3,1982,2,2
1991,1,481204,1,2,2,2,1,1,3,4,2,3,1990,2,2
1991,1,481205,1,1,1,1,2,2,3,4,1,3,1979,2,2
1991,1,481206,1,2,2,2,2,2,3,4,2,3,1989,2,2
1991,2,481206,1,2,2,1,1,1,3,4,2,3,1988,1,2
1991,1,481207,1,3,3,2,1,1,3,4,2,3,1977,2,2
1991,1,481208,2,2,2,2,1,1,3,4,2,3,1986,1,2
1991,2,481208,2,5,5,2,1,1,3,4,2,3,1984,2,2
1991,1,481209,2,1,1,1,1,1,3,4,2,3,1985,2,1
1991,1,481210,2,2,2,2,1,1,3,4,2,3,1991,2,2
1991,2,481210,7,2,2,2,4,1,3,1,2,3,1982,2,2
1991,1,481211,2,1,1,1,1,1,3,4,2,3,1986,2,2
1991,1,481212,1,3,3,2,2,2,3,4,2,3,1980,2,2
1991,2,481212,1,2,2,2,1,1,3,4,2,3,1981,2,2
1991,1,481213,2,1,1,1,1,1,3,4,1,3,1990,1,1
1991,1,481214,1,5,5,2,1,1,3,4,1,3,1984,2,2
1991,1,481215,1,2,2,2,1,1,3,4,2,3,1980,2,2
1991,1,481216,3,2,2,2,1,1,3,4,1,3,1976,2,2
1991,1,481217,1,7,7,2,2,2,3,4,2,3,1985,1,2
1991,2,481217,2,2,2,2,1,1,3,4,2,3,1983,2,2
1991,3,481217,6,2,2,2,1,1,3,4,2,3,1986,2,2
1991,1,481218,1,2,5,2,1,1,3,4,2,3,1987,1,2
1991,2,481218,7,2,2,2,4,2,3,2,1,3,1989,1,2
1991,1,481219,9,1,1,2,3,3,3,4,1,3,9999,2,2
1991,1,481220,1,5,5,2,1,1,3,4,1,3,1979,2,2
1991,2,481220,1,2,2,2,1,1,3,4,2,3,1988,2,2
1991,1,481221,2,2,2,2,1,1,3,4,2,3,1982,2,2
1991,2,481221,2,2,2,2,2,2,3,4,2,3,1981,2,2
1991,1,481222,1,1,1,1,2,2,3,4,2,3,1985,2,2
1991,1,481223,4,2,2,2,1,1,3,4,2,3,1990,2,2
1991,2,481223,1,3,3,2,1,1,3,4,2,3,1976,1,2
1991,1,481224,1,2,2,2,1,1,3,4,1,3,1976,2,2
1991,2,481224,1,5,5,2,1,1,3,4,2,3,1987,2,2
1991,1,481225,2,2,2,2,1,1,3,4,2,3,1989,2,2
1991,2,481225,5,2,2,2,1,1,3,4,2,3,1991,2,2
1991,1,481226,6,4,4,2,1,1,3,4,2,3,1984,2,2
1991,2,481226,6,2,2,2,1,1,3,4,1,3,1985,2,2
1991,1,481227,1,2,7,1,1,1,3,4,2,3,1981,2,2
1991,1,481228,1,2,2,2,1,1,3,4,2,3,1985,2,2
1991,2,481228,1,4,2,2,2,2,3,4,1,3,1977,2,2
1991,1,481229,3,4,4,1,1,1,3,4,1,3,1983,1,2
1991,2,481229,5,2,2,2,1,1,3,4,2,3,1984,2,2
1991,1,481230,6,2,2,1,1,1,3,4,1,3,1969,2,1
1991,1,481231,1,5,5,2,1,1,3,4,2,3,1984,1,2
1991,2,481231,1,2,2,2,1,1,3,4,2,3,1989,2,2
1991,1,481232,1,2,2,2,1,1,3,4,2,3,1991,2,2
1991,1,481233,5,2,2,2,3,3,3,4,1,3,9999,2,2
1991,1,481234,6,2,2,2,1,1,3,4,1,3,1986,2,2
1991,2,481234,2,2,2,2,1,1,3,4,2,3,1982,2,2
1991,1,481235,1,5,5,2,1,1,3,4,1,3,1982,2,2
1991,1,481236,2,2,2,2,1,1,3,4,2,3,1983,2,2
1991,2,481236,6,2,2,2,1,1,3,4,2,3,1982,2,2
1991,1,481237,1,2,2,2,1,1,3,4,1,3,1972,2,2
1991,2,481237,1,2,2,2,1,1,3,4,2,3,1983,2,2
1991,1,481238,1,1,1,1,1,1,3,4,2,3,1988,2,2
1991,1,481239,1,7,7,1,1,1,3,4,2,3,1982,2,1
1991,1,481240,1,2,2,2,1,1,3,4,2,3,1987,2,2
1991,1,481241,2,3,3,2,1,1,3,4,1,3,1979,2,2
1991,1,481242,1,2,2,2,1,1,3,4,2,3,1976,1,2
1991,1,481243,1,2,2,2,1,1,3,4,2,3,1984,2,2
1991,1,481244,2,1,1,1,1,1,3,4,1,3,1982,2,1
1991,1,481245,1,3,3,2,2,2,3,4,1,3,1982,2,2
1991,1,481246,1,5,5,2,1,1,3,4,2,3,1982,2,2
1991,2,481246,6,2,2,2,1,1,3,4,2,3,1986,2,2
1991,1,481247,2,2,2,1,1,1,3,4,2,3,1984,2,2
1991,1,481248,7,1,1,2,4,2,3,2,2,3,1983,1,2
1991,1,481249,1,2,2,2,1,1,3,4,2,3,1986,2,2
1991,1,481250,3,2,2,2,1,1,3,4,2,3,1990,1,2
1991,2,481250,5,2,2,2,1,1,3,4,2,3,1989,2,2
1991,1,481251,7,2,2,2,4,2,3,2,1,3,1980,2,2
1991,2,481251,2,2,2,2,1,1,3,4,2,3,1991,2,2
1991,1,481252,2,1,1,1,1,1,3,4,1,3,1988,2,2
1991,1,481253,1,6,6,2,1,1,3,4,2,3,1986,2,2
1991,1,481254,1,1,1,1,1,1,3,4,1,3,1986,2,2
1991,1,481255,1,2,2,2,1,1,3,4,2,3,1990,1,2
1991,1,481256,4,2,2,2,1,1,3,4,2,3,1983,2,2
1991,1,481257,6,2,2,2,1,1,3,4,2,3,1986,2,2
1991,2,481257,1,3,3,2,1,1,3,4,2,3,1989,2,2
1991,3,481257,1,7,7,2,1,1,3,4,2,3,1989,2,2
1991,1,481258,6,2,2,2,1,1,3,4,2,3,1986,2,2
1991,2,481258,2,3,3,2,1,1,3,4,2,3,1983,2,2
1991,1,481259,1,2,2,2,1,1,3,4,2,3,1989,2,2
1991,1,481260,1,1,1,1,1,1,3,4,2,3,1980,2,2
1991,1,481261,1,2,2,2,1,1,3,4,2,3,1982,1,2
1991,1,481262,7,7,7,2,4,2,3,2,1,3,1979,2,2
1991,1,481263,2,7,7,1,2,2,3,4,1,3,1984,2,2
1991,2,481263,1,5,5,2,1,1,3,4,2,3,1985,2,2
1991,1,481264,1,2,2,2,1,1,3,4,1,3,1973,2,2
1991,1,481265,1,4,4,2,2,2,3,4,2,3,1975,2,2
1991,2,481265,1,2,2,2,1,1,3,4,2,3,1986,2,2
1991,1,481266,2,2,2,2,1,1,3,4,2,3,1991,2,2
1991,1,481267,7,2,2,2,4,1,3,1,1,3,1990,2,2
1991,1,481268,2,1,1,1,1,1,3,4,1,3,1981,2,2
1991,1,481270,2,2,2,2,1,1,3,4,2,3,1989,2,2
1991,2,481270,2,2,2,2,1,1,3,4,2,3,1990,2,2
1991,1,481271,6,2,2,2,1,1,3,4,2,3,1991,2,1
1991,2,481271,2,4,4,1,1,1,3,4,2,3,1969,2,1
1991,1,481272,2,2,2,2,1,1,3,4,2,3,1968,2,2
1991,1,481273,1,5,5,2,1,1,3,4,2,3,1989,2,2
1991,2,481273,1,4,4,2,1,1,3,4,1,3,1989,2,2
1991,1,481274,2,2,2,1,1,1,3,4,1,3,1988,2,2
1991,1,481275,2,2,2,2,1,1,3,4,1,3,1981,2,2
1991,2,481275,6,4,4,2,1,1,3,4,2,3,1984,2,2
1991,1,481276,2,1,1,2,1,1,3,4,2,3,1989,1,2
1991,1,481277,1,2,2,2,1,1,3,4,2,3,1985,2,2
1991,1,481278,4,1,1,1,1,1,3,4,2,3,1989,2,2
1991,1,481279,2,2,2,2,3,3,3,4,2,3,1988,2,2
1991,1,481280,7,7,7,2,4,3,3,3,2,3,1990,2,2
1991,1,481281,1,2,2,2,1,1,3,4,1,3,1990,2,2
1991,1,481282,2,2,2,1,1,1,3,4,1,3,1979,2,2
1991,1,481283,1,2,2,2,1,1,3,4,2,3,1983,2,2
1991,2,481283,1,2,2,1,1,1,3,4,1,3,1988,1,2
1991,1,481284,1,2,2,2,1,1,3,4,2,3,1979,2,2
1991,2,481284,1,5,5,2,1,1,3,4,2,3,1979,2,2
1991,1,481285,4,1,1,1,1,1,3,4,1,3,1983,2,2
1991,1,481286,2,5,5,2,1,1,3,4,2,3,1986,2,1
1991,1,481287,1,4,4,2,1,1,3,4,2,3,1990,2,2
1991,1,481288,2,2,2,2,1,1,3,4,2,3,1990,2,2
1991,2,481288,1,3,3,2,2,2,3,4,2,3,1980,2,2
1991,1,481289,1,3,3,2,1,1,3,4,2,3,1979,2,2
1991,2,481289,4,2,2,2,1,1,3,4,2,3,1991,2,2
1991,1,481290,2,2,2,2,1,1,3,4,1,3,1990,2,2
1991,2,481290,2,4,4,2,1,1,3,4,2,3,1990,2,2
1991,1,481291,6,7,7,1,1,1,3,4,2,3,1988,2,2
1991,1,481292,2,1,1,2,1,1,3,4,2,3,1982,1,2
1991,1,481293,1,2,2,2,1,1,3,4,2,3,1983,2,1
1991,2,481293,1,5,5,2,1,1,3,4,2,3,1987,2,2
1991,3,481293,1,4,4,2,1,1,3,4,2,3,1986,2,2
1991,1,481294,1,2,5,2,2,2,3,4,2,3,1976,2,2
1991,2,481294,2,2,2,2,2,2,3,4,1,3,1980,2,2
1991,1,481295,1,3,3,2,1,1,3,4,2,3,1973,2,2
1991,2,481295,1,2,2,2,1,1,3,4,1,3,1991,2,2
1991,1,481296,3,2,2,2,1,1,3,4,2,3,1989,2,2
1991,2,481296,3,4,4,2,1,1,3,4,1,3,1991,2,2
1991,3,481296,1,2,2,2,1,1,3,4,2,3,1981,2,2
1991,4,481296,1,2,2,2,1,1,3,4,2,3,1987,2,2
1991,1,481297,2,2,2,2,1,1,3,4,2,3,1984,2,2
1991,2,481297,1,3,3,2,1,1,3,4,2,3,1988,2,2
1991,1,481298,2,1,1,1,2,2,3,4,1,3,1990,2,2
1991,1,481299,7,2,2,2,4,2,3,2,2,3,1990,2,2
1991,1,481300,1,2,2,2,1,1,3,4,2,3,1990,2,2
1991,2,481300,1,3,3,1,1,1,3,4,2,3,1990,2,2
1991,1,481301,1,2,2,2,1,1,3,4,1,3,1989,2,2
1991,2,481301,6,2,2,2,1,1,3,4,2,3,1990,2,2
1991,1,481302,7,2,2,2,4,2,3,2,1,3,1988,2,2
1991,1,481303,1,2,2,2,3,3,3,4,2,3,1985,2,2
1991,2,481303,1,2,2,2,2,2,3,4,2,3,1984,2,2
1991,1,481304,2,6,6,2,1,1,3,4,2,3,1967,2,2
1991,1,481305,2,2,2,2,1,1,3,4,2,3,1984,2,2
1991,2,481305,6,2,2,2,1,1,3,4,2,3,1988,2,2
1991,1,481306,2,5,5,2,1,1,3,4,2,3,1989,2,2
1991,2,481306,1,2,2,2,1,1,3,4,2,3,1977,2,2
1991,1,481307,7,2,2,2,4,2,3,2,1,3,1982,2,1
1991,2,481307,2,4,4,2,1,1,3,4,2,3,1977,2,2
1991,1,481308,1,5,5,2,1,1,3,4,2,3,1981,2,2
1991,2,481308,6,2,2,2,1,1,3,4,2,3,1977,2,2
1991,1,481309,2,2,2,2,1,1,3,4,2,3,1975,2,2
1991,1,481310,1,1,1,1,1,1,3,4,1,3,1989,2,2
1991,1,481311,2,2,2,2,1,1,3,4,2,3,1981,1,2
1991,1,481312,9,2,2,2,3,3,3,4,2,3,9999,2,2
1991,1,481313,2,2,2,2,2,2,3,4,2,3,1971,2,2
1991,1,481314,3,2,2,2,1,1,3,4,2,3,1990,2,2
1991,1,481315,2,2,2,2,1,1,3,4,2,3,1980,2,2
1991,1,481316,1,2,2,2,1,1,3,4,2,3,1989,2,2
1991,1,481317,2,4,4,2,3,3,3,4,2,3,9999,2,2
1991,1,481318,1,7,7,2,1,1,3,4,2,3,1988,2,2
1991,2,481318,2,2,2,2,1,1,3,4,2,3,1987,2,2
1991,1,481319,1,2,2,2,2,2,3,4,2,3,1979,1,2
1991,1,481320,1,2,2,2,1,1,3,4,2,3,1983,2,2
1991,2,481320,1,2,2,2,1,1,3,4,2,3,1980,2,2
1991,1,481321,1,2,2,2,1,1,3,4,2,3,1990,2,1
1991,2,481321,1,2,2,2,1,1,3,4,2,3,1984,2,2
1991,1,481322,1,2,2,2,1,1,3,4,2,3,1990,2,2
1991,2,481322,2,2,2,2,1,1,3,4,2,3,1982,2,2
1991,1,481323,9,7,7,2,3,3,3,4,2,3,9999,2,2
1991,1,481324,2,3,3,2,1,1,3,4,2,3,1991,1,2
1991,1,481325,1,2,2,2,2,2,3,4,1,3,1979,2,2
1991,2,481325,2,2,2,2,1,1,3,4,2,3,1985,2,2
1991,1,481326,7,7,7,2,4,1,3,1,1,3,1983,2,2
1991,2,481326,1,3,3,2,1,1,3,4,2,3,1985,2,2
1991,1,481327,1,2,2,2,1,1,3,4,2,3,1975,2,2
1991,1,481328,2,2,4,2,1,1,3,4,2,3,1981,2,2
1991,2,481328,4,2,4,2,1,1,3,4,2,3,1983,2,2
1991,3,481328,1,7,7,2,1,1,3,4,2,3,1988,2,2
1991,4,481328,2,2,4,2,1,1,3,4,2,3,1982,2,2
1991,5,481328,2,2,2,2,1,1,3,4,2,3,1976,2,2
1991,1,481329,7,2,2,2,4,2,3,2,2,3,1981,2,2
1991,1,481330,6,1,1,1,1,1,3,4,2,3,1989,2,1
1991,1,481331,1,2,2,2,1,1,3,4,2,3,1990,2,2
1991,2,481331,1,3,3,2,1,1,3,4,1,3,1977,2,2
1991,1,481332,3,1,1,1,1,1,3,4,2,3,1988,2,2
1991,1,481333,1,2,2,2,2,2,3,4,1,3,1980,2,1
1991,1,481334,9,7,7,2,3,3,3,4,2,3,9999,2,2
1991,1,481335,2,1,1,1,2,2,3,4,2,3,1977,2,2
1991,1,481336,1,7,7,1,2,2,3,4,1,3,1990,2,2
1991,1,481337,7,7,7,2,4,1,3,1,1,3,1977,2,2
1991,1,481338,2,2,2,2,1,1,3,4,2,3,1989,2,2
1991,2,481338,1,2,2,2,1,1,3,4,2,3,1984,2,2
1991,1,481339,3,1,1,1,2,2,3,4,2,3,1985,2,1
1991,1,481340,1,2,2,2,2,2,3,4,1,3,1980,2,2
1991,1,481341,3,4,4,1,2,2,3,4,2,3,1973,2,2
1991,2,481341,1,2,2,2,1,1,3,4,2,3,1976,2,2
1991,1,481342,2,7,7,1,2,2,3,4,2,3,1974,2,2
1991,1,481343,1,1,1,1,1,1,3,4,1,3,1987,2,2
1991,1,481344,2,2,2,2,1,1,3,4,1,3,1971,1,2
1991,1,481345,2,5,5,2,1,1,3,4,2,3,1979,1,2
1991,2,481345,6,2,2,2,1,1,3,4,2,3,1978,2,2
1991,1,481346,1,3,3,2,2,2,3,4,2,3,1983,2,2
1991,1,481347,9,7,7,2,3,3,3,4,2,3,9999,2,2
1991,1,481348,2,1,1,2,1,1,3,4,2,3,1984,2,2
1991,1,481349,1,3,3,2,3,3,3,4,2,3,1979,2,2
1991,1,481350,2,2,2,2,2,2,3,4,1,3,1979,2,2
1991,1,481351,2,2,2,2,1,1,3,4,2,3,1986,2,2
1991,1,481352,1,2,2,2,1,1,3,4,2,3,1984,2,2
1991,1,481353,1,2,2,2,1,1,3,4,2,3,1990,1,2
1991,1,481354,6,4,4,2,1,1,3,4,2,3,1986,2,2
1991,2,481354,7,7,7,2,4,2,3,2,2,3,1982,2,2
1991,1,481355,1,1,1,1,1,1,3,4,2,3,1979,2,2
1991,1,481356,1,3,3,2,2,2,3,4,1,3,1984,2,2
1991,2,481356,6,2,2,2,1,1,3,4,2,3,1988,2,2
1991,1,481357,1,3,2,2,1,1,3,4,1,3,1983,2,2
1991,1,481358,6,2,2,2,1,1,3,4,2,3,1983,1,1
1991,1,481359,1,2,2,2,2,2,3,4,1,3,1978,1,2
1991,1,481360,1,1,1,1,1,1,3,4,2,3,1981,1,1
1991,1,481361,1,2,2,2,1,1,3,4,2,3,1980,1,2
1991,1,481362,1,3,3,2,1,1,3,4,2,3,1986,2,2
1991,2,481362,2,2,2,2,1,1,3,4,2,3,1983,2,2
1991,1,481363,2,1,1,2,2,2,3,4,2,3,1988,2,2
1991,1,481364,1,2,2,2,1,1,3,4,2,3,1977,2,2
1991,2,481364,6,2,2,2,1,1,3,4,2,3,1978,2,2
1991,1,481365,1,1,1,1,1,1,3,4,1,3,1990,2,2
1991,1,481366,2,2,2,2,1,1,3,4,2,3,1984,2,1
1991,2,481366,3,2,2,2,1,1,3,4,2,3,1978,2,2
1991,3,481366,1,2,2,2,1,1,3,4,2,3,1990,2,2
1991,1,481367,1,1,1,1,2,2,3,4,1,3,1991,2,2
1991,1,481368,6,4,4,2,1,1,3,4,2,3,1991,2,2
1991,2,481368,4,4,2,2,1,1,3,4,2,3,1989,2,2
1991,3,481368,4,4,4,2,1,1,3,4,2,3,1991,2,2
1991,4,481368,6,4,2,2,1,1,3,4,2,3,1982,2,2
1991,5,481368,1,4,2,2,1,1,3,4,2,3,1984,2,2
1991,6,481368,6,2,2,2,2,2,3,4,1,3,1991,1,2
1991,1,481369,3,1,1,1,1,1,3,4,1,3,1987,2,1
1991,1,481370,4,4,4,2,3,3,3,4,2,3,1975,2,2
1991,1,481371,9,7,7,2,2,2,3,4,2,3,1984,2,2
1991,1,481372,1,2,2,2,1,1,3,4,2,3,1976,2,2
1991,2,481372,1,5,5,2,1,1,3,4,2,3,1983,2,2
1991,1,481373,1,2,2,2,1,1,3,4,2,3,1991,2,2
1991,2,481373,1,5,5,2,1,1,3,4,2,3,1986,1,2
1991,1,481374,3,2,2,1,1,1,3,4,2,3,1986,2,1
1991,1,481375,2,2,2,2,1,1,3,4,1,3,1986,2,2
1991,2,481375,2,4,4,2,3,3,3,4,2,3,1984,2,2
1991,1,481376,2,2,2,2,2,2,3,4,2,3,1968,2,2
1991,1,481377,1,2,2,2,1,1,3,4,2,3,1979,2,2
1991,1,481378,1,2,2,2,2,2,3,4,2,3,1991,2,2
1991,2,481378,2,2,2,2,1,1,3,4,2,3,1983,2,2
1991,1,481379,2,5,5,2,3,3,3,4,2,3,1988,2,2
1991,2,481379,2,2,2,2,1,1,3,4,2,3,1969,1,2
1991,1,481380,1,2,2,2,1,1,3,4,2,3,1987,2,2
1991,2,481380,1,2,2,2,1,1,3,4,2,3,1978,2,2
1991,1,481381,1,1,1,1,1,1,3,4,1,3,1988,2,2
1991,1,481382,6,4,4,2,1,1,3,4,2,3,1990,2,2
1991,1,481383,1,7,7,1,1,1,3,4,1,3,1980,1,2
1991,1,481384,2,2,2,2,1,1,3,4,1,3,1985,2,1
1991,1,481385,2,2,2,1,1,1,3,4,1,3,1985,2,2
1991,1,481386,6,2,2,2,1,1,3,4,2,3,1983,2,2
1991,2,481386,3,2,2,1,1,1,3,4,2,3,1991,2,2
1991,1,481387,4,5,5,2,1,1,3,4,2,3,1979,2,2
1991,2,481387,1,2,2,2,1,1,3,4,1,3,1991,2,2
1991,1,481388,2,3,3,2,3,3,3,4,2,3,1976,2,2
1991,1,481389,1,2,2,2,1,1,3,4,1,3,1989,2,2
1991,2,481389,1,4,4,2,1,1,3,4,2,3,1977,2,2
1991,1,481390,3,1,1,1,1,1,3,4,2,3,1986,1,2
1991,1,481391,4,1,1,2,1,1,3,4,2,3,1990,2,2
1991,1,481392,2,1,1,1,1,1,3,4,1,3,1989,2,2
1991,1,481393,1,7,7,1,1,1,3,4,1,3,1988,2,2
1991,1,481394,6,4,4,2,1,1,3,4,2,3,1983,2,2
1991,2,481394,1,6,6,2,1,1,3,4,2,3,1990,2,2
1991,1,481395,1,2,2,2,1,1,3,4,2,3,1989,2,2
1991,2,481395,2,2,2,2,2,2,3,4,2,3,1989,2,2
1991,1,481396,1,2,2,2,1,1,3,4,2,3,1981,2,2
1991,2,481396,4,3,3,2,1,1,3,4,2,3,1987,2,2
1991,1,481397,3,1,1,1,1,1,3,4,1,3,1974,2,1
1991,1,481398,1,2,2,2,1,1,3,4,1,3,1990,2,2
1991,1,481399,1,2,2,2,1,1,3,4,2,3,1991,2,2
1991,1,481400,1,1,1,1,1,1,3,4,2,3,1980,2,2
1991,1,481401,2,1,1,2,2,2,3,4,2,3,1972,2,2
1991,1,481402,1,2,2,2,1,1,3,4,2,3,1990,1,1
1991,2,481402,2,5,5,2,3,3,3,4,2,3,1977,2,2
1991,1,481403,2,2,5,2,1,1,3,4,2,3,1985,2,1
1991,1,481404,7,2,2,2,4,2,3,2,2,3,1973,2,2
1991,2,481404,3,4,4,2,1,1,3,4,2,3,1989,2,2
1991,1,481405,7,2,2,2,4,2,3,2,1,3,1991,2,2
1991,1,481406,9,2,2,2,3,3,3,4,2,3,9999,2,2
1991,1,481407,2,2,2,2,1,1,3,4,2,3,1989,2,2
1991,1,481408,2,2,2,2,1,1,3,4,1,3,1981,2,2
1991,2,481408,1,2,2,2,1,1,3,4,2,3,1986,2,2
1991,1,481409,1,2,2,1,1,1,3,4,1,3,1980,2,2
1991,1,481410,2,2,2,1,1,1,3,4,2,3,1991,2,2
1991,1,481411,2,4,4,2,1,1,3,4,2,3,1989,2,2
1991,2,481411,7,2,2,2,4,1,3,1,2,3,1990,2,2
1991,3,481411,1,6,6,2,1,1,3,4,2,3,1979,2,2
1991,1,481412,1,7,7,1,1,1,3,4,1,3,1984,2,2
1991,1,481413,1,2,2,2,1,1,3,4,1,3,1990,1,2
1991,1,481414,1,2,2,2,1,1,3,4,1,3,1986,1,2
1991,1,481415,1,2,2,2,1,1,3,4,2,3,1977,1,2
1991,2,481415,1,2,2,2,1,1,3,4,2,3,1984,2,2
1991,1,481416,1,1,1,1,1,1,3,4,2,3,1984,2,2
1991,1,481417,1,5,5,2,1,1,3,4,2,3,1988,1,2
1991,2,481417,9,2,2,2,2,2,3,4,2,3,1979,2,2
1991,1,481418,1,2,2,2,1,1,3,4,1,3,1990,2,2
1991,2,481418,6,2,2,2,2,2,3,4,2,3,1982,2,2
1991,3,481418,2,2,2,2,1,1,3,4,2,3,1981,2,2
1991,1,481419,3,2,2,2,1,1,3,4,2,3,1990,2,2
1991,1,481420,2,1,1,2,2,2,3,4,2,3,1973,2,2
1991,1,481421,1,2,2,2,1,1,3,4,2,3,1985,2,2
1991,2,481421,1,2,2,2,1,1,3,4,2,3,1988,2,2
1991,1,481422,1,2,2,2,1,1,3,4,2,3,1986,2,2
1991,2,481422,1,2,2,2,1,1,3,4,2,3,1991,2,2
1991,1,481423,9,7,7,2,3,3,3,4,1,3,9999,2,2
1991,1,481424,1,7,6,1,1,1,3,4,1,3,1966,2,2
1991,1,481425,1,2,2,2,1,1,3,4,2,3,1991,2,2
1991,2,481425,7,5,5,2,4,1,3,1,2,3,1990,2,2
1991,1,481426,3,7,7,2,1,1,3,4,1,3,1985,2,2
1991,1,481427,4,2,2,2,1,1,3,4,2,3,1989,2,2
1991,1,481428,1,5,5,2,1,1,3,4,1,3,1986,2,2
1991,1,481429,4,2,2,2,1,1,3,4,2,3,1981,2,2
1991,2,481429,1,2,2,2,2,2,3,4,2,3,1979,2,2
1991,1,481430,3,1,1,1,1,1,3,4,2,3,1974,2,2
1991,1,481431,2,2,2,2,1,1,3,4,2,3,1979,2,1
1991,2,481431,2,3,3,2,1,1,3,4,2,3,1981,2,2
1991,1,481432,1,5,5,2,2,2,3,4,1,3,1987,2,2
1991,1,481433,1,3,3,2,1,1,3,4,2,3,1985,1,2
1991,2,481433,2,2,2,2,1,1,3,4,2,3,1987,2,2
1991,1,481434,1,2,2,2,1,1,3,4,2,3,1981,2,2
1991,1,481435,6,2,2,2,3,3,3,4,2,3,1982,2,2
1991,2,481435,1,3,3,2,1,1,3,4,2,3,1987,2,2
1991,1,481436,2,2,2,2,1,1,3,4,1,3,1989,2,2
1991,1,481437,2,2,2,2,2,2,3,4,1,3,1984,2,2
1991,1,481438,1,2,2,2,1,1,3,4,2,3,1982,2,2
1991,1,481439,1,2,2,2,1,1,3,4,2,3,1978,2,2
1991,1,481440,1,5,2,2,3,3,3,4,2,3,1985,2,2
1991,2,481440,1,2,2,2,1,1,3,4,2,3,1981,2,2
1991,1,481441,1,6,6,1,1,1,3,4,1,3,1979,2,2
1991,1,481442,2,2,2,2,1,1,3,4,1,3,1982,2,2
1991,1,481443,2,1,1,1,2,2,3,4,2,3,1986,2,2
1991,1,481444,1,7,7,1,2,2,3,4,2,3,1978,2,1
1991,1,481445,6,2,6,2,1,1,3,4,2,3,1984,2,2
1991,2,481445,1,4,4,2,1,1,3,4,1,3,1985,1,2
1991,1,481446,1,5,5,2,2,2,3,4,2,3,1980,2,2
1991,1,481447,7,2,2,2,4,1,3,1,1,3,1986,2,2
1991,1,481448,2,3,3,2,1,1,3,4,2,3,1988,2,2
1991,2,481448,1,2,2,2,1,1,3,4,2,3,1974,2,2
1991,1,481449,2,2,2,2,1,1,3,4,2,3,1984,2,2
1991,1,481450,1,3,3,2,1,1,3,4,1,3,1981,2,2
1991,2,481450,6,2,2,2,1,1,3,4,2,3,1979,2,2
1991,1,481451,4,2,2,2,1,1,3,4,2,3,1984,2,2
1991,2,481451,1,2,2,2,1,1,3,4,2,3,1984,2,2
1991,1,481452,2,2,2,2,1,1,3,4,2,3,1985,2,2
1991,1,481453,2,2,2,2,1,1,3,4,1,3,1984,2,1
1991,1,481455,1,7,7,2,1,1,3,4,2,3,1976,2,2
1991,1,481456,1,2,6,2,1,1,3,4,2,3,1991,2,2
1991,1,481457,1,4,4,2,1,1,3,4,2,3,1984,2,2
1991,2,481457,1,2,2,2,1,1,3,4,1,3,1987,2,2
1991,1,481458,2,2,2,2,1,1,3,4,1,3,1968,2,2
1991,2,481458,1,5,5,2,1,1,3,4,2,3,1991,2,2
1991,1,481459,2,1,1,1,2,2,3,4,1,3,1980,2,2
1991,1,481460,1,2,2,2,1,1,3,4,2,3,1987,2,2
1991,1,481461,3,2,2,2,1,1,3,4,2,3,1983,1,2
1991,2,481461,2,2,2,2,1,1,3,4,2,3,1984,2,2
1991,1,481462,2,1,1,2,1,1,3,4,2,3,1990,2,2
1991,1,481463,1,3,3,2,1,1,3,4,2,3,1973,2,2
1991,1,481464,1,2,2,2,1,1,3,4,1,3,1991,2,2
1991,2,481464,2,4,4,2,1,1,3,4,2,3,1978,2,2
1991,1,481465,1,2,2,2,1,1,3,4,2,3,1977,2,1
1991,1,481466,2,1,1,1,1,1,3,4,1,3,1983,2,2
1991,1,481467,1,2,6,2,1,1,3,4,2,3,1979,2,1
1991,1,481468,1,2,2,2,1,1,3,4,2,3,1976,2,2
1991,1,481469,1,2,2,1,1,1,3,4,2,3,1986,2,1
1991,1,481470,2,1,1,1,1,1,3,4,2,3,1985,2,2
1991,1,481471,1,2,2,2,1,1,3,4,2,3,1987,2,2
1991,2,481471,2,2,2,1,2,2,3,4,2,3,1986,2,2
1991,1,481472,1,2,2,2,1,1,3,4,2,3,1977,2,2
1991,2,481472,1,3,3,2,1,1,3,4,1,3,1990,2,2
1991,1,481473,2,6,6,1,1,1,3,4,1,3,1984,2,2
1991,1,481474,1,3,3,2,1,2,3,4,1,3,1971,2,2
1991,1,481475,2,1,1,1,1,1,3,4,2,3,1985,2,1
1991,1,481476,1,2,2,2,2,2,3,4,2,3,1970,2,2
1991,1,481477,7,7,7,2,4,2,3,2,1,3,1982,2,2
1991,1,481478,2,1,1,1,1,1,3,4,2,3,1986,2,2
1991,1,481479,4,2,2,2,1,1,3,4,2,3,1984,2,2
1991,1,481480,2,2,2,2,1,1,3,4,2,3,1988,2,2
1991,1,481481,1,2,2,2,1,1,3,4,1,3,1987,2,2
1991,2,481481,1,5,5,2,1,1,3,4,2,3,1985,2,2
1991,1,481482,1,2,2,2,1,1,3,4,2,3,1990,2,2
1991,1,481483,3,2,2,2,2,2,3,4,1,3,1987,2,2
1991,2,481483,2,2,2,2,1,1,3,4,2,3,1983,2,2
1991,1,481484,1,2,2,2,1,1,3,4,2,3,1977,2,2
1991,2,481484,1,2,2,2,1,1,3,4,2,3,1979,2,2
1991,1,481485,2,2,2,1,1,1,3,4,2,3,1987,2,2
1991,1,481486,7,1,1,2,4,2,3,2,1,3,1983,2,2
1991,1,481487,1,5,5,2,1,1,3,4,2,3,1984,2,2
1991,2,481487,6,2,2,2,1,1,3,4,2,3,1978,2,2
1991,1,481488,1,2,2,2,1,1,3,4,2,3,1988,2,2
1991,2,481488,1,2,2,2,1,1,3,4,2,3,1990,2,2
1991,1,481489,1,1,1,1,2,2,3,4,1,3,1979,2,2
1991,1,481490,2,1,1,1,1,1,3,4,1,3,1983,2,2
1991,1,481491,1,4,4,2,1,1,3,4,1,3,1991,2,2
1991,1,481492,2,2,2,2,1,1,3,4,2,3,1989,1,2
1991,2,481492,7,2,2,2,4,1,3,1,2,3,1984,2,2
1991,1,481493,1,2,2,2,2,2,3,4,2,3,1981,2,2
1991,2,481493,1,2,2,2,1,1,3,4,2,3,1988,2,2
1991,1,481494,2,2,2,2,2,2,3,4,2,3,1985,2,2
1991,1,481495,2,2,2,2,1,1,3,4,2,3,1984,2,2
1991,1,481496,2,2,2,2,1,1,3,4,2,3,1986,2,2
1991,1,481497,1,1,1,1,1,1,3,4,2,3,1990,1,2
1991,1,481498,1,2,2,2,1,1,3,4,2,3,1984,2,2
1991,1,481499,2,1,1,1,2,2,3,4,1,3,1979,2,2
1991,1,481500,1,5,5,2,1,1,3,4,2,3,1988,2,2
1991,2,481500,2,2,2,2,1,1,3,4,2,3,1986,2,2
1991,1,481501,1,2,2,2,1,1,3,4,2,3,1982,2,2
1991,2,481501,4,3,3,1,2,2,3,4,2,3,1982,2,2
1991,1,481502,1,2,2,2,1,1,3,4,2,3,1984,2,2
1991,2,481502,2,2,2,2,1,1,3,4,2,3,1987,2,2
1991,1,481503,1,2,2,2,1,1,3,4,2,3,1991,2,2
1991,1,481504,2,2,2,2,1,1,3,4,2,3,1989,2,2
1991,1,481505,2,2,2,2,1,1,3,4,2,3,1991,2,2
1991,2,481505,2,2,2,2,1,1,3,4,2,3,1989,2,2
1991,1,481506,7,2,2,2,4,1,3,1,2,3,1991,2,2
1991,2,481506,1,3,3,2,1,1,3,4,2,3,1991,1,2
1991,1,481507,1,2,2,2,1,1,3,4,2,3,1962,2,2
1991,1,481508,1,2,2,2,1,1,3,4,1,3,1987,2,2
1991,1,481509,3,2,2,2,1,1,3,4,2,3,1985,2,2
1991,2,481509,4,5,5,2,1,1,3,4,2,3,1982,2,2
1991,1,481510,7,2,2,2,4,2,3,2,1,3,1988,2,2
1991,1,481511,2,1,1,1,1,1,3,4,2,3,1982,2,1
1991,1,481512,9,2,2,2,3,3,3,4,1,3,9999,2,2
1991,1,481513,1,3,3,2,1,1,3,4,2,3,1985,2,2
1991,2,481513,1,2,2,2,2,2,3,4,2,3,1977,2,2
1991,1,481514,1,1,1,1,1,1,3,4,2,3,1985,2,2
1991,1,481515,1,2,2,2,1,1,3,4,2,3,1985,2,2
1991,1,481516,1,1,1,1,2,2,3,4,2,3,1989,2,2
1991,1,481517,1,1,1,1,2,2,3,4,1,3,1991,2,2
1991,1,481518,3,3,3,2,1,1,3,4,2,3,1990,2,2
1991,1,481519,2,2,2,1,1,1,3,4,1,3,1986,2,2
1991,1,481520,2,2,2,2,1,1,3,4,1,3,1973,2,2
1991,1,481521,1,3,3,2,2,2,3,4,2,3,1985,2,2
1991,1,481522,2,2,2,2,1,1,3,4,2,3,1991,2,2
1991,1,481523,1,2,2,2,1,1,3,4,2,3,1989,2,2
1991,1,481524,9,1,1,1,2,1,3,4,2,3,1972,2,2
1991,1,481525,1,2,5,1,2,2,3,4,1,3,1983,2,2
1991,1,481526,3,2,2,1,1,1,3,4,2,3,1988,2,2
1991,2,481526,1,3,3,2,1,1,3,4,2,3,1991,2,2
1991,3,481526,1,2,2,2,1,1,3,4,2,3,1985,2,2
1991,1,481527,2,2,2,2,1,1,3,4,2,3,1979,2,2
1991,1,481528,1,2,2,2,1,1,3,4,2,3,1976,2,1
1991,1,481529,4,4,4,1,1,1,3,4,2,3,1979,2,2
1991,2,481529,2,2,2,2,1,1,3,4,1,3,1986,2,2
1991,3,481529,6,2,2,2,1,1,3,4,2,3,1991,2,2
1991,1,481530,2,2,2,1,1,1,3,4,2,3,1987,2,2
1991,2,481530,1,2,2,2,1,1,3,4,2,3,1990,2,2
1991,1,481531,1,5,5,2,1,1,3,4,2,3,1988,2,2
1991,2,481531,1,2,2,2,1,1,3,4,2,3,1990,2,2
1991,1,481532,6,4,4,2,1,2,3,4,2,3,1981,2,2
1991,2,481532,1,2,2,2,1,1,3,4,1,3,1984,2,2
1991,1,481533,1,1,1,1,1,1,3,4,2,3,1990,1,2
1991,1,481534,1,1,1,1,2,2,3,4,1,3,1980,2,2
1991,1,481535,6,2,2,2,1,1,3,4,2,3,1984,2,1
1991,1,481536,2,2,2,1,1,1,3,4,1,3,1989,2,2
1991,1,481537,1,5,5,2,1,1,3,4,2,3,1986,1,2
1991,2,481537,2,2,2,2,1,1,3,4,2,3,1989,2,2
1991,1,481538,7,2,2,2,4,2,3,2,1,3,1985,2,2
1991,2,481538,1,4,4,2,1,1,3,4,2,3,1988,2,2
1991,1,481539,1,7,7,2,1,1,3,4,1,3,1991,2,2
1991,1,481540,2,1,1,1,1,1,3,4,1,3,1962,2,2
1991,1,481541,6,2,2,2,1,1,3,4,2,3,1982,2,2
1991,2,481541,2,2,2,2,1,1,3,4,2,3,1990,2,2
1991,1,481542,1,2,2,2,1,1,3,4,2,3,1990,1,2
1991,1,481543,1,1,1,1,1,1,3,4,2,3,1979,1,2
1991,1,481544,2,2,2,2,1,1,3,4,2,3,1988,2,2
1991,2,481544,7,3,3,2,4,2,3,2,2,3,1985,1,2
1991,1,481545,1,5,5,2,1,1,3,4,2,3,1983,2,2
1991,1,481547,1,1,1,1,1,1,3,4,2,3,1981,1,2
1991,1,481548,7,2,2,2,4,2,3,2,1,3,1978,1,2
1991,1,481549,5,2,2,2,1,1,3,4,2,3,1990,2,2
1991,2,481549,1,5,5,2,1,1,3,4,2,3,1982,2,2
1991,1,481550,1,2,2,2,1,1,3,4,2,3,1984,2,2
1991,2,481550,1,2,2,2,1,1,3,4,2,3,1989,2,2
1991,1,481551,2,1,1,1,1,1,3,4,1,3,1972,2,2
1991,1,481552,1,5,5,1,1,1,3,4,1,3,1978,2,2
1991,1,481553,6,2,2,2,2,2,3,4,1,3,1990,2,1
1991,2,481553,4,4,4,1,1,1,3,4,2,3,1989,2,2
1991,1,481554,1,2,2,2,1,1,3,4,2,3,1985,2,2
1991,1,481555,1,2,2,2,1,1,3,4,1,3,1981,2,2
1991,2,481555,1,4,4,2,2,2,3,4,2,3,1979,2,2
1991,1,481556,6,7,7,2,1,1,3,4,2,3,1978,2,2
1991,1,481557,4,5,5,2,1,1,3,4,2,3,1988,1,2
1991,2,481557,6,2,2,2,1,1,3,4,2,3,1987,2,2
1991,1,481558,1,2,2,2,2,2,3,4,2,3,1977,2,2
1991,2,481558,1,2,2,2,1,1,3,4,2,3,1980,2,2
1991,1,481559,2,2,2,2,2,2,3,4,1,3,1965,2,2
1991,1,481560,2,4,4,2,1,1,3,4,2,3,1966,2,2
1991,2,481560,7,2,2,2,4,1,3,1,1,3,1986,2,2
1991,1,481561,1,2,2,2,1,1,3,4,2,3,1986,2,2
1991,2,481561,2,2,2,2,1,1,3,4,2,3,1989,2,2
1991,1,481562,7,7,7,2,4,1,3,1,1,3,1986,2,2
1991,2,481562,3,7,7,2,1,1,3,4,2,3,1985,2,2
1991,3,481562,1,7,7,2,1,1,3,4,2,3,1986,2,2
1991,1,481563,1,2,2,2,1,2,3,4,2,3,1980,2,2
1991,2,481563,6,2,2,2,1,1,3,4,2,3,1981,2,2
1991,1,481564,4,2,2,2,1,1,3,4,2,3,1985,2,2
1991,2,481564,1,2,2,2,1,1,3,4,2,3,1987,2,2
1991,1,481565,2,2,2,2,1,1,3,4,1,3,1989,2,2
1991,1,481566,1,2,2,2,1,1,3,4,2,3,1977,2,2
1991,1,481567,2,1,1,1,2,2,3,4,2,3,1987,1,2
1991,1,481568,2,2,2,2,1,1,3,4,2,3,1977,1,2
1991,2,481568,1,5,5,1,1,1,3,4,2,3,1980,2,2
1991,1,481569,1,1,1,1,1,1,3,4,1,3,1987,2,2
1991,1,481570,9,2,2,2,3,3,3,4,2,3,9999,2,2
1991,1,481571,2,5,5,2,1,1,3,4,2,3,1990,2,2
1991,1,481572,1,2,2,2,1,1,3,4,2,3,1989,2,2
1991,1,481573,1,2,2,2,2,2,3,4,2,3,1990,2,2
1991,1,481574,2,1,1,1,1,1,3,4,2,3,1985,2,2
1991,1,481575,2,5,5,2,1,1,3,4,2,3,1981,2,2
1991,2,481575,1,2,2,2,1,1,3,4,2,3,1989,2,2
1991,1,481576,2,2,2,2,2,2,3,4,2,3,1978,2,2
1991,2,481576,6,2,2,2,1,1,3,4,2,3,1981,2,2
1991,3,481576,6,2,2,2,1,1,3,4,2,3,1978,2,2
1991,1,481577,1,2,2,2,1,1,3,4,2,3,1988,2,2
1991,2,481577,9,2,2,2,2,1,3,4,2,3,9999,2,2
1991,1,481578,1,5,5,2,1,1,3,4,2,3,1983,2,2
1991,2,481578,1,2,2,2,1,1,3,4,2,3,1987,2,2
1991,1,481579,1,5,5,2,1,1,3,4,2,3,1978,2,2
1991,2,481579,2,2,2,2,1,1,3,4,2,3,1985,2,2
1991,1,481580,5,2,2,1,1,1,3,4,2,3,1967,2,2
1991,2,481580,1,5,5,2,1,1,3,4,2,3,1990,1,2
1991,1,481581,6,2,2,1,1,1,3,4,2,3,1988,2,2
1991,1,481582,2,6,6,2,1,1,3,4,2,3,1966,2,2
1991,1,481583,7,7,7,2,4,2,3,2,1,3,1986,2,2
1991,2,481583,4,4,4,2,1,1,3,4,2,3,1977,2,2
1991,1,481584,1,4,4,2,2,2,3,4,2,3,1984,1,2
1991,2,481584,1,2,2,2,1,1,3,4,2,3,1990,2,2
1991,3,481584,1,2,2,2,1,1,3,4,2,3,1991,2,2
1991,4,481584,1,7,7,2,1,1,3,4,2,3,1979,2,2
1991,1,481585,1,5,5,2,1,1,3,4,2,3,1979,2,2
1991,2,481585,1,2,2,2,1,1,3,4,2,3,1988,2,2
1991,1,481586,9,7,7,2,3,3,3,4,2,3,9999,2,2
1991,1,481587,1,1,1,1,2,2,3,4,1,3,1989,1,2
1991,1,481588,1,2,2,2,1,1,3,4,2,3,1984,2,2
1991,1,481589,2,7,7,1,1,1,3,4,2,3,1991,1,2
1991,1,481590,1,2,2,2,1,1,3,4,2,3,1984,2,2
1991,1,481591,1,2,2,2,1,1,3,4,2,3,1978,2,1
1991,1,481592,2,7,7,1,1,1,3,4,1,3,1989,2,2
1991,1,481593,1,2,2,2,1,1,3,4,2,3,1985,2,2
1991,2,481593,2,2,2,2,1,1,3,4,2,3,1989,2,2
1991,1,481594,4,3,3,2,1,1,3,4,2,3,1989,1,2
1991,1,481595,1,2,2,2,1,1,3,4,2,3,1988,2,2
1991,2,481595,1,2,2,1,1,1,3,4,2,3,1987,2,2
1991,3,481595,2,2,2,2,1,1,3,4,2,3,1989,2,2
1991,1,481596,4,5,5,1,1,1,3,4,2,3,1988,1,2
1991,1,481597,2,2,2,1,1,1,3,4,1,3,1970,2,2
1991,2,481597,1,4,4,2,1,1,3,4,2,3,1980,2,2
1991,1,481598,7,7,7,2,4,2,3,2,1,3,1986,2,2
1991,1,481599,1,2,2,2,1,1,3,4,2,3,1977,2,2
1991,2,481599,1,2,2,2,1,1,3,4,2,3,1983,2,2
1991,1,481600,1,2,2,2,1,1,3,4,2,3,1991,2,2
1991,2,481600,1,4,3,2,1,1,3,4,1,3,1990,2,2
1991,3,481600,3,2,2,2,1,1,3,4,2,3,1988,2,2
1991,1,481601,1,2,2,2,1,1,3,4,2,3,1978,2,2
1991,2,481601,2,4,4,1,1,1,3,4,1,3,1991,2,2
1991,1,481602,3,1,1,1,1,1,3,4,2,3,1983,2,2
1991,1,481603,2,1,1,2,1,1,3,4,2,3,1982,2,2
1991,1,481604,1,2,2,2,1,1,3,4,2,3,1990,2,2
1991,1,481605,1,2,2,2,2,2,3,4,1,3,1977,2,2
1991,1,481606,3,1,1,1,1,1,3,4,1,3,1987,2,2
1991,1,481607,2,2,2,2,2,2,3,4,2,3,1978,2,2
1991,2,481607,1,2,2,2,1,1,3,4,2,3,1987,2,2
1991,1,481608,1,3,3,2,1,1,3,4,2,3,1984,2,2
1991,2,481608,1,2,2,2,1,1,3,4,1,3,1987,2,2
1991,1,481609,1,2,2,2,1,1,3,4,1,3,1985,1,2
1991,2,481609,1,3,3,2,1,1,3,4,2,3,1979,2,2
1991,1,481610,1,2,2,2,1,1,3,4,1,3,1989,2,2
1991,1,481611,1,2,2,2,1,2,3,4,1,3,1980,2,2
1991,2,481611,1,2,2,2,1,1,3,4,2,3,1987,2,2
1991,3,481611,3,2,2,2,1,1,3,4,2,3,1989,2,2
1991,1,481612,2,4,4,1,3,3,3,4,2,3,1979,2,2
1991,1,481613,7,2,2,2,4,2,3,2,1,3,1978,2,2
1991,1,481614,2,2,2,1,2,2,3,4,1,3,1985,2,2
1991,1,481615,3,1,1,1,1,1,3,4,1,3,1980,2,2
1991,1,481616,1,2,2,2,1,1,3,4,2,3,1988,1,2
1991,2,481616,1,4,4,2,3,3,3,4,2,3,1983,2,2
1991,1,481617,1,2,2,2,1,1,3,4,1,3,1983,2,2
1991,2,481617,1,4,3,2,1,1,3,4,2,3,1983,2,2
1991,3,481617,4,2,2,2,1,1,3,4,2,3,1976,2,2
1991,1,481618,1,1,1,1,1,1,3,4,1,3,1990,2,2
1991,1,481619,1,3,3,2,1,1,3,4,1,3,1980,2,2
1991,1,481620,2,2,2,2,1,1,3,4,2,3,1984,2,2
1991,2,481620,6,2,2,2,1,1,3,4,2,3,1988,2,2
1991,1,481621,2,7,7,2,3,3,3,4,1,3,9999,2,2
1991,1,481622,3,5,5,2,1,1,3,4,2,3,1988,2,2
1991,1,481623,1,1,1,1,1,1,3,4,1,3,1979,2,1
1991,1,481624,1,5,5,1,2,2,3,4,1,3,1990,2,2
1991,1,481625,1,2,2,1,1,1,3,4,2,3,1989,2,1
1991,1,481626,7,2,2,2,4,1,3,1,1,3,1990,2,2
1991,2,481626,6,4,4,2,1,1,3,4,2,3,1982,2,2
1991,1,481627,1,2,2,2,2,2,3,4,2,3,1981,1,2
1991,1,481628,1,2,2,2,1,1,3,4,2,3,1985,2,1
1991,1,481629,2,2,2,2,1,1,3,4,2,3,1981,2,2
1991,2,481629,1,5,5,2,1,1,3,4,2,3,1991,2,2
1991,1,481630,1,2,2,2,1,1,3,4,1,3,1974,2,2
1991,1,481632,3,1,1,2,1,1,3,4,2,3,1989,2,2
1991,1,481633,1,5,5,1,1,1,3,4,2,3,1988,2,1
1991,1,481634,1,2,7,2,3,3,3,4,2,3,1971,2,2
1991,1,481635,1,2,2,2,1,1,3,4,2,3,1991,2,2
1991,2,481635,4,2,2,2,1,1,3,4,2,3,1979,2,2
1991,1,481636,2,2,2,2,1,1,3,4,2,3,1989,2,2
1991,1,481637,6,7,7,2,1,1,3,4,1,3,1982,2,2
1991,1,481638,1,7,7,1,1,1,3,4,2,3,1989,2,2
1991,1,481639,1,5,5,2,1,1,3,4,2,3,1984,2,2
1991,2,481639,1,2,2,2,1,1,3,4,2,3,1980,2,2
1991,1,481640,3,1,1,1,1,1,3,4,1,3,1991,2,2
1991,1,481641,1,5,5,2,2,2,3,4,1,3,1990,2,2
1991,1,481642,2,2,2,2,1,1,3,4,2,3,1991,2,1
1991,2,481642,1,2,2,2,1,1,3,4,2,3,1981,2,2
1991,1,481643,1,2,2,1,1,1,3,4,1,3,1979,2,2
1991,1,481644,2,2,2,2,1,1,3,4,2,3,1981,2,2
1991,2,481644,2,2,2,2,1,1,3,4,2,3,1982,2,2
1991,1,481645,2,2,2,1,2,2,3,4,2,3,1984,2,2
1991,1,481646,2,1,1,1,1,1,3,4,1,3,1982,2,2
1991,1,481647,6,2,2,2,1,1,3,4,2,3,1991,2,2
1991,2,481647,2,2,2,2,1,1,3,4,2,3,1991,2,1
1991,1,481648,2,2,2,1,1,1,3,4,2,3,1988,2,2
1991,2,481648,6,2,2,2,1,1,3,4,2,3,1989,2,2
1991,1,481649,2,1,1,1,1,1,3,4,1,3,1978,2,2
1991,1,481650,2,2,2,2,1,1,3,4,2,3,1991,2,1
1991,1,481651,1,2,2,2,1,1,3,4,1,3,1990,1,2
1991,1,481652,6,7,7,2,1,1,3,4,2,3,1984,2,2
1991,1,481653,1,2,2,2,1,1,3,4,1,3,1988,2,2
1991,1,481654,2,2,2,2,1,1,3,4,2,3,1986,2,2
1991,2,481654,1,2,2,2,1,1,3,4,2,3,1981,2,2
1991,1,481655,1,2,2,2,2,2,3,4,1,3,1977,2,2
1991,1,481656,1,2,2,2,1,1,3,4,2,3,1987,2,2
1991,2,481656,4,2,2,1,1,1,3,4,2,3,1979,2,2
1991,1,481657,6,3,3,2,1,1,3,4,2,3,1990,2,2
1991,2,481657,1,2,6,2,1,1,3,4,2,3,1987,2,2
1991,1,481658,2,5,5,1,1,1,3,4,2,3,1987,1,2
1991,2,481658,6,2,6,2,1,1,3,4,2,3,1988,2,2
1991,1,481659,6,2,2,1,1,1,3,4,2,3,1986,2,2
1991,2,481659,1,5,5,2,2,2,3,4,2,3,1981,2,2
1991,1,481660,1,2,2,1,1,1,3,4,2,3,1988,2,2
1991,1,481661,1,2,2,2,2,2,3,4,1,3,1970,2,2
1991,1,481662,2,2,2,2,1,1,3,4,1,3,1989,2,2
1991,1,481663,1,3,3,2,1,1,3,4,1,3,1979,2,2
1991,2,481663,2,2,2,2,1,1,3,4,2,3,1963,2,2
1991,1,481664,2,1,1,1,1,1,3,4,1,3,1973,2,2
1991,1,481665,1,4,6,1,1,1,3,4,1,3,1985,2,2
1991,1,481666,2,2,2,2,1,1,3,4,2,3,1977,2,1
1991,1,481667,2,2,2,2,1,1,3,4,2,3,1989,2,1
1991,2,481667,6,3,3,2,1,1,3,4,2,3,1978,2,2
1991,1,481668,7,3,3,2,4,2,3,2,2,3,1983,2,2
1991,2,481668,1,3,3,2,1,1,3,4,2,3,1991,2,2
1991,1,481669,1,5,5,2,1,1,3,4,2,3,1990,2,2
1991,2,481669,1,2,2,2,1,1,3,4,2,3,1976,2,2
1991,1,481670,2,2,2,2,1,1,3,4,2,3,1991,1,2
1991,2,481670,1,3,3,2,1,1,3,4,2,3,1984,2,2
1991,1,481671,1,2,2,2,2,2,3,4,2,3,1986,2,2
1991,1,481672,1,2,2,2,1,1,3,4,2,3,1986,1,2
1991,2,481672,1,3,3,2,1,1,3,4,2,3,1985,2,2
1991,3,481672,1,2,2,2,1,1,3,4,2,3,1985,2,2
1991,1,481673,4,1,1,1,1,1,3,4,2,3,1985,2,2
1991,1,481674,2,2,2,2,1,1,3,4,1,3,1989,2,2
1991,1,481675,1,2,2,2,2,2,3,4,2,3,1985,2,2
1991,1,481676,5,1,1,2,1,1,3,4,2,3,1984,1,2
1991,1,481677,1,2,2,1,1,1,3,4,1,3,1978,2,2
1991,2,481677,1,2,2,2,1,1,3,4,2,3,1984,2,2
1991,1,481678,3,2,2,2,1,1,3,4,2,3,1989,2,2
1991,1,481679,1,3,3,2,1,1,3,4,2,3,1984,2,2
1991,2,481679,4,2,2,2,1,1,3,4,2,3,1981,2,2
1991,1,481680,2,7,7,2,1,1,3,4,2,3,1988,2,2
1991,1,481681,1,5,5,2,1,1,3,4,2,3,1988,2,2
1991,2,481681,1,2,2,2,1,1,3,4,2,3,1979,1,2
1991,1,481682,1,1,1,1,1,1,3,4,1,3,1980,2,2
1991,1,481683,6,6,6,2,1,1,3,4,2,3,1984,1,2
1991,2,481683,2,2,6,2,1,1,3,4,1,3,1987,1,2
1991,1,481684,2,2,4,1,1,1,3,4,1,3,1991,2,2
1991,1,481685,2,1,1,1,2,2,3,4,2,3,1974,2,2
1991,1,481686,1,3,3,1,1,1,3,4,2,3,1991,2,1
1991,1,481687,4,2,2,2,1,1,3,4,2,3,1981,2,2
1991,1,481688,2,2,2,2,2,2,3,4,1,3,1987,2,2
1991,1,481689,2,2,2,1,1,1,3,4,1,3,1974,2,2
1991,1,481690,4,2,2,2,2,2,3,4,2,3,1978,2,2
1991,1,481691,1,2,2,2,2,2,3,4,2,3,1985,2,2
1991,2,481691,6,2,2,2,1,1,3,4,2,3,1988,2,2
1991,1,481692,1,2,2,2,1,1,3,4,2,3,1990,2,1
1991,1,481693,1,2,2,2,1,1,3,4,2,3,1989,2,2
1991,2,481693,1,2,2,2,3,3,3,4,2,3,1983,2,2
1991,1,481694,1,5,5,2,1,1,3,4,2,3,1986,2,2
1991,2,481694,1,2,2,2,1,1,3,4,2,3,1991,2,2
1991,1,481695,6,2,2,1,1,1,3,4,1,3,1991,2,2
1991,1,481696,1,2,2,2,1,1,3,4,2,3,1980,2,2
1991,1,481697,1,2,2,2,1,1,3,4,2,3,1983,2,2
1991,2,481697,1,3,4,2,1,1,3,4,1,3,1983,2,2
1991,3,481697,1,2,2,2,1,1,3,4,2,3,1982,2,2
1991,1,481698,1,2,2,2,1,1,3,4,1,3,1982,1,2
1991,1,481699,1,2,2,2,1,1,3,4,2,3,1983,2,2
1991,1,481700,1,2,2,2,1,1,3,4,2,3,1981,2,2
1991,1,481701,9,7,7,2,3,3,3,4,1,3,9999,2,2
1991,1,481702,9,7,7,2,3,3,3,4,2,3,9999,1,2
1991,1,481704,3,1,1,1,1,1,3,4,2,3,1988,2,2
1991,1,481705,1,2,3,2,2,2,3,4,2,3,1978,2,2
1991,2,481705,1,2,2,1,1,1,3,4,2,3,1968,2,2
1991,1,481706,2,2,2,2,1,1,3,4,1,3,1979,2,2
1991,2,481706,1,2,2,2,1,1,3,4,2,3,1986,2,2
1991,1,481707,5,2,2,2,1,1,3,4,2,3,1984,2,2
1991,1,481708,2,2,2,2,1,1,3,4,2,3,1986,2,2
1991,1,481709,2,2,2,2,1,1,3,4,2,3,1990,2,2
1991,2,481709,1,5,5,2,1,1,3,4,2,3,1990,1,2
1991,1,481710,6,2,6,2,1,1,3,4,2,3,1981,2,2
1991,2,481710,3,2,2,2,1,1,3,4,2,3,1987,2,1
1991,1,481711,1,5,6,2,1,1,3,4,2,3,1989,2,2
1991,2,481711,6,2,7,2,1,1,3,4,2,3,1988,2,2
1991,3,481711,1,2,2,2,1,1,3,4,2,3,1979,2,2
1991,1,481712,2,1,1,1,1,1,3,4,1,3,1988,2,2
1991,1,481713,2,2,2,2,1,1,3,4,2,3,1988,2,1
1991,1,481714,1,2,2,2,1,1,3,4,2,3,1984,2,2
1991,1,481715,1,2,2,2,1,1,3,4,2,3,1984,2,2
1991,1,481716,2,2,2,2,1,1,3,4,2,3,1973,2,2
1991,1,481717,6,2,2,2,1,1,3,4,2,3,1982,2,2
1991,1,481718,2,5,5,2,2,2,3,4,1,3,1973,2,2
1991,1,481719,1,2,2,2,1,1,3,4,2,3,1990,1,2
1991,2,481719,6,2,2,2,1,1,3,4,2,3,1979,2,2
1991,1,481720,2,1,1,2,3,3,3,4,2,3,1985,2,2
1991,1,481721,2,7,7,1,1,1,3,4,2,3,1990,2,1
1991,1,481722,1,5,5,2,1,1,3,4,2,3,1987,2,2
1991,2,481722,2,2,2,2,1,1,3,4,1,3,1985,2,2
1991,1,481723,1,2,2,2,1,1,3,4,2,3,1991,2,2
1991,1,481724,2,1,1,1,1,1,3,4,1,3,1989,2,2
1991,1,481725,5,2,2,2,1,1,3,4,2,3,1976,2,2
1991,1,481726,1,2,2,2,2,2,3,4,2,3,1978,2,2
1991,2,481726,2,2,2,2,1,1,3,4,2,3,1991,2,2
1991,1,481727,2,2,2,2,1,1,3,4,2,3,1984,2,2
1991,1,481728,1,4,7,1,3,3,3,4,2,3,1988,2,2
1991,1,481729,4,2,2,2,1,1,3,4,2,3,1989,1,1
1991,1,481730,1,5,5,2,1,1,3,4,2,3,1985,2,2
1991,2,481730,1,2,2,2,1,1,3,4,2,3,1988,2,2
1991,1,481731,1,2,2,2,1,1,3,4,2,3,1984,2,1
1991,2,481731,6,2,2,2,1,1,3,4,2,3,1977,2,2
1991,1,481732,2,1,1,1,1,1,3,4,1,3,1982,2,2
1991,1,481733,2,2,2,2,1,1,3,4,2,3,1981,2,2
1991,2,481733,1,2,2,2,2,2,3,4,2,3,1985,2,2
1991,1,481734,3,3,3,2,1,1,3,4,2,3,1986,2,2
1991,2,481734,4,2,2,2,1,1,3,4,2,3,1986,2,2
1991,1,481735,6,2,2,2,1,1,3,4,2,3,1979,2,2
1991,2,481735,1,3,3,2,2,2,3,4,2,3,1980,2,2
1991,1,481736,1,4,4,2,1,1,3,4,1,3,1990,2,2
1991,1,481737,2,1,1,2,1,1,3,4,2,3,1986,2,2
1991,1,481738,1,2,2,1,1,1,3,4,2,3,1982,2,2
1991,1,481739,1,2,2,2,1,1,3,4,2,3,1989,2,2
1991,1,481740,7,2,2,2,4,1,3,1,2,3,1988,2,2
1991,1,481741,1,1,1,1,2,2,3,4,2,3,1985,2,2
1991,1,481742,2,2,2,2,1,1,3,4,2,3,1981,1,2
1991,2,481742,1,2,2,2,1,1,3,4,2,3,1987,2,2
1991,1,481743,2,1,1,1,1,1,3,4,2,3,1991,1,1
1991,1,481744,1,2,2,2,1,1,3,4,2,3,1988,2,2
1991,2,481744,1,3,3,1,1,1,3,4,2,3,1990,2,2
1991,1,481745,2,7,7,1,1,1,3,4,2,3,1988,1,2
1991,1,481746,3,1,1,1,1,1,3,4,2,3,1989,2,1
1991,1,481747,3,1,1,2,2,2,3,4,2,3,1979,1,2
1991,1,481748,2,3,3,2,1,1,3,4,2,3,1976,2,1
1991,1,481749,3,2,2,2,1,1,3,4,2,3,1985,2,2
1991,1,481750,1,3,3,2,1,1,3,4,1,3,1982,2,2
1991,2,481750,1,2,2,2,1,1,3,4,2,3,1990,2,2
1991,1,481751,1,2,2,2,1,1,3,4,1,3,1989,2,2
1991,1,481752,2,2,2,2,1,1,3,4,2,3,1978,2,2
1991,2,481752,1,3,5,2,1,1,3,4,2,3,1980,2,2
1991,3,481752,1,2,2,2,1,1,3,4,2,3,1990,2,2
1991,1,481753,1,2,2,2,1,1,3,4,1,3,1979,2,2
1991,1,481754,1,1,1,1,1,1,3,4,2,3,1982,2,1
1991,1,481755,1,1,1,1,2,2,3,4,1,3,1979,2,1
1991,1,481756,9,2,2,2,3,3,3,4,1,3,9999,2,2
1991,2,481756,7,4,4,2,4,2,3,2,2,3,1982,2,2
1991,1,481757,1,2,2,2,1,1,3,4,2,3,1991,2,2
1991,1,481758,1,3,3,2,1,1,3,4,1,3,1989,2,1
1991,1,481759,1,7,7,1,1,1,3,4,1,3,1980,2,2
1991,1,481760,6,2,6,2,1,1,3,4,2,3,1990,2,2
1991,2,481760,1,4,4,2,2,2,3,4,2,3,1976,2,2
1991,1,481761,6,2,2,2,1,1,3,4,2,3,1990,1,2
1991,1,481762,2,4,4,2,1,1,3,4,2,3,1979,2,2
1991,2,481762,2,2,2,2,1,1,3,4,2,3,1988,2,2
1991,1,481763,1,5,5,2,1,2,3,4,2,3,1986,2,2
1991,1,481764,6,1,1,1,1,1,3,4,2,3,1991,1,1
1991,1,481765,6,2,2,2,1,1,3,4,2,3,1981,2,2
1991,2,481765,1,5,5,2,1,1,3,4,2,3,1985,2,2
1991,1,481766,1,3,3,2,1,1,3,4,2,3,1979,2,2
1991,2,481766,2,2,2,2,1,1,3,4,2,3,1988,2,2
1991,1,481767,9,2,2,2,3,3,3,4,1,3,9999,2,2
1991,1,481768,1,2,2,2,1,1,3,4,2,3,1964,2,2
1991,1,481769,1,3,3,2,2,2,3,4,2,3,1978,2,2
1991,2,481769,6,2,2,2,1,1,3,4,2,3,1977,2,2
1991,1,481770,2,2,2,2,1,1,3,4,2,3,1985,2,2
1991,1,481771,1,2,2,2,2,2,3,4,2,3,1991,2,2
1991,1,481772,1,1,1,1,2,2,3,4,2,3,1977,2,1
1991,1,481773,6,2,2,1,1,1,3,4,1,3,1988,2,2
1991,1,481774,6,4,4,2,1,1,3,4,2,3,1988,2,2
1991,2,481774,1,2,2,2,1,1,3,4,2,3,1989,2,2
1991,3,481774,1,2,5,2,2,2,3,4,1,3,1979,2,2
1991,1,481775,7,3,3,2,4,2,3,2,1,3,1983,2,2
1991,2,481775,1,2,2,2,1,1,3,4,2,3,1984,2,2
1991,1,481776,1,4,5,2,1,1,3,4,1,3,1972,1,2
1991,2,481776,1,4,4,2,1,1,3,4,2,3,1991,2,2
1991,3,481776,1,2,2,2,1,1,3,4,2,3,1981,2,2
1991,1,481777,1,2,2,2,1,1,3,4,2,3,1989,2,2
1991,1,481778,1,4,4,2,1,1,3,4,2,3,1983,2,2
1991,2,481778,2,2,2,2,1,1,3,4,2,3,1985,2,2
1991,1,481779,3,4,4,1,2,2,3,4,2,3,1974,2,2
1991,2,481779,1,4,4,2,1,1,3,4,2,3,1981,2,2
1991,3,481779,1,2,5,2,1,1,3,4,2,3,1985,2,2
1991,4,481779,3,2,2,2,1,1,3,4,2,3,1991,2,2
1991,1,481780,1,2,2,2,1,1,3,4,2,3,1982,2,2
1991,1,481781,2,2,2,2,1,1,3,4,2,3,1983,2,2
1991,1,481782,6,4,4,2,1,1,3,4,2,3,1984,2,2
1991,2,481782,7,2,2,2,4,1,3,1,1,3,1988,1,2
1991,1,481783,1,2,6,2,2,2,3,4,1,3,1982,1,2
1991,2,481783,6,4,4,2,1,1,3,4,2,3,1988,2,2
1991,1,481784,1,7,7,1,2,2,3,4,1,3,1980,2,2
1991,1,481785,1,2,2,2,1,1,3,4,1,3,1977,2,2
1991,2,481785,4,2,2,2,1,1,3,4,2,3,1988,2,2
1991,1,481786,1,2,2,2,1,1,3,4,2,3,1986,2,2
1991,1,481787,2,2,2,2,1,1,3,4,2,3,1984,2,2
1991,2,481787,2,5,5,2,1,1,3,4,2,3,1964,1,2
1991,1,481788,7,7,7,2,4,2,3,2,1,3,9999,2,2
1991,1,481789,1,2,2,2,1,1,3,4,2,3,1979,2,2
1991,1,481790,2,2,2,1,1,1,3,4,1,3,1973,2,2
1991,1,481791,2,2,2,2,1,1,3,4,1,3,1985,2,1
1991,1,481792,1,2,2,2,1,1,3,4,1,3,1980,2,2
1991,2,481792,1,4,4,2,3,3,3,4,2,3,1983,2,2
1991,3,481792,1,4,4,2,3,3,3,4,2,3,1989,2,2
1991,1,481793,1,2,2,2,3,3,3,4,2,3,9999,2,2
1991,1,481794,2,2,2,1,1,1,3,4,2,3,1978,2,2
1991,1,481795,1,7,7,2,1,1,3,4,1,3,1986,1,2
1991,1,481796,1,7,7,1,1,1,3,4,2,3,1980,2,2
1991,1,481797,4,7,7,2,3,3,3,4,2,3,9999,2,2
1991,1,481798,2,5,5,2,1,1,3,4,2,3,1987,1,2
1991,1,481799,1,2,2,2,1,1,3,4,2,3,1980,2,2
1991,2,481799,1,4,4,2,3,3,3,4,2,3,1981,2,2
1991,1,481800,2,2,2,2,1,1,3,4,2,3,1985,2,2
1991,1,481801,1,2,2,2,1,1,3,4,2,3,1985,2,2
1991,2,481801,2,2,2,2,1,1,3,4,2,3,1987,2,2
1991,1,481802,2,2,2,2,1,1,3,4,2,3,1991,2,2
1991,2,481802,9,7,7,2,3,3,3,4,2,3,9999,2,2
1991,1,481803,6,1,1,1,1,1,3,4,2,3,1989,2,2
1991,1,481804,1,2,2,1,1,1,3,4,2,3,1979,2,2
1991,1,481805,1,2,2,2,1,1,3,4,2,3,1986,2,2
1991,1,481806,1,4,4,1,2,2,3,4,1,3,1976,2,2
1991,1,481807,2,2,2,2,1,1,3,4,2,3,1991,2,2
1991,1,481808,4,2,2,2,1,1,3,4,2,3,1984,2,2
1991,2,481808,7,2,2,2,4,2,3,2,2,3,1988,2,2
1991,1,481809,1,2,2,2,1,1,3,4,1,3,1989,1,2
1991,2,481809,9,4,4,2,1,1,3,4,2,3,1973,2,2
1991,1,481810,1,3,3,2,1,1,3,4,2,3,1989,2,2
1991,1,481811,7,7,7,2,4,2,3,2,1,3,1987,2,2
1991,1,481812,2,5,5,1,1,1,3,4,2,3,1980,2,1
1991,1,481813,1,2,2,1,1,1,3,4,2,3,1991,2,2
1991,1,481814,1,2,5,2,1,1,3,4,1,3,1990,2,2
1991,1,481815,9,2,2,2,3,3,3,4,1,3,9999,2,2
1991,1,481816,6,2,2,2,1,1,3,4,2,3,1982,2,2
1991,2,481816,1,5,5,2,1,1,3,4,2,3,1990,2,2
1991,1,481817,2,6,6,2,1,1,3,4,2,3,1986,2,2
1991,1,481818,2,2,2,2,1,1,3,4,2,3,1985,2,2
1991,1,481819,7,7,7,2,4,1,3,1,1,3,1991,2,2
1991,1,481820,1,2,2,2,1,1,3,4,2,3,1989,1,2
1991,2,481820,1,2,2,2,1,1,3,4,2,3,1990,2,2
1991,1,481821,7,2,2,2,4,2,3,2,1,3,1977,2,2
1991,2,481821,5,4,4,2,1,1,3,4,2,3,1990,2,2
1991,1,481822,6,2,2,2,1,1,3,4,2,3,1991,2,2
1991,2,481822,1,2,2,2,1,1,3,4,1,3,1986,2,2
1991,1,481823,2,2,2,2,2,2,3,4,2,3,1980,2,2
1991,1,481824,2,2,2,2,1,1,3,4,1,3,1991,2,2
1991,2,481824,3,4,4,1,1,1,3,4,2,3,1985,2,2
1991,1,481825,7,2,2,2,4,2,3,2,1,3,1983,1,2
1991,1,481826,1,2,2,2,1,1,3,4,2,3,1980,2,2
1991,2,481826,1,2,2,2,1,1,3,4,2,3,1990,2,2
1991,1,481827,2,1,1,1,1,1,3,4,2,3,1988,2,2
1991,1,481828,1,2,2,2,1,1,3,4,2,3,1984,2,2
1991,1,481829,3,2,2,1,1,1,3,4,1,3,1988,2,2
1991,1,481830,1,2,2,2,1,1,3,4,1,3,1991,2,2
1991,1,481831,1,3,3,2,1,1,3,4,2,3,1977,2,2
1991,2,481831,1,2,2,2,1,1,3,4,2,3,1983,2,2
1991,1,481832,6,2,2,2,1,1,3,4,2,3,1981,2,2
1991,2,481832,1,2,2,2,2,2,3,4,1,3,1980,2,2
1991,1,481833,2,1,1,2,2,2,3,4,2,3,1978,2,2
1991,1,481834,2,2,2,2,1,1,3,4,2,3,1964,2,2
1991,2,481834,2,4,4,2,3,3,3,4,2,3,1982,2,2
1991,1,481835,1,2,2,2,1,1,3,4,2,3,1980,2,2
1991,1,481836,2,2,2,2,1,1,3,4,2,3,1988,2,2
1991,1,481837,2,1,1,1,1,1,3,4,2,3,1981,2,2
1991,1,481838,9,2,2,2,3,3,3,4,2,3,9999,1,2
1991,2,481838,1,6,6,2,2,2,3,4,2,3,1980,2,2
1991,1,481839,1,2,2,2,1,1,3,4,2,3,1985,2,2
1991,1,481840,1,5,5,2,1,1,3,4,2,3,1988,2,2
1991,2,481840,2,2,2,2,1,1,3,4,2,3,1991,2,2
1991,1,481841,1,3,3,2,1,1,3,4,2,3,1984,1,2
1991,2,481841,4,2,2,2,1,1,3,4,2,3,1972,2,2
1991,1,481842,7,2,2,2,4,1,3,1,1,3,1979,1,2
1991,1,481843,4,2,2,2,2,2,3,4,1,3,1980,1,2
1991,1,481844,2,3,3,2,1,1,3,4,2,3,1979,1,2
1991,2,481844,2,2,2,2,1,1,3,4,2,3,1990,2,2
1991,1,481845,4,1,1,1,1,1,3,4,1,3,1978,2,1
1991,1,481846,1,2,2,2,1,1,3,4,2,3,1990,2,2
1991,1,481847,1,2,2,2,1,1,3,4,1,3,1977,2,2
1991,1,481848,2,2,2,2,1,1,3,4,2,3,1986,2,2
1991,2,481848,1,5,5,2,1,1,3,4,2,3,1981,2,2
1991,1,481849,6,2,2,2,1,1,3,4,2,3,1989,2,1
1991,1,481850,2,2,2,2,1,1,3,4,1,3,1991,1,2
1991,1,481851,6,1,1,1,1,1,3,4,2,3,1987,2,1
1991,1,481852,2,2,2,2,1,1,3,4,2,3,1985,1,2
1991,2,481852,4,2,2,2,1,1,3,4,2,3,1989,2,2
1991,1,481853,2,2,3,2,1,1,3,4,2,3,1987,2,2
1991,2,481853,2,2,2,2,1,1,3,4,2,3,1990,2,2
1991,3,481853,6,2,2,2,1,1,3,4,2,3,1987,2,2
1991,1,481854,1,2,2,2,1,1,3,4,2,3,1990,2,2
1991,1,481855,2,1,1,1,1,1,3,4,2,3,1984,2,2
1991,1,481856,3,2,2,2,1,1,3,4,2,3,1970,2,2
1991,2,481856,9,5,5,2,2,1,3,4,2,3,1991,2,2
1991,1,481857,1,3,3,2,3,3,3,4,2,3,1964,2,2
1991,1,481858,2,2,2,2,1,1,3,4,2,3,1978,2,2
1991,1,481859,1,2,2,2,1,1,3,4,2,3,1990,1,2
1991,1,481860,1,5,5,2,2,2,3,4,1,3,1986,2,2
1991,1,481861,1,2,2,1,1,1,3,4,2,3,1981,1,2
1991,1,481862,1,2,2,2,1,1,3,4,2,3,1989,2,2
1991,1,481863,1,2,2,1,1,1,3,4,1,3,1990,2,2
1991,1,481864,4,2,2,2,1,1,3,4,2,3,1991,1,1
1991,1,481865,2,2,2,2,1,1,3,4,2,3,1983,1,2
1991,1,481866,2,2,2,2,1,1,3,4,1,3,1988,2,2
1991,2,481866,6,4,4,2,1,1,3,4,2,3,1978,2,2
1991,1,481867,6,2,2,2,1,2,3,4,1,3,1975,1,2
1991,1,481868,2,2,2,2,1,1,3,4,2,3,1990,2,2
1991,2,481868,2,3,3,2,1,1,3,4,2,3,1982,2,2
1991,1,481869,1,2,2,2,1,1,3,4,1,3,1983,2,2
1991,1,481870,6,4,4,2,1,1,3,4,2,3,1984,2,2
1991,2,481870,2,2,2,2,1,1,3,4,2,3,1984,2,2
1991,1,481871,1,7,7,2,1,1,3,4,2,3,1987,2,2
1991,2,481871,2,2,2,2,1,1,3,4,2,3,1984,2,2
1991,3,481871,4,4,4,2,1,1,3,4,2,3,1981,2,2
1991,1,481872,1,2,2,2,1,1,3,4,2,3,1987,2,1
1991,2,481872,6,4,4,2,1,1,3,4,2,3,1977,2,2
1991,1,481873,9,7,7,2,3,3,3,4,2,3,9999,2,2
1991,1,481874,1,1,1,1,1,1,3,4,2,3,1975,2,2
1991,1,481875,2,2,2,2,1,1,3,4,2,3,1988,2,2
1991,2,481875,1,2,2,2,2,2,3,4,2,3,1967,2,2
1991,1,481876,2,5,5,1,1,1,3,4,2,3,1984,1,2
1991,1,481877,1,1,1,1,2,2,3,4,2,3,1987,2,1
1991,1,481878,9,2,2,2,3,3,3,4,2,3,9999,2,2
1991,1,481879,5,2,2,2,1,1,3,4,2,3,1985,2,2
1991,2,481879,1,5,5,2,1,1,3,4,2,3,1986,2,2
1991,1,481880,1,2,2,2,1,1,3,4,2,3,1989,2,2
1991,2,481880,6,2,2,1,1,1,3,4,2,3,1983,2,2
1991,1,481881,1,2,2,2,2,2,3,4,2,3,1978,1,2
1991,1,481882,1,2,2,2,1,1,3,4,1,3,1984,1,2
1991,2,481882,1,4,2,2,1,1,3,4,2,3,1989,2,2
1991,3,481882,1,2,2,2,1,1,3,4,2,3,1991,2,2
1991,1,481883,1,7,7,1,1,1,3,4,2,3,1972,2,2
1991,1,481884,2,3,3,2,1,1,3,4,2,3,1982,2,2
1991,2,481884,4,2,2,2,1,1,3,4,2,3,1985,2,2
1991,1,481885,1,5,5,1,2,2,3,4,1,3,1986,2,2
1991,1,481886,1,5,5,2,1,1,3,4,2,3,1984,2,2
1991,2,481886,2,2,2,2,1,1,3,4,2,3,1991,2,2
1991,1,481887,1,5,6,1,1,1,3,4,1,3,1989,1,2
1991,1,481888,1,2,2,2,1,1,3,4,2,3,1991,2,2
1991,1,481889,1,2,2,1,1,1,3,4,1,3,1979,2,2
1991,1,481890,1,2,2,2,1,1,3,4,1,3,1988,2,2
1991,2,481890,1,3,3,2,1,1,3,4,2,3,1979,2,2
1991,3,481890,2,2,2,2,1,1,3,4,2,3,1989,2,2
1991,1,481891,1,4,4,1,1,1,3,4,2,3,1963,2,2
1991,2,481891,1,2,2,2,2,2,3,4,2,3,1979,2,2
1991,1,481892,1,2,2,2,1,1,3,4,1,3,1988,2,2
1991,1,481893,1,2,2,2,1,1,3,4,2,3,1991,2,2
1991,1,481894,7,7,7,2,4,2,3,2,2,3,1990,2,2
1991,1,481895,1,4,4,1,1,1,3,4,1,3,1991,2,2
1991,1,481896,1,2,2,2,1,1,3,4,2,3,1990,2,2
1991,1,481897,2,7,7,2,2,2,3,4,1,3,1983,2,2
1991,1,481898,1,2,2,2,1,1,3,4,1,3,1989,2,2
1991,1,481899,1,3,5,2,1,1,3,4,2,3,1985,1,2
1991,2,481899,2,2,2,2,1,1,3,4,2,3,1989,2,2
1991,3,481899,6,2,2,2,1,1,3,4,2,3,1990,2,2
1991,1,481900,2,2,2,2,1,1,3,4,1,3,1987,2,2
1991,1,481901,1,2,2,2,3,3,3,4,2,3,9999,2,2
1991,1,481902,2,1,1,1,1,1,3,4,2,3,1988,2,1
1991,1,481903,1,5,5,2,1,1,3,4,2,3,1983,1,2
1991,2,481903,1,2,2,2,1,1,3,4,2,3,1980,2,2
1991,1,481904,2,2,2,2,1,1,3,4,2,3,1984,2,2
1991,2,481904,7,2,2,2,4,2,3,2,2,3,1975,2,2
1991,1,481905,6,4,4,2,1,1,3,4,2,3,1991,2,2
1991,2,481905,3,4,4,1,1,1,3,4,2,3,1987,2,2
1991,1,481906,2,3,3,2,1,1,3,4,2,3,1990,2,1
1991,2,481906,2,2,2,2,1,1,3,4,2,3,1991,2,2
1991,1,481907,2,2,2,2,1,1,3,4,2,3,1989,2,2
1991,1,481908,2,1,1,1,1,1,3,4,1,3,1983,2,1
1991,1,481909,2,2,2,2,2,2,3,4,2,3,1968,2,2
1991,1,481910,1,2,2,2,1,1,3,4,1,3,1991,2,2
1991,2,481910,2,4,4,2,1,1,3,4,2,3,1987,2,2
1991,1,481911,2,1,1,1,1,1,3,4,2,3,1986,2,1
1991,1,481912,1,2,2,2,1,1,3,4,2,3,1978,1,2
1991,2,481912,6,4,4,2,1,1,3,4,2,3,1987,2,2
1991,3,481912,1,2,2,2,1,1,3,4,2,3,1988,2,2
1991,4,481912,2,2,2,2,1,1,3,4,2,3,1986,2,2
1991,1,481914,2,2,2,2,1,1,3,4,2,3,1975,2,2
1991,2,481914,1,3,3,2,1,1,3,4,2,3,1983,2,2
1991,1,481915,1,1,1,1,1,1,3,4,1,3,1983,2,2
1991,1,481916,3,2,2,2,1,1,3,4,1,3,1991,2,2
1991,2,481916,1,5,5,2,1,1,3,4,2,3,1980,2,2
1991,1,481917,1,2,2,2,1,1,3,4,2,3,1988,2,2
1991,1,481918,2,2,2,2,1,1,3,4,1,3,1976,2,2
1991,1,481919,3,2,2,1,1,1,3,4,2,3,1985,2,2
1991,2,481919,1,3,3,2,2,2,3,4,2,3,1983,2,2
1991,3,481919,1,2,2,2,1,1,3,4,2,3,1985,2,2
1991,1,481920,1,2,2,2,1,1,3,4,1,3,1976,2,2
1991,1,481921,2,2,2,1,1,1,3,4,2,3,1983,1,2
1991,2,481921,3,4,4,1,1,1,3,4,2,3,1988,2,2
1991,1,481922,1,2,2,2,1,1,3,4,1,3,1985,2,2
1991,2,481922,1,2,2,2,1,1,3,4,2,3,1991,2,2
1991,1,481923,1,2,2,1,1,1,3,4,2,3,1978,2,2
1991,1,481924,1,2,2,2,2,2,3,4,2,3,1972,2,2
1991,1,481925,1,2,2,2,1,1,3,4,1,3,1968,1,2
1991,1,481926,1,2,2,2,1,1,3,4,2,3,1988,2,2
1991,1,481927,9,2,2,2,3,3,3,4,2,3,9999,2,2
1991,1,481928,2,7,7,1,1,1,3,4,2,3,1991,1,1
1991,1,481929,4,2,2,2,1,1,3,4,1,3,1989,2,2
1991,2,481929,2,2,2,2,1,1,3,4,2,3,1976,2,1
1991,1,481930,1,2,2,2,1,1,3,4,2,3,1988,2,2
1991,2,481930,6,2,2,1,1,1,3,4,2,3,1991,2,2
1991,1,481931,1,2,2,2,1,1,3,4,1,3,1986,2,2
1991,1,481932,1,2,2,2,1,1,3,4,1,3,1988,2,2
1991,1,481933,6,2,2,2,1,1,3,4,2,3,1986,2,2
1991,2,481933,1,5,5,2,1,1,3,4,2,3,1975,2,2
1991,1,481934,1,5,5,2,1,1,3,4,1,3,1979,2,1
1991,1,481935,1,2,2,1,1,1,3,4,1,3,1980,2,2
1991,2,481935,1,2,2,2,1,1,3,4,2,3,1979,2,2
1991,3,481935,1,2,2,2,1,1,3,4,2,3,1986,2,2
1991,1,481936,1,2,2,2,1,1,3,4,1,3,1984,1,2
1991,1,481937,1,2,2,2,2,2,3,4,1,3,1978,2,2
1991,1,481938,1,1,1,1,1,1,3,4,1,3,1991,2,2
1991,1,481939,2,2,2,2,1,1,3,4,1,3,1989,2,2
1991,2,481939,6,2,2,2,1,1,3,4,2,3,1991,2,2
1991,1,481940,3,4,4,1,1,1,3,4,1,3,1991,2,2
1991,1,481941,4,2,2,2,2,2,3,4,2,3,1977,2,2
1991,2,481941,1,2,2,2,1,1,3,4,2,3,1986,2,2
1991,1,481942,1,2,2,2,1,1,3,4,2,3,1985,2,1
1991,1,481943,1,2,2,2,1,1,3,4,2,3,1985,2,2
1991,2,481943,4,4,4,2,3,3,3,4,2,3,1964,2,2
1991,1,481944,6,4,4,2,1,1,3,4,2,3,1985,2,2
1991,2,481944,1,2,6,2,1,1,3,4,2,3,1991,1,2
1991,1,481945,1,2,2,2,1,1,3,4,2,3,1977,2,2
1991,2,481945,1,6,6,2,1,1,3,4,2,3,1991,2,2
1991,1,481946,1,2,2,2,1,1,3,4,2,3,1988,2,2
1991,2,481946,1,3,3,2,2,2,3,4,2,3,1978,2,2
1991,1,481947,6,4,4,2,1,1,3,4,2,3,1978,2,2
1991,1,481948,1,2,2,2,1,1,3,4,1,3,1978,2,1
1991,2,481948,6,2,2,2,1,1,3,4,2,3,1980,2,2
1991,1,481949,1,2,2,2,1,1,3,4,1,3,1984,2,2
1991,1,481950,1,2,2,1,1,1,3,4,2,3,1985,2,2
1991,1,481951,1,3,3,2,2,2,3,4,1,3,1988,2,2
1991,2,481951,1,2,2,2,2,2,3,4,2,3,1979,2,2
1991,1,481952,2,1,1,1,1,1,3,4,2,3,1991,2,2
1991,1,481953,2,2,2,2,1,1,3,4,1,3,1985,2,2
1991,2,481953,1,4,4,2,1,1,3,4,2,3,1987,2,2
1991,1,481954,1,3,5,2,1,1,3,4,2,3,1990,2,2
1991,2,481954,6,2,2,2,1,1,3,4,2,3,1977,2,2
1991,1,481955,9,2,2,2,3,3,3,4,2,3,9999,2,2
1991,1,481956,1,2,2,2,1,1,3,4,1,3,1982,1,2
1991,2,481956,1,2,2,2,1,1,3,4,2,3,1980,2,2
1991,1,481957,1,1,1,2,1,1,3,4,2,3,1975,2,2
1991,1,481958,1,1,1,1,1,1,3,4,1,3,1991,2,1
1991,1,481959,6,1,1,1,1,1,3,4,1,3,1985,2,2
1991,1,481960,1,2,2,2,3,3,3,4,2,3,9999,2,2
1991,2,481960,9,7,7,2,3,3,3,4,2,3,9999,2,2
1991,3,481960,1,7,7,2,3,3,3,4,2,3,9999,2,2
1991,1,481962,8,7,2,2,1,1,3,4,2,3,1991,2,2
1991,2,481962,2,2,7,2,2,2,3,4,2,3,1982,2,2
1991,1,481963,4,2,2,1,1,1,3,4,2,3,1990,2,2
1991,1,481964,1,3,3,2,1,1,3,4,1,3,1978,2,2
1991,1,481965,7,1,1,2,4,2,3,2,2,3,1990,2,2
1991,1,481966,1,2,2,1,1,1,3,4,1,3,1990,2,2
1991,1,481967,4,2,2,2,1,1,3,4,2,3,1980,2,2
1991,2,481967,1,5,5,2,2,2,3,4,2,3,1989,2,2
1991,1,481968,2,2,2,2,1,1,3,4,2,3,1983,2,2
1991,1,481969,1,2,2,2,1,1,3,4,2,3,1981,2,2
1991,2,481969,6,2,2,2,1,1,3,4,2,3,1988,2,2
1991,1,481970,1,3,3,2,1,1,3,4,1,3,1984,2,2
1991,2,481970,4,2,2,2,1,1,3,4,2,3,1987,2,2
1991,1,481971,2,1,1,1,1,1,3,4,2,3,1976,2,2
1991,1,481972,1,2,2,2,1,1,3,4,2,3,1984,2,2
1991,1,481973,1,2,2,2,1,1,3,4,2,3,1978,2,2
1991,2,481973,6,2,2,2,1,1,3,4,2,3,1991,2,2
1991,1,481974,4,2,2,2,2,2,3,4,1,3,1984,2,2
1991,1,481975,1,7,7,2,3,3,3,4,2,3,9999,2,2
1991,1,481976,6,2,2,2,1,1,3,4,2,3,1981,2,2
1991,2,481976,2,2,2,2,1,1,3,4,2,3,1991,2,1
1991,1,481977,2,2,2,2,1,1,3,4,2,3,1978,2,2
1991,2,481977,1,4,4,2,1,1,3,4,2,3,1974,2,2
1991,1,481978,1,1,1,1,1,1,3,4,1,3,1979,2,2
1991,1,481979,2,2,2,2,1,1,3,4,1,3,1965,2,2
1991,2,481979,1,2,2,2,1,1,3,4,2,3,1987,2,2
1991,1,481980,1,2,2,2,1,1,3,4,1,3,1989,2,2
1991,2,481980,1,4,2,2,1,1,3,4,2,3,1986,2,2
1991,3,481980,2,2,2,2,1,1,3,4,2,3,1990,2,2
1991,1,481981,2,1,1,1,2,2,3,4,1,3,1976,2,2
1991,1,481982,3,2,2,1,1,1,3,4,1,3,1991,2,2
1991,2,481982,1,5,5,2,1,1,3,4,2,3,1987,2,2
1991,3,481982,1,7,7,2,1,1,3,4,2,3,1979,2,2
1991,1,481983,1,2,2,1,1,1,3,4,1,3,1982,2,1
1991,1,481984,6,7,7,1,1,1,3,4,2,3,1988,2,2
1991,1,481985,3,4,4,2,1,1,3,4,2,3,1975,2,2
1991,1,481986,2,2,2,2,1,1,3,4,2,3,1981,2,2
1991,1,481987,1,4,4,2,1,1,3,4,2,3,1979,2,2
1991,2,481987,1,2,2,1,1,1,3,4,2,3,1985,1,2
1991,3,481987,6,7,7,2,1,1,3,4,2,3,1989,2,2
1991,1,481988,3,2,2,2,1,1,3,4,2,3,1989,2,2
1991,1,481989,4,2,2,2,1,1,3,4,2,3,1990,1,2
1991,1,481990,2,2,2,2,1,1,3,4,2,3,1981,2,2
1991,1,481991,1,3,3,2,1,1,3,4,2,3,1985,2,2
1991,2,481991,1,2,2,2,1,1,3,4,1,3,1962,2,2
1991,1,481992,9,1,1,2,1,1,3,4,1,3,1983,2,2
1991,1,481993,2,2,2,1,3,3,3,4,1,3,1985,2,2
1991,1,481994,4,2,2,2,2,2,3,4,2,3,1981,2,2
1991,2,481994,4,2,2,2,1,1,3,4,2,3,1984,2,2
1991,1,481995,2,3,3,1,1,1,3,4,1,3,1968,2,2
1991,1,481996,1,2,2,2,1,1,3,4,2,3,1982,1,2
1991,2,481996,1,2,2,2,1,1,3,4,2,3,1984,2,2
1991,1,481997,2,2,2,1,1,1,3,4,2,3,1981,2,2
1991,1,481998,3,1,1,1,1,1,3,4,2,3,1975,2,2
1991,1,481999,1,5,5,2,1,1,3,4,2,3,1990,2,2
1991,2,481999,4,2,2,2,2,2,3,4,2,3,1977,2,2
1991,1,482000,7,7,7,2,4,2,3,2,2,3,1983,2,2
1991,2,482000,3,2,2,2,1,1,3,4,2,3,1980,2,2
1991,1,482001,2,2,2,2,1,1,3,4,2,3,1987,2,1
1991,2,482001,2,2,2,2,1,1,3,4,2,3,1982,2,2
1991,1,482002,7,1,1,2,4,2,3,2,2,3,1978,2,2
1991,1,482003,1,1,1,1,1,1,3,4,1,3,1987,2,2
1991,1,482004,4,2,2,1,2,2,3,4,1,3,1979,2,1
1991,1,482005,1,1,1,1,1,1,3,4,1,3,1990,2,2
1991,1,482006,1,2,2,2,1,1,3,4,2,3,1990,2,2
1991,1,482007,2,2,2,2,1,1,3,4,2,3,1972,2,2
1991,1,482008,1,2,2,2,1,1,3,4,2,3,1987,2,2
1991,2,482008,1,2,2,2,1,1,3,4,2,3,1991,2,2
1991,1,482009,2,7,7,1,2,2,3,4,1,3,1990,2,1
1991,1,482010,2,2,2,2,1,1,3,4,2,3,1989,2,2
1991,1,482011,3,1,1,1,2,2,3,4,2,3,1975,2,2
1991,1,482012,2,2,2,2,1,1,3,4,2,3,1987,2,2
1991,1,482013,4,2,2,2,1,1,3,4,1,3,1990,2,2
1991,2,482013,1,5,5,2,1,1,3,4,2,3,1985,2,2
1991,1,482014,1,2,2,2,2,2,3,4,1,3,1984,2,2
1991,2,482014,3,2,2,1,1,1,3,4,2,3,1988,2,2
1991,1,482015,6,2,2,2,1,1,3,4,2,3,1980,2,2
1991,2,482015,1,3,3,2,1,1,3,4,2,3,1991,1,2
1991,1,482016,1,7,7,2,1,1,3,4,2,3,1991,2,2
1991,2,482016,1,2,2,2,1,1,3,4,2,3,1987,2,2
1991,1,482017,1,2,2,2,1,1,3,4,2,3,1983,2,2
1991,2,482017,1,2,2,2,1,1,3,4,2,3,1990,2,2
1991,1,482018,4,2,2,2,1,1,3,4,2,3,1979,2,2
1991,1,482019,6,2,2,2,1,1,3,4,2,3,1981,2,2
1991,2,482019,1,2,2,2,1,1,3,4,2,3,1987,2,2
1991,1,482020,8,2,2,2,1,1,3,4,2,1,1986,1,2
1991,1,482021,7,2,2,2,4,1,3,1,2,3,1980,2,2
1991,2,482021,1,2,2,2,1,1,3,4,2,3,1989,2,2
1991,1,482022,1,3,3,2,1,1,3,4,1,3,1990,2,2
1991,1,482023,2,2,2,2,1,1,3,4,2,3,1990,2,2
1991,2,482023,3,6,6,2,1,1,3,4,2,3,1992,2,2
1991,1,482024,1,2,2,2,1,1,3,4,1,3,1977,2,2
1991,2,482024,6,4,4,2,1,1,3,4,2,3,1981,2,2
1991,1,482025,6,2,2,2,1,1,3,4,2,3,1986,2,2
1991,1,482026,1,5,5,2,1,1,3,4,1,3,1984,2,2
1991,1,482027,1,3,3,1,1,1,3,4,2,3,1977,2,2
1991,1,482028,1,2,2,2,1,1,3,4,2,3,1987,2,2
1991,2,482028,2,3,3,1,2,2,3,4,2,3,1982,2,2
1991,1,482029,1,3,3,2,1,1,3,4,1,3,1981,2,2
1991,1,482030,2,5,5,2,1,1,3,4,2,3,1986,2,2
1991,1,482031,3,7,7,2,1,1,3,4,2,3,1987,2,2
1991,1,482032,1,5,5,2,2,2,3,4,2,3,1988,1,2
1991,2,482032,2,2,2,2,1,1,3,4,2,3,1976,1,2
1991,1,482033,1,2,2,2,1,1,3,4,2,3,1980,1,2
1991,1,482034,1,2,2,2,1,1,3,4,2,3,1991,2,1
1991,1,482035,6,2,2,2,1,1,3,4,2,3,1986,1,2
1991,1,482036,1,2,2,2,1,1,3,4,2,3,1980,1,2
1991,2,482036,1,3,3,2,1,1,3,4,2,3,1984,2,2
1991,1,482037,2,3,3,2,1,1,3,4,1,3,1985,2,2
1991,1,482038,1,2,2,1,1,1,3,4,1,3,1991,2,2
1991,1,482039,1,2,2,1,1,1,3,4,2,3,1987,2,2
1991,1,482040,2,1,1,1,1,1,3,4,1,3,1991,2,2
1991,1,482041,1,2,2,2,1,1,3,4,2,3,1974,1,2
1991,2,482041,3,2,2,2,1,1,3,4,2,3,1987,2,2
1991,1,482042,2,2,2,2,1,1,3,4,2,3,1987,2,2
1991,1,482043,1,2,2,2,1,1,3,4,2,3,1979,2,2
1991,1,482044,2,1,1,1,1,1,3,4,2,3,1989,2,1
1991,1,482045,1,2,2,2,1,1,3,4,2,3,1985,2,1
1991,2,482045,1,2,2,2,1,1,3,4,2,3,1984,2,2
1991,3,482045,2,2,2,2,1,1,3,4,2,3,1984,2,2
1991,1,482046,1,2,2,2,1,1,3,4,2,3,1979,2,2
1991,1,482047,2,2,2,2,1,1,3,4,1,3,1974,2,2
1991,1,482048,2,2,2,2,1,1,3,4,1,3,1985,2,1
1991,1,482049,1,6,6,2,1,1,3,4,2,3,1981,1,2
1991,1,482050,2,2,2,1,1,1,3,4,1,3,1989,2,2
1991,1,482051,7,2,2,2,4,2,3,2,1,3,1989,2,2
1991,1,482052,1,5,5,2,1,3,3,4,2,3,1985,1,2
1991,2,482052,6,2,2,2,1,1,3,4,2,3,1986,2,2
1991,1,482053,1,2,2,2,1,1,3,4,2,3,1990,2,1
1991,1,482054,1,4,4,2,1,1,3,4,2,3,1984,2,2
1991,2,482054,1,2,2,2,1,1,3,4,2,3,1991,2,2
1991,1,482055,6,7,7,2,1,1,3,4,2,3,1980,2,2
1991,1,482056,1,2,2,1,1,1,3,4,2,3,1991,1,1
1991,2,482056,6,5,5,2,1,1,3,4,2,3,1991,2,2
1991,1,482057,1,3,3,2,1,1,3,4,2,3,1969,2,2
1991,2,482057,4,2,2,2,1,1,3,4,2,3,1988,2,2
1991,1,482058,1,2,2,1,1,1,3,4,2,3,1985,2,2
1991,1,482059,1,1,1,1,1,1,3,4,1,3,1987,2,2
1991,1,482060,6,4,4,2,1,1,3,4,2,3,1980,2,2
1991,2,482060,1,2,2,2,2,2,3,4,2,3,1989,1,2
1991,1,482061,1,2,2,2,1,1,3,4,2,3,1992,2,2
1991,1,482062,2,2,2,2,1,1,3,4,2,3,1967,2,2
1991,2,482062,4,2,2,2,1,1,3,4,2,3,1985,2,2
1991,1,482063,2,1,1,1,1,1,3,4,2,3,1989,2,2
1991,1,482064,2,2,2,2,1,1,3,4,1,3,1988,2,2
1991,2,482064,1,5,5,2,1,1,3,4,2,3,1985,2,2
1991,1,482065,6,1,1,1,1,1,3,4,2,3,1979,2,2
1991,1,482066,2,1,1,1,1,1,3,4,1,3,1989,2,2
1991,1,482067,2,5,5,2,1,1,3,4,2,3,1978,2,2
1991,2,482067,2,2,2,2,1,1,3,4,1,3,1991,2,2
1991,1,482068,1,2,2,2,1,1,3,4,2,3,1988,2,2
1991,2,482068,1,2,2,2,1,1,3,4,2,3,1987,2,2
1991,1,482069,2,2,2,1,1,1,3,4,1,3,1991,2,2
1991,1,482070,1,2,2,2,1,1,3,4,1,3,1989,2,2
1991,1,482071,2,2,2,1,3,3,3,4,1,3,1976,2,2
1991,1,482072,2,2,2,1,1,1,3,4,1,3,1977,2,2
1991,1,482073,2,1,1,1,1,1,3,4,1,3,1976,1,2
1991,1,482074,1,2,2,2,1,1,3,4,2,3,1989,2,2
1991,2,482074,4,2,2,1,1,1,3,4,2,3,1978,2,2
1991,1,482075,3,2,2,1,1,1,3,4,1,3,1988,1,2
1991,1,482076,2,1,1,2,1,1,3,4,2,3,1985,2,2
1991,1,482077,1,2,2,2,1,1,3,4,1,3,1986,2,2
1991,1,482078,1,2,2,2,3,3,3,4,2,3,9999,2,2
1991,1,482079,1,2,2,2,1,1,3,4,1,3,1985,2,2
1991,1,482080,2,2,2,2,1,1,3,4,1,3,1969,2,2
1991,2,482080,2,5,5,2,3,3,3,4,2,3,1991,2,2
1991,1,482081,1,2,2,1,1,1,3,4,1,3,1981,2,2
1991,1,482082,7,5,5,2,4,1,3,1,2,3,1984,2,2
1991,2,482082,2,2,2,2,1,1,3,4,2,3,1982,2,2
1991,1,482083,1,2,2,2,1,1,3,4,2,3,1977,2,2
1991,1,482084,1,2,2,2,1,1,3,4,2,3,1990,2,2
1991,2,482084,1,2,2,2,1,1,3,4,2,3,1989,2,2
1991,1,482085,2,2,2,1,1,1,3,4,2,3,1990,2,1
1991,1,482086,2,2,2,1,1,1,3,4,2,3,1988,2,1
1991,1,482087,2,2,2,2,1,1,3,4,2,3,1989,2,2
1991,1,482088,1,1,1,1,2,2,3,4,2,3,1980,1,2
1991,1,482089,1,2,2,1,1,1,3,4,2,3,1981,2,2
1991,1,482090,9,2,2,2,3,3,3,4,2,3,9999,2,2
1991,1,482091,1,2,2,2,1,1,3,4,2,3,1989,2,2
1991,2,482091,1,3,3,2,1,1,3,4,2,3,1982,2,2
1991,1,482092,1,5,5,2,2,2,3,4,1,3,1985,2,2
1991,1,482093,1,2,2,2,1,1,3,4,2,3,1985,2,2
1991,1,482094,1,2,2,2,1,1,3,4,1,3,1968,2,2
1991,2,482094,1,4,4,2,1,1,3,4,2,3,1985,2,2
1991,1,482095,3,2,2,1,1,1,3,4,1,3,1985,2,1
1991,1,482096,4,1,1,1,1,1,3,4,1,3,1992,2,2
1991,1,482097,1,2,2,2,1,1,3,4,2,3,1979,2,1
1991,2,482097,6,2,2,2,1,1,3,4,2,3,1989,2,2
1991,1,482098,1,2,2,2,1,1,3,4,1,3,1989,2,2
1991,1,482099,1,2,2,2,1,1,3,4,2,3,1988,2,2
1991,2,482099,2,2,2,2,1,1,3,4,1,3,1989,2,2
1991,1,482100,2,2,2,2,1,1,3,4,1,3,1991,2,2
1991,2,482100,1,2,2,2,2,2,3,4,2,3,1983,2,2
1991,1,482101,1,5,5,2,1,1,3,4,2,3,1981,2,2
1991,2,482101,7,2,2,2,4,1,3,1,2,3,1987,2,2
1991,1,482102,6,6,6,2,1,1,3,4,2,3,1984,2,2
1991,1,482103,9,7,7,2,3,3,3,4,2,3,9999,2,2
1991,1,482104,2,6,6,2,1,1,3,4,2,3,1986,2,2
1991,1,482105,2,2,2,2,1,1,3,4,1,3,1970,1,2
1991,1,482106,1,2,2,2,3,3,3,4,2,3,1975,2,2
1991,1,482107,1,3,3,2,1,1,3,4,2,3,1991,1,2
1991,2,482107,2,2,2,2,1,1,3,4,2,3,1985,2,2
1991,1,482108,1,5,5,2,1,1,3,4,2,3,1978,1,2
1991,2,482108,2,2,2,2,1,1,3,4,2,3,1991,2,2
1991,1,482109,2,2,2,2,3,3,3,4,2,3,9999,1,2
1991,2,482109,1,2,2,2,1,1,3,4,2,3,1989,2,2
1991,1,482110,4,2,2,2,1,1,3,4,2,3,1987,2,2
1991,2,482110,7,2,2,2,4,2,3,2,2,3,1981,2,2
1991,1,482111,2,1,1,1,1,1,3,4,2,3,1971,1,2
1991,1,482112,1,7,7,2,1,1,3,4,1,3,1982,2,2
1991,1,482113,1,2,2,2,1,1,3,4,2,3,1990,2,2
1991,2,482113,1,4,3,2,1,1,3,4,2,3,1986,2,2
1991,1,482114,1,5,5,2,1,1,3,4,2,3,1983,2,2
1991,2,482114,2,2,2,2,1,1,3,4,2,3,1976,2,2
1991,1,482115,3,5,5,1,1,1,3,4,2,3,1969,2,2
1991,2,482115,6,2,2,2,1,1,3,4,2,3,1988,2,2
1991,1,482116,2,2,2,2,1,1,3,4,1,3,1990,2,2
1991,2,482116,1,4,4,2,1,1,3,4,2,3,1991,2,2
1991,1,482117,2,2,2,2,1,1,3,4,2,3,1988,2,2
1991,1,482118,3,3,3,2,1,1,3,4,1,3,1985,2,2
1991,2,482118,1,2,2,2,1,1,3,4,2,3,1990,2,2
1991,1,482119,1,4,2,2,1,1,3,4,2,3,1989,2,2
1991,2,482119,1,4,4,2,1,1,3,4,2,3,1990,2,2
1991,3,482119,6,2,2,2,1,1,3,4,2,3,1989,2,2
1991,4,482119,6,2,2,2,1,1,3,4,2,3,1987,2,2
1991,1,482120,1,4,4,2,1,1,3,4,2,3,1985,2,2
1991,2,482120,4,2,2,2,1,1,3,4,1,3,1990,2,2
1991,1,482121,1,2,2,2,1,1,3,4,1,3,1984,2,2
1991,1,482122,1,2,2,2,1,1,3,4,2,3,1984,2,2
1991,2,482122,9,6,6,2,3,3,3,4,2,3,9999,2,2
1991,1,482123,1,2,2,1,1,1,3,4,1,3,1988,2,2
1991,1,482124,1,2,2,2,1,1,3,4,2,3,1983,2,2
1991,2,482124,1,2,2,2,1,1,3,4,2,3,1979,2,2
1991,1,482125,1,2,2,2,2,2,3,4,1,3,1990,2,2
1991,2,482125,2,2,2,2,1,1,3,4,2,3,1991,2,2
1991,1,482126,2,2,2,2,1,1,3,4,2,3,1991,2,2
1991,1,482127,1,2,2,2,1,1,3,4,2,3,1990,2,2
1991,1,482128,1,1,1,1,1,1,3,4,2,3,1989,2,2
1991,1,482129,7,7,7,2,4,1,3,1,2,3,1986,2,2
1991,2,482129,2,2,2,2,1,1,3,4,2,3,1987,2,2
1991,1,482130,4,2,2,2,1,1,3,4,2,3,1991,2,2
1991,2,482130,6,3,3,2,1,1,3,4,1,3,1991,2,2
1991,3,482130,5,2,2,2,1,1,3,4,2,3,1969,2,2
1991,1,482131,1,2,2,2,2,2,3,4,2,3,1991,2,1
1991,2,482131,1,2,2,2,1,1,3,4,2,3,1979,2,2
1991,1,482132,1,1,1,2,1,1,3,4,2,3,1977,2,2
1991,2,482132,9,7,7,2,3,3,3,4,2,3,9999,2,2
1991,1,482133,2,2,2,2,3,3,3,4,1,3,9999,2,2
1991,1,482134,1,2,2,2,1,1,3,4,2,3,1990,2,2
1991,1,482135,1,2,2,2,1,1,3,4,1,3,1988,1,1
1991,1,482136,1,2,2,2,2,2,3,4,2,3,1981,2,2
1991,2,482136,2,5,5,2,1,1,3,4,2,3,1987,2,2
1991,1,482137,9,2,2,2,3,3,3,4,2,3,9999,2,2
1991,1,482138,2,2,2,2,2,2,3,4,2,3,1982,2,2
1991,1,482139,1,2,2,2,1,1,3,4,2,3,1982,2,2
1991,1,482140,1,1,1,1,2,2,3,4,1,3,1983,2,1
1991,1,482141,3,2,2,2,1,1,3,4,2,3,1981,2,2
1991,2,482141,1,2,2,2,1,1,3,4,2,3,1985,2,2
1991,1,482142,2,1,1,1,1,1,3,4,1,3,1990,2,2
1991,1,482143,4,2,2,2,1,1,3,4,2,3,1979,2,2
1991,2,482143,1,3,3,2,1,1,3,4,2,3,1987,2,2
1991,1,482144,8,2,2,2,1,1,3,4,2,1,1985,2,2
1991,2,482144,1,3,3,2,2,2,3,4,2,3,1978,2,2
1991,1,482145,9,2,2,2,3,3,3,4,2,3,9999,2,2
1991,1,482146,1,3,3,2,1,1,3,4,2,3,1987,2,2
1991,2,482146,1,2,2,2,1,1,3,4,2,3,1982,2,2
1991,1,482147,1,4,4,2,1,1,3,4,1,3,1982,2,2
1991,2,482147,4,2,2,2,1,1,3,4,2,3,1989,2,2
1991,1,482148,2,1,1,2,1,1,3,4,2,3,1979,1,2
1991,1,482149,1,1,1,2,1,1,3,4,2,3,1989,2,2
1991,1,482150,1,2,2,2,1,1,3,4,1,3,1983,2,2
1991,1,482151,6,2,2,2,1,1,3,4,2,3,1979,2,2
1991,1,482152,1,3,3,2,1,1,3,4,2,3,1980,2,2
1991,2,482152,2,2,2,2,1,1,3,4,2,3,1981,2,2
1991,1,482153,1,2,2,2,1,1,3,4,2,3,1989,1,2
1991,2,482153,1,5,5,2,1,1,3,4,2,3,1988,2,2
1991,1,482154,1,1,1,1,2,2,3,4,2,3,1979,2,2
1991,1,482155,3,4,4,2,1,1,3,4,2,3,1978,2,2
1991,1,482156,2,1,1,1,1,1,3,4,2,3,1991,2,2
1991,1,482157,9,7,7,2,3,3,3,4,1,3,9999,2,2
1991,1,482158,2,2,2,1,1,1,3,4,2,3,1971,2,2
1991,1,482159,2,2,2,2,1,1,3,4,2,3,1966,2,2
1991,2,482159,2,5,5,2,1,1,3,4,2,3,1981,2,2
1991,1,482160,4,2,2,2,1,1,3,4,2,3,1982,2,2
1991,2,482160,1,2,2,2,1,1,3,4,2,3,1989,2,2
1991,3,482160,1,4,4,2,1,1,3,4,2,3,1985,2,2
1991,1,482161,6,2,2,2,1,1,3,4,2,3,1983,2,2
1991,2,482161,1,5,5,2,1,1,3,4,2,3,1991,1,2
1991,1,482162,2,2,2,2,1,1,3,4,2,3,1971,2,2
1991,2,482162,1,2,2,2,1,1,3,4,1,3,1991,2,2
1991,1,482163,7,7,7,2,4,2,3,2,1,3,1989,2,2
1991,1,482164,2,2,2,2,1,1,3,4,2,3,1990,2,2
1991,2,482164,2,2,2,2,1,1,3,4,2,3,1982,2,2
1991,1,482165,9,6,6,2,3,3,3,4,2,3,9999,2,2
1991,1,482166,1,1,1,2,2,2,3,4,2,3,1979,2,2
1991,1,482167,2,1,1,1,1,1,3,4,2,3,1988,2,2
1991,1,482168,1,2,2,2,3,3,3,4,2,3,1980,1,2
1991,1,482169,2,1,1,1,2,2,3,4,1,3,1987,2,2
1991,1,482170,1,2,2,2,2,2,3,4,2,3,1983,2,2
1991,1,482171,4,2,2,2,1,1,3,4,2,3,1982,2,2
1991,1,482172,2,2,2,2,1,1,3,4,1,3,1983,2,2
1991,1,482173,1,2,2,2,1,1,3,4,2,3,1983,2,2
1991,1,482174,1,1,1,1,1,1,3,4,1,3,1987,2,2
1991,1,482175,1,7,7,2,1,1,3,4,1,3,1991,2,2
1991,1,482176,3,1,1,1,1,1,3,4,2,3,1989,2,2
1991,1,482177,1,2,2,2,1,1,3,4,2,3,1985,2,2
1991,1,482178,2,2,2,1,1,1,3,4,2,3,1989,2,2
1991,1,482179,1,2,2,2,1,1,3,4,1,3,1987,2,2
1991,1,482180,1,2,2,2,2,2,3,4,2,3,1982,2,2
1991,2,482180,1,5,5,1,2,2,3,4,2,3,1984,2,2
1991,3,482180,1,2,2,2,1,1,3,4,2,3,1978,2,2
1991,1,482181,3,1,1,1,2,2,3,4,2,3,1983,2,1
1991,1,482182,1,2,2,2,1,1,3,4,2,3,1979,2,1
1991,1,482183,1,2,2,2,1,1,3,4,2,3,1991,2,2
1991,2,482183,2,2,2,2,1,1,3,4,2,3,1987,1,2
1991,1,482184,1,2,2,2,1,1,3,4,2,3,1980,2,2
1991,1,482185,2,1,1,1,1,1,3,4,1,3,1990,2,2
1991,1,482186,4,2,2,2,1,1,3,4,2,3,1971,2,2
1991,2,482186,2,2,2,2,1,1,3,4,2,3,1990,2,2
1991,1,482187,1,2,2,2,1,1,3,4,2,3,1988,1,2
1991,1,482188,1,3,3,2,2,2,3,4,2,3,1989,2,2
1991,2,482188,1,2,2,2,2,2,3,4,2,3,1976,2,2
1991,1,482189,1,2,2,2,1,1,3,4,2,3,1976,2,2
1991,2,482189,1,3,3,2,2,2,3,4,2,3,1976,2,2
1991,1,482190,6,2,2,2,1,1,3,4,2,3,1984,2,2
1991,2,482190,1,7,5,2,1,1,3,4,2,3,1982,1,2
1991,1,482191,3,2,2,2,1,1,3,4,2,3,1989,2,2
1991,1,482192,1,2,2,1,1,1,3,4,1,3,1982,2,2
1991,1,482193,1,2,2,2,1,1,3,4,2,3,1991,1,2
1991,2,482193,1,5,5,2,1,1,3,4,2,3,1984,2,2
1991,1,482194,1,2,2,2,1,1,3,4,2,3,1985,2,2
1991,1,482195,2,2,2,2,1,1,3,4,2,3,1984,2,2
1991,1,482196,1,2,2,2,1,1,3,4,1,3,1988,1,2
1991,1,482197,1,2,2,2,1,1,3,4,2,3,1979,2,2
1991,2,482197,1,2,2,2,1,1,3,4,2,3,1988,2,2
1991,1,482199,1,2,2,2,1,1,3,4,2,3,1985,2,2
1991,1,482200,1,2,2,2,1,1,3,4,2,3,1988,1,2
1991,1,482201,1,2,2,2,1,1,3,4,2,3,1979,2,2
1991,1,482202,3,1,1,1,2,2,3,4,1,3,1982,2,1
1991,1,482203,2,2,2,2,1,1,3,4,2,3,1981,2,2
1991,2,482203,4,2,2,2,1,1,3,4,2,3,1977,2,2
1991,1,482204,2,2,2,2,1,1,3,4,2,3,1976,2,2
1991,2,482204,7,2,2,2,4,2,3,2,2,3,1982,2,2
1991,1,482205,3,2,2,1,1,1,3,4,2,3,1984,2,2
1991,1,482206,4,2,2,2,1,1,3,4,2,3,1990,2,2
1991,1,482207,3,2,2,2,1,1,3,4,2,3,1979,2,1
1991,1,482208,6,2,2,2,1,1,3,4,2,3,1979,2,2
1991,2,482208,1,4,2,2,1,1,3,4,2,3,1988,2,2
1991,3,482208,1,4,2,2,1,1,3,4,2,3,1984,2,2
1991,4,482208,1,4,2,2,1,1,3,4,2,3,1991,2,2
1991,5,482208,1,7,7,2,1,1,3,4,2,3,1982,2,2
1991,1,482209,2,2,2,2,1,1,3,4,2,3,1986,2,2
1991,1,482210,1,2,2,2,1,1,3,4,2,3,1990,2,2
1991,2,482210,1,3,3,2,2,2,3,4,1,3,1991,2,2
1991,1,482211,2,2,2,2,1,1,3,4,2,3,1989,2,2
1991,2,482211,1,2,2,2,1,1,3,4,2,3,1989,2,2
1991,1,482212,2,1,1,1,1,1,3,4,2,3,1981,1,2
1991,1,482213,1,7,7,2,1,1,3,4,1,3,1989,2,2
1991,1,482214,1,5,5,2,1,1,3,4,2,3,1983,2,2
1991,2,482214,2,2,2,2,1,1,3,4,2,3,1991,2,2
1991,1,482215,1,2,2,2,1,1,3,4,2,3,1987,2,2
1991,1,482216,2,2,2,1,1,1,3,4,1,3,1982,2,1
1991,2,482216,3,2,2,1,1,1,3,4,1,3,1987,2,2
1991,1,482217,6,4,4,2,1,1,3,4,2,3,1991,2,2
1991,2,482217,2,2,2,2,1,1,3,4,2,3,1990,2,2
1991,1,482218,1,1,1,1,1,1,3,4,1,3,1991,2,2
1991,1,482219,4,2,2,2,1,1,3,4,2,3,1982,2,2
1991,2,482219,1,3,3,2,2,2,3,4,2,3,1985,2,2
1991,1,482220,2,2,2,1,1,1,3,4,1,3,1983,2,2
1991,1,482221,2,2,2,2,1,1,3,4,2,3,1990,2,2
1991,2,482221,1,2,2,2,1,1,3,4,1,3,1981,2,2
1991,1,482222,1,1,1,1,1,1,3,4,1,3,1983,2,2
1991,1,482223,2,2,2,2,1,1,3,4,2,3,1989,1,1
1991,1,482224,2,1,1,1,1,1,3,4,1,3,1987,2,1
1991,1,482225,1,2,2,2,1,1,3,4,2,3,1989,2,1
1991,1,482226,1,2,2,1,1,1,3,4,2,3,1977,2,1
1991,2,482226,1,2,2,2,1,1,3,4,2,3,1983,2,2
1991,1,482227,2,7,7,2,1,1,3,4,2,3,1991,2,2
1991,2,482227,2,4,4,1,1,1,3,4,2,3,1988,2,2
1991,1,482228,1,2,2,2,1,1,3,4,1,3,1986,2,2
1991,1,482229,1,5,5,2,2,2,3,4,1,3,1989,2,2
1991,1,482230,2,7,7,1,1,1,3,4,1,3,1970,2,2
1991,1,482231,2,2,2,2,1,1,3,4,1,3,1981,2,2
1991,1,482232,1,4,4,2,1,1,3,4,2,3,1978,2,2
1991,2,482232,2,2,2,1,1,1,3,4,1,3,1987,2,2
1991,3,482232,1,4,4,2,1,1,3,4,2,3,1980,2,2
1991,1,482233,1,3,3,2,1,1,3,4,1,3,1989,2,2
1991,1,482234,1,5,5,2,2,2,3,4,2,3,1985,2,2
1991,2,482234,1,2,2,2,1,1,3,4,1,3,1990,2,2
1991,1,482235,1,5,5,2,1,2,3,4,1,3,1984,2,1
1991,1,482236,1,1,1,1,1,1,3,4,1,3,1987,2,2
1991,1,482237,6,2,2,1,1,2,3,4,1,3,1971,2,2
1991,1,482238,6,4,4,2,2,2,3,4,2,3,1990,2,2
1991,2,482238,2,2,2,2,1,1,3,4,1,3,1984,1,2
1991,1,482239,6,2,2,2,1,1,3,4,1,3,1990,2,2
1991,2,482239,2,2,2,2,1,1,3,4,2,3,1990,2,2
1991,1,482240,1,2,2,1,1,1,3,4,1,3,1990,2,2
1991,1,482241,2,2,2,2,1,1,3,4,2,3,1982,2,2
1991,2,482241,4,2,2,2,1,1,3,4,2,3,1989,2,2
1991,1,482242,1,2,2,2,1,1,3,4,1,3,1987,2,2
1991,2,482242,6,2,2,2,1,1,3,4,2,3,1979,2,2
1991,1,482243,1,5,5,2,1,1,3,4,2,3,1979,2,2
1991,2,482243,1,2,2,2,1,1,3,4,2,3,1984,2,2
1991,1,482244,4,7,7,2,1,1,3,4,2,3,1978,2,2
1991,1,482245,7,7,7,2,4,1,3,1,1,3,1989,2,2
1991,2,482245,9,7,7,2,3,3,3,4,2,3,9999,2,2
1991,1,482246,2,1,1,1,2,2,3,4,2,3,1981,2,2
1991,1,482247,1,6,6,1,1,1,3,4,1,3,1991,2,2
1991,1,482248,1,2,2,2,1,1,3,4,1,3,1988,2,2
1991,1,482249,2,2,2,1,1,1,3,4,2,3,1989,2,2
1991,2,482249,1,2,2,2,1,1,3,4,1,3,1989,2,2
1991,1,482250,1,2,2,2,2,2,3,4,2,3,1986,2,2
1991,2,482250,1,2,2,2,1,1,3,4,2,3,1985,2,2
1991,1,482251,1,2,2,2,2,2,3,4,2,3,1978,2,2
1991,1,482252,2,5,5,2,1,1,3,4,2,3,1989,2,2
1991,2,482252,2,2,2,2,1,1,3,4,2,3,1983,2,2
1991,1,482253,1,2,2,1,2,2,3,4,1,3,1981,1,2
1991,1,482254,1,3,3,2,1,1,3,4,2,3,1989,2,2
1991,1,482255,2,7,7,1,1,1,3,4,2,3,1988,2,2
1991,1,482256,2,1,1,1,1,1,3,4,2,3,1981,2,2
1991,1,482257,6,4,4,2,1,1,3,4,2,3,1991,2,2
1991,2,482257,1,2,2,2,1,1,3,4,1,3,1989,2,2
1991,1,482258,1,2,2,1,1,1,3,4,2,3,1976,2,1
1991,1,482259,2,4,2,2,1,1,3,4,1,3,1988,2,2
1991,1,482260,1,7,7,1,1,1,3,4,1,3,1970,2,2
1991,1,482261,1,2,2,2,1,1,3,4,1,3,1990,2,2
1991,2,482261,1,2,2,2,1,1,3,4,2,3,1986,2,2
1991,1,482262,1,3,3,2,1,1,3,4,2,3,1991,1,2
1991,2,482262,2,2,2,2,1,1,3,4,2,3,1984,2,2
1991,1,482263,6,2,2,1,1,1,3,4,1,3,1988,2,1
1991,1,482264,1,2,2,2,1,1,3,4,2,3,1988,2,2
1991,2,482264,1,5,5,2,1,1,3,4,2,3,1979,2,2
1991,1,482265,9,2,2,2,3,3,3,4,2,3,9999,2,2
1991,1,482266,1,2,2,2,1,1,3,4,2,3,1985,2,2
1991,2,482266,2,6,6,2,1,1,3,4,2,3,1986,2,2
1991,1,482267,1,7,4,2,1,1,3,4,1,3,1986,2,2
1991,2,482267,1,2,2,2,1,1,3,4,2,3,1984,2,2
1991,1,482268,1,2,2,2,1,1,3,4,2,3,1979,2,2
1991,2,482268,1,2,2,2,1,1,3,4,1,3,1990,2,2
1991,1,482269,1,2,2,2,1,1,3,4,1,3,1987,2,2
1991,1,482270,1,2,2,2,1,1,3,4,2,3,1984,2,2
1991,1,482272,1,2,2,2,1,1,3,4,1,3,1988,2,2
1991,2,482272,3,2,2,1,1,1,3,4,2,3,1988,2,2
1991,1,482273,2,2,2,1,2,2,3,4,2,3,1972,2,2
1991,2,482273,1,5,4,2,1,1,3,4,2,3,1985,2,2
1991,3,482273,4,2,2,2,1,1,3,4,1,3,1981,2,2
1991,1,482274,1,2,2,2,1,1,3,4,2,3,1989,2,2
1991,2,482274,1,2,2,2,2,2,3,4,1,3,1977,2,2
1991,1,482275,1,2,2,2,1,1,3,4,2,3,1985,1,2
1991,1,482276,2,2,2,1,1,1,3,4,2,3,1990,2,1
1991,1,482277,2,2,2,2,1,1,3,4,1,3,1979,2,2
1991,1,482278,3,2,2,2,1,1,3,4,2,3,1984,2,2
1991,2,482278,7,7,7,2,4,1,3,1,1,3,1983,2,2
1991,1,482279,1,5,5,2,1,1,3,4,2,3,1986,2,2
1991,2,482279,2,2,2,2,1,1,3,4,2,3,1963,2,2
1991,1,482280,1,2,2,2,1,1,3,4,2,3,1984,2,2
1991,1,482281,2,2,2,2,1,1,3,4,1,3,1984,2,2
1991,2,482281,3,2,2,2,1,1,3,4,2,3,1986,2,2
1991,1,482282,1,2,2,2,2,2,3,4,1,3,1978,2,2
1991,1,482283,3,2,2,2,2,2,3,4,2,3,1985,2,2
1991,2,482283,2,2,2,2,1,1,3,4,2,3,1979,2,2
1991,1,482284,1,2,2,2,1,1,3,4,2,3,1987,2,2
1991,2,482284,1,2,2,2,1,1,3,4,2,3,1981,2,2
1991,1,482285,1,2,2,2,2,2,3,4,2,3,1981,2,2
1991,2,482285,1,5,5,2,1,1,3,4,2,3,1984,2,2
1991,1,482286,1,2,2,2,1,1,3,4,2,3,1987,2,2
1991,1,482287,1,2,2,2,3,3,3,4,2,3,1976,2,2
1991,1,482288,1,2,2,1,1,1,3,4,2,3,1981,2,2
1991,1,482289,2,7,7,1,1,1,3,4,2,3,1990,2,1
1991,1,482290,5,2,2,2,1,1,3,4,2,3,1991,2,2
1991,1,482291,1,2,2,2,1,1,3,4,2,3,1981,2,2
1991,1,482292,2,1,1,1,1,1,3,4,1,3,1990,2,1
1991,1,482293,2,2,2,2,1,1,3,4,2,3,1988,1,2
1991,1,482294,1,2,2,2,1,1,3,4,2,3,1990,2,2
1991,2,482294,2,2,2,1,1,1,3,4,2,3,1992,2,2
1991,1,482295,1,2,2,2,1,1,3,4,2,3,1991,2,2
1991,2,482295,1,5,5,2,2,2,3,4,2,3,1985,2,2
1991,1,482296,1,2,2,2,1,1,3,4,2,3,1989,2,2
1991,2,482296,1,5,3,2,1,1,3,4,2,3,1986,2,2
1991,1,482297,2,2,2,2,1,1,3,4,2,3,1990,2,2
1991,1,482298,4,2,2,2,1,1,3,4,2,3,1978,2,2
1991,1,482300,2,5,5,2,1,1,3,4,2,3,1988,2,2
1991,1,482301,1,1,1,1,1,1,3,4,2,3,1987,2,2
1991,1,482302,1,2,2,1,1,1,3,4,1,3,1986,2,2
1991,1,482303,1,2,2,2,1,1,3,4,2,3,1987,2,2
1991,1,482304,5,2,6,2,1,1,3,4,2,3,1977,2,2
1991,2,482304,1,4,4,2,1,1,3,4,2,3,1981,2,2
1991,3,482304,1,4,4,2,1,1,3,4,2,3,1992,2,2
1991,1,482305,6,4,4,2,1,1,3,4,2,3,1989,2,2
1991,2,482305,4,2,6,2,1,1,3,4,1,3,1988,2,2
1991,1,482306,2,2,2,2,1,1,3,4,1,3,1990,2,1
1991,2,482306,2,2,2,2,1,1,3,4,2,3,1982,2,2
1991,1,482307,1,2,2,2,1,1,3,4,2,3,1985,2,2
1991,1,482308,2,4,4,2,3,3,3,4,2,3,1986,2,2
1991,2,482308,2,2,2,2,2,2,3,4,2,3,1980,2,2
1991,1,482309,1,2,2,2,1,1,3,4,2,3,1988,2,2
1991,1,482310,2,1,1,2,1,1,3,4,2,3,1986,2,2
1991,1,482311,2,2,2,2,1,1,3,4,1,3,1978,2,2
1991,2,482311,2,2,3,2,1,1,3,4,2,3,1985,2,2
1991,3,482311,2,2,2,2,1,1,3,4,2,3,1989,2,2
1991,1,482312,3,1,1,1,1,1,3,4,1,3,1991,2,2
1991,1,482313,2,2,2,2,1,1,3,4,2,3,1989,2,2
1991,2,482313,6,2,2,2,1,1,3,4,2,3,1990,2,2
1991,1,482314,2,2,2,1,1,1,3,4,2,3,1991,2,2
1991,2,482314,1,2,2,2,1,1,3,4,2,3,1990,2,1
1991,1,482315,2,1,1,1,1,1,3,4,1,3,1984,2,2
1991,1,482316,4,5,5,2,1,1,3,4,2,3,1990,2,2
1991,1,482317,1,2,2,2,1,1,3,4,2,3,1989,2,2
1991,1,482318,2,2,2,2,1,1,3,4,2,3,1983,2,2
1991,2,482318,1,2,2,2,1,1,3,4,2,3,1989,2,2
1991,1,482319,2,1,1,1,1,1,3,4,1,3,1988,1,2
1991,1,482320,6,4,4,2,1,1,3,4,2,3,1980,2,2
1991,2,482320,1,2,2,2,1,1,3,4,1,3,1984,2,2
1991,1,482321,1,5,5,2,1,1,3,4,2,3,1990,1,2
1991,1,482322,2,2,2,2,1,1,3,4,2,3,1988,1,2
1991,2,482322,6,2,2,1,1,1,3,4,2,3,1990,2,2
1991,1,482323,1,2,2,2,1,1,3,4,2,3,1989,2,2
1991,2,482323,1,2,2,2,1,1,3,4,2,3,1988,2,2
1991,1,482324,6,3,3,2,1,1,3,4,2,3,1984,2,2
1991,2,482324,1,2,2,2,2,2,3,4,2,3,1981,2,2
1991,1,482325,1,3,3,2,1,1,3,4,2,3,1977,2,2
1991,2,482325,1,2,2,2,2,2,3,4,1,3,1973,2,2
1991,1,482326,9,1,1,2,2,2,3,4,1,3,1973,2,2
1991,1,482327,2,2,6,2,1,1,3,4,2,3,1991,2,2
1991,1,482328,1,2,2,2,1,1,3,4,2,3,1989,2,2
1991,2,482328,1,2,3,2,3,3,3,4,2,3,1990,2,2
1991,3,482328,1,2,2,2,1,1,3,4,2,3,1990,2,2
1991,1,482329,1,2,2,2,1,1,3,4,1,3,1969,2,2
1991,1,482330,1,2,2,2,1,1,3,4,2,3,1986,2,2
1991,2,482330,9,6,6,2,3,3,3,4,2,3,9999,2,2
1991,1,482331,8,2,2,2,1,1,3,4,2,1,1985,2,2
1991,2,482331,2,2,2,2,1,1,3,4,2,3,1976,2,2
1991,1,482332,1,3,3,2,1,1,3,4,1,3,1981,2,2
1991,1,482333,6,2,2,2,1,1,3,4,2,3,1987,2,2
1991,1,482334,2,2,2,2,2,2,3,4,1,3,1982,2,2
1991,2,482334,6,4,4,2,3,3,3,4,2,3,1980,2,2
1991,1,482335,6,1,1,1,1,1,3,4,2,3,1974,2,2
1991,1,482336,2,2,2,1,1,1,3,4,1,3,1991,2,2
1991,1,482337,1,2,2,2,1,1,3,4,2,3,1973,2,2
1991,1,482338,1,2,2,2,1,1,3,4,2,3,1982,2,2
1991,1,482339,9,7,7,2,3,3,3,4,2,3,9999,2,2
1991,2,482339,7,7,7,2,4,1,3,1,2,3,1984,2,2
1991,1,482340,1,2,2,2,1,1,3,4,2,3,1972,2,1
1991,2,482340,1,2,2,1,2,2,3,4,2,3,1984,2,2
1991,1,482341,1,2,2,2,2,2,3,4,1,3,1983,1,2
1991,1,482342,1,7,7,1,1,1,3,4,2,3,1984,2,2
1991,1,482343,3,2,2,2,1,1,3,4,2,3,1985,2,2
1991,1,482344,2,2,2,2,1,1,3,4,2,3,1982,2,2
1991,2,482344,6,2,2,2,1,2,3,4,2,3,1959,2,2
1991,1,482345,2,2,2,1,1,1,3,4,1,3,1975,2,2
1991,1,482346,1,2,2,2,1,1,3,4,1,3,1979,2,1
1991,1,482347,4,2,2,1,1,1,3,4,2,3,1982,1,2
1991,1,482348,6,2,2,2,1,1,3,4,2,3,1988,2,2
1991,2,482348,1,2,2,2,1,1,3,4,2,3,1984,1,1
1991,1,482349,2,2,2,2,1,1,3,4,2,3,1987,2,2
1991,1,482350,1,3,3,2,2,2,3,4,2,3,1983,2,2
1991,2,482350,6,2,2,2,1,1,3,4,2,3,1982,2,2
1991,1,482351,6,4,4,2,1,1,3,4,2,3,1990,2,2
1991,2,482351,1,2,2,2,2,2,3,4,1,3,1990,2,2
1991,1,482352,2,2,2,2,1,1,3,4,1,3,1988,2,2
1991,2,482352,2,2,2,2,1,1,3,4,2,3,1988,2,2
1991,3,482352,2,5,5,2,1,1,3,4,2,3,1988,2,2
1991,4,482352,6,2,2,2,1,1,3,4,2,3,1990,2,2
1991,1,482353,1,2,2,2,1,1,3,4,2,3,1981,2,2
1991,1,482354,2,2,2,1,1,1,3,4,1,3,1979,2,1
1991,1,482355,1,2,2,2,1,1,3,4,2,3,1974,2,2
1991,2,482355,1,2,2,2,1,1,3,4,2,3,1978,2,2
1991,1,482356,1,2,2,2,1,1,3,4,2,3,1978,2,2
1991,1,482357,1,2,2,2,1,1,3,4,1,3,1987,1,2
1991,2,482357,1,4,4,2,1,1,3,4,2,3,1974,2,2
1991,1,482358,1,3,3,2,2,2,3,4,2,3,1967,2,2
1991,2,482358,1,2,2,2,1,1,3,4,2,3,1989,2,2
1991,1,482359,1,2,2,2,1,1,3,4,2,3,1969,2,2
1991,2,482359,1,3,3,2,1,1,3,4,2,3,1980,1,2
1991,1,482360,1,2,2,2,2,2,3,4,2,3,1980,2,2
1991,1,482361,1,2,2,2,1,1,3,4,2,3,1987,2,2
1991,1,482362,2,2,2,2,1,1,3,4,2,3,1989,2,2
1991,2,482362,1,2,2,2,1,1,3,4,2,3,1980,2,2
1991,1,482363,1,2,2,2,1,1,3,4,2,3,1991,2,2
1991,1,482364,2,2,2,2,1,1,3,4,2,3,1985,2,2
1991,1,482365,1,2,2,2,1,1,3,4,2,3,1992,2,2
1991,2,482365,1,2,2,2,2,2,3,4,2,3,1979,2,2
1991,1,482366,1,2,2,2,2,2,3,4,1,3,1988,2,2
1991,2,482366,2,2,2,2,1,1,3,4,2,3,1990,2,2
1991,1,482367,3,1,1,1,2,2,3,4,2,3,1985,2,1
1991,1,482368,3,2,2,2,1,1,3,4,2,3,1984,2,2
1991,2,482368,2,2,2,2,1,1,3,4,2,3,1985,2,2
1991,1,482369,1,2,2,2,1,1,3,4,2,3,1981,2,2
1991,2,482369,1,5,5,2,1,1,3,4,2,3,1985,2,2
1991,1,482370,7,7,7,2,4,1,3,1,2,3,1985,2,2
1991,2,482370,7,7,7,2,4,3,3,3,2,3,9999,2,2
1991,1,482371,3,2,2,2,1,1,3,4,2,3,1988,1,2
1991,1,482372,6,2,6,2,3,3,3,4,2,3,1970,2,2
1991,1,482373,2,3,3,2,1,1,3,4,1,3,1989,2,2
1991,1,482374,1,2,2,2,1,1,3,4,1,3,1985,2,2
1991,1,482375,2,2,6,2,1,1,3,4,1,3,1965,1,2
1991,1,482376,1,2,2,2,1,1,3,4,2,3,1982,2,2
1991,1,482377,1,2,2,2,1,1,3,4,2,3,1985,2,2
1991,2,482377,2,2,2,2,1,1,3,4,2,3,1974,2,2
1991,1,482378,2,2,2,2,1,1,3,4,2,3,1988,2,2
1991,2,482378,1,3,3,2,1,1,3,4,2,3,1984,2,2
1991,1,482379,1,4,4,2,1,1,3,4,1,3,1982,2,2
1991,2,482379,1,2,2,2,2,2,3,4,2,3,1973,2,2
1991,1,482380,1,2,6,1,1,1,3,4,2,3,1985,2,2
1991,1,482381,7,1,1,2,4,1,3,1,2,3,1979,2,2
1991,1,482382,1,4,4,2,1,1,3,4,2,3,1981,2,2
1991,2,482382,2,2,2,2,1,1,3,4,2,3,1973,2,2
1991,1,482383,6,2,2,2,1,1,3,4,2,3,1989,2,2
1991,2,482383,1,2,2,2,1,1,3,4,2,3,1991,2,2
1991,1,482384,7,1,1,2,4,1,3,1,2,3,1990,1,2
1991,1,482385,2,1,1,1,1,1,3,4,2,3,1979,2,2
1991,1,482386,6,2,2,2,1,1,3,4,1,3,1978,1,2
1991,1,482387,2,2,2,2,1,1,3,4,1,3,1990,2,2
1991,2,482387,1,7,7,2,1,1,3,4,2,3,1990,2,2
1991,1,482388,1,2,2,2,1,1,3,4,1,3,1988,2,2
1991,1,482389,3,2,2,2,1,1,3,4,2,3,1986,2,2
1991,1,482390,1,2,2,2,1,1,3,4,2,3,1991,2,2
1991,2,482390,1,3,2,2,1,1,3,4,2,3,1984,2,2
1991,1,482391,1,3,3,1,1,1,3,4,2,3,1991,2,2
1991,2,482391,1,2,2,2,1,1,3,4,2,3,1987,2,2
1991,1,482392,2,2,2,2,1,1,3,4,2,3,1985,2,2
1991,2,482392,1,2,2,2,1,1,3,4,2,3,1979,2,2
1991,3,482392,1,2,2,2,1,1,3,4,2,3,1989,2,2
1991,1,482393,1,5,5,2,1,1,3,4,2,3,1980,1,2
1991,2,482393,1,2,2,2,1,1,3,4,2,3,1977,2,2
1991,1,482394,2,2,2,2,1,1,3,4,2,3,1988,2,2
1991,2,482394,1,3,3,2,1,1,3,4,2,3,1989,2,2
1991,1,482395,2,4,4,2,1,1,3,4,2,3,1991,2,2
1991,2,482395,7,2,2,2,4,2,3,2,1,3,1981,2,2
1991,1,482396,3,2,2,2,2,2,3,4,2,3,1984,2,2
1991,2,482396,3,2,2,2,1,1,3,4,2,3,1990,2,2
1991,1,482397,3,2,2,2,1,1,3,4,2,3,1990,2,2
1991,1,482398,9,2,2,2,3,3,3,4,2,3,9999,2,2
1991,1,482399,1,2,2,2,1,1,3,4,2,3,1988,1,2
1991,2,482399,1,2,2,2,1,1,3,4,2,3,1987,2,2
1991,1,482400,1,2,2,2,1,1,3,4,2,3,1972,2,2
1991,1,482401,2,2,2,2,1,1,3,4,1,3,1989,2,2
1991,2,482401,8,4,4,2,3,3,3,4,2,3,1991,2,2
1991,1,482402,1,2,2,2,1,1,3,4,1,3,1991,2,2
1991,2,482402,6,5,5,2,1,1,3,4,2,3,1989,2,1
1991,1,482403,1,2,2,2,1,1,3,4,2,3,1989,2,2
1991,1,482404,7,2,2,2,4,1,3,1,1,3,1990,2,2
1991,2,482404,1,3,3,2,1,1,3,4,2,3,1985,2,2
1991,1,482405,2,2,2,1,3,3,3,4,2,3,1980,2,2
1991,1,482406,2,2,2,1,1,1,3,4,2,3,1975,2,2
1991,2,482406,2,2,2,2,1,1,3,4,2,3,1977,2,2
1991,1,482407,2,2,2,2,2,2,3,4,1,3,1978,1,2
1991,1,482408,7,2,2,2,4,1,3,1,1,3,1982,1,2
1991,2,482408,2,4,4,2,1,1,3,4,2,3,1977,2,2
1991,1,482409,9,2,2,2,3,3,3,4,2,3,9999,2,2
1991,1,482410,1,4,4,2,3,3,3,4,2,3,1971,2,2
1991,2,482410,1,2,2,2,1,1,3,4,2,3,1986,1,2
1991,1,482411,9,7,7,2,3,3,3,4,1,3,9999,2,2
1991,1,482412,1,1,1,1,1,1,3,4,1,3,1990,2,1
1991,1,482413,2,1,1,1,2,2,3,4,1,3,1975,1,2
1991,1,482414,3,2,2,1,2,2,3,4,2,3,1979,2,2
1991,2,482414,1,4,4,2,3,3,3,4,2,3,1978,2,2
1991,1,482415,1,2,2,2,2,2,3,4,2,3,1984,2,2
1991,2,482415,1,2,2,2,1,1,3,4,2,3,1990,2,2
1991,1,482416,2,2,2,1,1,1,3,4,2,3,1984,2,2
1991,1,482417,1,2,2,2,1,1,3,4,2,3,1978,2,2
1991,2,482417,1,2,2,2,1,1,3,4,2,3,1983,2,2
1991,1,482418,2,7,7,1,1,1,3,4,2,3,1989,1,2
1991,2,482418,1,3,3,2,1,1,3,4,2,3,1987,2,2
1991,1,482419,2,1,1,1,2,2,3,4,1,3,1981,2,2
1991,1,482420,1,5,5,2,1,1,3,4,2,3,1991,2,2
1991,2,482420,2,2,2,2,1,1,3,4,2,3,1984,2,2
1991,1,482421,1,2,2,2,1,1,3,4,2,3,1981,2,2
1991,2,482421,3,2,2,2,1,1,3,4,2,3,1985,2,2
1991,3,482421,1,2,2,2,1,1,3,4,2,3,1978,2,2
1991,1,482422,1,2,2,2,2,2,3,4,2,3,1981,2,2
1991,2,482422,1,3,3,2,1,1,3,4,2,3,1988,2,2
1991,1,482423,1,2,2,2,1,1,3,4,1,3,1979,2,2
1991,1,482424,1,5,5,2,1,1,3,4,2,3,1983,2,2
1991,2,482424,1,2,2,2,1,1,3,4,2,3,1987,2,2
1991,1,482425,1,3,3,2,1,1,3,4,1,3,1987,2,2
1991,1,482426,4,1,1,1,1,1,3,4,2,3,1985,1,2
1991,1,482427,1,5,5,2,1,1,3,4,2,3,1990,2,2
1991,1,482428,1,2,2,2,1,1,3,4,2,3,1991,2,2
1991,2,482428,3,3,3,2,1,1,3,4,2,3,1988,2,2
1991,1,482429,1,2,6,2,1,1,3,4,1,3,1989,1,2
1991,2,482429,6,4,4,2,1,1,3,4,2,3,1989,2,2
1991,1,482430,1,5,5,2,1,1,3,4,2,3,1984,2,2
1991,2,482430,2,2,2,2,1,1,3,4,2,3,1991,2,2
1991,1,482431,5,2,2,2,2,2,3,4,2,3,1984,2,2
1991,2,482431,1,2,2,2,1,1,3,4,2,3,1991,2,2
1991,3,482431,2,2,2,2,1,1,3,4,2,3,1986,2,2
1991,4,482431,1,2,2,2,1,1,3,4,2,3,1990,2,2
1991,1,482432,2,2,2,2,1,1,3,4,1,3,1988,2,2
1991,2,482432,1,4,2,2,2,2,3,4,2,3,1991,2,2
1991,3,482432,1,2,2,2,1,1,3,4,2,3,1989,2,2
1991,4,482432,1,7,7,2,1,1,3,4,2,3,1988,2,2
1991,1,482433,1,2,2,2,1,1,3,4,1,3,1980,2,2
1991,1,482434,1,2,2,2,1,1,3,4,1,3,1985,2,2
1991,1,482435,1,5,5,2,1,1,3,4,2,3,1986,1,2
1991,2,482435,1,2,2,2,1,1,3,4,2,3,1982,2,2
1991,1,482436,2,1,1,1,1,1,3,4,1,3,1991,2,2
1991,1,482437,2,2,2,1,1,1,3,4,1,3,1983,1,2
1991,1,482438,1,2,2,1,1,1,3,4,1,3,1991,2,2
1991,1,482439,1,5,5,2,1,1,3,4,2,3,1987,2,2
1991,2,482439,1,2,2,2,2,2,3,4,2,3,1974,2,2
1991,1,482440,2,1,1,1,2,2,3,4,2,3,1982,2,2
1991,1,482441,1,3,3,2,1,1,3,4,2,3,1983,2,2
1991,2,482441,1,2,2,2,1,2,3,4,2,3,1979,1,2
1991,1,482442,1,1,1,1,1,1,3,4,2,3,1981,2,1
1991,1,482443,4,2,2,2,1,1,3,4,2,3,1986,1,2
1991,1,482444,1,3,2,2,1,1,3,4,1,3,1989,2,2
1991,2,482444,1,2,2,2,1,1,3,4,2,3,1986,2,2
1991,3,482444,4,5,5,2,1,1,3,4,2,3,1987,2,2
1991,4,482444,1,2,2,2,1,1,3,4,2,3,1987,2,2
1991,1,482445,2,5,5,2,1,1,3,4,2,3,1990,2,2
1991,1,482446,1,2,2,1,1,1,3,4,2,3,1987,2,1
1991,1,482447,2,7,7,2,1,1,3,4,2,3,1987,2,2
1991,1,482448,1,2,2,2,1,1,3,4,2,3,1982,2,2
1991,2,482448,1,2,2,2,1,1,3,4,2,3,1991,2,2
1991,1,482449,1,2,2,2,2,2,3,4,2,3,1987,2,2
1991,1,482450,1,2,2,2,2,2,3,4,2,3,1987,2,2
1991,1,482451,2,2,2,2,1,1,3,4,2,3,1986,2,2
1991,2,482451,1,5,5,2,1,1,3,4,2,3,1990,2,2
1991,1,482452,3,2,2,2,1,1,3,4,2,3,1989,2,2
1991,2,482452,6,2,2,2,1,1,3,4,2,3,1982,2,2
1991,1,482453,2,7,7,1,1,1,3,4,2,3,1989,2,1
1991,1,482454,1,3,3,2,2,2,3,4,1,3,1987,2,2
1991,1,482455,1,3,3,2,1,1,3,4,2,3,1988,1,2
1991,2,482455,2,2,2,2,1,1,3,4,2,3,1981,2,2
1991,1,482456,1,2,2,2,1,1,3,4,2,3,1988,2,2
1991,2,482456,1,2,2,2,1,1,3,4,2,3,1990,2,2
1991,1,482457,6,2,2,2,1,1,3,4,2,3,1983,2,2
1991,2,482457,2,2,2,2,1,1,3,4,2,3,1976,2,2
1991,1,482458,1,3,3,2,1,1,3,4,2,3,1984,2,2
1991,1,482459,2,2,2,1,1,1,3,4,1,3,1989,2,2
1991,1,482460,2,2,2,2,2,2,3,4,2,3,1973,2,2
1991,1,482461,1,3,3,2,1,1,3,4,2,3,1969,2,2
1991,2,482461,6,2,2,2,1,1,3,4,2,3,1979,2,2
1991,1,482462,1,2,2,2,2,2,3,4,2,3,1983,2,2
1991,1,482463,1,1,1,1,1,1,3,4,1,3,1989,2,2
1991,1,482464,2,2,2,2,1,1,3,4,2,3,1991,2,2
1991,2,482464,1,3,3,2,1,1,3,4,2,3,1987,1,2
1991,1,482465,1,2,2,2,1,1,3,4,2,3,1976,2,2
1991,2,482465,1,5,5,2,1,1,3,4,2,3,1978,2,2
1991,1,482466,1,4,4,2,3,3,3,4,2,3,1990,2,2
1991,2,482466,1,2,2,2,1,1,3,4,1,3,1991,1,2
1991,3,482466,5,4,4,2,3,3,3,4,2,3,1962,2,2
1991,4,482466,1,4,4,2,3,3,3,4,2,3,1977,2,2
1991,1,482467,1,2,2,2,1,1,3,4,2,3,1967,2,2
1991,2,482467,1,2,2,2,1,1,3,4,2,3,1983,2,2
1991,1,482468,2,2,2,2,1,1,3,4,2,3,1981,1,2
1991,1,482469,1,2,2,1,1,1,3,4,2,3,1992,2,2
1991,2,482469,1,2,2,2,1,1,3,4,2,3,1979,2,2
1991,1,482470,2,1,1,1,2,2,3,4,2,3,1982,2,2
1991,1,482471,3,2,6,1,1,1,3,4,2,3,1984,2,1
1991,2,482471,6,5,5,2,1,1,3,4,2,3,1986,2,2
1991,1,482472,9,1,1,1,1,1,3,4,2,3,1977,2,2
1991,1,482473,1,2,2,2,1,1,3,4,2,3,1984,2,2
1991,2,482473,1,3,3,2,1,1,3,4,2,3,1980,2,2
1991,1,482474,2,2,2,2,1,1,3,4,2,3,1971,1,2
1991,1,482475,1,2,2,2,1,1,3,4,2,3,1982,2,2
1991,1,482476,3,1,1,1,1,1,3,4,2,3,1989,1,2
1991,1,482477,7,1,1,2,4,1,3,1,1,3,1983,2,2
1991,1,482478,2,2,2,2,1,1,3,4,2,3,1989,2,2
1991,1,482479,1,1,1,1,1,1,3,4,2,3,1991,2,2
1991,1,482480,9,2,2,2,3,3,3,4,2,3,9999,2,2
1991,1,482481,9,7,7,2,3,3,3,4,1,3,9999,2,2
1991,2,482481,2,4,4,2,3,3,3,4,2,3,1986,2,2
1991,1,482482,2,1,1,1,1,1,3,4,1,3,1987,2,1
1991,1,482483,1,3,3,2,1,1,3,4,1,3,1978,2,2
1991,2,482483,1,2,2,2,1,1,3,4,2,3,1983,2,2
1991,1,482484,3,2,2,2,1,1,3,4,2,3,1987,2,2
1991,1,482485,1,3,3,2,2,2,3,4,2,3,1979,2,2
1991,2,482485,1,2,2,2,1,1,3,4,2,3,1979,2,2
1991,1,482486,1,2,2,1,1,1,3,4,2,3,1989,1,2
1991,1,482487,2,2,2,2,1,1,3,4,2,3,1984,2,2
1991,2,482487,3,2,2,2,1,1,3,4,2,3,1979,2,2
1991,1,482488,1,5,5,2,1,1,3,4,2,3,1980,2,2
1991,2,482488,2,2,2,2,1,1,3,4,2,3,1989,2,2
1991,1,482489,6,2,2,2,1,1,3,4,2,3,1981,2,2
1991,1,482490,1,2,2,2,1,1,3,4,2,3,1982,2,2
1991,2,482490,4,2,2,2,1,1,3,4,2,3,1976,2,2
1991,1,482491,6,2,2,2,1,1,3,4,2,3,1985,2,2
1991,2,482491,1,5,5,2,2,2,3,4,2,3,1981,2,2
1991,1,482492,6,2,2,2,1,1,3,4,1,3,1990,1,2
1991,2,482492,1,4,4,2,3,3,3,4,2,3,1990,2,2
1991,3,482492,7,7,7,2,4,3,3,3,2,3,1991,2,2
1991,4,482492,6,7,7,2,3,3,3,4,2,3,1982,2,2
1991,1,482493,1,2,2,2,2,2,3,4,2,3,1985,2,2
1991,2,482493,1,2,2,2,1,1,3,4,2,3,1981,2,2
1991,1,482494,2,2,2,2,3,3,3,4,2,3,1983,2,2
1991,1,482495,1,2,2,2,1,1,3,4,2,3,1969,2,2
1991,2,482495,1,2,2,2,1,1,3,4,2,3,1987,2,2
1991,1,482496,1,2,2,2,1,1,3,4,1,3,1977,2,2
1991,2,482496,1,2,2,2,2,2,3,4,2,3,1981,2,2
1991,1,482497,3,2,2,2,1,2,3,4,2,3,1966,2,2
1991,1,482498,1,2,2,2,1,1,3,4,2,3,1977,2,2
1991,1,482499,6,2,2,2,1,1,3,4,1,3,1978,2,2
1991,2,482499,1,4,4,2,3,3,3,4,2,3,1981,2,2
1991,1,482500,2,3,3,2,2,2,3,4,1,3,1981,2,1
1991,1,482501,1,2,2,2,1,1,3,4,2,3,1984,2,2
1991,2,482501,3,2,2,2,1,1,3,4,2,3,1984,2,2
1991,1,482502,1,2,2,1,1,1,3,4,2,3,1990,1,1
1991,1,482503,1,2,2,2,1,1,3,4,2,3,1990,2,2
1991,1,482504,1,2,2,2,2,2,3,4,2,3,1985,2,2
1991,1,482505,1,2,2,2,1,1,3,4,2,3,1977,2,2
1991,2,482505,1,5,5,2,1,1,3,4,2,3,1989,2,2
1991,1,482506,3,2,2,2,1,1,3,4,2,3,1989,1,2
1991,2,482506,1,5,5,2,1,1,3,4,2,3,1990,2,2
1991,3,482506,1,2,2,2,1,1,3,4,2,3,1983,2,2
1991,1,482507,1,2,2,2,1,1,3,4,2,3,1991,2,2
1991,2,482507,1,2,2,2,1,1,3,4,2,3,1979,2,2
1991,1,482508,1,5,5,2,2,2,3,4,2,3,1982,2,2
1991,2,482508,6,2,2,2,1,1,3,4,2,3,1987,2,2
1991,1,482509,2,1,1,1,2,2,3,4,2,3,1987,2,1
1991,1,482510,6,2,2,2,1,1,3,4,2,3,1990,2,2
1991,2,482510,1,5,5,2,1,1,3,4,1,3,1975,2,2
1991,1,482511,3,2,2,2,1,1,3,4,1,3,1991,2,2
1991,2,482511,1,5,5,2,1,1,3,4,2,3,1982,1,2
1991,1,482512,1,5,5,2,1,1,3,4,1,3,1991,2,2
1991,1,482513,9,2,2,2,1,1,3,4,2,3,1990,2,2
1991,1,482514,2,2,2,2,1,1,3,4,1,3,1988,2,2
1991,1,482515,2,2,2,2,1,1,3,4,2,3,1968,2,1
1991,1,482516,1,5,5,2,1,1,3,4,2,3,1985,2,2
1991,2,482516,1,2,2,2,1,1,3,4,2,3,1988,2,2
1991,1,482517,1,2,2,1,1,1,3,4,2,3,1985,2,2
1991,1,482518,1,2,2,2,1,1,3,4,1,3,1990,2,2
1991,2,482518,1,3,3,2,1,1,3,4,1,3,1990,2,2
1991,1,482519,2,5,5,2,1,1,3,4,2,3,1972,2,2
1991,2,482519,2,2,2,2,1,1,3,4,2,3,1991,2,2
1991,1,482520,1,2,2,2,1,1,3,4,2,3,1988,2,2
1991,2,482520,1,5,5,1,1,1,3,4,2,3,1984,2,2
1991,1,482521,1,2,2,2,1,1,3,4,2,3,1982,2,2
1991,1,482522,4,1,1,1,1,1,3,4,1,3,1979,1,1
1991,1,482523,1,2,2,2,1,1,3,4,2,3,1983,2,2
1991,1,482524,1,3,3,2,1,1,3,4,2,3,1976,1,2
1991,2,482524,2,2,2,2,1,1,3,4,2,3,1982,1,2
1991,1,482525,3,1,1,1,1,1,3,4,1,3,1985,2,1
1991,1,482526,1,3,3,2,1,1,3,4,1,3,1988,2,1
1991,1,482527,2,2,2,2,1,1,3,4,2,3,1990,2,2
1991,1,482528,2,2,2,2,1,1,3,4,2,3,1974,2,2
1991,1,482529,4,2,2,1,1,1,3,4,2,3,1982,1,1
1991,1,482530,1,2,2,2,1,1,3,4,2,3,1992,2,1
1991,1,482531,1,2,2,2,2,2,3,4,2,3,1979,2,2
1991,1,482532,2,2,2,2,1,1,3,4,1,3,1970,2,2
1991,1,482533,1,2,2,2,1,1,3,4,2,3,1987,2,2
1991,1,482534,2,7,7,2,1,1,3,4,2,3,1987,2,2
1991,1,482535,1,2,2,2,1,1,3,4,2,3,1981,2,2
1991,2,482535,2,7,7,2,3,3,3,4,2,3,1989,2,2
1991,3,482535,4,4,4,2,3,3,3,4,2,3,1986,2,2
1991,1,482536,1,2,2,2,2,2,3,4,2,3,1976,2,2
1991,2,482536,2,2,2,2,1,1,3,4,2,3,1984,2,2
1991,1,482537,1,5,5,2,1,1,3,4,2,3,1985,2,2
1991,2,482537,2,2,2,2,1,1,3,4,2,3,1986,2,2
1991,1,482538,1,2,2,1,1,1,3,4,2,3,1979,2,2
1991,2,482538,1,2,2,2,1,1,3,4,2,3,1985,2,2
1991,1,482539,3,2,2,2,1,1,3,4,2,3,1991,2,2
1991,2,482539,7,2,2,2,4,1,3,1,2,3,1983,2,2
1991,1,482540,1,5,5,2,1,1,3,4,2,3,9999,2,2
1991,2,482540,2,2,2,2,2,2,3,4,2,3,1990,2,2
1991,1,482541,2,2,2,2,1,1,3,4,2,3,1989,2,2
1991,2,482541,1,2,2,2,1,1,3,4,2,3,1983,2,2
1991,1,482542,1,2,6,1,1,1,3,4,2,3,1983,2,1
1991,1,482543,1,2,2,2,1,1,3,4,2,3,1983,2,2
1991,1,482544,2,4,4,2,1,1,3,4,2,3,1988,2,2
1991,2,482544,1,2,2,2,1,1,3,4,1,3,1991,2,2
1991,1,482545,2,2,2,2,1,1,3,4,2,3,1989,2,2
1991,2,482545,4,5,5,2,1,1,3,4,2,3,1986,2,2
1991,1,482546,1,3,3,2,1,1,3,4,2,3,1985,2,2
1991,2,482546,3,2,2,2,1,1,3,4,1,3,1982,2,2
1991,1,482547,2,2,2,2,1,1,3,4,2,3,1988,2,2
1991,1,482548,9,7,7,2,3,3,3,4,2,3,9999,2,2
1991,1,482549,6,5,5,2,1,1,3,4,1,3,1979,2,2
1991,2,482549,1,5,5,2,1,1,3,4,2,3,1985,2,2
1991,1,482550,1,2,2,2,2,2,3,4,2,3,1981,2,2
1991,2,482550,1,2,2,1,1,1,3,4,2,3,1983,2,2
1991,1,482551,2,1,1,1,2,2,3,4,1,3,1989,2,2
1991,1,482552,6,2,2,2,1,1,3,4,2,3,1991,2,2
1991,1,482553,2,2,2,2,1,1,3,4,2,3,1985,2,2
1991,2,482553,1,2,2,2,1,1,3,4,2,3,1979,2,2
1991,1,482554,3,1,1,1,1,1,3,4,2,3,1984,2,2
1991,1,482555,3,2,2,2,1,1,3,4,2,3,1983,2,2
1991,2,482555,1,5,5,2,1,1,3,4,2,3,1975,2,2
1991,1,482556,1,2,2,2,1,1,3,4,1,3,1990,2,2
1991,1,482557,1,2,2,2,1,1,3,4,1,3,1977,2,2
1991,2,482557,2,4,4,1,1,1,3,4,2,3,1990,2,2
1991,3,482557,1,4,2,2,2,2,3,4,2,3,1984,2,2
1991,4,482557,1,2,2,2,2,2,3,4,2,3,1986,2,2
1991,1,482558,1,3,3,2,1,1,3,4,2,3,1988,2,2
1991,2,482558,2,2,2,2,1,1,3,4,1,3,1987,2,2
1991,1,482559,2,2,2,2,1,1,3,4,2,3,1981,2,2
1991,2,482559,1,2,2,2,2,2,3,4,2,3,1988,2,2
1991,1,482560,2,2,2,2,1,1,3,4,2,3,1986,2,1
1991,1,482561,1,5,5,2,1,1,3,4,2,3,1982,2,2
1991,2,482561,1,2,2,2,1,1,3,4,1,3,1989,2,2
1991,1,482562,2,2,2,2,1,1,3,4,2,3,1991,2,2
1991,1,482563,3,2,2,2,1,1,3,4,2,3,1984,2,2
1991,2,482563,1,2,2,2,3,3,3,4,2,3,1986,2,2
1991,1,482564,1,1,1,1,1,1,3,4,1,3,1981,2,1
1991,1,482565,2,7,7,1,1,1,3,4,2,3,1990,2,2
1991,1,482566,1,2,3,2,1,1,3,4,2,3,1984,2,2
1991,2,482566,3,3,3,2,1,1,3,4,2,3,1990,2,2
1991,3,482566,3,2,2,2,1,1,3,4,2,3,1987,2,2
1991,1,482567,1,5,5,2,1,1,3,4,1,3,1989,2,2
1991,1,482568,1,2,2,2,1,1,3,4,1,3,1985,2,2
1991,1,482569,2,4,4,2,1,1,3,4,2,3,1990,2,2
1991,2,482569,1,2,7,1,1,1,3,4,1,3,1980,2,2
1991,1,482570,1,2,2,2,1,1,3,4,2,3,1976,2,2
1991,1,482571,9,7,7,2,3,3,3,4,2,3,9999,2,2
1991,1,482572,1,2,2,2,2,2,3,4,2,3,1980,2,2
1991,1,482573,2,2,2,2,1,1,3,4,2,3,1988,2,2
1991,2,482573,1,3,3,2,2,2,3,4,2,3,1976,2,2
1991,1,482574,2,7,7,1,1,1,3,4,2,3,1978,2,1
1991,1,482575,1,2,2,2,1,1,3,4,1,3,1988,2,2
1991,1,482576,6,2,2,2,1,1,3,4,2,3,1982,2,2
1991,2,482576,3,2,2,2,1,1,3,4,2,3,1988,2,1
1991,1,482577,9,7,7,2,3,3,3,4,2,3,9999,2,2
1991,1,482578,1,7,7,2,1,1,3,4,2,3,1991,2,2
1991,1,482579,1,2,2,2,1,1,3,4,1,3,1992,2,2
1991,2,482579,1,2,2,2,1,1,3,4,2,3,1981,2,2
1991,1,482580,3,2,2,2,2,2,3,4,2,3,1972,1,2
1991,2,482580,1,2,2,2,1,1,3,4,2,3,1978,1,2
1991,1,482581,6,2,2,2,1,1,3,4,2,3,1973,2,2
1991,2,482581,1,2,2,2,1,1,3,4,2,3,1984,2,1
1991,1,482582,2,2,2,2,1,1,3,4,2,3,1992,2,2
1991,2,482582,1,2,2,2,1,1,3,4,2,3,1987,2,2
1991,1,482583,1,4,4,2,1,1,3,4,1,3,1985,2,2
1991,2,482583,1,2,2,2,2,2,3,4,2,3,1988,2,2
1991,1,482584,2,3,3,1,1,1,3,4,2,3,1988,2,2
1991,1,482585,1,4,4,2,1,1,3,4,2,3,1963,2,2
1991,2,482585,6,2,2,1,1,1,3,4,2,3,1990,2,2
1991,1,482586,2,1,1,1,1,1,3,4,1,3,1982,1,2
1991,1,482587,1,5,5,2,1,1,3,4,2,3,1991,2,2
1991,1,482588,2,1,1,1,3,3,3,4,1,3,1987,2,2
1991,1,482589,1,2,2,2,2,2,3,4,2,3,1969,2,2
1991,2,482589,1,3,3,2,1,1,3,4,2,3,1990,2,2
1991,1,482590,1,2,2,2,1,1,3,4,2,3,1988,2,2
1991,1,482591,1,3,3,2,1,1,3,4,1,3,1985,2,2
1991,1,482592,1,2,2,2,1,1,3,4,2,3,1981,2,2
1991,1,482593,1,2,2,2,2,2,3,4,2,3,1979,2,2
1991,1,482594,1,1,1,2,1,1,3,4,2,3,1983,2,2
1991,1,482595,7,2,2,2,4,2,3,2,2,3,1988,2,2
1991,1,482596,2,2,2,2,3,3,3,4,2,3,9999,1,2
1991,1,482597,5,2,2,2,1,1,3,4,2,3,1991,2,2
1991,2,482597,7,7,7,2,4,2,3,2,2,3,1982,2,2
1991,1,482598,2,2,2,2,2,2,3,4,1,3,1973,2,2
1991,1,482599,1,2,2,2,1,1,3,4,2,3,1984,2,2
1991,2,482599,1,5,5,2,1,1,3,4,2,3,1991,2,2
1991,1,482600,1,1,1,1,1,1,3,4,2,3,1988,2,1
1991,1,482601,3,2,2,2,1,1,3,4,2,3,1989,2,2
1991,1,482602,2,2,2,2,1,1,3,4,2,3,1983,2,2
1991,2,482602,1,4,4,2,1,1,3,4,2,3,1987,2,2
1991,1,482603,1,2,2,2,1,2,3,4,2,3,1983,2,2
1991,1,482604,2,2,5,2,1,1,3,4,1,3,1969,2,2
1991,2,482604,2,2,2,2,1,1,3,4,2,3,1986,2,2
1991,1,482605,1,2,2,2,1,1,3,4,2,3,1984,2,2
1991,2,482605,3,2,2,2,1,1,3,4,2,3,1989,2,2
1991,1,482606,9,7,7,2,3,3,3,4,2,3,9999,1,2
1991,1,482607,1,2,2,2,2,2,3,4,2,3,1985,2,2
1991,2,482607,1,4,4,2,3,3,3,4,2,3,1977,2,2
1991,1,482608,1,2,2,2,1,1,3,4,1,3,1983,2,2
1991,1,482609,1,2,2,2,1,1,3,4,1,3,1979,2,2
1991,1,482610,3,2,2,1,1,1,3,4,2,3,1984,1,2
1991,1,482611,1,2,2,2,1,1,3,4,2,3,1987,2,2
1991,1,482612,4,2,6,2,1,1,3,4,2,3,1984,2,2
1991,2,482612,7,3,3,2,4,1,3,1,2,3,1976,2,2
1991,1,482613,2,5,5,2,3,3,3,4,1,3,1982,2,2
1991,1,482614,1,6,6,1,2,2,3,4,2,3,1989,2,2
1991,1,482615,1,1,1,1,1,1,3,4,1,3,1977,2,2
1991,1,482616,1,2,2,2,1,1,3,4,2,3,1988,2,2
1991,2,482616,1,2,2,2,1,1,3,4,2,3,1991,2,2
1991,1,482617,2,2,2,2,1,1,3,4,2,3,1990,2,2
1991,2,482617,1,3,3,2,1,1,3,4,2,3,1989,2,2
1991,1,482618,1,2,2,2,1,1,3,4,1,3,1991,1,2
1991,2,482618,1,5,5,2,3,3,3,4,2,3,1991,2,2
1991,1,482619,2,2,2,2,2,2,3,4,1,3,1984,2,2
1991,1,482620,1,2,2,2,1,1,3,4,2,3,1983,2,2
1991,2,482620,1,5,5,2,1,1,3,4,2,3,1976,2,2
1991,1,482621,1,2,2,2,2,2,3,4,1,3,1988,2,2
1991,1,482622,1,2,2,2,1,1,3,4,2,3,1985,2,2
1991,2,482622,7,4,4,2,4,3,3,3,2,3,1982,2,2
1991,1,482623,3,2,2,1,1,1,3,4,2,3,1990,1,1
1991,1,482624,1,2,2,2,1,1,3,4,1,3,1989,2,2
1991,1,482625,1,4,2,2,1,1,3,4,2,3,1991,1,2
1991,2,482625,1,4,4,2,1,1,3,4,2,3,1990,2,2
1991,1,482626,1,2,4,2,1,1,3,4,1,3,1990,2,2
1991,1,482627,1,2,2,2,1,1,3,4,1,3,1982,2,2
1991,1,482628,1,2,6,2,1,1,3,4,2,3,1986,2,2
1991,1,482629,1,7,6,2,1,1,3,4,2,3,1985,2,2
1991,2,482629,6,2,7,1,1,1,3,4,1,3,1969,2,2
1991,3,482629,1,6,6,2,1,1,3,4,2,3,1990,2,2
1991,1,482630,2,2,2,2,1,1,3,4,2,3,1985,2,2
1991,2,482630,1,2,2,2,1,1,3,4,2,3,1978,2,2
1991,3,482630,2,2,2,2,1,1,3,4,2,3,1990,2,2
1991,1,482631,9,1,1,2,2,1,3,4,2,3,1991,2,2
1991,1,482632,1,2,2,2,1,1,3,4,2,3,1985,2,2
1991,2,482632,1,3,3,2,1,1,3,4,1,3,1984,2,2
1991,1,482633,4,2,2,2,2,2,3,4,2,3,1978,1,2
1991,1,482634,1,2,2,2,1,1,3,4,2,3,1983,2,2
1991,2,482634,1,2,2,2,1,1,3,4,2,3,1982,2,2
1991,1,482635,2,2,2,1,1,1,3,4,1,3,1972,2,1
1991,1,482636,1,2,2,2,1,1,3,4,2,3,1970,2,2
1991,1,482637,2,7,4,1,1,1,3,4,2,3,1984,2,2
1991,2,482637,2,2,2,2,1,1,3,4,2,3,1984,2,2
1991,1,482638,1,2,2,2,1,1,3,4,2,3,1991,2,2
1991,2,482638,1,2,2,2,1,1,3,4,2,3,1975,2,2
1991,1,482639,1,5,5,2,1,1,3,4,2,3,1975,2,2
1991,2,482639,2,2,2,2,1,1,3,4,2,3,1988,2,2
1991,1,482640,1,2,2,2,1,1,3,4,2,3,1990,2,2
1991,2,482640,1,2,2,2,1,1,3,4,2,3,1983,2,2
1991,1,482641,1,3,3,2,1,1,3,4,1,3,1977,2,2
1991,1,482642,1,2,2,2,1,1,3,4,2,3,1975,2,2
1991,2,482642,2,2,2,2,2,2,3,4,2,3,1989,2,2
1991,1,482643,6,2,2,2,1,1,3,4,2,3,1978,2,2
1991,1,482644,6,4,4,2,1,1,3,4,2,3,1981,2,2
1991,2,482644,1,2,2,2,2,2,3,4,1,3,1991,2,2
1991,1,482645,1,3,3,2,1,1,3,4,1,3,1988,2,2
1991,1,482646,9,7,7,2,3,3,3,4,2,3,9999,2,2
1991,1,482647,2,2,2,2,1,1,3,4,2,3,1988,2,2
1991,1,482648,1,7,2,2,2,2,3,4,2,3,1978,2,2
1991,1,482649,2,3,3,2,3,3,3,4,2,3,1990,2,2
1991,1,482650,3,1,1,1,1,1,3,4,2,3,1991,2,1
1991,1,482651,2,2,2,2,1,1,3,4,1,3,1992,2,2
1991,2,482651,1,4,4,2,1,1,3,4,2,3,1991,2,2
1991,3,482651,1,4,4,2,1,1,3,4,2,3,1982,2,2
1991,4,482651,2,4,4,2,1,1,3,4,2,3,1967,2,2
1991,5,482651,1,4,4,2,1,1,3,4,2,3,1983,2,2
1991,1,482652,1,2,2,2,1,1,3,4,2,3,1982,2,2
1991,1,482653,2,6,6,1,1,1,3,4,1,3,1982,2,2
1991,1,482654,1,2,2,2,2,2,3,4,2,3,1976,2,2
1991,2,482654,1,5,5,2,1,1,3,4,2,3,1985,2,2
1991,1,482655,3,4,2,2,2,2,3,4,1,3,1989,2,2
1991,1,482656,2,2,2,1,1,1,3,4,2,3,1976,2,2
1991,2,482656,1,2,2,2,1,1,3,4,2,3,1981,2,2
1991,1,482657,9,7,7,2,3,3,3,4,1,3,9999,2,2
1991,1,482658,3,1,1,1,1,1,3,4,1,3,1972,2,2
1991,1,482659,9,7,7,2,3,3,3,4,2,3,9999,2,2
1991,1,482660,1,1,1,1,2,2,3,4,2,3,1979,2,2
1991,1,482661,1,2,2,2,1,1,3,4,2,3,1988,2,2
1991,2,482661,1,5,5,2,1,1,3,4,2,3,1984,2,2
1991,1,482662,1,2,2,2,2,2,3,4,2,3,1982,1,2
1991,1,482663,1,2,2,2,1,1,3,4,2,3,1987,2,2
1991,2,482663,2,2,2,2,1,1,3,4,1,3,1986,2,2
1991,1,482664,1,1,1,1,2,2,3,4,1,3,1989,2,2
1991,1,482665,2,2,2,1,1,1,3,4,1,3,1982,2,2
1991,1,482666,1,2,2,2,2,2,3,4,2,3,1990,2,2
1991,2,482666,1,2,2,2,1,1,3,4,2,3,1984,2,2
1991,1,482667,4,2,2,2,2,2,3,4,2,3,1977,2,2
1991,1,482668,1,2,2,2,1,1,3,4,2,3,1980,2,2
1991,1,482669,1,3,3,2,1,1,3,4,2,3,1985,2,2
1991,2,482669,2,2,2,2,1,1,3,4,2,3,1986,2,2
1991,1,482670,1,4,4,2,2,2,3,4,1,3,1992,2,2
1991,2,482670,2,2,2,2,1,1,3,4,2,3,1983,2,2
1991,1,482671,2,4,4,2,1,1,3,4,2,3,1987,2,2
1991,2,482671,1,2,2,2,1,1,3,4,2,3,1967,1,2
1991,1,482672,1,2,2,2,1,1,3,4,2,3,1990,2,2
1991,1,482673,1,2,2,2,1,1,3,4,2,3,1991,2,2
1991,2,482673,6,4,4,2,1,1,3,4,2,3,1990,2,2
1991,1,482674,2,2,2,2,1,1,3,4,1,3,1982,1,2
1991,2,482674,2,4,2,2,1,1,3,4,2,3,1980,2,2
1991,1,482675,1,2,2,2,1,1,3,4,2,3,1990,2,2
1991,1,482676,3,2,2,1,2,2,3,4,1,3,1951,1,2
1991,1,482677,1,2,7,2,1,1,3,4,2,3,1976,2,2
1991,1,482678,3,2,2,2,1,1,3,4,2,3,1987,1,2
1991,1,482679,2,2,2,2,1,1,3,4,2,3,1987,1,2
1991,1,482680,1,1,1,1,1,1,3,4,2,3,1989,2,2
1991,1,482681,1,2,2,2,1,1,3,4,2,3,1981,2,2
1991,2,482681,2,2,2,2,1,1,3,4,2,3,1985,2,2
1991,1,482682,2,2,2,2,1,1,3,4,2,3,1987,2,1
1991,1,482683,3,2,2,2,1,1,3,4,2,3,1986,1,2
1991,2,482683,2,2,2,2,1,1,3,4,2,3,1978,2,2
1991,1,482684,3,6,6,2,1,1,3,4,2,3,1987,2,2
1991,1,482685,1,7,7,2,2,2,3,4,1,3,9999,2,2
1991,1,482686,2,1,1,2,1,1,3,4,2,3,1990,2,2
1991,1,482687,2,2,2,2,1,1,3,4,2,3,1988,2,2
1991,2,482687,4,2,2,2,1,1,3,4,2,3,1985,2,2
1991,3,482687,4,2,2,2,1,1,3,4,2,3,1975,2,2
1991,4,482687,4,2,2,2,1,1,3,4,2,3,1979,2,2
1991,1,482688,2,1,1,1,1,1,3,4,1,3,1990,2,2
1991,1,482689,4,2,2,2,1,1,3,4,2,3,1979,2,2
1991,2,482689,1,2,2,2,1,1,3,4,2,3,1985,2,2
1991,1,482690,9,2,2,2,3,3,3,4,2,3,9999,2,2
1991,1,482691,2,2,2,2,1,1,3,4,2,3,1988,1,2
1991,2,482691,1,5,5,2,1,1,3,4,2,3,1987,2,2
1991,1,482693,1,1,1,1,1,1,3,4,1,3,1992,2,2
1991,1,482694,2,1,1,1,1,1,3,4,2,3,1967,2,2
1991,1,482695,2,2,2,2,1,1,3,4,2,3,1989,2,2
1991,1,482696,2,2,2,2,1,1,3,4,2,3,1988,2,2
1991,1,482697,1,2,2,2,1,1,3,4,2,3,1986,2,2
1991,2,482697,6,2,2,2,1,1,3,4,2,3,1990,2,2
1991,1,482698,2,1,1,2,2,2,3,4,2,3,1989,2,2
1991,1,482699,9,7,7,2,3,3,3,4,2,3,9999,2,2
1991,1,482700,2,2,2,1,2,2,3,4,1,3,1968,2,2
1991,2,482700,4,2,2,2,2,2,3,4,2,3,1979,2,2
1991,1,482701,2,2,2,1,1,1,3,4,2,3,1990,2,2
1991,2,482701,1,5,4,2,1,1,3,4,2,3,1989,2,2
1991,1,482702,7,2,2,2,4,2,3,2,1,3,1979,2,2
1991,1,482703,2,1,1,2,1,1,3,4,2,3,1982,2,2
1991,1,482704,1,2,2,2,1,1,3,4,2,3,1986,2,1
1991,1,482705,1,2,2,2,1,1,3,4,2,3,1976,2,2
1991,1,482706,2,2,2,2,1,1,3,4,2,3,1988,2,2
1991,2,482706,1,2,2,2,1,1,3,4,2,3,1987,2,2
1991,1,482707,3,2,2,2,1,1,3,4,2,3,1989,1,2
1991,2,482707,4,5,2,2,1,1,3,4,2,3,1986,2,2
1991,1,482708,2,2,2,2,1,1,3,4,2,3,1970,2,2
1991,1,482709,6,2,2,2,1,1,3,4,2,3,1978,2,2
1991,2,482709,1,5,5,2,1,1,3,4,2,3,1970,1,2
1991,3,482709,1,7,7,2,1,1,3,4,2,3,1991,2,2
1991,1,482710,2,2,2,2,1,1,3,4,1,3,1990,2,2
1991,2,482710,1,4,4,2,3,3,3,4,2,3,1981,2,2
1991,3,482710,2,2,2,2,3,3,3,4,2,3,1991,2,2
1991,1,482711,1,2,2,2,2,2,3,4,1,3,1981,1,2
1991,1,482712,2,2,2,2,1,1,3,4,2,3,1983,2,2
1991,2,482712,1,2,2,2,1,1,3,4,2,3,1983,2,2
1991,1,482713,1,1,1,2,1,1,3,4,2,3,1989,2,2
1991,1,482714,1,1,1,2,3,3,3,4,2,3,1981,2,2
1991,1,482715,4,1,1,1,1,1,3,4,2,3,1989,2,1
1991,1,490001,6,4,4,2,1,1,3,4,2,3,1987,2,2
1991,2,490001,4,3,4,2,1,1,3,4,2,3,1989,2,2
1991,3,490001,3,5,3,2,1,1,3,4,2,3,1978,2,2
1991,4,490001,6,4,3,2,1,1,3,4,2,3,1990,2,2
1991,5,490001,6,5,5,2,1,1,3,4,1,3,1981,2,2
1991,6,490001,6,3,4,2,1,1,3,4,2,3,1973,2,2
1991,7,490001,6,3,5,2,1,1,3,4,2,3,1985,2,2
1991,8,490001,1,2,4,2,1,1,3,4,1,3,1981,2,2
1991,9,490001,1,2,5,2,1,1,3,4,1,3,1990,2,2
1991,10,490001,1,3,5,2,3,3,3,4,1,3,1982,2,2
1991,11,490001,1,5,2,2,1,1,3,4,2,3,1990,2,2
1991,12,490001,1,2,4,2,1,1,3,4,1,3,1989,2,2
1991,13,490001,1,5,5,2,1,1,3,4,2,3,1983,2,2
1991,14,490001,4,3,3,2,1,1,3,4,1,3,1991,2,2
1991,15,490001,6,2,2,2,1,1,3,4,1,3,1990,2,2
1991,16,490001,2,2,4,2,1,1,3,4,1,3,1976,2,2
1991,17,490001,2,5,5,2,1,1,3,4,1,3,1990,2,2
1991,18,490001,1,2,2,2,1,1,3,4,1,3,1977,2,2
1991,19,490001,6,2,5,2,1,1,3,4,1,3,1988,2,2
1991,20,490001,2,2,5,2,1,1,3,4,1,3,1990,2,2
1991,21,490001,6,2,5,2,1,1,3,4,1,3,1981,2,2
1991,22,490001,2,2,2,2,1,1,3,4,1,3,1987,2,2
1991,23,490001,1,2,5,2,1,1,3,4,1,3,1985,2,2
1991,24,490001,1,2,2,2,1,1,3,4,1,3,1986,2,2
1991,1,490002,6,4,4,2,1,2,3,4,2,3,1981,2,2
1991,2,490002,1,2,2,2,2,2,3,4,1,3,1983,2,2
1991,1,490003,2,2,2,2,2,2,3,4,1,3,1988,2,2
1991,1,490004,4,3,2,2,1,1,3,4,2,3,1986,2,2
1991,2,490004,2,2,2,2,1,1,3,4,2,3,1967,2,2
1991,3,490004,1,2,2,2,1,1,3,4,2,3,1986,2,2
1991,1,490005,1,2,2,2,1,1,3,4,1,3,1986,2,2
1991,1,490007,2,1,1,1,1,1,3,4,1,3,1967,2,2
1991,1,490008,1,5,5,2,1,1,3,4,1,3,1984,2,2
1991,1,490009,1,2,2,2,1,1,3,4,2,3,1981,2,2
1991,1,490010,1,2,2,2,1,1,3,4,2,3,1976,2,1
1991,1,490011,6,2,2,2,1,1,3,4,2,3,1989,2,2
1991,1,490012,1,2,2,2,3,3,3,4,2,3,1990,2,2
1991,2,490012,1,2,2,2,1,1,3,4,2,3,1981,2,2
1991,1,490013,2,2,2,2,1,1,3,4,2,3,1972,2,2
1991,1,490014,1,2,2,2,1,1,3,4,2,3,1982,2,2
1991,1,490016,3,2,2,2,1,1,3,4,2,3,1985,2,2
1991,1,490017,1,1,1,1,1,1,3,4,1,3,1981,2,2
1991,1,490018,2,2,2,2,1,1,3,4,2,3,1987,2,2
1991,1,490020,2,1,1,1,1,1,3,4,2,3,1983,2,2
1991,1,490021,6,2,2,2,1,1,3,4,2,3,1990,2,2
1991,2,490021,1,5,5,2,1,1,3,4,1,3,1968,2,2
1991,1,490023,2,2,2,2,1,1,3,4,2,3,1980,2,2
1991,2,490023,1,5,5,2,1,1,3,4,2,3,1984,2,2
1991,3,490023,2,4,4,2,1,1,3,4,2,3,1979,2,2
1991,4,490023,1,2,2,2,1,1,3,4,2,3,1987,2,2
1991,1,490025,1,2,2,1,1,1,3,4,2,3,1989,2,1
1991,1,490026,1,2,2,2,1,1,3,4,1,3,1989,2,2
1991,1,490027,1,1,1,1,2,2,3,4,1,3,1967,2,2
1991,1,490028,1,2,2,2,1,1,3,4,2,3,1980,2,2
1991,1,490029,4,2,2,2,1,1,3,4,2,3,1988,2,2
1991,1,490030,3,2,2,2,1,1,3,4,2,3,1985,2,2
1991,2,490030,1,2,2,1,1,1,3,4,1,3,1987,2,1
1991,1,490031,1,2,3,2,2,2,3,4,1,3,1982,2,2
1991,2,490031,1,2,2,2,1,1,3,4,2,3,1989,2,2
1991,3,490031,2,2,2,2,1,1,3,4,2,3,1981,2,2
1991,4,490031,1,2,2,2,1,1,3,4,2,3,1983,2,2
1991,5,490031,2,2,2,2,1,1,3,4,2,3,1984,2,2
1991,1,490032,2,5,5,2,1,1,3,4,2,3,1990,2,2
1991,1,490033,3,1,1,1,1,1,3,4,1,3,1985,2,2
1991,1,490034,1,2,2,2,1,1,3,4,2,3,1980,2,2
1991,2,490034,4,2,2,1,1,1,3,4,2,3,1990,2,2
1991,3,490034,2,2,2,2,1,1,3,4,2,3,1988,2,2
1991,1,490035,6,4,4,2,1,1,3,4,2,3,1984,2,2
1991,1,490036,1,1,1,1,1,1,3,4,2,3,1982,2,2
1991,1,490037,9,2,2,2,2,2,3,4,2,3,1982,2,2
1991,1,490038,6,2,2,2,1,1,3,4,2,3,1979,2,2
1991,2,490038,1,2,2,2,1,1,3,4,2,3,1983,2,2
1991,1,490039,1,2,2,2,3,3,3,4,1,3,1990,2,2
1991,1,490040,2,2,2,2,1,1,3,4,2,3,1989,2,2
1991,2,490040,3,2,2,2,1,1,3,4,2,3,1988,2,2
1991,1,490041,8,2,2,2,1,1,3,4,2,1,1987,2,2
1991,1,490042,7,3,3,2,4,1,3,1,1,3,1991,2,2
1991,2,490042,1,2,2,2,1,1,3,4,2,3,1987,2,2
1991,3,490042,1,2,2,2,1,1,3,4,2,3,1978,2,2
1991,1,490043,3,2,2,2,1,1,3,4,2,3,1983,2,2
1991,1,490044,4,1,1,1,3,3,3,4,1,3,1987,2,2
1991,1,490045,1,2,2,2,1,1,3,4,2,3,1979,2,2
1991,2,490045,6,2,2,2,1,1,3,4,2,3,1982,2,2
1991,1,490046,4,1,1,1,1,1,3,4,2,3,1987,2,2
1991,1,490047,3,2,2,2,1,1,3,4,2,3,1987,2,2
1991,2,490047,7,2,2,2,4,1,3,1,2,3,1989,2,2
1991,1,490048,2,1,1,1,1,1,3,4,1,3,1990,2,2
1991,1,490049,1,3,3,2,1,1,3,4,2,3,1965,2,2
1991,2,490049,3,2,2,2,1,1,3,4,2,3,1988,2,2
1991,1,490050,2,2,2,2,1,1,3,4,2,3,1985,2,2
1991,2,490050,9,4,4,2,1,1,3,4,2,3,1985,2,2
1991,1,490051,1,5,5,2,1,1,3,4,2,3,1986,2,2
1991,2,490051,3,2,2,2,1,1,3,4,2,3,1986,2,2
1991,3,490051,1,2,2,2,1,1,3,4,2,3,1986,2,2
1991,1,490053,1,2,2,2,1,1,3,4,2,3,1970,2,2
1991,2,490053,6,2,2,2,1,1,3,4,2,3,1989,2,2
1991,1,490054,1,5,5,2,1,1,3,4,2,3,1984,2,2
1991,1,490055,2,3,3,2,1,1,3,4,1,3,1986,2,2
1991,2,490055,3,2,2,2,1,1,3,4,2,3,1987,2,2
1991,1,490056,4,2,2,2,1,1,3,4,2,3,1988,2,2
1991,1,490057,7,2,2,2,4,1,3,1,1,3,1985,2,2
1991,2,490057,3,4,4,2,1,1,3,4,2,3,1978,2,2
1991,1,490058,1,2,2,2,1,1,3,4,2,3,1978,2,2
1991,1,490059,1,4,4,2,2,2,3,4,1,3,1980,2,2
1991,2,490059,1,2,2,2,1,1,3,4,2,3,1982,2,2
1991,1,490060,6,2,2,2,1,1,3,4,2,3,1990,2,2
1991,2,490060,2,2,2,2,1,1,3,4,2,3,9999,2,2
1991,1,490061,2,2,2,2,1,1,3,4,2,3,1987,2,2
1991,2,490061,1,5,5,2,1,1,3,4,2,3,1982,2,2
1991,1,490062,1,5,5,2,1,1,3,4,2,3,1990,2,2
1991,2,490062,2,2,2,2,1,1,3,4,2,3,1979,2,2
1991,1,490063,7,1,1,2,4,1,3,1,2,3,1981,2,2
1991,1,490064,2,1,1,1,1,1,3,4,1,3,1990,2,2
1991,1,490065,1,1,1,1,2,2,3,4,1,3,1988,2,1
1991,1,490066,6,1,1,1,1,1,3,4,1,3,1989,2,2
1991,1,490067,1,1,1,1,1,1,3,4,1,3,1987,2,2
1991,1,490068,1,2,2,2,1,1,3,4,2,3,1991,2,2
1991,2,490068,4,2,2,2,1,1,3,4,2,3,1988,2,2
1991,3,490068,1,2,2,2,1,1,3,4,2,3,1975,2,2
1991,4,490068,1,2,2,2,1,1,3,4,2,3,1989,2,2
1991,5,490068,1,2,2,2,1,1,3,4,2,3,1985,2,2
1991,6,490068,1,2,2,2,1,1,3,4,2,3,1984,2,2
1991,7,490068,1,2,2,2,1,1,3,4,2,3,1990,2,2
1991,1,490069,6,2,2,1,1,1,3,4,2,3,1972,2,2
1991,2,490069,2,4,4,2,1,1,3,4,2,3,1985,2,2
1991,1,490070,1,2,2,2,3,3,3,4,2,3,1979,2,2
1991,1,490071,1,1,1,1,1,1,3,4,1,3,1983,2,2
1991,1,490072,1,2,2,2,1,1,3,4,2,3,1978,2,2
1991,2,490072,3,2,2,2,1,1,3,4,2,3,1988,2,2
1991,1,490073,1,2,2,2,1,1,3,4,1,3,1986,2,2
1991,2,490073,1,5,5,2,1,1,3,4,2,3,1980,2,2
1991,3,490073,1,2,2,2,1,1,3,4,2,3,1982,2,2
1991,1,490074,1,2,2,2,1,1,3,4,2,3,1990,2,2
1991,2,490074,1,2,2,2,1,1,3,4,2,3,1985,2,2
1991,1,490075,7,1,1,2,4,1,3,1,2,3,1988,2,2
1991,1,490076,2,2,2,2,2,2,3,4,2,3,1987,2,2
1991,2,490076,1,2,2,2,1,1,3,4,2,3,1990,2,2
1991,3,490076,6,4,4,2,1,1,3,4,2,3,1990,2,2
1991,1,490077,1,2,2,2,1,1,3,4,2,3,1986,2,2
1991,2,490077,1,2,2,2,1,1,3,4,2,3,1991,2,2
1991,1,490078,1,5,5,2,1,1,3,4,2,3,1978,2,2
1991,2,490078,1,2,2,2,1,1,3,4,2,3,1980,2,2
1991,3,490078,1,2,2,2,1,1,3,4,2,3,1989,2,2
1991,4,490078,1,2,2,2,1,1,3,4,2,3,1987,2,2
1991,1,490079,1,2,2,1,1,1,3,4,1,3,1990,2,1
1991,1,490081,1,1,1,1,1,1,3,4,2,3,1987,2,1
1991,1,490082,1,1,1,1,2,2,3,4,2,3,1979,2,2
1991,1,490083,1,1,1,1,1,2,3,4,2,3,1990,2,2
1991,1,490084,6,2,2,2,1,1,3,4,2,3,1983,2,1
1991,1,490085,7,2,2,2,4,1,3,1,2,3,1983,2,1
1991,1,490086,1,1,1,1,2,2,3,4,2,3,1979,2,2
1991,1,490087,1,2,2,2,1,1,3,4,2,3,1985,2,2
1991,2,490087,2,5,5,2,1,1,3,4,2,3,1971,2,2
1991,3,490087,2,2,2,2,1,1,3,4,2,3,1990,2,2
1991,1,490088,2,2,2,1,1,1,3,4,2,3,1985,2,2
1991,1,490089,2,1,1,2,1,1,3,4,2,3,1978,2,2
1991,1,490090,1,5,5,1,2,2,3,4,2,3,1972,2,2
1991,1,490091,4,1,1,1,1,1,3,4,1,3,1979,2,1
1991,1,490092,7,2,2,2,4,1,3,1,2,3,1979,2,2
1991,1,490093,6,4,4,2,1,1,3,4,2,3,1984,2,2
1991,2,490093,1,2,2,2,1,1,3,4,2,3,1988,2,1
1991,1,490094,3,1,1,1,2,2,3,4,1,3,1981,2,2
1991,1,490095,2,2,2,2,1,1,3,4,2,3,1985,2,2
1991,1,490096,1,2,2,2,1,1,3,4,2,3,1977,2,2
1991,1,490097,3,1,1,1,1,1,3,4,2,3,1970,2,2
1991,1,490099,6,2,2,2,1,1,3,4,2,3,1989,2,2
1991,2,490099,6,4,4,2,1,1,3,4,2,3,1989,2,2
1991,1,490100,1,2,2,2,3,3,3,4,2,3,1990,2,2
1991,2,490100,6,5,5,2,1,1,3,4,2,3,1989,2,2
1991,1,490101,2,2,2,2,1,1,3,4,2,3,1987,2,2
1991,2,490101,7,2,2,2,4,2,3,2,2,3,1991,2,2
1991,1,490102,7,2,2,2,4,2,3,2,1,3,1991,2,2
1991,1,490103,2,2,2,2,1,1,3,4,2,3,1986,2,2
1991,1,490104,2,1,1,1,2,2,3,4,1,3,1975,2,2
1991,1,490105,7,2,2,2,4,2,3,2,1,3,1980,2,2
1991,1,490106,1,2,2,2,1,1,3,4,2,3,1983,2,2
1991,2,490106,1,3,3,2,1,1,3,4,2,3,1984,2,2
1991,1,490107,2,2,2,1,1,1,3,4,1,3,1973,2,2
1991,1,490108,3,1,1,1,1,1,3,4,2,3,1991,2,1
1991,1,490109,4,1,1,1,1,1,3,4,1,3,1988,2,2
1991,1,490110,3,1,1,1,1,1,3,4,1,3,1986,2,1
1991,1,490111,3,1,1,1,1,1,3,4,2,3,1990,2,2
1991,1,490112,1,1,1,1,2,2,3,4,2,3,1984,2,2
1991,1,490113,7,2,2,2,4,1,3,1,2,3,1981,2,2
1991,1,490114,4,2,2,2,1,1,3,4,2,3,1989,2,2
1991,1,490115,7,2,2,2,4,2,3,2,2,3,1984,2,2
1991,2,490115,1,2,2,2,1,1,3,4,2,3,1976,2,2
1991,3,490115,4,2,2,2,1,1,3,4,2,3,1984,2,2
1991,1,490116,1,2,2,1,1,1,3,4,1,3,1978,2,2
1991,1,490117,3,1,1,1,1,1,3,4,1,3,1986,2,2
1991,1,490118,1,5,5,1,2,2,3,4,1,3,1985,2,2
1991,1,490120,1,1,1,1,1,1,3,4,1,3,1984,2,1
1991,1,490121,1,2,2,2,1,1,3,4,2,3,1989,2,2
1991,2,490121,1,2,2,2,1,1,3,4,2,3,1990,2,2
1991,3,490121,1,2,2,2,1,1,3,4,2,3,1988,2,2
1991,1,490122,1,2,2,2,1,1,3,4,2,3,1989,2,2
1991,2,490122,1,2,2,2,1,1,3,4,2,3,1976,2,2
1991,1,490123,7,2,2,2,4,1,3,1,2,3,1983,2,2
1991,2,490123,1,3,3,2,1,1,3,4,2,3,1984,2,2
1991,1,490124,2,1,1,1,1,1,3,4,1,3,1984,2,2
1991,1,490125,3,1,1,1,1,1,3,4,2,3,1988,2,1
1991,1,490126,7,2,2,2,4,1,3,1,2,3,1990,2,2
1991,2,490126,1,2,2,2,1,1,3,4,2,3,1988,2,2
1991,1,490127,1,2,2,2,1,1,3,4,2,3,1984,2,1
1991,1,490128,1,3,3,2,1,1,3,4,2,3,1981,2,2
1991,2,490128,2,2,2,2,1,1,3,4,2,3,1976,2,2
1991,1,490129,7,5,5,2,4,1,3,1,2,3,9999,2,2
1991,2,490129,9,2,2,2,3,3,3,4,2,3,9999,2,2
1991,1,490130,1,2,2,2,1,1,3,4,1,3,1987,2,2
1991,2,490130,1,2,2,2,1,1,3,4,2,3,1986,2,2
1991,1,490131,3,2,2,2,1,1,3,4,2,3,1991,2,2
1991,2,490131,1,3,3,2,1,1,3,4,2,3,1984,2,2
1991,1,490132,1,2,2,2,2,2,3,4,1,3,1979,2,2
1991,1,490133,1,2,2,2,2,2,3,4,1,3,1982,2,2
1991,2,490133,1,2,2,2,1,1,3,4,2,3,1988,2,2
1991,3,490133,1,4,4,2,3,3,3,4,2,3,1990,2,2
1991,4,490133,1,2,2,2,1,1,3,4,2,3,1990,2,2
1991,5,490133,1,2,2,2,1,1,3,4,2,3,1989,2,2
1991,6,490133,2,2,2,2,1,1,3,4,2,3,1986,2,2
1991,7,490133,1,7,7,2,1,1,3,4,2,3,1990,2,2
1991,1,490134,1,2,2,2,1,1,3,4,2,3,1972,2,2
1991,2,490134,3,5,5,2,1,1,3,4,2,3,1984,2,2
1991,1,490135,7,2,2,2,4,1,3,1,1,3,1985,2,2
1991,2,490135,1,2,2,2,1,1,3,4,2,3,1985,2,2
1991,1,490136,2,1,1,1,1,1,3,4,2,3,1985,2,2
1991,1,490137,1,3,3,2,1,1,3,4,2,3,1977,2,2
1991,2,490137,2,2,2,2,1,1,3,4,2,3,1988,2,2
1991,1,490138,1,2,2,2,1,1,3,4,2,3,1991,2,1
1991,1,490139,2,2,2,1,1,1,3,4,2,3,1984,2,2
1991,2,490139,4,4,4,2,1,1,3,4,2,3,1972,2,2
1991,1,490140,1,2,2,2,2,2,3,4,1,3,1990,2,2
1991,1,490141,2,3,3,2,1,1,3,4,2,3,1988,2,2
1991,2,490141,1,2,2,2,1,1,3,4,2,3,1990,2,2
1991,3,490141,7,2,2,2,4,1,3,1,2,3,1982,2,2
1991,1,490142,2,2,2,2,2,2,3,4,2,3,1978,2,2
1991,2,490142,7,2,2,2,4,2,3,2,2,3,1975,2,2
1991,1,490143,1,1,1,1,1,1,3,4,2,3,1991,2,2
1991,1,490144,1,1,1,1,1,1,3,4,1,3,1989,2,2
1991,1,490145,1,2,2,2,3,3,3,4,1,3,1991,2,2
1991,1,490146,2,1,1,1,1,1,3,4,2,3,1990,2,2
1991,1,490147,1,6,6,1,1,1,3,4,2,3,1984,2,2
1991,1,490148,1,6,5,2,1,1,3,4,1,3,1978,2,2
1991,1,490149,2,1,1,1,1,1,3,4,2,3,1986,2,2
1991,1,490150,2,2,2,2,1,1,3,4,2,3,1977,2,2
1991,2,490150,1,5,5,2,1,1,3,4,2,3,1989,2,2
1991,1,490151,1,2,2,2,1,1,3,4,1,3,1980,2,2
1991,1,490152,2,2,2,2,1,1,3,4,2,3,1968,2,2
1991,1,490153,2,2,2,1,2,2,3,4,1,3,1972,2,2
1991,1,490154,2,2,2,2,1,1,3,4,2,3,1976,2,2
1991,2,490154,7,2,2,2,4,1,3,1,2,3,1979,2,2
1991,1,490155,3,1,1,1,1,1,3,4,2,3,1983,2,2
1991,1,490156,1,5,5,2,1,1,3,4,2,3,1983,2,2
1991,1,490157,1,4,4,2,1,1,3,4,2,3,1988,2,2
1991,2,490157,7,2,2,2,4,1,3,1,2,3,1981,2,2
1991,1,490158,1,1,1,2,1,1,3,4,2,3,1991,2,2
1991,1,490159,1,1,1,1,3,3,3,4,1,3,1990,2,2
1991,1,490160,3,1,1,1,1,1,3,4,1,3,1984,2,2
1991,1,490161,1,2,2,2,1,1,3,4,2,3,1983,2,2
1991,2,490161,7,3,3,2,4,3,3,3,2,3,9999,2,2
1991,1,490162,1,2,2,2,1,1,3,4,2,3,1985,2,2
1991,1,490163,1,1,1,1,1,1,3,4,2,3,1990,2,1
1991,1,490164,1,1,1,1,1,1,3,4,2,3,1991,2,2
1991,1,490165,2,2,2,1,1,1,3,4,2,3,1973,2,2
1991,2,490165,6,5,5,2,1,1,3,4,2,3,1963,2,2
1991,3,490165,2,2,2,2,1,1,3,4,2,3,1979,2,2
1991,1,490166,1,5,5,2,1,1,3,4,2,3,1975,2,2
1991,2,490166,2,2,2,2,1,1,3,4,2,3,1988,2,2
1991,3,490166,2,2,2,2,1,1,3,4,2,3,1988,2,2
1991,4,490166,1,3,3,2,1,1,3,4,2,3,1990,2,2
1991,1,490167,1,2,2,2,1,1,3,4,2,3,1979,2,2
1991,2,490167,1,2,2,2,1,1,3,4,2,3,1989,2,2
1991,1,490168,2,1,1,2,1,1,3,4,2,3,1973,2,2
1991,2,490168,3,2,2,2,1,1,3,4,2,3,1987,2,2
1991,1,490169,1,2,2,1,1,1,3,4,1,3,1984,2,2
1991,1,490170,2,2,2,2,1,1,3,4,2,3,1976,2,2
1991,2,490170,2,4,4,1,1,1,3,4,2,3,1984,2,2
1991,1,490171,1,2,2,2,1,1,3,4,2,3,1973,2,2
1991,1,490172,1,5,5,1,1,1,3,4,1,3,1982,2,2
1991,1,490173,3,1,1,1,2,2,3,4,1,3,1985,2,1
1991,1,490174,1,1,1,1,2,2,3,4,2,3,1979,2,2
1991,1,490175,3,1,1,1,2,2,3,4,2,3,1987,2,2
1991,1,490176,2,1,1,1,1,1,3,4,2,3,1988,2,2
1991,1,490177,1,2,2,2,1,1,3,4,2,3,1981,2,2
1991,2,490177,7,2,2,2,4,1,3,1,2,3,1988,2,2
1991,1,490178,2,2,2,2,1,1,3,4,2,3,1986,2,2
1991,1,490179,2,2,2,2,1,1,3,4,1,3,1986,2,2
1991,2,490179,1,5,5,2,1,1,3,4,2,3,1986,2,2
1991,1,490180,2,1,1,1,1,1,3,4,2,3,1967,2,2
1991,1,490181,2,1,1,1,1,1,3,4,1,3,1991,2,2
1991,1,490182,3,5,5,2,2,2,3,4,2,3,1984,2,2
1991,2,490182,4,2,2,2,1,1,3,4,2,3,1987,2,2
1991,1,490183,3,2,2,2,1,1,3,4,2,3,1987,2,2
1991,1,490184,2,2,2,2,1,1,3,4,2,3,1972,2,2
1991,2,490184,1,5,5,2,1,1,3,4,2,3,1985,2,2
1991,3,490184,1,4,4,2,1,1,3,4,2,3,1986,2,2
1991,1,490185,2,2,2,1,3,3,3,4,2,3,1976,2,2
1991,1,490186,4,2,2,1,1,1,3,4,2,3,1986,2,2
1991,1,490187,1,1,1,1,1,1,3,4,1,3,1991,2,1
1991,1,490188,2,2,2,2,1,1,3,4,2,3,1987,2,2
1991,2,490188,6,5,5,2,1,1,3,4,2,3,1991,2,2
1991,1,490189,1,1,1,1,1,1,3,4,2,3,1990,2,1
1991,1,490190,2,2,2,2,1,1,3,4,2,3,1978,2,2
1991,2,490190,3,2,2,2,1,1,3,4,2,3,1985,2,2
1991,1,490191,1,1,1,1,1,1,3,4,2,3,1990,2,2
1991,1,490192,1,2,2,2,1,1,3,4,2,3,1990,2,2
1991,1,490193,3,1,1,1,1,1,3,4,2,3,1988,2,2
1991,1,490194,6,2,2,1,1,1,3,4,2,3,1992,2,1
1991,1,490195,1,1,1,1,2,2,3,4,1,3,1975,2,2
1991,1,490196,1,1,1,1,1,1,3,4,1,3,1987,2,1
1991,1,490197,8,2,2,2,1,1,3,4,2,3,1987,2,2
1991,1,490198,6,4,4,2,1,1,3,4,2,3,1989,2,2
1991,2,490198,4,2,4,2,1,1,3,4,1,3,1991,2,2
1991,3,490198,6,2,4,2,1,1,3,4,1,3,1990,2,2
1991,4,490198,1,2,2,2,1,1,3,4,1,3,1982,2,2
1991,1,490200,1,5,5,2,1,1,3,4,2,3,1979,2,2
1991,2,490200,2,2,2,2,1,1,3,4,2,3,1987,2,2
1991,1,490201,1,1,1,1,1,1,3,4,1,3,1990,2,2
1991,1,490202,1,1,1,1,1,1,3,4,1,3,1988,2,2
1991,1,490203,1,2,2,2,1,1,3,4,2,3,1988,2,2
1991,1,490204,2,2,2,2,1,1,3,4,2,3,1975,2,2
1991,1,490205,3,1,1,1,1,1,3,4,2,3,1991,2,1
1991,1,490206,4,2,2,2,1,1,3,4,2,3,1990,2,2
1991,2,490206,1,2,2,2,1,1,3,4,2,3,1978,2,2
1991,1,490207,1,3,3,2,1,1,3,4,1,3,1980,2,2
1991,2,490207,2,2,2,2,1,1,3,4,2,3,1975,2,2
1991,1,490208,1,3,2,2,2,2,3,4,1,3,1977,2,2
1991,1,490209,1,1,1,1,1,1,3,4,2,3,1974,2,2
1991,1,490210,1,2,2,2,3,3,3,4,2,3,1978,2,2
1991,1,490211,2,2,2,2,1,1,3,4,2,3,1981,2,2
1991,2,490211,1,2,2,2,1,1,3,4,2,3,1983,2,2
1991,1,490213,3,2,5,2,1,1,3,4,2,3,1990,2,2
1991,2,490213,6,2,2,2,1,1,3,4,2,3,1984,2,2
1991,3,490213,3,2,2,2,1,1,3,4,2,3,1978,2,2
1991,1,490214,1,1,1,1,1,1,3,4,2,3,1988,2,2
1991,1,490215,3,4,4,2,1,1,3,4,2,3,1991,2,2
1991,2,490215,3,2,2,2,1,1,3,4,2,3,1988,2,2
1991,3,490215,1,2,2,2,1,1,3,4,2,3,1991,2,2
1991,1,490216,3,2,2,1,2,2,3,4,2,3,1984,2,2
1991,1,490218,1,1,1,1,1,1,3,4,1,3,1992,2,1
1991,1,490219,2,2,2,2,1,1,3,4,2,3,1987,2,2
1991,1,490220,4,2,2,2,1,1,3,4,2,3,1987,2,2
1991,1,490221,1,5,5,2,1,1,3,4,2,3,1985,2,2
1991,2,490221,1,2,2,2,1,1,3,4,2,3,1990,2,2
1991,1,490222,3,1,1,1,1,1,3,4,1,3,1973,2,2
1991,1,490223,1,5,5,1,2,2,3,4,1,3,1991,2,2
1991,1,490224,1,2,2,2,1,1,3,4,2,3,1989,2,2
1991,1,490225,1,1,1,1,1,1,3,4,2,3,1986,2,1
1991,1,490226,1,2,2,2,1,1,3,4,2,3,1985,2,2
1991,1,490227,1,2,2,2,1,1,3,4,2,3,1988,2,2
1991,1,490228,1,2,2,2,1,1,3,4,2,3,1985,2,2
1991,1,490229,3,1,1,1,1,1,3,4,1,3,1970,2,2
1991,1,490231,9,2,2,2,2,2,3,4,1,3,9999,2,2
1991,2,490231,9,4,4,2,2,2,3,4,2,3,1982,2,2
1991,1,490232,1,2,2,2,2,2,3,4,2,3,1979,2,2
1991,2,490232,2,2,2,2,2,2,3,4,2,3,1984,2,2
1991,1,490233,1,2,2,2,1,1,3,4,2,3,1982,2,2
1991,1,490234,1,2,2,2,1,1,3,4,2,3,1988,2,2
1991,1,490235,2,1,1,1,1,1,3,4,1,3,1991,2,1
1991,1,490236,1,1,1,1,1,1,3,4,1,3,1981,2,1
1991,1,490237,1,2,2,2,1,1,3,4,2,3,1987,2,2
1991,1,490238,1,2,2,2,1,1,3,4,2,3,1991,2,2
1991,2,490238,6,4,4,2,1,1,3,4,2,3,1991,2,2
1991,1,490239,1,4,4,2,1,1,3,4,2,3,1987,2,2
1991,1,490240,6,2,2,2,1,1,3,4,2,3,1990,2,2
1991,2,490240,1,2,2,2,1,1,3,4,1,3,1978,2,2
1991,1,490241,1,1,1,1,2,2,3,4,2,3,1982,2,2
1991,1,490242,1,1,1,1,1,1,3,4,2,3,1989,2,2
1991,1,500001,1,3,3,2,2,2,3,4,1,3,1978,2,2
1991,1,500002,1,5,5,2,1,1,3,4,1,3,1988,2,2
1991,1,500003,1,3,3,2,1,1,3,4,1,3,1987,2,2
1991,1,500004,1,2,2,2,1,1,3,4,1,3,1987,2,2
1991,2,500004,1,5,5,2,1,1,3,4,2,3,1990,2,2
1991,3,500004,1,4,4,2,1,1,3,4,2,3,1979,2,2
1991,1,500005,1,2,2,2,1,1,3,4,2,3,1989,2,2
1991,1,500006,1,5,5,2,1,1,3,4,1,3,1987,2,2
1991,1,500007,1,2,7,1,1,1,3,4,2,3,1979,2,2
1991,1,500008,1,2,5,2,1,1,3,4,1,3,1986,2,2
1991,2,500008,2,2,2,2,1,1,3,4,2,3,1986,2,2
1991,1,500009,1,1,1,1,2,1,3,4,1,3,1990,2,2
1991,1,500010,1,2,2,2,1,1,3,4,2,3,1983,2,2
1991,1,500011,6,2,2,2,1,1,3,4,2,3,1989,2,2
1991,1,500012,1,2,2,2,1,1,3,4,2,3,1979,2,2
1991,1,500013,1,2,2,2,1,1,3,4,2,3,1990,2,2
1991,1,500014,2,2,2,2,1,1,3,4,2,3,1987,2,1
1991,2,500014,2,2,2,2,1,1,3,4,2,3,1981,2,2
1991,1,500015,2,6,6,1,1,1,3,4,2,3,1982,2,2
1991,1,500016,3,1,1,1,1,1,3,4,1,3,1986,2,2
1991,1,500017,1,6,6,1,1,1,3,4,1,3,1986,2,2
1991,1,500018,1,2,2,2,1,1,3,4,2,3,1984,2,2
1991,2,500018,1,3,3,2,1,1,3,4,2,3,1989,2,2
1991,1,500019,3,5,2,2,1,1,3,4,2,3,1987,2,1
1991,1,500020,1,2,2,2,1,1,3,4,2,3,1990,2,2
1991,1,500021,2,3,3,2,1,1,3,4,1,3,1989,2,2
1991,1,500022,1,4,7,1,1,1,3,4,1,3,1987,2,2
1991,1,500023,9,2,2,2,3,3,3,4,1,3,1982,2,2
1991,1,500024,1,1,1,1,1,1,3,4,2,3,1985,2,1
1991,1,500025,2,4,4,2,1,1,3,4,2,3,1978,2,2
1991,1,500026,1,5,2,1,2,2,3,4,2,3,1988,2,2
1991,1,500027,9,1,1,1,1,1,3,4,2,3,1968,2,2
1991,1,500029,9,4,4,2,3,3,3,4,2,3,1968,2,2
1991,2,500029,9,2,2,2,1,1,3,4,1,3,9999,2,2
1991,1,500030,1,2,7,1,1,1,3,4,2,3,1988,2,2
1991,1,500036,1,2,2,2,1,1,3,4,2,3,1977,2,2
1991,2,500036,6,2,2,2,1,1,3,4,2,3,1990,2,2
1991,1,500037,1,2,2,2,1,1,3,4,2,3,1980,2,2
1991,1,500038,1,3,3,2,1,1,3,4,1,3,1985,2,2
1991,2,500038,5,2,2,2,1,1,3,4,2,3,1989,2,2
1991,1,500039,2,2,7,1,1,1,3,4,2,3,1979,2,2
1991,1,500040,2,2,2,2,1,1,3,4,2,3,1988,2,2
1991,2,500040,1,2,2,2,1,1,3,4,2,3,1990,2,2
1991,1,500041,1,2,2,1,1,1,3,4,1,3,1982,2,2
1991,1,500042,7,7,7,2,4,1,3,1,1,3,1982,2,2
1991,1,500043,2,6,6,1,1,1,3,4,1,3,1989,2,2
1991,1,500044,1,2,2,2,1,1,3,4,1,3,1982,2,2
1991,2,500044,4,2,2,2,1,1,3,4,2,3,1985,2,2
1991,3,500044,4,2,2,2,1,1,3,4,2,3,1991,2,2
1991,1,500045,1,5,6,1,1,1,3,4,1,3,1984,2,2
1991,1,500046,1,2,2,1,1,1,3,4,2,3,1985,2,1
1991,2,500046,6,4,4,2,1,1,3,4,2,3,1989,2,2
1991,1,500047,6,1,1,1,1,1,3,4,2,3,1984,2,2
1991,1,500048,3,2,2,2,1,1,3,4,2,3,1987,2,1
1991,2,500048,1,2,3,2,1,1,3,4,2,3,1988,2,2
1991,1,500049,1,1,1,1,1,1,3,4,2,3,1981,2,2
1991,1,500050,9,7,7,1,2,1,3,4,1,3,1987,2,2
1991,1,500051,2,2,2,1,1,1,3,4,1,3,1991,2,2
1991,1,500052,9,7,7,2,3,3,3,4,2,3,9999,2,2
1991,1,500053,1,2,2,2,2,1,3,4,2,3,1986,2,2
1991,1,500054,1,6,6,1,1,1,3,4,1,3,1982,2,2
1991,1,500055,2,2,5,2,3,3,3,4,2,3,1983,2,2
1991,1,500056,1,1,1,1,1,1,3,4,1,3,1964,1,2
1991,2,500056,6,1,1,2,1,1,3,4,2,3,1984,2,2
1991,1,500057,1,2,2,2,1,1,3,4,2,3,1990,2,1
1991,2,500057,1,2,2,2,1,1,3,4,2,3,1987,2,2
1991,1,500058,6,2,2,2,1,2,3,4,2,3,1989,2,2
1991,2,500058,1,3,3,2,1,1,3,4,2,3,1985,2,2
1991,1,500059,1,1,1,1,1,1,3,4,2,3,1986,1,2
1991,1,500061,1,4,4,2,1,1,3,4,2,3,1986,2,2
1991,2,500061,2,4,4,1,1,1,3,4,2,3,1987,2,2
1991,3,500061,6,2,3,1,1,1,3,4,2,3,1975,2,2
1991,1,500062,4,2,2,1,1,1,3,4,1,3,1982,2,1
1991,2,500062,1,2,2,2,1,1,3,4,2,3,1987,2,2
1991,1,500063,2,2,2,2,2,2,3,4,2,3,1986,2,2
1991,2,500063,7,2,2,2,4,1,3,1,1,3,1984,2,2
1991,1,500064,1,5,5,1,1,1,3,4,2,3,1986,2,2
1991,2,500064,6,2,2,2,1,1,3,4,1,3,1989,2,2
1991,1,500065,1,4,5,1,1,1,3,4,2,3,1986,2,2
1991,2,500065,6,2,2,2,3,3,3,4,2,3,1986,2,2
1991,1,500066,1,2,2,2,1,1,3,4,1,3,1981,2,2
1991,1,500067,2,2,2,2,1,1,3,4,1,3,1986,2,1
1991,1,500068,1,1,1,1,1,1,3,4,1,3,1990,2,2
1991,1,500069,6,1,1,1,1,1,3,4,1,3,1991,2,2
1991,1,500071,6,4,2,2,1,1,3,4,2,3,1987,2,2
1991,2,500071,2,2,2,2,1,1,3,4,2,3,1985,2,2
1991,3,500071,2,4,4,2,1,1,3,4,2,3,1957,2,2
1991,1,500072,1,2,2,2,1,1,3,4,2,3,1989,2,1
1991,1,500073,1,5,5,2,1,1,3,4,2,3,1986,1,2
1991,2,500073,1,2,2,2,2,2,3,4,2,3,1983,2,2
1991,1,500074,6,5,5,2,1,1,3,4,2,3,1985,2,2
1991,2,500074,1,2,2,2,1,1,3,4,2,3,1987,1,2
1991,1,500075,2,2,2,2,1,1,3,4,2,3,1988,2,2
1991,1,500076,1,3,4,2,1,1,3,4,1,3,1987,2,2
1991,2,500076,1,2,2,2,1,1,3,4,2,3,1987,2,2
1991,1,500077,3,1,1,1,2,2,3,4,2,3,1989,2,2
1991,1,500078,1,5,5,2,1,1,3,4,2,3,1987,2,2
1991,2,500078,6,2,2,2,1,1,3,4,2,3,1981,2,2
1991,1,500079,1,2,2,2,1,1,3,4,2,3,1980,2,2
1991,2,500079,6,4,4,2,1,1,3,4,2,3,1985,2,2
1991,1,500080,2,2,2,2,1,1,3,4,2,3,1990,2,2
1991,2,500080,1,2,2,2,1,1,3,4,2,3,1978,2,2
1991,1,500081,1,1,1,1,1,1,3,4,1,3,1991,2,2
1991,1,500082,1,1,1,1,1,1,3,4,2,3,1991,2,1
1991,1,500083,1,3,3,2,1,1,3,4,1,3,1981,2,2
1991,1,500084,1,2,2,2,1,1,3,4,2,3,1988,2,2
1991,2,500084,1,2,2,2,1,1,3,4,2,3,1986,2,2
1991,3,500084,1,2,2,2,1,1,3,4,2,3,1991,2,2
1991,1,500085,1,2,2,2,1,1,3,4,2,3,1988,2,2
1991,1,500086,1,2,2,2,1,1,3,4,2,3,1984,2,2
1991,2,500086,1,5,5,2,1,1,3,4,2,3,1987,2,2
1991,1,500087,1,5,5,2,1,1,3,4,1,3,1986,2,2
1991,1,500088,1,2,3,2,1,1,3,4,1,3,1987,2,2
1991,1,500089,1,2,2,2,1,1,3,4,2,3,1987,2,2
1991,1,500090,1,7,7,2,1,1,3,4,2,3,1985,2,2
1991,1,500091,1,6,6,1,1,1,3,4,1,3,1988,2,2
1991,1,500092,1,2,2,2,1,1,3,4,2,3,1988,2,2
1991,1,500093,4,1,1,1,1,1,3,4,1,3,1988,1,2
1991,1,500094,1,5,2,2,1,1,3,4,2,3,1986,2,2
1991,2,500094,3,2,2,2,1,1,3,4,2,3,1991,2,2
1991,1,500095,4,5,5,2,1,1,3,4,2,3,1984,2,2
1991,2,500095,3,2,2,1,1,1,3,4,2,3,1991,2,2
1991,1,500096,1,2,6,2,1,1,3,4,1,3,1989,2,2
1991,1,500097,1,5,5,2,1,1,3,4,2,3,1991,2,2
1991,2,500097,1,2,2,2,1,1,3,4,2,3,1986,2,2
1991,1,500098,1,3,3,2,1,1,3,4,2,3,1987,2,2
1991,2,500098,2,2,2,2,1,1,3,4,2,3,1991,2,2
1991,1,500099,7,2,2,2,4,1,3,1,2,3,1986,2,2
1991,2,500099,2,3,2,2,1,1,3,4,2,3,1978,2,2
1991,1,500100,1,2,2,2,1,1,3,4,2,3,1983,2,2
1991,2,500100,1,4,4,2,1,1,3,4,2,3,1991,2,2
1991,1,500101,1,5,5,2,1,1,3,4,1,3,1978,2,2
1991,1,500102,3,7,7,1,1,1,3,4,1,3,1988,2,2
1991,1,500103,7,7,7,2,4,1,3,1,1,3,9999,2,2
1991,1,500104,1,2,2,2,1,1,3,4,2,3,1977,2,2
1991,1,500105,9,2,2,2,2,2,3,4,1,3,1990,2,2
1991,1,500106,1,2,2,2,1,1,3,4,2,3,1985,2,2
1991,2,500106,7,4,4,2,4,1,3,1,2,3,1978,2,2
1991,1,500108,2,2,2,2,1,1,3,4,2,3,1987,2,2
1991,1,500109,1,2,2,2,1,1,3,4,2,3,1984,2,2
1991,2,500109,7,4,4,2,4,1,3,1,2,3,1980,2,2
1991,1,510001,1,1,1,1,3,3,3,4,2,3,1985,2,2
1991,1,510002,1,2,2,1,2,2,3,4,1,3,1985,2,2
1991,2,510002,2,4,4,1,1,1,3,4,2,3,1989,2,2
1991,1,510004,2,2,4,2,1,1,3,4,2,3,1987,2,2
1991,2,510004,2,3,2,2,1,1,3,4,1,3,1987,2,2
1991,3,510004,1,4,4,2,1,1,3,4,2,3,1986,2,2
1991,1,510005,1,2,2,2,1,1,3,4,2,3,1983,2,2
1991,1,510006,1,5,5,2,1,1,3,4,2,3,1984,2,2
1991,1,510007,1,5,5,2,1,1,3,4,2,3,1987,2,2
1991,2,510007,1,2,2,2,1,1,3,4,2,3,1983,2,2
1991,1,510008,1,2,2,2,1,1,3,4,1,3,1978,2,2
1991,1,510009,2,5,5,2,1,1,3,4,2,3,1973,2,2
1991,1,510011,1,2,4,2,1,1,3,4,2,3,1986,2,2
1991,2,510011,1,2,2,2,1,1,3,4,2,3,1987,2,2
1991,3,510011,1,2,2,2,1,1,3,4,2,3,1988,2,2
1991,4,510011,6,3,3,2,2,2,3,4,2,3,1987,2,2
1991,1,510012,1,2,3,2,2,2,3,4,1,3,1982,2,2
1991,1,510013,2,2,2,2,2,2,3,4,2,3,1987,2,2
1991,2,510013,6,4,4,2,3,3,3,4,2,3,1989,2,2
1991,1,510014,1,2,2,2,1,1,3,4,2,3,1982,2,2
1991,2,510014,6,2,2,2,1,1,3,4,2,3,1989,2,2
1991,1,510015,2,2,2,2,1,1,3,4,2,3,1988,2,2
1991,1,510016,1,5,5,2,1,1,3,4,2,3,1983,2,2
1991,2,510016,6,2,2,2,2,2,3,4,2,3,1985,2,2
1991,1,510017,1,2,2,2,1,1,3,4,1,3,1987,2,2
1991,1,510018,9,2,2,2,3,3,3,4,2,3,9999,2,2
1991,1,510019,6,2,2,2,1,1,3,4,1,3,1991,2,2
1991,1,510021,3,2,2,1,1,1,3,4,1,3,1986,2,2
1991,1,510022,1,2,2,2,1,1,3,4,1,3,1984,2,2
1991,1,510023,1,2,2,2,1,1,3,4,2,3,1971,1,2
1991,1,510024,1,2,2,2,1,1,3,4,2,3,1989,2,2
1991,1,510025,2,2,2,2,1,1,3,4,2,3,1985,2,2
1991,2,510025,1,4,4,1,1,1,3,4,2,3,1989,2,2
1991,3,510025,1,2,2,2,1,1,3,4,2,3,1990,2,2
1991,1,510026,1,1,1,1,1,1,3,4,2,3,1977,1,2
1991,1,510027,1,5,4,2,1,1,3,4,2,3,1989,2,2
1991,2,510027,4,2,2,1,3,3,3,4,2,3,1986,2,2
1991,3,510027,2,5,5,2,1,1,3,4,2,3,1990,2,2
1991,1,510028,5,2,2,2,1,1,3,4,2,3,1989,2,2
1991,2,510028,2,5,5,2,1,1,3,4,2,3,1984,2,2
1991,1,510029,6,2,2,1,1,1,3,4,2,3,1987,2,1
1991,2,510029,3,5,5,2,1,1,3,4,2,3,1977,2,2
1991,1,510030,1,2,2,2,1,1,3,4,2,3,1985,1,2
1991,2,510030,6,4,4,2,1,1,3,4,2,3,1986,2,2
1991,1,510031,1,3,3,2,1,1,3,4,2,3,1984,1,2
1991,2,510031,1,2,2,2,1,1,3,4,2,3,1976,1,2
1991,1,510032,1,2,2,2,1,1,3,4,2,3,1978,1,2
1991,1,510033,1,5,5,2,2,2,3,4,1,3,1978,2,2
1991,1,510034,2,2,2,2,1,1,3,4,2,3,1986,1,2
1991,1,510035,2,2,3,2,1,1,3,4,1,3,1980,2,2
1991,1,510036,1,3,3,2,1,1,3,4,2,3,1972,2,2
1991,2,510036,4,2,2,2,1,1,3,4,2,3,1984,2,2
1991,1,510037,1,2,2,2,2,2,3,4,1,3,1989,2,2
1991,2,510037,6,4,4,2,1,1,3,4,2,3,1983,2,2
1991,1,510038,2,2,2,2,1,1,3,4,2,3,1985,1,2
1991,1,510039,1,5,5,2,2,2,3,4,2,3,1984,2,2
1991,2,510039,4,2,2,2,1,1,3,4,2,3,1984,2,2
1991,1,510040,2,3,3,2,1,1,3,4,2,3,1980,2,2
1991,1,510041,1,2,2,2,1,1,3,4,2,3,1983,2,2
1991,2,510041,6,5,5,2,1,1,3,4,2,3,1986,2,2
1991,1,510042,6,2,2,2,1,1,3,4,2,3,1986,1,2
1991,2,510042,9,4,4,2,1,1,3,4,2,3,9999,2,2
1991,1,510043,1,5,3,2,1,1,3,4,2,3,1980,2,2
1991,2,510043,1,2,3,2,1,1,3,4,2,3,1979,2,2
1991,3,510043,1,2,2,2,1,1,3,4,2,3,1979,2,2
1991,1,510044,1,4,2,1,1,1,3,4,1,3,1979,2,2
1991,1,510045,2,2,2,2,1,1,3,4,2,3,1990,2,2
1991,2,510045,1,2,2,2,1,1,3,4,2,3,1980,2,2
1991,1,510046,1,2,2,1,1,1,3,4,2,3,1988,2,2
1991,1,510047,1,2,2,2,1,1,3,4,1,3,1990,2,2
1991,1,510048,1,2,2,2,1,1,3,4,1,3,1988,2,2
1991,1,510049,1,2,2,1,1,1,3,4,1,3,1991,2,2
1991,1,510050,1,2,2,2,1,1,3,4,2,3,1989,2,2
1991,1,510051,2,2,2,2,1,1,3,4,1,3,1986,2,2
1991,1,510052,6,2,2,2,1,1,3,4,2,3,1988,2,2
1991,2,510052,3,2,2,2,1,1,3,4,2,3,1985,2,2
1991,1,510053,2,3,3,2,1,1,3,4,1,3,1981,2,2
1991,1,510054,1,5,5,2,1,1,3,4,2,3,1981,2,2
1991,2,510054,2,2,2,2,1,1,3,4,2,3,1966,2,2
1991,3,510054,1,5,5,2,1,1,3,4,2,3,1972,2,2
1991,1,510055,1,3,3,2,1,1,3,4,1,3,1985,2,2
1991,2,510055,3,2,2,2,1,1,3,4,2,3,1987,2,2
1991,1,510056,2,2,2,2,1,1,3,4,2,3,1987,2,2
1991,2,510056,1,3,3,2,1,1,3,4,1,3,1978,2,2
1991,1,510057,1,2,2,2,1,1,3,4,2,3,1981,2,2
1991,2,510057,1,2,2,2,1,1,3,4,2,3,1977,2,2
1991,1,510058,1,2,2,2,1,1,3,4,2,3,1985,2,2
1991,1,510059,1,2,2,2,1,1,3,4,2,3,1979,1,2
1991,2,510059,1,2,7,2,1,1,3,4,2,3,1983,2,2
1991,3,510059,1,2,2,2,1,1,3,4,2,3,1987,2,2
1991,1,510060,1,2,2,1,1,1,3,4,1,3,1984,2,2
1991,1,510061,2,1,1,1,1,1,3,4,1,3,1976,2,2
1991,1,510062,1,2,2,1,1,1,3,4,1,3,1986,2,2
1991,1,510063,1,2,2,1,1,1,3,4,2,3,1981,1,2
1991,1,510064,1,3,3,2,1,1,3,4,2,3,1984,2,2
1991,2,510064,1,2,2,2,1,1,3,4,2,3,1974,2,2
1991,1,510065,7,2,2,2,4,1,3,1,1,3,1990,2,2
1991,1,510066,1,2,2,2,2,2,3,4,2,3,1987,2,2
1991,1,510067,1,2,2,1,1,1,3,4,1,3,1986,2,2
1991,1,510068,1,1,1,1,1,1,3,4,2,3,1990,1,2
1991,1,510069,1,2,2,1,1,1,3,4,1,3,1986,2,2
1991,1,510070,1,2,2,2,1,1,3,4,2,3,1991,2,2
1991,2,510070,1,5,5,2,1,1,3,4,2,3,1988,2,2
1991,1,510071,2,2,2,2,1,1,3,4,2,3,1976,2,2
1991,2,510071,6,2,2,2,1,1,3,4,2,3,1979,2,2
1991,1,510072,4,2,2,1,1,1,3,4,2,3,1968,1,2
1991,1,510073,1,2,4,2,1,1,3,4,2,3,1983,2,2
1991,2,510073,6,5,5,2,1,1,3,4,2,3,1981,2,2
1991,3,510073,2,2,2,2,1,1,3,4,2,3,1987,2,2
1991,1,510074,2,2,2,1,1,1,3,4,2,3,1988,2,2
1991,1,510075,1,3,3,2,1,1,3,4,2,3,1988,2,2
1991,2,510075,2,2,2,2,1,1,3,4,2,3,1985,2,2
1991,1,510076,1,2,2,1,2,2,3,4,2,3,1984,2,2
1991,1,510077,1,3,3,2,1,1,3,4,2,3,1980,1,2
1991,2,510077,2,2,2,2,1,1,3,4,2,3,1986,2,2
1991,1,510078,1,5,5,1,1,1,3,4,1,3,1964,2,2
1991,1,510079,4,2,2,2,1,1,3,4,1,3,1988,2,2
1991,1,510080,1,5,5,2,1,1,3,4,2,3,1988,2,2
1991,2,510080,1,2,2,2,1,1,3,4,2,3,1990,2,2
1991,1,510081,1,5,5,2,1,1,3,4,2,3,1982,2,2
1991,2,510081,6,2,2,2,1,1,3,4,2,3,1976,2,2
1991,1,510082,1,2,2,2,1,1,3,4,2,3,1985,2,2
1991,2,510082,1,2,2,2,1,1,3,4,2,3,1984,2,2
1991,1,510083,1,2,2,2,1,1,3,4,2,3,1987,2,2
1991,2,510083,6,2,2,2,1,1,3,4,2,3,1960,2,2
1991,1,510084,2,6,6,1,1,1,3,4,1,3,1985,2,2
1991,1,510085,2,2,2,2,1,1,3,4,2,3,1973,2,2
1991,2,510085,1,4,4,2,1,1,3,4,2,3,1985,2,2
1991,1,510086,6,2,2,2,1,1,3,4,2,3,1988,2,2
1991,2,510086,6,6,6,1,1,1,3,4,2,3,1985,2,2
1991,1,510087,2,1,1,1,1,1,3,4,1,3,1978,2,2
1991,1,510088,1,2,2,1,1,1,3,4,2,3,1986,2,2
1991,1,510089,1,2,2,2,1,1,3,4,1,3,1981,2,2
1991,1,510090,1,2,2,2,1,1,3,4,2,3,1988,2,2
1991,1,510091,3,2,2,1,1,1,3,4,2,3,1984,1,2
1991,1,510092,1,3,4,2,2,2,3,4,2,3,1986,1,2
1991,1,510093,1,2,2,2,1,1,3,4,2,3,1991,2,2
1991,2,510093,1,2,2,2,1,1,3,4,2,3,1978,2,2
1991,1,510094,1,2,2,2,1,1,3,4,2,3,1985,2,2
1991,2,510094,2,2,2,2,2,2,3,4,2,3,1974,2,2
1991,1,510095,2,1,1,1,1,1,3,4,2,3,1991,1,2
1991,1,510096,1,2,2,2,1,1,3,4,2,3,1981,1,2
1991,1,510098,4,1,1,1,1,1,3,4,2,3,1987,2,2
1991,1,510099,3,2,2,2,1,1,3,4,2,3,1989,2,2
1991,2,510099,1,2,2,2,1,1,3,4,2,3,1981,2,2
1991,1,510100,1,2,2,2,1,1,3,4,2,3,1989,2,2
1991,1,510101,2,2,2,2,1,1,3,4,2,3,1976,2,2
1991,1,510102,1,3,3,2,1,1,3,4,2,3,1985,2,2
1991,1,510103,1,3,3,2,1,1,3,4,1,3,1990,2,2
1991,1,510104,2,2,2,1,1,1,3,4,2,3,1991,2,2
1991,1,510105,1,2,2,2,1,1,3,4,2,3,1984,2,2
1991,1,510106,1,2,2,1,1,1,3,4,1,3,1991,2,2
1991,1,510107,1,2,5,2,1,1,3,4,1,3,1989,2,2
1991,1,510108,1,2,2,2,3,3,3,4,2,3,1981,2,2
1991,2,510108,1,2,2,2,1,1,3,4,2,3,1979,2,2
1991,1,510109,1,4,4,2,1,1,3,4,2,3,1991,2,2
1991,2,510109,6,4,4,2,1,1,3,4,2,3,1981,2,2
1991,1,510110,6,2,2,2,1,1,3,4,2,3,1989,1,2
1991,1,510111,2,3,3,2,1,1,3,4,1,3,1988,2,2
1991,2,510111,3,2,2,2,1,1,3,4,2,3,1983,2,2
1991,1,510112,1,2,2,2,2,2,3,4,2,3,1981,2,2
1991,2,510112,1,5,5,2,1,1,3,4,2,3,1984,1,2
1991,1,510113,1,2,2,2,2,2,3,4,2,3,1987,2,2
1991,2,510113,1,2,2,2,1,1,3,4,2,3,1978,2,2
1991,1,510114,1,2,2,2,1,1,3,4,2,3,1990,2,2
1991,1,510115,6,2,2,1,1,1,3,4,2,3,1984,2,2
1991,1,510116,1,2,2,2,1,1,3,4,2,3,1986,2,2
1991,1,510117,1,2,2,1,1,1,3,4,2,3,1981,2,2
1991,2,510117,1,2,2,2,1,1,3,4,2,3,1976,2,2
1991,1,510118,1,4,4,2,1,1,3,4,2,3,1989,2,2
1991,2,510118,2,2,2,2,1,1,3,4,1,3,1967,2,2
1991,1,510119,2,4,4,2,1,1,3,4,2,3,1987,2,2
1991,2,510119,7,2,2,2,4,1,3,1,1,3,1985,2,2
1991,1,510120,1,2,2,2,1,1,3,4,1,3,1982,2,2
1991,1,510121,4,2,2,2,1,1,3,4,2,3,1978,2,2
1991,1,510122,2,5,2,1,1,1,3,4,1,3,1990,2,2
1991,1,510123,2,2,2,2,1,1,3,4,2,3,1972,2,2
1991,1,510124,1,3,3,1,1,1,3,4,1,3,1988,2,2
1991,1,510125,1,2,2,2,1,1,3,4,2,3,1987,2,2
1991,2,510125,1,2,2,2,1,1,3,4,2,3,1985,2,2
1991,1,510126,2,2,2,2,1,1,3,4,1,3,1978,2,2
1991,1,510127,1,4,2,2,1,1,3,4,1,3,1983,2,2
1991,2,510127,2,2,2,2,1,1,3,4,2,3,1981,2,2
1991,1,510128,1,2,2,2,1,1,3,4,2,3,1985,1,2
1991,2,510128,1,2,2,2,1,1,3,4,2,3,1991,2,2
1991,1,510129,1,2,2,2,1,1,3,4,2,3,1979,2,2
1991,1,510130,1,2,2,2,1,1,3,4,2,3,1985,2,2
1991,1,510131,1,2,2,2,1,1,3,4,2,3,1987,1,2
1991,2,510131,1,4,4,2,2,2,3,4,2,3,1974,2,2
1991,3,510131,6,2,2,2,1,1,3,4,2,3,1984,2,2
1991,1,510133,1,1,1,1,3,3,3,4,2,3,1977,2,2
1991,1,510134,1,3,3,2,1,1,3,4,2,3,1979,2,2
1991,1,510135,1,1,1,1,2,2,3,4,1,3,1984,2,2
1991,1,510136,1,5,5,2,2,2,3,4,1,3,1988,2,2
1991,1,510137,1,2,2,2,1,1,3,4,2,3,1988,2,2
1991,2,510137,2,5,5,2,1,1,3,4,2,3,1985,2,2
1991,1,510138,1,5,5,2,1,1,3,4,2,3,1987,2,2
1991,2,510138,1,2,2,2,1,1,3,4,2,3,1989,2,2
1991,1,510139,1,2,2,2,1,1,3,4,1,3,1979,2,2
1991,1,510140,1,2,2,1,1,1,3,4,2,3,1976,2,2
1991,1,510141,1,2,2,1,2,2,3,4,1,3,1989,2,2
1991,1,510142,2,2,2,2,1,1,3,4,2,3,1990,2,2
1991,2,510142,2,4,4,2,1,1,3,4,2,3,1980,2,2
1991,3,510142,1,2,2,2,1,1,3,4,2,3,1989,2,2
1991,1,510143,1,2,2,1,1,1,3,4,1,3,1989,2,2
1991,1,510144,1,5,5,1,1,1,3,4,1,3,1988,2,2
1991,1,510145,1,5,4,2,2,2,3,4,2,3,1988,2,2
1991,1,510146,1,2,2,1,1,1,3,4,1,3,1990,2,2
1991,1,510147,1,2,2,2,1,1,3,4,2,3,1984,1,2
1991,1,510148,6,2,2,2,1,1,3,4,2,3,1978,2,2
1991,2,510148,6,2,2,2,1,1,3,4,2,3,1987,2,2
1991,1,510149,1,2,2,2,1,1,3,4,2,3,1977,2,2
1991,2,510149,1,2,2,2,1,1,3,4,2,3,1990,2,2
1991,1,510150,1,3,3,2,1,1,3,4,2,3,1982,2,2
1991,1,510151,1,1,1,1,1,1,3,4,1,3,1983,2,2
1991,1,510152,1,2,2,2,1,1,3,4,2,3,1981,1,2
1991,1,510153,2,6,6,2,1,1,3,4,2,3,1990,2,2
1991,1,510154,3,2,2,1,1,1,3,4,2,3,1989,1,2
1991,1,510155,1,2,2,2,1,1,3,4,2,3,1986,2,2
1991,1,510156,1,2,5,2,1,1,3,4,2,3,1986,1,2
1991,1,510157,1,2,2,2,1,1,3,4,2,3,1989,2,2
1991,2,510157,3,2,2,2,1,1,3,4,2,3,1983,2,2
1991,1,510158,1,1,1,1,1,1,3,4,1,3,1990,2,2
1991,1,510159,1,2,2,2,1,1,3,4,1,3,1985,2,2
1991,1,510160,6,2,2,2,1,1,3,4,2,3,1982,2,2
1991,2,510160,1,5,5,2,1,1,3,4,2,3,1986,2,2
1991,1,510161,4,2,2,2,1,1,3,4,2,3,1982,2,2
1991,1,510162,1,1,1,2,1,1,3,4,2,3,1979,2,2
1991,1,510163,1,2,2,2,1,1,3,4,2,3,1978,1,2
1991,2,510163,6,4,4,2,1,1,3,4,2,3,1986,2,2
1991,1,510164,1,5,5,2,1,1,3,4,1,3,1987,2,2
1991,1,510165,1,2,2,2,1,1,3,4,2,3,1991,2,2
1991,1,510167,7,2,2,2,4,1,3,1,2,3,1990,2,2
1991,2,510167,1,2,2,2,1,1,3,4,2,3,1986,2,2
1991,1,510168,1,5,5,2,1,1,3,4,2,3,1982,2,2
1991,2,510168,1,2,2,2,1,1,3,4,2,3,1988,2,2
1991,1,510169,6,2,2,2,1,1,3,4,2,3,1979,2,2
1991,2,510169,1,2,2,2,1,1,3,4,1,3,1991,2,2
1991,1,510170,4,2,2,2,1,1,3,4,2,3,1991,2,2
1991,2,510170,1,5,5,2,1,1,3,4,2,3,1986,2,2
1991,1,510171,2,2,2,2,1,1,3,4,2,3,1989,2,2
1991,2,510171,4,2,2,2,1,1,3,4,2,3,1986,2,2
1991,1,510172,2,2,2,1,1,1,3,4,2,3,1986,1,2
1991,1,510173,4,2,2,1,1,1,3,4,2,3,1985,1,2
1991,1,510174,3,1,1,1,1,1,3,4,2,3,1982,2,2
1991,1,510175,1,2,2,2,1,1,3,4,2,3,1971,2,2
1991,2,510175,3,2,2,2,1,1,3,4,2,3,1987,2,2
1991,1,510176,1,2,2,2,2,2,3,4,1,3,1977,2,2
1991,1,510177,7,2,2,2,4,1,3,1,2,3,1990,1,2
1991,1,510178,1,6,6,1,1,1,3,4,1,3,1987,2,2
1991,1,510179,1,2,2,2,2,2,3,4,1,3,1982,2,2
1991,1,510180,2,2,2,1,1,1,3,4,2,3,1980,1,2
1991,1,510181,1,3,2,2,1,1,3,4,2,3,1977,2,2
1991,2,510181,1,2,2,2,2,2,3,4,2,3,1971,2,2
1991,1,510182,1,2,2,2,3,3,3,4,2,3,1989,1,2
1991,1,510183,6,2,2,2,1,1,3,4,2,3,1989,2,2
1991,2,510183,1,3,3,2,1,1,3,4,2,3,1986,2,2
1991,1,510184,2,1,1,1,1,1,3,4,2,3,1967,1,2
1991,1,510185,7,2,2,2,4,2,3,2,1,3,1982,2,2
1991,1,510186,1,2,2,1,1,1,3,4,2,3,1983,2,2
1991,1,510187,2,2,2,2,1,1,3,4,2,3,1968,2,2
1991,1,510188,1,2,2,2,1,1,3,4,1,3,1985,2,2
1991,1,510189,1,2,2,2,1,1,3,4,1,3,1979,2,2
1991,1,510190,2,2,2,2,1,1,3,4,2,3,1980,1,2
1991,1,510191,1,2,2,2,1,1,3,4,2,3,1976,2,2
1991,2,510191,7,4,4,2,4,2,3,2,2,3,1982,2,2
1991,1,510192,1,2,2,1,1,1,3,4,2,3,1989,1,2
1991,1,510193,1,2,2,2,1,1,3,4,2,3,1976,2,2
1991,2,510193,2,2,2,2,1,1,3,4,2,3,1974,2,2
1991,1,510194,7,2,2,2,4,2,3,2,1,3,1985,2,2
1991,1,510195,7,2,2,2,4,1,3,1,2,3,1987,2,2
1991,2,510195,7,2,2,2,4,1,3,1,2,3,1990,2,2
1991,3,510195,6,5,5,2,1,1,3,4,2,3,1989,2,2
1991,1,510196,2,2,2,2,1,1,3,4,2,3,1986,2,2
1991,2,510196,2,2,2,2,2,2,3,4,2,3,1976,2,2
1991,1,510197,1,2,2,2,1,1,3,4,2,3,1981,2,2
1991,1,510198,1,2,2,2,1,1,3,4,2,3,1970,2,2
1991,1,510199,1,2,2,2,1,1,3,4,2,3,1990,2,2
1991,2,510199,3,2,2,2,1,1,3,4,2,3,1986,2,2
1991,1,510200,2,2,2,1,1,1,3,4,2,3,1976,2,2
1991,1,510201,1,2,2,2,1,1,3,4,1,3,1987,2,2
1991,1,510202,6,1,1,1,1,1,3,4,1,3,1980,2,2
1991,1,510203,1,2,2,2,1,1,3,4,2,3,1989,1,2
1991,1,510204,1,2,2,2,1,1,3,4,2,3,1980,2,2
1991,2,510204,2,2,2,2,1,1,3,4,1,3,1989,2,2
1991,1,510205,1,2,2,2,1,1,3,4,1,3,1987,2,2
1991,1,510206,2,2,2,2,1,1,3,4,2,3,1990,1,2
1991,1,510207,1,3,3,2,1,1,3,4,2,3,1989,2,2
1991,2,510207,6,2,2,2,1,1,3,4,2,3,1972,2,2
1991,1,510208,1,2,2,2,1,1,3,4,1,3,1989,2,2
1991,2,510208,6,2,2,2,1,1,3,4,2,3,1980,2,2
1991,1,510209,1,2,2,2,1,1,3,4,2,3,1973,2,2
1991,2,510209,4,2,2,2,1,1,3,4,2,3,1987,2,2
1991,1,510210,2,2,2,2,1,1,3,4,2,3,1985,2,2
1991,1,510211,2,2,2,2,1,1,3,4,1,3,1988,2,2
1991,1,510212,2,2,2,2,1,1,3,4,1,3,1984,2,2
1991,1,510213,1,5,5,2,1,1,3,4,2,3,1987,2,2
1991,2,510213,2,2,2,2,1,1,3,4,2,3,1990,2,2
1991,1,510214,2,2,2,2,1,1,3,4,2,3,1986,1,2
1991,1,510215,6,2,2,2,1,1,3,4,1,3,1989,2,2
1991,1,510216,1,2,2,2,1,1,3,4,2,3,1990,2,2
1991,2,510216,4,2,2,2,1,1,3,4,1,3,1986,2,2
1991,1,510217,1,2,2,2,1,1,3,4,1,3,1987,2,2
1991,1,510218,1,2,2,2,2,2,3,4,1,3,1980,2,2
1991,1,510219,1,2,2,1,1,1,3,4,2,3,1974,2,2
1991,1,510220,1,2,2,2,1,1,3,4,2,3,1980,2,2
1991,1,510221,3,2,2,1,2,2,3,4,1,3,1989,2,2
1991,1,510222,1,2,2,1,1,1,3,4,1,3,1985,2,2
1991,1,510223,1,2,2,2,1,1,3,4,2,3,1981,2,2
1991,2,510223,1,2,2,2,1,1,3,4,2,3,1981,2,2
1991,3,510223,1,2,2,2,1,1,3,4,2,3,1990,2,2
1991,1,510224,1,2,2,2,1,1,3,4,2,3,1983,1,2
1991,1,510225,1,2,2,2,1,1,3,4,2,3,1984,2,2
1991,2,510225,1,2,2,2,1,1,3,4,2,3,1988,2,2
1991,1,510226,2,2,2,2,1,1,3,4,2,3,1985,2,2
1991,2,510226,2,3,3,2,1,1,3,4,2,3,1974,2,2
1991,1,510227,7,2,2,2,4,1,3,1,2,3,1985,1,2
1991,1,510228,1,2,2,2,1,1,3,4,2,3,1982,2,2
1991,1,510229,1,2,2,2,1,1,3,4,2,3,1989,2,2
1991,2,510229,1,3,3,2,1,1,3,4,2,3,1972,2,2
1991,1,510230,1,2,2,2,1,1,3,4,2,3,1986,2,2
1991,2,510230,1,2,2,2,1,1,3,4,2,3,1983,2,2
1991,1,510231,1,5,5,1,1,1,3,4,2,3,1991,1,2
1991,1,510232,1,1,1,1,3,3,3,4,1,3,1988,2,2
1991,1,510233,1,2,2,2,1,1,3,4,2,3,1990,2,2
1991,1,510234,1,2,2,2,1,1,3,4,2,3,1990,2,2
1991,1,510235,1,5,5,2,1,1,3,4,2,3,1989,1,2
1991,1,510236,1,2,2,2,1,1,3,4,2,3,1982,1,2
1991,1,510237,7,2,2,2,4,2,3,2,1,3,1990,2,2
1991,2,510237,4,2,2,2,1,1,3,4,2,3,1976,2,2
1991,1,510238,2,5,5,2,1,1,3,4,1,3,1990,2,2
1991,1,510239,2,2,2,2,2,2,3,4,2,3,1980,2,2
1991,2,510239,2,2,2,2,1,1,3,4,2,3,1981,2,2
1991,1,510240,1,2,2,2,1,1,3,4,2,3,1987,2,2
1991,2,510240,7,2,2,2,4,2,3,2,2,3,1991,2,2
1991,1,510241,1,2,2,2,1,1,3,4,2,3,1978,2,2
1991,1,510242,1,2,2,2,1,1,3,4,2,3,1984,2,2
1991,2,510242,1,2,2,2,1,1,3,4,2,3,1986,2,2
1991,1,510243,2,2,2,2,1,1,3,4,1,3,1989,2,2
1991,2,510243,2,2,2,2,1,1,3,4,2,3,1990,2,2
1991,1,510244,1,2,2,2,1,1,3,4,1,3,1981,2,2
1991,2,510244,3,2,2,2,1,1,3,4,2,3,1984,2,2
1991,1,510245,1,2,2,2,1,1,3,4,2,3,1982,1,2
1991,1,510246,2,2,2,2,1,1,3,4,2,3,1971,2,2
1991,2,510246,1,2,2,2,1,1,3,4,2,3,1978,2,2
1991,3,510246,1,2,2,2,1,1,3,4,2,3,1991,2,2
1991,1,510247,1,2,2,1,1,1,3,4,1,3,1990,2,2
1991,1,510249,1,2,2,2,1,1,3,4,2,3,1986,2,2
1991,1,510250,1,5,5,2,1,1,3,4,2,3,1990,2,2
1991,2,510250,2,2,2,2,1,1,3,4,2,3,1972,2,2
1991,1,510251,6,2,2,2,1,1,3,4,2,3,1979,2,2
1991,2,510251,1,3,3,2,1,1,3,4,2,3,1978,2,2
1991,1,510252,1,3,3,2,1,1,3,4,2,3,1981,2,2
1991,2,510252,1,2,2,2,1,1,3,4,2,3,1990,2,2
1991,1,510253,2,1,1,1,1,1,3,4,2,3,1984,2,2
1991,1,510254,6,4,4,2,1,1,3,4,2,3,1989,2,2
1991,2,510254,7,2,2,2,4,1,3,1,2,3,1988,2,2
1991,1,510255,1,5,5,2,1,1,3,4,1,3,1976,2,2
1991,1,510256,6,2,2,2,1,1,3,4,2,3,1980,2,2
1991,2,510256,1,5,5,2,1,1,3,4,2,3,1988,2,2
1991,1,510257,1,1,1,1,1,1,3,4,2,3,1981,1,2
1991,1,510258,3,2,2,2,1,1,3,4,2,3,1986,2,2
1991,2,510258,3,2,2,2,1,1,3,4,2,3,1989,2,2
1991,3,510258,1,2,2,1,1,1,3,4,2,3,1982,2,2
1991,1,510259,1,3,3,1,1,1,3,4,1,3,1980,2,2
1991,1,510260,2,2,2,2,1,1,3,4,1,3,1988,2,2
1991,1,510261,1,3,3,2,1,1,3,4,2,3,1987,1,2
1991,1,510262,1,2,2,2,2,2,3,4,2,3,1987,2,2
1991,1,510263,1,2,2,1,1,1,3,4,2,3,1979,1,2
1991,1,510264,1,2,2,2,2,2,3,4,1,3,1977,2,2
1991,1,510265,1,2,2,2,1,1,3,4,1,3,1971,2,2
1991,1,510266,2,2,2,2,1,1,3,4,1,3,1984,2,2
1991,1,510267,1,2,2,2,1,1,3,4,2,3,1983,2,2
1991,2,510267,7,2,2,2,4,1,3,1,2,3,1982,2,2
1991,1,510268,2,1,1,2,1,1,3,4,2,3,1972,2,2
1991,1,510269,1,2,2,2,1,1,3,4,2,3,1983,2,2
1991,2,510269,1,2,2,2,1,1,3,4,2,3,1991,2,2
1991,1,510270,1,4,4,2,1,1,3,4,2,3,1982,1,2
1991,1,510271,2,2,2,2,1,1,3,4,1,3,1989,2,2
1991,1,510272,2,2,2,2,2,2,3,4,2,3,1981,1,2
1991,1,510273,1,6,6,2,1,1,3,4,2,3,1987,2,2
1991,2,510273,6,3,3,2,1,2,3,4,2,3,1984,2,2
1991,1,510274,1,2,2,2,1,1,3,4,2,3,1986,2,2
1991,2,510274,2,2,2,2,1,1,3,4,2,3,1990,2,2
1991,1,510275,7,2,2,2,4,1,3,1,2,3,1990,1,2
1991,1,510276,2,3,3,2,1,1,3,4,2,3,1985,2,2
1991,2,510276,1,3,3,2,1,1,3,4,2,3,1978,1,2
1991,1,510277,2,2,2,2,1,1,3,4,2,3,1987,1,2
1991,1,510278,1,2,2,1,1,1,3,4,2,3,1990,2,2
1991,1,510279,6,2,2,2,1,1,3,4,2,3,1991,2,2
1991,1,510280,1,2,2,2,1,1,3,4,2,3,1987,2,2
1991,1,510281,1,2,2,1,1,1,3,4,2,3,1983,1,2
1991,1,510282,6,4,4,2,1,1,3,4,2,3,1988,2,2
1991,1,510283,6,1,1,1,1,1,3,4,1,3,1987,2,2
1991,1,510284,4,2,2,2,1,1,3,4,2,3,1987,2,2
1991,1,510285,1,2,2,2,1,1,3,4,2,3,1989,2,2
1991,2,510285,1,5,5,2,1,1,3,4,1,3,1989,2,2
1991,1,510286,1,1,1,1,1,1,3,4,2,3,1973,1,2
1991,1,510287,2,2,2,2,1,1,3,4,2,3,1986,2,2
1991,2,510287,1,3,3,2,1,1,3,4,2,3,1986,2,2
1991,1,510288,1,2,2,1,1,1,3,4,1,3,1980,2,2
1991,1,510289,1,2,2,2,1,1,3,4,2,3,1989,2,2
1991,1,510290,7,2,2,2,4,1,3,1,1,3,1988,2,2
1991,1,510291,1,2,6,2,1,1,3,4,2,3,1980,1,2
1991,1,510292,9,6,6,2,1,1,3,4,1,3,1988,2,2
1991,1,510293,2,1,1,1,1,1,3,4,2,3,1969,1,2
1991,1,510294,6,2,2,2,1,1,3,4,1,3,1974,2,2
1991,1,510295,1,2,2,2,1,1,3,4,2,3,1987,1,2
1991,1,510296,1,2,2,1,1,1,3,4,1,3,1987,2,2
1991,1,510297,1,1,1,1,1,1,3,4,2,3,1985,1,2
1991,1,510298,1,2,3,1,1,1,3,4,1,3,1990,2,2
1991,1,510299,7,2,2,2,4,1,3,1,1,3,1986,2,2
1991,1,510300,6,2,2,2,1,1,3,4,2,3,1982,2,2
1991,2,510300,1,2,2,2,1,1,3,4,1,3,1965,2,2
1991,1,510301,1,2,2,2,1,1,3,4,2,3,1982,2,2
1991,1,510302,1,2,4,2,1,1,3,4,2,3,1987,1,2
1991,1,510303,1,3,3,2,1,1,3,4,1,3,1985,2,2
1991,1,510304,2,2,2,1,2,2,3,4,1,3,1974,2,2
1991,1,510305,2,1,1,2,1,1,3,4,2,3,1987,2,2
1991,2,510305,2,6,4,2,1,1,3,4,2,3,1990,2,2
1991,3,510305,1,2,2,2,1,1,3,4,2,3,1989,2,2
1991,1,510306,1,4,4,2,2,2,3,4,2,3,1978,2,2
1991,2,510306,1,2,2,2,2,2,3,4,2,3,1979,2,2
1991,1,510307,3,2,2,1,1,1,3,4,1,3,1979,2,2
1991,1,510308,1,2,2,1,2,2,3,4,1,3,1972,2,2
1991,1,510309,5,5,5,2,1,1,3,4,2,3,1984,2,2
1991,1,510310,2,2,2,2,2,2,3,4,2,3,1987,2,2
1991,2,510310,2,5,5,2,1,1,3,4,2,3,1972,2,2
1991,1,510311,1,2,2,2,1,1,3,4,1,3,1987,2,2
1991,1,510312,2,2,2,2,1,1,3,4,2,3,1982,1,2
1991,1,510313,1,2,2,2,1,1,3,4,2,3,1972,2,2
1991,1,510314,1,2,2,2,2,2,3,4,2,3,1978,2,2
1991,2,510314,1,5,5,2,1,1,3,4,2,3,1978,2,2
1991,1,510315,7,1,1,2,4,1,3,1,2,3,1977,2,2
1991,1,510316,1,2,2,2,1,1,3,4,2,3,1984,2,2
1991,2,510316,2,2,2,2,1,1,3,4,2,3,1988,2,2
1991,1,510317,1,2,2,1,2,2,3,4,2,3,1982,1,2
1991,1,510318,1,2,2,1,1,1,3,4,1,3,1990,2,2
1991,2,510318,6,4,4,2,1,1,3,4,2,3,1988,2,2
1991,1,510319,1,2,2,2,2,2,3,4,1,3,1986,2,2
1991,2,510319,1,4,4,2,3,3,3,4,2,3,1973,2,2
1991,1,510320,2,3,3,2,1,1,3,4,1,3,1966,2,2
1991,1,510321,1,3,3,2,1,1,3,4,2,3,1986,1,2
1991,1,510322,6,2,2,2,1,1,3,4,2,3,1977,2,2
1991,1,510323,1,2,2,2,1,1,3,4,2,3,1990,2,2
1991,1,510324,2,2,2,2,1,1,3,4,2,3,1986,2,2
1991,1,510325,1,4,4,2,1,1,3,4,2,3,1988,2,2
1991,2,510325,2,5,5,2,1,1,3,4,2,3,1987,2,2
1991,3,510325,7,2,2,2,4,1,3,1,2,3,1986,2,2
1991,1,510326,1,2,2,1,2,2,3,4,1,3,1990,2,2
1991,1,510327,7,2,2,2,4,1,3,1,2,3,1987,2,2
1991,2,510327,2,2,2,2,1,1,3,4,2,3,1979,2,2
1991,1,510328,1,2,2,2,1,1,3,4,2,3,1986,1,2
1991,1,510329,9,2,2,2,1,1,3,4,2,3,9999,1,2
1991,2,510329,4,2,2,2,1,1,3,4,2,3,1988,2,2
1991,1,510330,7,2,2,2,4,1,3,1,1,3,1977,2,2
1991,1,510331,6,2,2,2,1,1,3,4,2,3,1988,1,2
1991,2,510331,1,4,4,2,1,1,3,4,2,3,1989,2,2
1991,3,510331,4,4,4,2,1,1,3,4,2,3,1985,2,2
1991,1,510332,1,5,5,2,1,1,3,4,2,3,1972,2,2
1991,2,510332,1,2,4,2,1,1,3,4,2,3,1991,2,2
1991,3,510332,1,2,2,2,1,1,3,4,2,3,1986,2,2
1991,1,510333,1,4,4,2,1,1,3,4,2,3,1984,2,2
1991,1,510334,1,2,2,2,1,1,3,4,2,3,1979,1,2
1991,1,510335,1,2,2,2,1,1,3,4,2,3,1940,2,2
1991,1,510336,4,2,2,2,1,1,3,4,2,3,1984,1,2
1991,1,510337,1,2,2,1,1,1,3,4,2,3,1987,2,2
1991,1,510338,1,2,2,2,1,1,3,4,1,3,1977,2,2
1991,2,510338,1,5,5,2,1,1,3,4,2,3,1983,2,2
1991,1,510339,1,3,3,2,1,1,3,4,1,3,1985,2,2
1991,1,510340,2,1,1,1,1,1,3,4,1,3,1979,2,2
1991,1,510341,1,2,2,2,1,1,3,4,1,3,9999,2,2
1991,1,510342,1,2,2,2,1,1,3,4,2,3,1987,1,2
1991,2,510342,6,2,2,2,1,1,3,4,2,3,1985,2,2
1991,1,510343,1,2,2,2,1,1,3,4,2,3,1987,2,2
1991,1,510344,1,3,3,2,1,1,3,4,2,3,1982,2,2
1991,2,510344,1,2,2,2,1,1,3,4,2,3,1990,2,2
1991,1,510345,1,5,5,2,1,1,3,4,2,3,1991,2,2
1991,2,510345,6,2,2,2,1,1,3,4,2,3,1983,2,2
1991,1,510346,1,2,2,1,1,1,3,4,2,3,1987,1,2
1991,1,510347,2,2,2,2,1,1,3,4,2,3,1986,2,2
1991,1,510348,1,2,5,2,2,2,3,4,2,3,1979,1,2
1991,2,510348,6,2,2,1,1,1,3,4,2,3,1986,2,2
1991,1,510349,3,2,2,1,1,1,3,4,1,3,1988,2,2
1991,1,510350,4,1,1,1,1,1,3,4,2,3,1989,1,2
1991,1,510351,6,2,2,2,1,1,3,4,1,3,1987,2,2
1991,2,510351,6,4,4,2,1,1,3,4,2,3,1989,1,2
1991,1,510352,1,4,4,2,1,1,3,4,2,3,1978,2,2
1991,2,510352,7,2,2,2,4,1,3,1,1,3,1982,2,2
1991,1,510353,1,2,2,2,1,1,3,4,1,3,1980,2,2
1991,1,510354,1,7,7,1,1,1,3,4,2,3,1985,2,2
1991,1,510355,2,2,2,2,1,1,3,4,1,3,1990,2,2
1991,1,510356,4,2,2,2,1,1,3,4,2,3,1989,2,2
1991,1,510357,7,2,2,2,4,1,3,1,1,3,1982,2,2
1991,1,510358,7,2,2,2,4,2,3,2,2,3,1978,2,2
1991,1,510359,1,3,3,1,1,1,3,4,2,3,1985,2,2
1991,2,510359,1,2,2,2,1,1,3,4,2,3,1982,2,2
1991,1,510360,1,2,2,2,1,1,3,4,1,3,1989,2,2
1991,1,510361,2,1,1,1,1,1,3,4,1,3,1987,2,2
1991,1,510362,1,1,1,2,1,1,3,4,2,3,1986,2,2
1991,1,510363,3,2,2,2,1,1,3,4,2,3,1982,2,2
1991,1,510364,1,2,2,2,1,1,3,4,2,3,1978,2,2
1991,2,510364,2,4,2,1,2,2,3,4,1,3,1982,2,2
1991,1,510365,2,2,2,2,1,1,3,4,2,3,1980,2,2
1991,2,510365,1,5,5,2,1,1,3,4,2,3,1987,2,2
1991,1,510366,1,2,2,2,1,1,3,4,2,3,1990,2,2
1991,1,510367,2,2,2,2,1,1,3,4,2,3,1987,2,2
1991,1,510368,1,2,2,2,1,1,3,4,2,3,1991,2,2
1991,2,510368,6,2,2,2,1,1,3,4,2,3,1978,2,2
1991,1,510369,1,2,2,2,1,1,3,4,2,3,1988,2,2
1991,1,510370,2,2,2,1,1,1,3,4,1,3,1989,2,2
1991,1,510371,1,2,2,2,1,1,3,4,2,3,1988,2,2
1991,2,510371,1,2,2,2,1,1,3,4,2,3,1986,2,2
1991,1,510372,6,3,3,2,1,1,3,4,2,3,1985,2,2
1991,2,510372,8,2,2,2,1,1,3,4,2,3,1978,2,2
1991,3,510372,1,5,2,2,1,1,3,4,2,3,1986,2,2
1991,4,510372,1,2,2,2,1,1,3,4,2,3,1980,2,2
1991,1,510373,9,2,2,2,3,3,3,4,2,3,9999,2,2
1991,1,510374,9,7,7,2,3,3,3,4,2,3,9999,2,2
1991,1,510375,2,2,2,1,1,1,3,4,1,3,1990,2,2
1991,1,510376,2,2,2,2,1,1,3,4,1,3,1988,2,2
1991,1,510377,2,2,2,2,1,1,3,4,1,3,1986,2,2
1991,1,510378,2,1,1,1,2,2,3,4,1,3,1980,2,2
1991,1,510379,1,6,6,1,1,1,3,4,1,3,1988,2,2
1991,1,510380,1,3,2,2,1,1,3,4,2,3,1978,2,2
1991,2,510380,1,2,2,2,1,1,3,4,2,3,1974,2,2
1991,3,510380,1,5,4,2,1,1,3,4,2,3,1991,2,2
1991,1,510381,2,1,1,1,1,1,3,4,1,3,1988,2,2
1991,1,510382,1,2,2,2,1,1,3,4,2,3,1982,2,2
1991,1,510383,1,1,1,1,1,1,3,4,2,3,1990,2,2
1991,1,510384,1,2,2,2,2,2,3,4,2,3,1984,2,2
1991,2,510384,1,2,2,2,1,1,3,4,2,3,1985,2,2
1991,1,510385,1,2,2,2,1,1,3,4,2,3,1990,2,2
1991,1,510386,1,2,2,2,1,1,3,4,2,3,1983,1,2
1991,2,510386,1,2,2,2,1,1,3,4,2,3,1989,2,2
1991,1,510387,1,5,5,2,1,1,3,4,2,3,1984,2,2
1991,2,510387,1,2,2,2,1,1,3,4,2,3,1986,2,2
1991,1,510389,1,2,2,2,1,1,3,4,2,3,1991,1,1
1991,1,510390,1,2,2,2,1,1,3,4,1,3,1977,2,2
1991,1,510391,1,1,1,1,1,1,3,4,2,3,1985,1,2
1991,1,510392,1,2,2,2,1,1,3,4,2,3,1989,2,2
1991,1,510393,1,5,5,2,1,1,3,4,2,3,1986,1,2
1991,1,510394,1,2,2,1,1,1,3,4,1,3,1982,2,2
1991,1,510395,1,6,6,1,1,1,3,4,1,3,1985,2,2
1991,1,510396,1,2,2,1,1,1,3,4,2,3,1985,2,2
1991,1,510397,6,2,2,1,1,1,3,4,2,3,1984,2,2
1991,2,510397,1,2,2,2,1,1,3,4,2,3,1982,1,2
1991,1,510398,1,7,7,2,1,1,3,4,2,3,1986,2,2
1991,1,510399,9,2,2,2,3,3,3,4,2,3,9999,2,2
1991,1,510400,1,2,2,2,2,2,3,4,2,3,1985,2,2
1991,1,510401,2,2,2,2,1,1,3,4,1,3,1977,2,2
1991,1,510402,1,4,4,2,1,1,3,4,2,3,1983,2,2
1991,2,510402,3,2,2,2,1,1,3,4,2,3,1987,2,2
1991,1,510403,1,5,5,2,1,1,3,4,2,3,1989,2,2
1991,2,510403,2,2,2,2,1,1,3,4,2,3,1987,2,2
1991,1,510404,1,5,5,2,2,2,3,4,2,3,1978,2,2
1991,2,510404,1,2,2,2,1,1,3,4,2,3,1979,2,2
1991,1,510405,1,2,2,2,1,1,3,4,2,3,1981,2,2
1991,1,510406,1,5,5,2,1,1,3,4,2,3,1979,2,2
1991,2,510406,1,2,2,2,1,1,3,4,2,3,1978,2,2
1991,1,510407,1,2,2,1,1,1,3,4,2,3,1985,2,2
1991,1,510408,4,2,2,2,1,1,3,4,2,3,1978,2,2
1991,1,510409,1,1,1,1,1,1,3,4,2,3,1986,1,2
1991,1,510410,2,2,2,2,1,1,3,4,2,3,1976,1,2
1991,2,510410,1,2,2,2,1,1,3,4,2,3,1990,2,2
1991,1,510411,1,5,5,2,1,1,3,4,2,3,1978,1,2
1991,1,510412,1,1,1,2,1,1,3,4,1,3,1983,2,2
1991,1,510413,1,2,2,1,1,1,3,4,1,3,1986,2,2
1991,1,510414,1,2,2,2,1,1,3,4,2,3,1984,2,2
1991,2,510414,1,2,2,2,1,1,3,4,2,3,1990,2,2
1991,3,510414,1,2,2,2,1,1,3,4,2,3,1990,2,2
1991,1,510415,1,3,3,2,1,1,3,4,2,3,1986,2,2
1991,1,510416,1,2,2,2,1,1,3,4,1,3,1984,2,2
1991,2,510416,1,5,5,2,2,2,3,4,2,3,1985,1,2
1991,1,510417,4,2,2,2,1,1,3,4,2,3,1978,2,2
1991,1,510418,1,2,2,1,1,1,3,4,2,3,1973,2,2
1991,1,510419,1,3,3,2,1,1,3,4,2,3,1979,2,2
1991,2,510419,6,2,2,2,1,1,3,4,2,3,1987,2,2
1991,1,510420,6,4,4,2,1,1,3,4,2,3,1978,2,2
1991,2,510420,6,2,2,2,1,1,3,4,2,3,1986,2,2
1991,1,510421,1,2,2,2,1,1,3,4,2,3,1985,2,2
1991,2,510421,1,3,3,2,1,1,3,4,2,3,1989,2,2
1991,1,510422,1,2,2,2,1,1,3,4,1,3,1980,2,2
1991,1,510423,1,2,2,2,1,1,3,4,1,3,1977,2,2
1991,1,510424,1,2,2,2,1,1,3,4,2,3,1987,2,2
1991,1,510425,1,2,2,1,1,1,3,4,2,3,1977,2,2
1991,1,510426,1,2,2,2,1,1,3,4,2,3,1984,2,2
1991,1,510427,1,2,2,2,1,1,3,4,2,3,1986,2,2
1991,2,510427,1,3,3,2,1,1,3,4,2,3,1987,2,2
1991,1,510428,4,2,2,1,1,1,3,4,2,3,1984,1,2
1991,1,510429,4,1,1,2,2,2,3,4,2,3,1988,2,2
1991,1,510430,1,2,2,2,1,1,3,4,1,3,1980,2,2
1991,1,510431,5,4,4,2,1,1,3,4,2,3,1973,2,2
1991,2,510431,1,2,2,2,1,1,3,4,2,3,1984,2,2
1991,3,510431,1,2,2,2,1,1,3,4,2,3,1990,2,2
1991,1,510432,2,6,6,2,2,2,3,4,1,3,1983,2,2
1991,1,510433,1,2,2,1,2,2,3,4,1,3,1981,2,2
1991,1,510434,1,3,3,2,1,1,3,4,2,3,1971,2,2
1991,2,510434,2,2,2,2,1,1,3,4,2,3,1988,2,2
1991,1,510435,1,2,2,2,1,1,3,4,2,3,1978,2,2
1991,2,510435,6,4,4,2,1,1,3,4,2,3,1988,2,2
1991,3,510435,6,2,2,2,1,2,3,4,2,3,1991,2,2
1991,4,510435,3,4,4,2,1,1,3,4,2,3,1984,2,2
1991,1,510436,2,1,1,1,1,1,3,4,1,3,1988,2,2
1991,1,510437,1,2,2,1,1,1,3,4,1,3,1987,2,2
1991,1,510438,2,2,2,2,1,1,3,4,2,3,1980,1,2
1991,2,510438,2,4,4,2,1,1,3,4,2,3,1986,2,2
1991,3,510438,6,2,2,2,1,1,3,4,2,3,1984,2,2
1991,1,510439,6,1,1,1,1,1,3,4,2,3,1988,2,2
1991,1,510440,6,2,2,1,1,1,3,4,1,3,1989,2,2
1991,1,510441,1,2,2,2,1,1,3,4,1,3,1984,2,2
1991,1,510442,2,2,2,2,1,1,3,4,2,3,1981,2,2
1991,1,510443,1,2,2,2,1,1,3,4,2,3,1979,2,2
1991,2,510443,1,2,2,2,1,1,3,4,2,3,1991,2,2
1991,3,510443,1,2,2,2,1,1,3,4,2,3,1986,2,2
1991,1,510444,1,3,3,2,1,1,3,4,1,3,1986,2,2
1991,1,510445,6,2,2,2,1,1,3,4,2,3,1990,2,2
1991,2,510445,7,2,2,2,4,1,3,1,2,3,9999,2,2
1991,1,510446,7,2,2,2,4,2,3,2,1,3,1986,2,2
1991,2,510446,1,2,2,2,1,1,3,4,2,3,1984,2,2
1991,1,510447,7,1,1,2,4,1,3,1,2,3,1987,2,2
1991,1,510448,3,2,2,2,1,1,3,4,2,3,1989,2,2
1991,1,510449,1,2,2,2,1,1,3,4,1,3,1988,2,2
1991,2,510449,1,5,5,2,1,1,3,4,2,3,1975,2,2
1991,1,510450,2,3,3,2,1,1,3,4,2,3,1988,2,2
1991,1,510451,7,2,2,2,4,1,3,1,1,3,1970,2,2
1991,1,510452,1,2,2,2,1,1,3,4,2,3,1990,2,2
1991,2,510452,2,2,2,2,1,1,3,4,2,3,1979,2,2
1991,1,510453,1,4,4,1,1,1,3,4,1,3,1968,2,2
1991,1,510454,1,2,2,2,1,1,3,4,2,3,1982,2,2
1991,2,510454,1,2,2,2,1,1,3,4,1,3,1987,2,2
1991,1,510455,1,2,2,2,1,1,3,4,2,3,1985,2,2
1991,2,510455,1,2,2,2,1,1,3,4,2,3,1983,2,2
1991,1,510456,1,2,2,2,1,1,3,4,2,3,1980,2,2
1991,2,510456,1,5,5,2,3,3,3,4,2,3,1976,2,2
1991,1,510457,2,2,2,2,1,1,3,4,2,3,1984,2,2
1991,1,510458,1,2,2,2,1,1,3,4,2,3,1982,2,2
1991,1,510459,2,5,5,2,1,1,3,4,2,3,1974,2,2
1991,2,510459,3,2,2,2,1,1,3,4,2,3,1986,2,2
1991,1,510460,1,3,3,2,1,1,3,4,1,3,1986,2,2
1991,1,510461,1,2,2,2,1,1,3,4,1,3,1982,2,2
1991,1,510462,6,7,7,1,1,1,3,4,1,3,1982,2,2
1991,1,510463,6,2,2,2,1,1,3,4,2,3,1991,2,2
1991,2,510463,1,2,2,2,1,1,3,4,2,3,1990,2,2
1991,1,510464,1,2,2,2,1,1,3,4,1,3,1985,2,2
1991,1,510465,1,2,2,2,1,1,3,4,2,3,1986,2,2
1991,1,510466,1,2,2,2,1,1,3,4,1,3,1979,2,2
1991,1,510467,3,1,1,1,1,1,3,4,1,3,1968,2,2
1991,1,510468,6,2,2,2,1,1,3,4,2,3,1987,2,2
1991,2,510468,2,2,2,2,1,1,3,4,2,3,1978,2,2
1991,1,510469,4,2,2,2,1,1,3,4,2,3,1985,2,2
1991,1,510470,7,1,1,2,4,1,3,1,1,3,1991,2,2
1991,1,510471,1,2,2,1,1,1,3,4,2,3,1987,1,2
1991,1,510472,2,2,2,2,1,1,3,4,2,3,1974,2,2
1991,2,510472,1,2,2,2,1,1,3,4,2,3,1980,2,2
1991,1,510473,1,2,2,2,1,1,3,4,2,3,1982,1,2
1991,1,510474,1,2,2,2,1,1,3,4,2,3,1991,1,2
1991,1,510475,2,2,2,1,1,1,3,4,2,3,1984,2,2
1991,1,510476,7,2,2,2,4,2,3,2,2,3,1989,2,2
1991,2,510476,6,2,2,2,1,1,3,4,2,3,1977,2,2
1991,1,510477,4,2,2,2,1,1,3,4,2,3,1989,2,2
1991,1,510478,1,2,2,2,1,1,3,4,2,3,1986,2,2
1991,2,510478,2,2,2,2,1,1,3,4,2,3,1989,2,2
1991,1,510479,1,2,2,1,1,1,3,4,1,3,1985,2,2
1991,1,510480,1,2,2,2,1,1,3,4,2,3,1989,2,2
1991,1,510481,1,2,2,2,1,1,3,4,2,3,1990,1,2
1991,1,510482,2,2,2,2,1,1,3,4,2,3,1977,2,2
1991,1,510483,2,1,1,1,1,1,3,4,2,3,1985,1,2
1991,1,510484,1,5,5,2,1,1,3,4,2,3,1979,2,2
1991,2,510484,1,2,2,2,1,1,3,4,2,3,1986,2,2
1991,1,510485,2,5,4,2,1,1,3,4,2,3,1989,2,2
1991,2,510485,1,2,2,2,1,1,3,4,2,3,1986,2,2
1991,3,510485,1,2,4,2,1,1,3,4,2,3,1988,2,2
1991,4,510485,1,2,2,2,1,1,3,4,2,3,1988,2,2
1991,5,510485,7,1,1,2,4,1,3,1,2,3,1985,2,2
1991,6,510485,7,2,2,2,4,1,3,1,2,3,1984,2,2
1991,1,510486,1,5,5,2,2,2,3,4,1,3,1977,2,2
1991,1,510487,2,1,1,1,1,1,3,4,2,3,1989,2,2
1991,1,510488,1,3,3,2,1,1,3,4,1,3,1979,2,2
1991,1,510489,1,2,2,2,1,1,3,4,2,3,1982,2,2
1991,2,510489,1,4,2,2,1,1,3,4,2,3,1988,2,2
1991,1,510490,6,2,2,2,1,1,3,4,1,3,1988,2,2
1991,1,510491,1,2,2,1,1,1,3,4,1,3,1989,2,2
1991,1,510492,1,3,3,2,1,1,3,4,2,3,1990,2,2
1991,2,510492,1,2,2,2,1,1,3,4,2,3,1987,2,2
1991,1,510495,1,2,2,2,1,1,3,4,2,3,1982,2,2
1991,1,510496,2,2,2,2,1,1,3,4,2,3,1990,1,2
1991,1,510497,2,2,2,2,1,1,3,4,2,3,1991,2,2
1991,1,510499,1,2,2,2,1,1,3,4,2,3,1988,2,2
1991,2,510499,1,2,2,2,1,1,3,4,2,3,1985,2,2
1991,1,510500,6,4,4,1,1,1,3,4,2,3,1986,2,2
1991,1,510501,1,3,3,2,1,1,3,4,2,3,1986,2,2
1991,2,510501,1,2,2,2,1,1,3,4,2,3,1985,2,2
1991,1,510502,1,2,2,2,2,2,3,4,2,3,1978,2,2
1991,2,510502,6,2,2,2,1,1,3,4,2,3,1989,2,2
1991,3,510502,1,5,5,1,1,1,3,4,2,3,1984,2,2
1991,1,510503,2,2,2,2,1,1,3,4,2,3,1986,1,2
1991,1,510504,6,2,2,2,1,1,3,4,2,3,1981,2,2
1991,1,510505,2,1,1,1,1,1,3,4,2,3,1985,1,2
1991,1,510506,1,3,3,2,1,1,3,4,2,3,1986,2,2
1991,2,510506,2,2,2,1,1,1,3,4,2,3,1981,2,2
1991,1,510507,1,2,2,2,2,2,3,4,1,3,1984,2,2
1991,1,510508,6,2,2,2,1,1,3,4,2,3,1990,2,2
1991,2,510508,1,2,2,1,2,2,3,4,2,3,1982,2,2
1991,1,510509,2,3,3,2,1,1,3,4,2,3,1982,1,2
1991,2,510509,1,2,2,2,1,1,3,4,2,3,1975,2,2
1991,1,510510,1,2,2,1,1,1,3,4,2,3,1984,2,2
1991,1,510511,1,2,5,2,1,1,3,4,2,3,1966,2,2
1991,1,510512,2,5,5,2,1,1,3,4,2,3,1983,2,2
1991,2,510512,1,2,2,2,1,1,3,4,2,3,1976,2,2
1991,1,510513,1,2,2,1,1,1,3,4,1,3,1984,2,2
1991,1,510514,1,2,2,2,1,1,3,4,2,3,1978,2,2
1991,2,510514,7,2,2,2,4,1,3,1,2,3,1977,2,2
1991,1,510515,1,2,2,2,1,1,3,4,2,3,1981,1,2
1991,2,510515,2,4,4,2,1,1,3,4,2,3,1989,2,2
1991,1,510516,1,2,2,2,1,1,3,4,1,3,1987,2,2
1991,2,510516,1,3,3,2,3,3,3,4,2,3,1986,2,2
1991,3,510516,2,2,2,2,3,3,3,4,2,3,1988,2,2
1991,1,510517,7,5,5,2,4,2,3,2,2,3,1987,2,2
1991,2,510517,2,2,2,2,1,1,3,4,2,3,1988,2,2
1991,1,510518,1,2,2,2,1,1,3,4,1,3,1983,2,2
1991,1,510519,3,1,1,1,1,1,3,4,1,3,1990,2,2
1991,1,510520,1,2,2,2,1,1,3,4,2,3,1987,2,2
1991,2,510520,1,2,2,2,1,1,3,4,2,3,1989,2,2
1991,1,510521,7,6,2,2,4,1,3,1,2,3,1980,2,2
1991,1,510522,3,1,1,1,1,1,3,4,2,3,1983,2,2
1991,1,510523,1,2,2,1,1,1,3,4,1,3,1982,2,2
1991,1,510524,1,2,2,1,1,1,3,4,1,3,1988,2,2
1991,1,510525,2,2,2,2,1,1,3,4,2,3,1988,2,2
1991,2,510525,1,4,4,2,1,1,3,4,2,3,1988,2,2
1991,1,510526,1,2,2,2,2,2,3,4,1,3,1988,2,2
1991,1,510527,1,2,2,2,1,1,3,4,2,3,1980,1,2
1991,1,510528,3,2,2,1,1,1,3,4,2,3,1987,2,2
1991,1,510529,1,2,2,2,1,1,3,4,1,3,1979,2,2
1991,1,510530,1,2,2,2,2,2,3,4,1,3,1978,2,2
1991,1,510531,1,2,2,2,1,1,3,4,2,3,1989,2,2
1991,1,510532,1,2,2,2,1,1,3,4,2,3,1988,1,2
1991,1,510534,9,1,1,2,3,3,3,4,2,3,9999,2,2
1991,1,510535,2,2,2,1,2,2,3,4,2,3,1986,2,2
1991,1,510536,1,2,2,2,1,1,3,4,1,3,1989,2,2
1991,1,510537,1,5,5,2,2,2,3,4,2,3,1984,2,2
1991,1,510538,1,6,2,2,2,2,3,4,1,3,1987,2,2
1991,1,510539,1,3,3,2,2,2,3,4,1,3,1980,2,2
1991,2,510539,1,2,2,2,1,1,3,4,2,3,1983,2,2
1991,1,510540,7,2,2,2,4,1,3,1,1,3,1991,2,2
1991,1,510541,1,3,3,1,1,1,3,4,1,3,1990,2,2
1991,2,510541,1,2,2,2,1,1,3,4,2,3,1989,2,2
1991,1,510542,6,2,2,2,1,1,3,4,2,3,1985,2,2
1991,2,510542,1,2,2,2,1,1,3,4,2,3,1991,2,2
1991,1,510543,1,2,2,2,1,1,3,4,2,3,1990,1,2
1991,1,510544,1,5,5,2,1,1,3,4,1,3,1981,2,2
1991,1,510545,2,2,2,1,1,1,3,4,1,3,1990,2,2
1991,1,510546,1,2,2,2,1,1,3,4,1,3,1978,2,2
1991,1,510547,1,2,2,2,1,1,3,4,2,3,1985,2,2
1991,1,510548,1,2,2,2,1,1,3,4,1,3,1980,2,2
1991,1,510549,1,2,2,2,1,1,3,4,2,3,1981,2,2
1991,2,510549,1,3,3,2,1,1,3,4,2,3,1981,2,2
1991,1,510550,2,2,2,1,1,1,3,4,1,3,1987,2,2
1991,1,510551,1,2,2,2,1,1,3,4,2,3,1986,2,2
1991,1,510552,1,2,2,1,1,1,3,4,2,3,1984,2,2
1991,2,510552,4,4,4,2,1,1,3,4,2,3,1984,2,2
1991,1,510553,1,2,2,2,1,1,3,4,2,3,1990,1,2
1991,1,510554,1,2,2,2,1,1,3,4,1,3,1991,2,2
1991,1,510555,1,2,2,1,1,1,3,4,1,3,1986,2,2
1991,1,510556,1,2,2,2,1,1,3,4,2,3,1984,2,2
1991,2,510556,1,2,2,1,1,1,3,4,2,3,1969,2,2
1991,1,510557,1,3,5,1,1,1,3,4,1,3,1983,2,2
1991,1,510558,9,2,2,2,3,3,3,4,2,3,9999,2,2
1991,1,510559,1,2,2,2,1,1,3,4,1,3,1968,2,2
1991,2,510559,6,3,3,2,1,1,3,4,2,3,1984,2,2
1991,1,510560,1,3,3,2,1,1,3,4,2,3,1987,2,2
1991,2,510560,7,5,5,2,4,1,3,1,2,3,1982,1,2
1991,1,510561,4,2,2,2,1,1,3,4,2,3,1985,2,2
1991,1,510562,6,2,2,2,1,1,3,4,2,3,1973,2,2
1991,2,510562,1,2,2,2,1,1,3,4,2,3,1985,2,2
1991,1,510563,1,2,2,2,1,1,3,4,2,3,1984,2,2
1991,2,510563,1,2,2,2,1,1,3,4,2,3,1991,2,2
1991,1,510564,1,2,2,2,1,1,3,4,2,3,1985,1,2
1991,1,510565,1,2,2,2,1,1,3,4,2,3,1988,2,2
1991,1,510566,1,2,2,2,2,2,3,4,1,3,1986,2,2
1991,1,510567,1,2,2,2,1,1,3,4,2,3,1982,1,2
1991,1,510568,4,2,2,2,1,1,3,4,2,3,1985,2,2
1991,1,510569,2,2,2,2,1,1,3,4,2,3,1978,2,2
1991,2,510569,2,2,2,2,1,1,3,4,2,3,1980,2,2
1991,1,510570,3,1,1,1,1,1,3,4,1,3,1987,2,2
1991,1,510571,7,2,2,2,4,1,3,1,2,3,1985,2,2
1991,2,510571,3,2,2,2,1,1,3,4,2,3,1988,2,2
1991,1,510572,1,2,2,2,1,1,3,4,2,3,1983,1,2
1991,1,510573,1,2,2,2,1,1,3,4,2,3,1989,2,2
1991,1,510574,2,2,2,2,1,1,3,4,2,3,1988,2,2
1991,2,510574,1,2,2,2,1,1,3,4,2,3,1985,2,2
1991,1,510575,2,1,1,1,2,2,3,4,1,3,1991,2,2
1991,1,510576,6,4,4,2,1,1,3,4,2,3,1990,2,2
1991,2,510576,1,2,2,2,1,1,3,4,2,3,1980,1,2
1991,1,510577,1,2,2,1,1,1,3,4,1,3,1982,2,2
1991,1,510579,1,4,4,2,1,1,3,4,2,3,1980,2,2
1991,2,510579,1,2,2,2,1,1,3,4,2,3,1989,2,2
1991,1,510580,1,2,2,2,1,1,3,4,1,3,1989,2,2
1991,1,510581,2,2,2,2,1,1,3,4,1,3,1991,2,2
1991,1,510582,1,5,5,2,1,1,3,4,2,3,1972,2,2
1991,2,510582,2,2,2,2,1,1,3,4,2,3,1987,2,2
1991,1,510583,1,2,2,1,1,1,3,4,2,3,1981,1,2
1991,1,510584,2,2,2,2,1,1,3,4,1,3,1988,2,2
1991,1,510585,2,2,2,2,2,2,3,4,1,3,1977,2,2
1991,1,510586,7,1,1,2,4,1,3,1,1,3,1990,2,2
1991,1,510587,1,2,2,2,1,1,3,4,2,3,1987,2,2
1991,1,510588,1,2,2,1,1,1,3,4,2,3,1990,1,2
1991,2,510588,2,4,4,2,1,1,3,4,2,3,1983,2,2
1991,1,510589,1,2,2,1,1,1,3,4,1,3,1987,2,2
1991,1,510590,2,2,2,2,1,1,3,4,2,3,1991,2,2
1991,1,510591,1,2,2,1,1,1,3,4,1,3,1980,2,2
1991,1,510592,1,2,2,1,2,2,3,4,1,3,1987,2,2
1991,1,510593,1,2,2,2,1,1,3,4,2,3,1984,2,2
1991,2,510593,2,2,2,2,1,1,3,4,2,3,1983,2,2
1991,1,510594,1,2,2,2,1,1,3,4,2,3,1984,2,2
1991,2,510594,3,2,2,1,1,1,3,4,1,3,1975,2,2
1991,1,510595,1,2,2,2,1,1,3,4,2,3,1985,2,2
1991,1,510596,1,2,2,2,1,1,3,4,1,3,1987,2,2
1991,1,510597,6,4,4,2,1,1,3,4,1,3,1988,2,2
1991,2,510597,1,2,2,2,1,1,3,4,2,3,1978,2,2
1991,1,510598,2,2,2,1,1,1,3,4,2,3,1979,1,2
1991,1,510599,1,4,4,2,1,1,3,4,2,3,1978,2,2
1991,2,510599,1,2,2,2,1,1,3,4,2,3,1966,1,2
1991,3,510599,1,2,2,2,1,1,3,4,2,3,1983,2,2
1991,1,510600,1,2,2,2,1,1,3,4,2,3,1980,2,2
1991,2,510600,1,2,2,2,1,1,3,4,2,3,1986,2,2
1991,1,510601,2,2,2,2,1,1,3,4,1,3,1983,2,2
1991,2,510601,2,5,5,2,1,1,3,4,2,3,1990,2,2
1991,1,510602,1,7,7,2,1,1,3,4,2,3,1985,2,2
1991,1,510603,1,2,2,2,1,1,3,4,1,3,1984,2,2
1991,1,510604,1,2,5,2,1,1,3,4,2,3,1987,1,2
1991,1,510605,4,2,2,1,2,2,3,4,1,3,1986,2,2
1991,1,510606,2,2,2,2,1,1,3,4,1,3,1983,2,2
1991,1,510607,1,4,4,2,1,1,3,4,1,3,1988,2,2
1991,1,510608,1,2,2,2,1,1,3,4,2,3,1986,2,2
1991,1,510609,1,2,2,2,1,1,3,4,2,3,1988,2,2
1991,2,510609,2,2,2,2,1,1,3,4,2,3,1983,2,2
1991,1,510610,1,5,5,2,1,1,3,4,2,3,1988,2,2
1991,2,510610,3,2,2,2,1,1,3,4,2,3,1985,2,2
1991,1,510611,2,3,3,1,1,1,3,4,2,3,1985,2,2
1991,2,510611,2,2,2,2,1,1,3,4,2,3,1988,2,2
1991,1,510612,1,3,3,2,1,1,3,4,2,3,1985,1,2
1991,1,510613,1,2,2,2,1,2,3,4,2,3,1990,2,2
1991,2,510613,7,2,2,2,4,1,3,1,2,3,1992,2,2
1991,1,510614,1,2,2,2,1,1,3,4,2,3,1987,2,2
1991,2,510614,2,2,2,2,2,2,3,4,2,3,1977,2,2
1991,1,510615,1,2,2,2,1,1,3,4,2,3,1983,2,2
1991,1,510616,2,2,2,2,1,1,3,4,1,3,1989,2,2
1991,1,510617,1,5,5,2,2,2,3,4,2,3,1990,1,2
1991,1,510618,6,2,5,1,1,1,3,4,2,3,1983,2,2
1991,2,510618,3,3,5,2,1,1,3,4,2,3,1988,2,2
1991,3,510618,2,2,2,2,1,1,3,4,2,3,1981,2,2
1991,1,510619,1,2,2,2,1,1,3,4,1,3,1981,2,2
1991,1,510620,3,2,2,2,1,1,3,4,2,3,1978,2,2
1991,1,510621,1,2,2,1,1,1,3,4,1,3,1973,2,2
1991,1,510622,2,2,2,1,2,2,3,4,2,3,1987,1,2
1991,1,510623,4,2,2,2,1,1,3,4,2,3,1977,1,2
1991,2,510623,1,4,4,2,2,2,3,4,2,3,1982,2,2
1991,1,510624,2,2,2,2,1,1,3,4,2,3,1980,2,2
1991,2,510624,1,2,2,2,1,1,3,4,2,3,1990,1,2
1991,1,510625,1,2,2,1,1,1,3,4,2,3,1986,1,2
1991,1,510626,1,2,2,2,2,2,3,4,2,3,1985,1,2
1991,1,510627,4,2,2,1,1,1,3,4,2,3,1990,1,2
1991,1,510628,7,2,2,2,4,2,3,2,1,3,1989,2,2
1991,1,510629,1,2,2,1,1,1,3,4,2,3,1978,1,2
1991,1,510630,2,2,2,2,1,1,3,4,2,3,1985,2,2
1991,2,510630,1,5,5,2,1,1,3,4,2,3,1986,2,2
1991,1,510631,1,2,2,2,1,1,3,4,2,3,1978,1,2
1991,1,510632,1,2,2,2,1,1,3,4,2,3,1991,1,2
1991,1,510633,9,4,4,2,2,2,3,4,2,3,9999,2,2
1991,2,510633,4,2,2,2,1,1,3,4,2,3,1984,2,2
1991,1,510634,1,2,2,1,1,1,3,4,2,3,1986,2,2
1991,2,510634,2,2,2,2,1,1,3,4,2,3,1991,2,2
1991,1,510635,8,4,4,2,1,1,3,4,2,1,1986,2,2
1991,2,510635,1,4,2,2,1,1,3,4,2,3,1989,2,2
1991,3,510635,6,2,2,2,1,1,3,4,2,3,1973,1,2
1991,1,510636,2,2,2,2,1,1,3,4,2,3,1990,1,2
1991,1,510637,1,2,2,2,1,1,3,4,2,3,1990,2,2
1991,2,510637,6,2,2,1,1,1,3,4,2,3,1982,2,2
1991,1,510638,1,2,2,1,1,1,3,4,1,3,1986,2,2
1991,1,510639,3,2,2,1,1,1,3,4,2,3,1979,1,2
1991,1,510640,1,2,2,2,1,1,3,4,1,3,1990,2,2
1991,1,510641,9,2,2,2,3,3,3,4,2,3,9999,2,2
1991,1,510642,1,2,2,2,1,1,3,4,2,3,1989,2,2
1991,2,510642,1,3,3,2,1,1,3,4,2,3,1991,2,2
1991,1,510643,1,2,2,2,1,1,3,4,2,3,1988,2,2
1991,1,510644,2,2,2,2,1,1,3,4,1,3,1984,2,2
1991,1,510645,1,2,2,1,1,1,3,4,1,3,1986,2,2
1991,1,510646,1,5,5,2,1,1,3,4,2,3,1984,2,2
1991,2,510646,1,2,2,2,1,1,3,4,2,3,1984,2,2
1991,1,510647,1,2,2,2,1,1,3,4,2,3,1969,2,2
1991,1,510648,3,2,2,2,1,1,3,4,2,3,1989,2,2
1991,2,510648,6,2,2,2,1,1,3,4,2,3,1986,2,2
1991,1,510649,1,2,2,2,1,1,3,4,2,3,1984,2,2
1991,2,510649,1,6,6,2,1,1,3,4,2,3,1973,2,2
1991,1,510650,2,2,2,2,1,1,3,4,2,3,1967,2,2
1991,1,510651,1,2,2,1,1,1,3,4,2,3,1987,1,2
1991,1,510652,4,3,3,2,1,1,3,4,2,3,1986,1,2
1991,1,510653,1,2,2,2,1,1,3,4,2,3,1979,2,2
1991,1,510654,6,2,2,2,1,1,3,4,1,3,1988,2,2
1991,1,510655,6,4,4,2,1,1,3,4,2,3,1979,2,2
1991,2,510655,2,2,2,2,1,1,3,4,2,3,1988,2,2
1991,1,510656,2,2,2,1,1,1,3,4,2,3,1983,1,2
1991,1,510657,1,2,2,2,1,1,3,4,1,3,1981,2,2
1991,1,510658,1,2,2,2,1,1,3,4,2,3,1984,2,2
1991,1,510659,7,2,2,2,4,1,3,1,2,3,1982,2,2
1991,1,510660,8,2,2,2,1,1,3,4,2,1,1990,2,2
1991,2,510660,4,2,2,2,1,1,3,4,2,3,1989,2,2
1991,1,510661,1,3,3,2,1,1,3,4,2,3,1980,2,2
1991,2,510661,1,2,2,2,2,2,3,4,2,3,1982,2,2
1991,1,510662,1,2,5,2,1,1,3,4,1,3,1984,2,2
1991,1,510663,1,3,3,2,2,2,3,4,1,3,1986,2,2
1991,1,510664,1,2,2,1,2,2,3,4,1,3,1976,2,2
1991,1,510665,2,4,4,1,1,1,3,4,2,3,1986,1,2
1991,1,510666,1,2,2,1,1,1,3,4,1,3,1979,2,2
1991,1,510667,3,2,2,2,1,1,3,4,2,3,1990,2,2
1991,1,510668,1,2,2,1,1,1,3,4,1,3,1992,2,2
1991,1,510669,1,3,3,2,1,1,3,4,2,3,1980,2,2
1991,2,510669,1,2,2,2,1,1,3,4,2,3,1977,2,2
1991,1,510670,1,4,4,2,1,1,3,4,2,3,1977,2,2
1991,2,510670,1,2,2,2,1,1,3,4,2,3,1991,2,2
1991,1,510671,1,2,2,2,1,1,3,4,2,3,1986,2,2
1991,2,510671,6,2,2,2,1,1,3,4,2,3,1987,2,2
1991,1,510672,1,2,2,2,1,1,3,4,1,3,1986,2,2
1991,2,510672,1,3,3,2,1,1,3,4,2,3,1987,2,2
1991,1,510673,2,2,2,2,1,1,3,4,2,3,1988,2,2
1991,2,510673,2,3,3,2,1,1,3,4,2,3,1986,2,2
1991,1,510674,1,2,2,2,1,1,3,4,2,3,1972,2,2
1991,2,510674,1,7,7,2,1,1,3,4,2,3,1986,2,2
1991,1,510675,2,2,2,2,3,3,3,4,2,3,1990,2,2
1991,2,510675,4,2,2,2,1,1,3,4,2,3,1984,2,2
1991,1,510676,1,2,2,1,2,2,3,4,1,3,1979,2,2
1991,1,510677,1,2,2,2,1,1,3,4,2,3,1988,2,2
1991,2,510677,6,4,4,2,1,1,3,4,2,3,1987,2,2
1991,1,510678,1,2,2,1,1,1,3,4,1,3,1987,2,2
1991,1,510679,1,2,2,2,1,1,3,4,1,3,1986,2,2
1991,1,510680,1,2,2,2,1,1,3,4,2,3,1982,2,2
1991,2,510680,2,2,2,2,1,1,3,4,2,3,1987,2,2
1991,1,510681,2,2,2,2,1,1,3,4,2,3,1969,2,2
1991,2,510681,1,2,2,2,1,1,3,4,2,3,1966,2,2
1991,1,510683,1,2,2,2,1,1,3,4,2,3,1970,2,2
1991,2,510683,1,2,2,2,1,1,3,4,2,3,1986,2,2
1991,3,510683,1,2,2,2,1,1,3,4,2,3,1977,2,2
1991,1,510684,4,2,2,1,1,1,3,4,2,3,1977,2,2
1991,1,510685,1,3,3,2,1,1,3,4,2,3,1977,1,2
1991,1,510686,1,2,2,2,1,1,3,4,2,3,1986,2,2
1991,1,510687,6,2,2,2,1,1,3,4,2,3,1990,1,2
1991,1,510688,6,4,4,2,1,1,3,4,2,3,1985,2,2
1991,2,510688,6,4,4,2,1,1,3,4,2,3,1988,2,2
1991,3,510688,1,6,6,2,1,1,3,4,2,3,1981,2,2
1991,4,510688,1,2,2,2,1,1,3,4,2,3,1987,2,2
1991,5,510688,6,2,2,2,1,1,3,4,1,3,1989,2,2
1991,1,510689,1,5,5,2,1,1,3,4,2,3,1981,2,2
1991,2,510689,1,2,2,2,1,1,3,4,2,3,1980,2,2
1991,1,510690,1,2,2,1,1,1,3,4,1,3,1989,2,2
1991,1,510691,1,2,2,2,1,1,3,4,2,3,1991,2,2
1991,2,510691,1,2,2,2,1,1,3,4,2,3,1987,2,2
1991,1,510692,6,2,2,2,1,1,3,4,2,3,1989,2,2
1991,2,510692,1,5,5,2,1,1,3,4,2,3,1976,2,2
1991,1,510693,1,2,2,1,1,1,3,4,2,3,1987,1,2
1991,1,510694,2,2,2,2,1,1,3,4,2,3,1988,1,2
1991,2,510694,1,2,2,2,3,3,3,4,2,3,1984,2,2
1991,1,510695,1,4,4,2,3,3,3,4,2,3,1985,2,2
1991,2,510695,2,2,2,2,1,1,3,4,2,3,1984,2,2
1991,1,510696,1,2,2,2,1,1,3,4,2,3,1981,1,2
1991,2,510696,4,4,4,2,1,1,3,4,2,3,1990,2,2
1991,1,510697,3,2,2,1,1,1,3,4,2,3,1976,2,2
1991,2,510697,2,2,2,2,1,1,3,4,2,3,1988,2,2
1991,1,510698,2,2,2,2,2,2,3,4,2,3,1984,2,2
1991,1,510699,1,2,2,2,2,2,3,4,2,3,1975,2,2
1991,1,510700,4,2,2,2,1,1,3,4,2,3,1987,2,2
1991,1,510701,2,2,2,2,1,1,3,4,2,3,1975,2,2
1991,1,510702,1,2,2,1,1,1,3,4,1,3,1988,2,2
1991,1,510703,1,7,7,2,1,1,3,4,2,3,1984,2,2
1991,2,510703,3,7,7,2,1,1,3,4,2,3,1990,2,2
1991,1,510704,1,2,2,2,1,1,3,4,2,3,1988,2,2
1991,1,510705,2,2,2,1,1,1,3,4,2,3,1950,1,2
1991,1,510706,1,2,2,2,1,1,3,4,2,3,1985,2,2
1991,2,510706,1,2,2,2,1,1,3,4,2,3,1985,2,2
1991,1,510707,2,2,2,1,1,1,3,4,2,3,1989,2,2
1991,1,510708,1,2,2,2,1,1,3,4,2,3,1979,1,2
1991,1,510709,1,2,2,1,1,1,3,4,1,3,1988,2,2
1991,1,510710,7,1,1,2,4,2,3,2,2,3,1982,2,2
1991,1,510711,3,2,2,2,1,1,3,4,2,3,1987,2,2
1991,2,510711,1,3,3,2,1,1,3,4,1,3,1979,2,2
1991,1,510712,3,1,1,1,1,1,3,4,1,3,1989,2,2
1991,1,510713,1,3,3,1,1,1,3,4,1,3,1978,2,2
1991,1,510714,1,5,5,1,1,1,3,4,1,3,1986,2,2
1991,2,510714,1,7,7,2,1,1,3,4,1,3,1981,2,2
1991,1,510715,1,2,2,2,1,1,3,4,2,3,1985,1,2
1991,1,510716,2,2,2,2,1,1,3,4,2,3,1972,2,2
1991,1,510717,1,2,2,2,1,1,3,4,1,3,1985,2,2
1991,1,510718,2,3,3,2,1,1,3,4,1,3,1986,2,2
1991,1,510719,1,2,2,1,1,1,3,4,2,3,1980,2,2
1991,1,510720,2,1,1,1,1,1,3,4,2,3,1976,1,2
1991,1,510721,1,2,2,2,1,1,3,4,2,3,1985,2,2
1991,1,510722,1,3,3,2,1,1,3,4,2,3,1988,2,2
1991,2,510722,2,2,2,2,1,1,3,4,2,3,1979,2,2
1991,1,510723,2,2,2,1,1,1,3,4,1,3,1985,2,2
1991,1,510724,1,2,3,2,1,1,3,4,2,3,1984,1,2
1991,2,510724,4,2,2,2,1,1,3,4,2,3,1988,2,2
1991,3,510724,6,4,4,2,1,1,3,4,2,3,1990,2,2
1991,1,510725,3,2,2,2,1,1,3,4,1,3,1984,2,2
1991,1,510726,1,2,2,2,1,1,3,4,2,3,1967,2,2
1991,2,510726,4,2,2,2,1,1,3,4,2,3,1987,2,2
1991,1,510727,1,2,2,2,1,1,3,4,2,3,1988,2,2
1991,1,510728,1,3,3,2,1,1,3,4,1,3,1985,2,2
1991,1,510729,1,2,2,2,1,1,3,4,2,3,1988,2,2
1991,2,510729,2,2,2,2,1,1,3,4,2,3,1979,2,2
1991,1,510730,1,3,3,2,1,1,3,4,2,3,1984,2,2
1991,2,510730,6,2,2,2,1,1,3,4,2,3,1986,2,2
1991,1,510731,1,2,2,2,1,1,3,4,2,3,1987,2,2
1991,2,510731,2,2,2,2,1,1,3,4,2,3,1989,2,2
1991,1,510732,6,1,1,1,1,1,3,4,2,3,1980,2,2
1991,1,510733,1,2,2,2,1,1,3,4,1,3,1991,2,2
1991,1,510734,4,7,7,2,3,3,3,4,2,3,1990,2,2
1991,1,510735,1,5,5,2,1,1,3,4,2,3,1980,1,2
1991,1,510736,1,2,2,2,1,1,3,4,2,3,1990,2,2
1991,1,510737,2,2,2,1,1,1,3,4,1,3,1980,2,2
1991,2,510737,1,2,2,2,1,1,3,4,2,3,1984,2,2
1991,1,510738,1,6,6,1,1,1,3,4,1,3,1971,2,2
1991,1,510739,1,5,5,2,2,2,3,4,2,3,1984,2,2
1991,2,510739,1,2,2,2,1,1,3,4,2,3,1989,2,2
1991,1,510740,1,3,3,2,1,1,3,4,2,3,1980,1,2
1991,1,510741,2,2,2,1,1,1,3,4,2,3,1969,1,2
1991,1,510742,1,2,2,2,1,1,3,4,2,3,1990,2,2
1991,2,510742,1,2,2,2,1,1,3,4,2,3,1978,2,2
1991,1,510743,2,2,2,2,3,3,3,4,2,3,1991,2,2
1991,2,510743,1,5,5,2,1,1,3,4,2,3,1985,2,2
1991,1,510744,1,4,4,2,1,1,3,4,2,3,1984,2,2
1991,2,510744,1,2,2,2,1,1,3,4,1,3,1975,2,2
1991,1,510745,3,1,1,1,3,3,3,4,1,3,1984,2,2
1991,1,510746,1,3,3,2,1,1,3,4,1,3,1989,2,2
1991,2,510746,1,2,2,2,1,1,3,4,2,3,1991,2,2
1991,1,510747,1,2,2,1,1,1,3,4,1,3,1986,2,2
1991,1,510748,1,2,2,2,1,1,3,4,2,3,1990,1,2
1991,1,510749,2,2,2,2,1,1,3,4,2,3,1983,2,2
1991,1,510750,6,2,2,2,1,1,3,4,2,3,1988,2,2
1991,2,510750,1,5,5,2,1,1,3,4,2,3,1992,2,2
1991,1,510751,3,2,2,2,1,1,3,4,2,3,1987,2,2
1991,2,510751,1,2,2,2,1,1,3,4,2,3,1986,2,2
1991,1,510752,1,5,5,2,1,1,3,4,2,3,1991,2,2
1991,2,510752,1,2,2,2,1,1,3,4,2,3,1987,2,2
1991,1,510753,2,2,2,2,1,1,3,4,1,3,1989,2,2
1991,1,510754,1,2,2,2,1,1,3,4,2,3,1983,2,2
1991,1,510755,1,2,2,2,2,2,3,4,1,3,1986,2,2
1991,1,510756,1,5,5,2,1,1,3,4,1,3,1985,2,2
1991,1,510757,2,2,3,2,1,1,3,4,2,3,1986,1,2
1991,2,510757,1,2,2,2,1,1,3,4,2,3,1983,2,2
1991,1,510758,1,2,2,2,1,1,3,4,2,3,1988,2,2
1991,1,510759,1,4,4,2,1,1,3,4,2,3,1986,2,2
1991,2,510759,5,2,2,2,1,1,3,4,2,3,1985,2,2
1991,1,510760,1,2,2,1,1,1,3,4,1,3,1984,2,2
1991,1,510761,2,2,2,2,1,1,3,4,1,3,1980,2,2
1991,2,510761,6,2,2,2,1,1,3,4,2,3,1988,2,2
1991,1,510762,2,2,2,1,1,1,3,4,1,3,1973,2,2
1991,1,510763,1,2,2,2,1,1,3,4,2,3,1986,2,2
1991,1,510764,1,3,3,2,1,1,3,4,2,3,1981,2,2
1991,2,510764,4,2,2,2,1,1,3,4,2,3,1990,2,2
1991,1,510765,4,2,2,2,1,1,3,4,2,3,1990,2,2
1991,2,510765,1,3,3,2,1,1,3,4,2,3,1985,2,2
1991,1,510766,1,2,2,2,1,1,3,4,2,3,1988,2,2
1991,1,510767,3,2,2,2,1,1,3,4,1,3,1991,2,2
1991,1,510768,2,4,4,1,1,1,3,4,1,3,1989,2,2
1991,1,510769,1,5,5,2,1,1,3,4,2,3,1986,2,2
1991,2,510769,1,2,2,2,1,1,3,4,2,3,1981,2,2
1991,1,510770,1,5,5,2,1,1,3,4,2,3,1980,2,2
1991,2,510770,1,2,2,2,1,1,3,4,1,3,1973,2,2
1991,1,510771,4,2,2,2,1,1,3,4,2,3,1986,2,2
1991,1,510772,2,2,2,2,1,1,3,4,2,3,1987,2,2
1991,1,510773,1,1,1,1,2,2,3,4,1,3,1988,2,2
1991,1,510774,7,2,2,2,4,2,3,2,2,3,1975,2,2
1991,1,510775,1,2,2,2,1,1,3,4,2,3,1987,2,2
1991,1,510776,1,2,2,2,1,1,3,4,2,3,1990,2,2
1991,1,510777,2,2,2,2,1,1,3,4,2,3,1979,2,2
1991,2,510777,1,4,3,2,1,1,3,4,2,3,1973,2,2
1991,3,510777,1,2,2,2,2,2,3,4,2,3,1980,2,2
1991,1,510778,1,2,2,2,1,1,3,4,2,3,1969,2,2
1991,2,510778,1,2,2,2,1,1,3,4,2,3,1984,2,2
1991,1,510779,1,2,2,2,1,1,3,4,2,3,1988,2,2
1991,2,510779,1,3,3,2,1,1,3,4,2,3,1981,2,2
1991,1,510780,2,4,4,2,1,1,3,4,2,3,1988,2,2
1991,2,510780,4,2,2,2,1,1,3,4,2,3,1987,1,2
1991,1,510781,3,5,5,1,1,1,3,4,2,3,1986,2,2
1991,2,510781,1,2,2,2,1,1,3,4,2,3,1985,1,2
1991,1,510782,1,2,2,2,2,2,3,4,2,3,1979,2,2
1991,1,510783,1,2,2,2,1,1,3,4,2,3,1986,2,2
1991,1,510784,2,2,2,2,1,1,3,4,2,3,1988,2,2
1991,1,510785,1,2,2,2,1,1,3,4,2,3,1988,2,2
1991,2,510785,3,4,4,2,1,1,3,4,2,3,1991,2,2
1991,3,510785,1,4,4,2,1,1,3,4,2,3,1985,2,2
1991,1,510786,2,2,2,2,2,2,3,4,1,3,1987,2,2
1991,2,510786,1,4,4,2,1,1,3,4,2,3,1988,2,2
1991,3,510786,1,2,2,2,1,1,3,4,2,3,1981,2,2
1991,1,510787,1,2,2,2,2,2,3,4,1,3,1984,2,2
1991,1,510788,1,4,2,2,1,1,3,4,2,3,1982,2,2
1991,2,510788,1,2,2,2,1,1,3,4,2,3,1990,1,2
1991,3,510788,3,2,2,2,1,1,3,4,2,3,1991,2,2
1991,1,510789,1,2,2,2,1,1,3,4,2,3,1988,2,2
1991,2,510789,2,2,2,2,1,1,3,4,2,3,1989,2,2
1991,1,510790,6,2,2,2,1,1,3,4,2,3,1979,2,2
1991,2,510790,1,2,2,2,1,1,3,4,2,3,1986,2,2
1991,1,510791,1,2,2,2,1,1,3,4,2,3,1980,2,2
1991,2,510791,1,2,2,2,1,1,3,4,2,3,1992,2,2
1991,1,510792,6,2,2,2,1,1,3,4,2,3,1988,2,2
1991,2,510792,6,2,2,1,1,1,3,4,2,3,1984,2,2
1991,3,510792,6,2,6,1,1,1,3,4,2,3,1990,2,2
1991,4,510792,1,2,2,2,1,1,3,4,2,3,1985,2,2
1991,5,510792,1,2,2,2,1,1,3,4,2,3,1985,2,2
1991,6,510792,4,2,2,2,1,1,3,4,2,3,1988,2,2
1991,1,510793,1,2,2,2,1,1,3,4,2,3,1987,2,2
1991,1,510794,1,5,5,2,1,1,3,4,2,3,1988,2,2
1991,2,510794,2,2,2,2,1,1,3,4,2,3,1988,2,2
1991,1,510795,1,2,2,2,1,1,3,4,1,3,1989,2,2
1991,1,510796,1,2,2,2,1,1,3,4,2,3,1984,2,2
1991,2,510796,2,2,2,2,1,1,3,4,2,3,1984,2,2
1991,1,510797,1,2,2,2,2,2,3,4,2,3,1979,2,2
1991,2,510797,1,2,2,2,1,1,3,4,2,3,1979,2,2
1991,3,510797,1,2,2,2,1,1,3,4,2,3,1984,2,2
1991,1,510798,1,5,5,2,1,1,3,4,2,3,1986,2,2
1991,2,510798,1,2,2,2,1,1,3,4,2,3,1984,2,2
1991,1,510799,1,5,5,2,1,1,3,4,2,3,1984,2,2
1991,2,510799,1,2,2,2,1,1,3,4,2,3,1975,2,2
1991,1,510800,2,1,1,1,1,1,3,4,2,3,1986,2,2
1991,1,510801,4,3,3,2,1,1,3,4,2,3,1983,1,2
1991,1,510802,2,2,2,2,1,1,3,4,2,3,1966,2,2
1991,2,510802,6,2,2,2,1,1,3,4,2,3,1991,2,2
1991,1,510803,1,2,2,2,1,1,3,4,1,3,1982,2,2
1991,1,510804,1,2,2,2,1,1,3,4,2,3,1987,2,2
1991,1,510805,4,4,4,2,3,3,3,4,2,3,1990,2,2
1991,1,510806,3,2,2,2,1,1,3,4,2,3,1987,1,2
1991,1,510807,1,3,5,2,1,1,3,4,1,3,1987,2,2
1991,1,510808,2,2,2,2,1,1,3,4,2,3,1984,2,2
1991,1,510809,1,5,5,2,1,1,3,4,2,3,1990,2,2
1991,2,510809,2,2,2,2,1,1,3,4,2,3,1976,2,2
1991,1,510810,1,2,2,2,1,1,3,4,2,3,1987,1,2
1991,1,510811,1,2,2,2,1,1,3,4,2,3,1986,2,2
1991,2,510811,4,2,2,2,1,1,3,4,2,3,1991,2,2
1991,1,510812,6,4,4,2,1,1,3,4,2,3,1974,2,2
1991,2,510812,1,2,2,2,1,1,3,4,2,3,1978,2,2
1991,1,510813,1,2,2,2,1,1,3,4,2,3,1988,2,2
1991,2,510813,6,2,2,2,1,1,3,4,2,3,1978,2,2
1991,1,510814,1,2,2,2,1,1,3,4,2,3,1982,2,2
1991,1,510815,1,3,3,2,1,1,3,4,2,3,1991,2,2
1991,2,510815,2,2,2,2,1,1,3,4,2,3,1985,2,2
1991,1,510816,2,2,2,1,1,1,3,4,1,3,1989,2,2
1991,1,510817,4,2,2,1,1,1,3,4,2,3,1983,2,2
1991,2,510817,1,3,3,2,1,1,3,4,2,3,1984,2,2
1991,1,510818,2,2,2,2,1,1,3,4,2,3,1987,2,2
1991,1,510819,1,2,2,2,1,1,3,4,2,3,1977,2,2
1991,1,510820,1,6,6,2,1,1,3,4,2,3,1990,2,2
1991,2,510820,1,1,1,2,1,1,3,4,2,3,1983,1,2
1991,1,510821,6,4,4,2,1,1,3,4,2,3,1979,2,2
1991,2,510821,2,2,2,2,1,1,3,4,2,3,1991,1,2
1991,1,510822,1,2,2,2,1,1,3,4,2,3,1991,2,2
1991,2,510822,6,4,4,2,1,1,3,4,2,3,1991,2,2
1991,1,510823,1,2,2,2,1,1,3,4,2,3,1989,2,2
1991,1,510824,2,2,2,2,1,1,3,4,2,3,1989,2,2
1991,2,510824,7,2,2,2,4,1,3,1,1,3,9999,2,2
1991,1,510825,1,2,2,2,1,1,3,4,2,3,1969,2,2
1991,1,510826,1,2,2,2,1,1,3,4,2,3,1985,2,2
1991,1,510827,1,4,4,1,3,3,3,4,1,3,1989,2,2
1991,2,510827,9,2,2,2,3,3,3,4,2,3,9999,2,2
1991,1,510828,2,3,3,2,3,3,3,4,1,3,1971,2,2
1991,1,510829,1,2,2,2,1,1,3,4,2,3,1990,2,2
1991,2,510829,1,2,2,2,1,1,3,4,2,3,1990,2,2
1991,3,510829,1,2,2,2,1,1,3,4,2,3,1982,2,2
1991,1,510830,1,2,2,2,1,1,3,4,2,3,1981,2,2
1991,1,510831,1,2,2,2,1,1,3,4,2,3,1977,2,2
1991,2,510831,2,2,2,2,1,1,3,4,2,3,1990,2,2
1991,1,510832,3,2,2,2,1,1,3,4,2,3,1980,2,2
1991,2,510832,6,2,2,2,1,1,3,4,2,3,1982,2,2
1991,1,510833,2,2,2,2,1,1,3,4,1,3,1985,2,2
1991,1,510834,2,2,2,2,1,1,3,4,2,3,1985,2,2
1991,2,510834,1,2,2,2,1,1,3,4,2,3,1980,2,2
1991,1,510835,1,5,5,2,1,1,3,4,2,3,1987,2,2
1991,2,510835,2,2,2,2,1,1,3,4,2,3,1971,2,2
1991,1,510836,4,2,2,2,1,1,3,4,2,3,1989,1,2
1991,1,510837,2,2,2,2,1,1,3,4,2,3,1978,1,2
1991,1,510838,1,2,2,1,1,1,3,4,2,3,1974,1,2
1991,1,510839,1,2,2,2,1,1,3,4,2,3,1991,2,2
1991,1,510840,1,2,2,2,1,1,3,4,1,3,1969,2,2
1991,1,510841,1,2,2,2,1,1,3,4,2,3,1991,2,2
1991,2,510841,1,2,2,2,1,1,3,4,2,3,1987,2,2
1991,1,510842,2,2,2,2,1,1,3,4,2,3,1969,2,2
1991,1,510843,1,1,1,1,1,1,3,4,2,3,1989,1,2
1991,1,510844,1,2,2,1,1,1,3,4,1,3,1989,2,2
1991,1,510845,1,2,2,2,1,1,3,4,2,3,1988,2,2
1991,2,510845,1,2,2,2,1,1,3,4,2,3,1985,2,2
1991,1,510846,1,2,2,2,1,1,3,4,2,3,1976,1,2
1991,1,510847,1,2,2,2,1,1,3,4,2,3,1988,2,2
1991,1,510848,2,2,2,1,1,1,3,4,1,3,1981,2,2
1991,1,510849,1,2,2,2,1,1,3,4,2,3,1989,2,2
1991,2,510849,1,3,3,1,2,2,3,4,2,3,1977,2,2
1991,1,510850,1,2,2,1,1,1,3,4,2,3,1984,1,2
1991,1,510851,1,2,2,2,1,1,3,4,2,3,1983,2,2
1991,1,510852,1,2,2,2,1,1,3,4,2,3,1987,1,2
1991,1,510853,1,2,2,2,2,2,3,4,2,3,1989,1,2
1991,1,510854,2,2,2,2,1,1,3,4,2,3,1986,2,2
1991,1,510855,2,2,2,2,1,1,3,4,1,3,1970,2,2
1991,1,510856,1,2,2,2,1,1,3,4,2,3,1980,2,2
1991,2,510856,1,5,5,2,1,1,3,4,2,3,1973,2,2
1991,1,510857,1,2,2,2,1,1,3,4,2,3,1991,2,2
1991,1,510858,1,7,7,2,1,1,3,4,2,3,1985,2,2
1991,2,510858,1,7,7,2,2,2,3,4,2,3,1982,2,2
1991,3,510858,2,7,7,2,3,3,3,4,2,3,1984,2,2
1991,4,510858,1,7,7,2,1,1,3,4,2,3,1988,2,2
1991,5,510858,1,7,7,2,1,1,3,4,2,3,1991,2,2
1991,1,510859,1,2,2,2,2,2,3,4,2,3,1989,2,2
1991,2,510859,1,7,7,2,1,1,3,4,2,3,1989,2,2
1991,1,530001,2,2,2,1,1,1,3,4,2,3,1965,2,1
1991,1,530002,2,2,2,2,1,1,3,4,2,3,1988,2,2
1991,1,530004,9,2,2,2,1,1,3,4,2,3,1985,2,2
1991,2,530004,3,2,2,2,1,1,3,4,2,3,1979,2,2
1991,1,530005,1,2,2,2,1,1,3,4,2,3,1967,2,2
1991,1,530006,2,1,1,1,1,1,3,4,1,3,1989,2,2
1991,1,530007,3,2,2,2,1,1,3,4,2,3,1987,2,2
1991,1,530008,1,2,2,2,2,2,3,4,2,3,1979,2,2
1991,2,530008,1,3,3,2,3,3,3,4,1,3,1978,2,2
1991,1,530009,1,3,3,2,1,1,3,4,1,3,1984,2,2
1991,2,530009,2,2,2,2,1,1,3,4,2,3,1988,2,2
1991,1,530010,6,4,4,1,1,1,3,4,1,3,1971,2,2
1991,2,530010,2,2,2,2,1,1,3,4,2,3,1977,2,2
1991,1,530011,2,2,2,2,1,1,3,4,2,3,1982,2,2
1991,1,530012,1,3,3,2,1,1,3,4,1,3,1985,2,2
1991,1,530014,2,2,2,2,1,1,3,4,2,3,1978,2,2
1991,1,530015,1,2,2,2,1,1,3,4,2,3,1988,2,2
1991,2,530015,4,2,2,2,1,1,3,4,2,3,1989,2,2
1991,1,530016,1,2,2,2,1,1,3,4,2,3,1980,1,2
1991,1,530017,2,4,4,1,2,2,3,4,2,3,1971,2,2
1991,2,530017,9,2,2,2,1,1,3,4,2,3,1985,2,2
1991,1,530018,1,5,5,2,1,1,3,4,2,3,1980,2,2
1991,2,530018,1,2,2,2,1,1,3,4,2,3,1983,2,2
1991,1,530019,2,3,3,1,1,1,3,4,1,3,1979,1,2
1991,2,530019,1,2,2,2,1,1,3,4,2,3,1987,2,2
1991,1,530020,1,5,5,2,1,1,3,4,1,3,1985,2,2
1991,1,530021,3,2,2,2,1,1,3,4,2,3,1984,2,2
1991,2,530021,1,2,2,2,1,1,3,4,2,3,1978,2,2
1991,1,530022,1,2,2,2,1,1,3,4,2,3,1987,1,2
1991,2,530022,6,2,2,2,1,1,3,4,2,3,1989,2,2
1991,1,530023,2,2,2,1,1,1,3,4,2,3,1975,2,2
1991,2,530023,3,5,5,1,3,3,3,4,2,3,1990,2,2
1991,1,530024,1,2,3,2,1,1,3,4,1,3,1983,2,2
1991,1,530025,2,2,2,2,1,1,3,4,2,3,1983,2,2
1991,1,530026,1,2,2,2,1,1,3,4,2,3,1971,2,2
1991,2,530026,4,2,2,2,1,1,3,4,2,3,1988,2,2
1991,1,530027,1,2,2,2,1,1,3,4,2,3,1968,2,2
1991,2,530027,4,2,2,2,1,1,3,4,2,3,1987,2,2
1991,1,530029,1,2,2,1,1,1,3,4,1,3,1982,2,2
1991,1,530030,1,2,2,2,1,1,3,4,2,3,1977,2,2
1991,1,530031,1,3,3,2,1,1,3,4,1,3,1986,2,2
1991,2,530031,4,2,2,2,1,1,3,4,2,3,1989,2,2
1991,1,530032,1,2,2,2,1,1,3,4,2,3,1988,2,2
1991,1,530034,1,2,2,2,1,1,3,4,2,3,1990,1,2
1991,2,530034,1,4,4,2,3,3,3,4,2,3,1978,2,2
1991,1,530035,1,3,3,2,1,1,3,4,2,3,1979,1,2
1991,2,530035,2,2,2,2,2,2,3,4,2,3,1975,2,2
1991,1,530036,1,1,1,1,2,2,3,4,2,3,1970,2,2
1991,1,530037,2,1,1,1,1,1,3,4,2,3,1973,2,1
1991,1,530038,4,1,1,1,1,1,3,4,2,3,1978,2,2
1991,1,530039,6,1,1,1,1,1,3,4,1,3,1979,2,2
1991,1,530040,2,2,2,2,1,1,3,4,1,3,1980,2,2
1991,2,530040,1,2,2,2,1,1,3,4,1,3,1981,2,2
1991,1,530041,9,2,2,2,3,3,3,4,2,3,9999,2,2
1991,1,530042,1,2,2,1,2,2,3,4,1,3,1987,2,2
1991,1,530043,1,2,2,2,1,1,3,4,2,3,1989,2,2
1991,2,530043,1,5,5,2,1,1,3,4,2,3,1982,2,2
1991,3,530043,1,4,4,2,1,1,3,4,2,3,1989,2,2
1991,4,530043,1,4,4,2,1,1,3,4,2,3,1978,2,2
1991,5,530043,2,2,2,2,1,1,3,4,2,3,1987,2,2
1991,1,530044,1,2,2,2,1,1,3,4,2,3,1982,2,2
1991,1,530045,4,2,2,2,1,1,3,4,2,3,1988,2,2
1991,2,530045,1,2,2,2,1,1,3,4,2,3,1988,2,2
1991,1,530046,1,4,4,2,3,3,3,4,2,3,1980,2,2
1991,2,530046,6,2,2,2,1,1,3,4,1,3,1987,2,2
1991,1,530047,2,2,2,2,2,2,3,4,2,3,1975,2,2
1991,2,530047,6,2,2,2,1,1,3,4,2,3,1982,2,2
1991,1,530048,1,2,2,2,1,1,3,4,2,3,1985,2,2
1991,1,530049,1,2,2,2,1,1,3,4,2,3,1983,2,2
1991,1,530050,7,2,2,2,4,2,3,2,2,3,1978,1,2
1991,1,530051,1,2,2,2,2,2,3,4,1,3,1986,2,2
1991,1,530052,4,3,3,1,1,1,3,4,1,3,1974,2,2
1991,1,530053,1,1,1,1,1,1,3,4,1,3,1986,2,2
1991,1,530054,1,2,2,1,1,1,3,4,2,3,1990,1,1
1991,1,530055,2,2,2,1,1,1,3,4,1,3,1968,2,2
1991,2,530055,1,5,5,2,1,1,3,4,2,3,1976,2,2
1991,3,530055,1,5,5,2,1,1,3,4,2,3,1980,2,2
1991,1,530056,1,5,5,2,1,1,3,4,1,3,1975,1,2
1991,1,530057,1,2,2,2,1,1,3,4,2,3,1989,2,2
1991,2,530057,6,5,5,2,1,1,3,4,2,3,1967,2,2
1991,1,530058,2,2,2,2,1,2,3,4,2,3,1990,2,2
1991,2,530058,2,3,3,2,1,1,3,4,2,3,1984,2,2
1991,1,530059,4,1,1,1,1,1,3,4,2,3,1986,2,1
1991,1,530060,1,2,2,1,1,1,3,4,2,3,1969,1,2
1991,1,530061,2,3,3,1,1,1,3,4,1,3,1979,2,2
1991,1,530062,2,3,3,2,1,1,3,4,2,3,1988,1,2
1991,1,530063,2,4,4,1,1,1,3,4,2,3,1962,2,2
1991,2,530063,1,2,2,2,1,1,3,4,2,3,1984,2,2
1991,1,530064,2,2,2,1,2,2,3,4,2,3,1979,2,2
1991,1,530065,4,2,2,2,1,1,3,4,2,3,1970,2,2
1991,2,530065,1,2,2,2,1,1,3,4,2,3,1988,2,2
1991,1,530066,1,2,2,1,1,1,3,4,1,3,1982,2,2
1991,1,530067,1,1,1,1,1,1,3,4,2,3,1990,1,2
1991,1,530068,3,2,2,2,1,1,3,4,2,3,1971,2,2
1991,1,530069,1,2,2,2,1,1,3,4,2,3,1991,2,2
1991,2,530069,2,2,2,2,1,1,3,4,2,3,1978,2,2
1991,1,530070,2,5,5,2,1,1,3,4,1,3,1991,2,2
1991,1,530071,2,2,2,2,3,3,3,4,2,3,1982,2,1
1991,2,530071,4,2,2,2,1,1,3,4,2,3,1978,2,2
1991,1,530073,1,5,5,2,1,1,3,4,1,3,1980,2,2
1991,1,530074,2,6,6,1,1,1,3,4,2,3,1970,1,2
1991,1,530075,1,3,3,1,1,1,3,4,1,3,1990,2,2
1991,1,530076,4,2,2,1,1,1,3,4,1,3,1979,2,1
1991,1,530077,1,3,3,2,2,2,3,4,2,3,1967,1,2
1991,2,530077,2,2,2,2,1,1,3,4,2,3,1988,2,2
1991,1,530078,2,2,2,2,1,1,3,4,2,3,1990,1,2
1991,2,530078,1,2,2,2,1,1,3,4,2,3,1962,2,2
1991,3,530078,2,5,5,2,1,1,3,4,2,3,1985,2,2
1991,1,530079,1,2,2,1,2,2,3,4,1,3,1979,2,2
1991,1,530080,1,2,2,2,1,1,3,4,2,3,1979,1,2
1991,1,530081,1,2,2,2,1,1,3,4,2,3,1984,2,2
1991,2,530081,8,5,5,2,1,1,3,4,2,1,1979,2,2
1991,1,530083,6,2,2,2,1,1,3,4,2,3,1964,1,2
1991,2,530083,1,5,5,2,1,1,3,4,2,3,1984,2,2
1991,1,530084,8,2,2,2,1,1,3,4,2,3,1990,2,2
1991,1,530085,5,2,2,2,1,1,3,4,1,3,1970,2,2
1991,1,530086,1,2,2,2,2,2,3,4,1,3,1991,2,2
1991,2,530086,1,4,4,1,1,1,3,4,2,3,1967,2,2
1991,1,530088,1,5,5,2,2,2,3,4,1,3,1973,2,2
1991,2,530088,1,2,2,2,1,1,3,4,2,3,1989,2,2
1991,1,530089,2,2,2,2,1,1,3,4,2,3,1967,2,2
1991,1,530090,1,2,2,2,1,1,3,4,2,3,1987,2,2
1991,1,530091,2,2,2,2,1,1,3,4,2,3,1989,2,2
1991,1,530092,1,2,2,2,1,1,3,4,1,3,1974,2,2
1991,1,530093,1,2,2,1,1,1,3,4,2,3,1980,1,2
1991,2,530093,1,2,2,2,1,1,3,4,2,3,1989,2,2
1991,1,530094,1,2,2,1,1,1,3,4,1,3,1976,2,2
1991,1,530095,2,2,2,2,1,1,3,4,2,3,1975,2,2
1991,2,530095,1,2,2,2,1,1,3,4,2,3,1972,2,2
1991,1,530096,1,2,2,2,1,1,3,4,2,3,1986,2,2
1991,2,530096,6,5,5,2,1,1,3,4,2,3,1983,2,2
1991,1,530097,1,2,2,1,1,1,3,4,1,3,1976,2,2
1991,1,530098,1,2,2,1,1,1,3,4,2,3,1979,2,2
1991,2,530098,1,2,2,2,1,1,3,4,2,3,1981,2,2
1991,1,530099,2,4,4,1,2,2,3,4,2,3,1968,2,2
1991,2,530099,1,2,2,2,1,1,3,4,2,3,1985,2,2
1991,1,530100,4,5,2,2,2,2,3,4,2,3,1988,1,2
1991,1,530101,2,2,2,2,1,1,3,4,2,3,1970,2,2
1991,2,530101,1,4,4,2,1,1,3,4,2,3,1978,2,2
1991,3,530101,1,4,4,2,1,1,3,4,2,3,1975,2,2
1991,4,530101,3,2,2,2,1,1,3,4,2,3,1991,2,2
1991,1,530102,4,2,2,2,2,2,3,4,2,3,1985,2,2
1991,1,530103,2,2,2,1,1,1,3,4,1,3,1985,2,2
1991,1,530104,1,2,2,2,1,1,3,4,1,3,1978,2,2
1991,2,530104,1,5,5,2,1,1,3,4,2,3,1980,2,2
1991,1,530105,2,1,1,1,1,1,3,4,2,3,1974,2,2
1991,1,530106,2,2,2,2,1,1,3,4,2,3,1987,1,2
1991,2,530106,2,2,2,2,1,1,3,4,2,3,1982,2,2
1991,1,530107,2,5,5,2,1,1,3,4,1,3,1984,2,2
1991,1,530108,2,2,2,2,1,1,3,4,2,3,1977,1,2
1991,2,530108,2,2,2,2,1,1,3,4,2,3,1973,2,2
1991,1,530109,1,2,2,2,2,2,3,4,1,3,1983,1,2
1991,2,530109,1,4,4,2,1,1,3,4,2,3,1979,2,2
1991,1,530110,1,3,3,2,1,1,3,4,2,3,1981,2,2
1991,2,530110,1,2,2,2,1,1,3,4,2,3,1988,2,2
1991,1,530111,1,2,2,2,1,1,3,4,1,3,1978,1,2
1991,1,530112,2,3,3,2,1,1,3,4,1,3,1987,2,2
1991,2,530112,4,2,2,2,1,1,3,4,2,3,1988,2,2
1991,1,530113,2,1,1,1,1,1,3,4,2,3,1969,2,2
1991,1,530114,1,5,5,1,1,1,3,4,2,3,1981,1,2
1991,1,530115,1,2,2,2,1,1,3,4,2,3,1991,1,2
1991,2,530115,2,2,2,2,1,1,3,4,2,3,1975,2,2
1991,1,530116,2,2,2,1,1,1,3,4,1,3,1968,2,2
1991,1,530117,3,2,2,2,1,1,3,4,2,3,1985,2,2
1991,1,530118,2,2,2,1,2,2,3,4,2,3,1968,2,2
1991,2,530118,7,2,2,2,4,1,3,1,2,3,1985,2,2
1991,1,530119,1,5,5,2,1,1,3,4,1,3,1991,2,2
1991,1,530120,2,3,3,2,1,1,3,4,1,3,1985,2,2
1991,1,530121,1,2,2,2,2,2,3,4,2,3,1980,2,2
1991,2,530121,1,2,2,2,1,1,3,4,2,3,1989,2,2
1991,1,530122,2,2,2,2,1,1,3,4,1,3,1988,2,2
1991,1,530123,1,7,7,1,1,1,3,4,1,3,1988,2,2
1991,1,530124,1,2,2,2,1,1,3,4,2,3,1977,2,2
1991,1,530125,1,3,3,1,1,1,3,4,1,3,1984,2,2
1991,1,530126,1,1,1,1,1,1,3,4,1,3,1979,2,2
1991,1,530127,1,2,2,1,2,2,3,4,2,3,1977,2,2
1991,1,530128,1,5,5,2,1,1,3,4,1,3,1967,2,2
1991,2,530128,2,2,2,2,1,1,3,4,2,3,1988,2,2
1991,1,530129,1,1,1,1,1,1,3,4,2,3,1979,2,2
1991,1,530130,2,2,2,2,1,1,3,4,2,3,1976,2,2
1991,2,530130,7,5,5,2,4,2,3,2,2,3,1988,2,2
1991,1,530131,2,2,2,1,1,1,3,4,2,3,1982,1,2
1991,1,530132,1,2,2,2,1,1,3,4,2,3,1979,2,2
1991,1,530133,1,2,2,2,1,1,3,4,2,3,1983,1,2
1991,2,530133,5,2,2,2,1,1,3,4,2,3,1979,2,2
1991,1,530134,1,1,1,1,1,1,3,4,2,3,1980,2,1
1991,1,530135,2,7,7,1,1,1,3,4,1,3,1990,2,2
1991,1,530136,7,1,1,2,4,1,3,1,1,3,1985,1,2
1991,1,530137,2,2,2,2,1,1,3,4,1,3,1989,2,2
1991,1,530138,1,2,2,2,1,1,3,4,2,3,1979,1,2
1991,2,530138,1,2,2,2,1,1,3,4,2,3,1971,2,2
1991,1,530140,1,2,2,1,1,1,3,4,2,3,1986,2,2
1991,1,530141,1,2,2,2,1,1,3,4,1,3,1983,2,2
1991,1,530142,1,5,5,2,1,1,3,4,2,3,1980,2,2
1991,2,530142,2,2,2,2,1,1,3,4,2,3,1990,2,2
1991,1,530143,1,2,2,2,2,2,3,4,2,3,1970,2,2
1991,2,530143,1,2,2,2,1,1,3,4,2,3,1989,2,2
1991,1,530144,6,2,2,2,1,1,3,4,2,3,1987,2,2
1991,2,530144,1,2,2,2,1,1,3,4,2,3,1990,2,2
1991,1,530145,2,2,2,2,1,1,3,4,2,3,1977,2,2
1991,2,530145,1,5,5,2,1,1,3,4,2,3,1984,2,2
1991,1,530146,1,2,2,1,2,2,3,4,2,3,1977,2,2
1991,1,530147,2,1,1,1,2,2,3,4,2,3,1984,2,2
1991,1,530148,1,2,2,2,1,1,3,4,2,3,1982,2,1
1991,2,530148,1,2,2,2,1,1,3,4,2,3,1984,2,2
1991,1,530150,2,2,2,2,2,2,3,4,2,3,1984,2,2
1991,2,530150,1,2,2,2,1,1,3,4,2,3,1982,2,2
1991,1,530151,7,2,2,2,4,1,3,1,2,3,1983,1,2
1991,2,530151,6,2,2,2,1,1,3,4,2,3,1989,2,2
1991,1,530152,1,2,2,2,2,2,3,4,2,3,1979,2,2
1991,2,530152,1,2,2,2,1,1,3,4,2,3,1987,2,2
1991,1,530153,7,3,3,2,4,1,3,1,2,3,1987,2,2
1991,2,530153,3,2,2,2,1,1,3,4,2,3,1983,2,2
1991,1,530154,1,2,2,2,1,1,3,4,1,3,1975,2,2
1991,2,530154,1,5,5,2,1,1,3,4,2,3,1975,2,2
1991,1,530155,1,2,2,2,1,1,3,4,1,3,1974,2,2
1991,1,530157,2,2,2,2,1,1,3,4,1,3,1989,2,2
1991,2,530157,1,3,3,2,1,1,3,4,2,3,1977,2,2
1991,1,530158,1,1,1,1,1,1,3,4,1,3,1971,2,2
1991,1,530159,1,2,2,1,2,2,3,4,1,3,1989,2,2
1991,1,530160,1,2,2,1,1,1,3,4,1,3,1982,2,2
1991,1,530161,1,5,5,2,1,1,3,4,2,3,1983,2,2
1991,1,530162,2,2,2,2,1,1,3,4,2,3,1986,2,2
1991,2,530162,7,2,2,2,4,2,3,2,2,3,1980,2,2
1991,1,530163,1,1,1,1,1,1,3,4,2,3,1990,2,2
1991,1,530164,1,4,4,1,1,1,3,4,1,3,1973,2,2
1991,1,530165,1,2,2,2,1,1,3,4,2,3,1984,2,2
1991,2,530165,2,2,2,2,2,2,3,4,2,3,1969,2,2
1991,1,530166,1,2,2,2,1,1,3,4,2,3,1972,2,2
1991,2,530166,1,5,5,2,1,1,3,4,2,3,1979,2,2
1991,1,530167,2,2,2,2,1,1,3,4,2,3,1990,2,2
1991,2,530167,1,5,5,2,1,1,3,4,2,3,1981,2,2
1991,1,530168,1,3,6,2,1,1,3,4,1,3,1975,2,2
1991,1,530169,1,2,2,2,1,1,3,4,2,3,1977,2,2
1991,2,530169,1,2,2,2,1,1,3,4,2,3,1983,2,2
1991,1,530170,2,1,1,1,1,1,3,4,1,3,1977,2,2
1991,1,530171,1,1,1,1,2,2,3,4,1,3,1974,2,2
1991,1,530172,2,2,2,1,2,2,3,4,2,3,1990,2,2
1991,1,530173,2,2,5,1,1,1,3,4,2,3,1985,2,2
1991,1,530174,1,2,2,2,1,1,3,4,2,3,1991,2,2
1991,2,530174,1,2,2,2,2,2,3,4,2,3,1978,2,2
1991,1,530175,1,2,2,1,2,2,3,4,1,3,1988,2,2
1991,1,530176,2,1,1,1,1,1,3,4,2,3,9999,1,2
1991,1,530177,1,2,2,2,2,2,3,4,2,3,1980,2,2
1991,2,530177,3,2,2,2,1,1,3,4,2,3,1989,2,2
1991,1,530178,7,2,2,2,4,2,3,2,1,3,1982,2,2
1991,1,530179,1,1,1,1,1,1,3,4,2,3,1980,2,1
1991,1,530180,1,4,4,2,2,2,3,4,1,3,1979,1,2
1991,1,530181,3,2,2,1,1,1,3,4,1,3,1986,2,2
1991,1,530182,1,1,1,1,1,1,3,4,1,3,1982,2,2
1991,1,530183,1,2,2,2,2,2,3,4,2,3,1977,2,2
1991,2,530183,1,3,3,1,1,1,3,4,2,3,1989,2,2
1991,1,530184,1,5,5,2,2,2,3,4,1,3,1974,2,2
1991,1,530185,1,5,5,2,1,1,3,4,1,3,1982,2,2
1991,1,530186,1,2,2,2,1,1,3,4,2,3,1984,2,2
1991,1,530187,1,2,2,2,1,1,3,4,2,3,1978,1,2
1991,2,530187,7,4,4,2,4,1,3,1,2,3,1983,2,2
1991,3,530187,1,7,7,2,1,1,3,4,2,3,1987,2,2
1991,1,530188,7,2,2,2,4,2,3,2,1,3,1976,2,2
1991,1,530190,1,3,3,2,1,1,3,4,2,3,1979,2,2
1991,2,530190,1,2,2,2,1,1,3,4,2,3,1985,2,2
1991,1,530191,1,1,1,1,1,1,3,4,2,3,1976,1,2
1991,1,530192,1,2,2,2,1,1,3,4,2,3,1988,2,2
1991,1,530193,6,2,2,2,1,1,3,4,2,3,1966,2,2
1991,2,530193,4,2,2,2,1,1,3,4,2,3,1978,2,2
1991,1,530194,4,2,2,1,2,2,3,4,1,3,1973,2,2
1991,2,530194,2,2,2,1,1,1,3,4,2,3,1973,2,2
1991,1,530195,1,2,2,2,1,1,3,4,2,3,1984,2,2
1991,2,530195,2,2,2,2,1,1,3,4,2,3,1973,2,2
1991,1,530196,3,2,2,2,1,1,3,4,2,3,1990,1,2
1991,1,530197,2,2,2,2,1,1,3,4,2,3,1987,2,1
1991,1,530198,1,3,3,2,1,1,3,4,2,3,1977,2,2
1991,2,530198,6,2,2,2,1,1,3,4,2,3,1979,2,2
1991,1,530199,2,2,2,2,1,1,3,4,2,3,1989,2,2
1991,1,530200,4,2,2,1,1,1,3,4,2,3,1969,2,2
1991,1,530201,1,2,2,2,1,1,3,4,2,3,1989,2,2
1991,1,530202,2,2,2,2,1,1,3,4,2,3,1976,2,1
1991,1,530203,2,2,2,1,2,2,3,4,1,3,1973,2,2
1991,1,530204,1,2,2,2,1,1,3,4,1,3,1981,1,2
1991,1,530205,1,5,5,2,1,1,3,4,2,3,1979,1,2
1991,2,530205,2,2,2,2,1,1,3,4,2,3,1988,2,2
1991,1,530206,1,2,2,2,1,1,3,4,2,3,1975,2,2
1991,2,530206,2,2,2,2,1,1,3,4,2,3,1988,2,2
1991,1,530208,6,4,4,2,1,1,3,4,2,3,1988,2,2
1991,2,530208,6,2,2,2,1,1,3,4,2,3,1991,1,2
1991,1,530209,1,3,3,1,1,1,3,4,1,3,1972,2,2
1991,1,530210,1,5,5,2,1,1,3,4,1,3,1990,2,2
1991,1,530211,2,2,2,2,1,1,3,4,1,3,1981,2,1
1991,1,530212,2,1,1,1,2,2,3,4,2,3,1990,2,2
1991,1,530213,1,1,1,1,2,2,3,4,1,3,1980,1,2
1991,1,530214,1,2,2,1,1,1,3,4,1,3,1979,2,2
1991,1,530215,4,5,5,2,1,1,3,4,2,3,1976,2,2
1991,2,530215,4,4,4,2,1,1,3,4,2,3,1989,2,2
1991,3,530215,7,4,4,2,4,1,3,1,2,3,1988,2,2
1991,4,530215,8,2,2,2,1,1,3,4,2,3,1986,1,2
1991,5,530215,1,2,2,2,1,1,3,4,2,3,1986,2,2
1991,1,530216,2,2,2,2,1,1,3,4,2,3,1986,1,2
1991,2,530216,2,2,2,2,1,1,3,4,2,3,1991,2,2
1991,3,530216,1,2,2,2,1,1,3,4,2,3,1980,2,2
1991,1,530217,1,2,2,2,2,2,3,4,2,3,1987,2,2
1991,2,530217,2,2,2,2,1,1,3,4,2,3,1980,2,2
1991,1,530218,7,3,3,2,4,1,3,1,1,3,1985,2,2
1991,2,530218,7,2,2,2,4,1,3,1,2,3,1989,2,2
1991,1,530219,2,2,2,2,1,1,3,4,1,3,1977,2,2
1991,1,530220,1,5,5,2,1,1,3,4,2,3,1985,2,2
1991,2,530220,2,2,2,2,1,1,3,4,2,3,1979,2,2
1991,1,530221,4,2,2,2,1,1,3,4,2,3,1990,1,2
1991,2,530221,1,3,3,2,1,1,3,4,2,3,1987,1,2
1991,1,530222,7,2,2,2,4,2,3,2,1,3,1989,2,2
1991,2,530222,1,2,2,2,1,1,3,4,2,3,1972,2,2
1991,1,530223,6,3,3,1,1,1,3,4,2,3,1979,2,2
1991,2,530223,2,5,5,2,2,2,3,4,2,3,1978,2,2
1991,1,530224,1,2,2,1,2,2,3,4,1,3,1955,2,2
1991,1,530225,1,2,2,2,1,1,3,4,2,3,1988,2,2
1991,1,530226,7,2,2,2,4,1,3,1,2,3,1987,2,2
1991,2,530226,1,2,2,2,1,1,3,4,2,3,1987,2,2
1991,3,530226,2,5,5,2,1,1,3,4,2,3,1986,2,2
1991,1,530227,1,2,2,1,1,1,3,4,1,3,1987,2,2
1991,1,530228,2,2,2,2,1,1,3,4,1,3,1985,2,2
1991,1,530229,1,2,2,2,1,1,3,4,2,3,1983,2,1
1991,1,530230,7,2,2,2,4,1,3,1,1,3,1988,1,2
1991,1,530231,2,2,2,2,1,1,3,4,1,3,1980,2,2
1991,2,530231,2,5,5,2,1,1,3,4,2,3,1990,2,2
1991,1,530232,1,4,4,2,1,1,3,4,2,3,1975,2,2
1991,2,530232,1,2,2,2,1,1,3,4,2,3,1990,2,2
1991,1,530233,1,1,1,1,3,3,3,4,2,3,1970,2,2
1991,1,530234,1,1,1,1,1,1,3,4,2,3,1987,2,1
1991,1,530235,1,2,2,2,1,1,3,4,2,3,1989,2,2
1991,1,530236,1,2,2,2,1,1,3,4,2,3,1978,2,2
1991,2,530236,9,2,2,2,1,1,3,4,2,3,1982,2,2
1991,1,530237,1,3,3,2,1,1,3,4,2,3,1989,1,2
1991,2,530237,1,2,2,2,1,1,3,4,2,3,1985,2,2
1991,1,530238,3,5,5,1,1,1,3,4,2,3,1980,2,2
1991,1,530239,1,2,2,1,1,1,3,4,2,3,1980,2,1
1991,1,530240,1,1,1,1,1,1,3,4,1,3,1984,2,2
1991,1,530241,1,2,2,2,1,1,3,4,2,3,1989,2,2
1991,2,530241,1,3,3,2,1,1,3,4,2,3,1985,2,2
1991,1,530242,7,2,2,2,4,1,3,1,1,3,1979,2,2
1991,2,530242,2,5,5,2,1,1,3,4,2,3,1953,2,2
1991,1,530243,4,2,2,2,1,1,3,4,2,3,1979,2,2
1991,2,530243,7,2,2,2,4,1,3,1,2,3,1956,2,2
1991,1,530244,1,2,2,1,1,1,3,4,2,3,1973,2,2
1991,1,530245,1,2,2,2,1,1,3,4,2,3,1974,2,2
1991,1,530246,1,1,1,1,1,1,3,4,1,3,1990,2,2
1991,1,530247,1,2,2,2,1,1,3,4,2,3,1979,2,2
1991,2,530247,2,2,2,2,1,1,3,4,2,3,1978,2,2
1991,1,530248,1,2,2,2,1,1,3,4,2,3,1978,2,2
1991,2,530248,1,2,2,2,1,1,3,4,2,3,1978,2,2
1991,1,530249,7,7,7,2,4,2,3,2,2,3,1983,2,2
1991,1,530250,1,5,5,2,1,1,3,4,1,3,1980,1,2
1991,1,530251,2,2,2,2,1,1,3,4,2,3,1991,2,2
1991,2,530251,1,2,2,2,1,1,3,4,2,3,1981,2,2
1991,3,530251,1,2,2,2,1,1,3,4,2,3,1985,2,2
1991,1,530252,1,5,5,2,1,1,3,4,2,3,1981,2,2
1991,2,530252,1,2,2,2,1,1,3,4,2,3,1963,2,2
1991,1,530253,4,5,5,2,1,1,3,4,2,3,1989,2,2
1991,2,530253,8,2,2,2,1,1,3,4,2,3,1973,2,2
1991,1,530254,1,5,5,2,1,1,3,4,2,3,1989,2,2
1991,1,530255,1,6,6,2,1,1,3,4,2,3,1988,2,2
1991,2,530255,6,4,4,2,1,1,3,4,2,3,1982,2,2
1991,1,530256,7,2,2,2,4,2,3,2,1,3,1980,2,2
1991,1,530257,1,1,1,2,1,2,3,4,2,3,1981,2,2
1991,1,530258,1,2,2,2,1,1,3,4,1,3,1991,2,2
1991,2,530258,1,3,3,2,1,1,3,4,2,3,1984,2,2
1991,1,530259,7,2,2,2,4,2,3,2,1,3,1989,2,2
1991,2,530259,3,2,2,2,1,1,3,4,2,3,1985,2,2
1991,1,530260,1,5,5,2,1,1,3,4,2,3,1978,1,2
1991,2,530260,6,2,2,2,1,1,3,4,2,3,1980,2,2
1991,1,530261,1,2,2,1,2,2,3,4,1,3,1981,2,2
1991,1,530262,1,5,5,2,2,2,3,4,2,3,1979,2,2
1991,2,530262,1,2,2,2,2,2,3,4,2,3,1978,2,2
1991,1,530263,1,1,1,1,1,1,3,4,1,3,1984,2,2
1991,1,530264,1,2,2,1,1,2,3,4,1,3,1975,2,2
1991,1,530265,1,2,2,2,1,1,3,4,2,3,1989,2,2
1991,2,530265,1,2,2,2,1,1,3,4,2,3,1987,2,2
1991,1,530266,1,1,1,1,2,2,3,4,2,3,1979,2,2
1991,1,530267,2,1,1,1,1,1,3,4,2,3,1984,2,1
1991,1,530268,1,2,2,2,2,2,3,4,2,3,1976,2,2
1991,2,530268,1,5,5,2,1,1,3,4,2,3,1988,2,2
1991,1,530269,3,1,1,1,1,1,3,4,2,3,1945,1,2
1991,1,530271,2,2,2,2,1,1,3,4,2,3,1986,2,2
1991,1,530272,3,2,2,2,1,1,3,4,2,3,1984,2,1
1991,1,530274,1,2,2,1,2,2,3,4,2,3,1984,2,2
1991,2,530274,1,4,4,1,1,1,3,4,2,3,1985,2,2
1991,1,530275,1,1,1,1,1,1,3,4,2,3,1976,2,1
1991,1,530276,1,5,5,2,1,1,3,4,2,3,1988,1,2
1991,2,530276,2,2,2,2,1,1,3,4,2,3,1981,2,2
1991,3,530276,2,2,2,2,1,1,3,4,2,3,1991,2,2
1991,1,530277,1,4,4,2,2,2,3,4,2,3,1981,2,2
1991,2,530277,7,2,2,2,4,1,3,1,2,3,1982,2,2
1991,1,530278,1,2,2,2,1,1,3,4,2,3,1984,2,2
1991,2,530278,1,2,2,2,1,1,3,4,2,3,1991,2,2
1991,3,530278,3,2,2,2,1,1,3,4,2,3,1985,2,2
1991,1,530280,1,1,1,1,2,2,3,4,1,3,1977,2,2
1991,1,530281,2,2,2,2,1,1,3,4,2,3,1980,2,2
1991,1,530282,1,2,2,2,1,1,3,4,2,3,1978,1,2
1991,2,530282,1,4,4,2,1,1,3,4,2,3,1982,2,2
1991,1,530283,1,5,5,2,1,1,3,4,2,3,1979,2,2
1991,2,530283,4,2,2,2,1,1,3,4,2,3,1985,2,2
1991,1,530284,2,2,5,2,1,1,3,4,2,3,1978,2,2
1991,2,530284,1,3,3,2,1,1,3,4,2,3,1978,2,2
1991,3,530284,6,2,2,2,1,1,3,4,2,3,1979,2,2
1991,1,530285,7,2,2,2,4,1,3,1,1,3,1985,2,2
1991,2,530285,2,5,5,2,1,1,3,4,2,3,1985,2,2
1991,1,530286,7,1,1,2,4,1,3,1,2,3,1972,2,2
1991,1,530288,2,1,1,1,1,1,3,4,1,3,1981,1,2
1991,1,530289,1,2,2,2,1,1,3,4,2,3,1967,2,2
1991,2,530289,1,5,5,2,1,1,3,4,2,3,1987,2,2
1991,1,530290,3,5,5,1,1,1,3,4,2,3,1988,2,1
1991,1,530292,2,5,5,2,1,1,3,4,2,3,1975,2,1
1991,1,530293,1,2,2,2,1,1,3,4,1,3,1987,1,2
1991,1,530294,2,2,2,2,1,1,3,4,1,3,1969,2,2
1991,1,530296,2,3,3,1,1,1,3,4,1,3,1975,2,2
1991,1,530297,2,2,2,2,1,1,3,4,2,3,1974,2,2
1991,1,530298,1,1,1,1,1,1,3,4,2,3,1988,1,2
1991,1,530299,2,2,2,2,1,1,3,4,2,3,1973,2,2
1991,2,530299,1,2,2,2,1,1,3,4,1,3,1985,2,2
1991,1,530300,1,1,1,1,1,1,3,4,1,3,1979,2,2
1991,1,530301,9,2,2,2,1,1,3,4,1,3,1973,1,2
1991,2,530301,1,4,4,2,1,1,3,4,2,3,1984,2,2
1991,1,530302,3,2,2,2,1,1,3,4,2,3,1985,2,2
1991,2,530302,1,2,2,2,1,1,3,4,2,3,1982,2,2
1991,1,530303,4,1,1,1,1,1,3,4,2,3,1990,2,1
1991,1,530304,1,2,2,2,1,1,3,4,2,3,1980,2,1
1991,1,530305,3,2,2,1,1,1,3,4,1,3,1978,2,2
1991,1,530306,1,3,3,1,1,1,3,4,1,3,1977,2,2
1991,1,530307,1,2,2,2,1,1,3,4,2,3,1991,2,2
1991,1,530309,9,1,1,2,1,1,3,4,2,3,1976,2,2
1991,1,530310,7,2,2,2,4,1,3,1,1,3,1979,2,2
1991,1,530311,2,1,1,1,2,2,3,4,1,3,1975,2,2
1991,1,530312,1,5,5,2,1,1,3,4,2,3,1990,1,2
1991,2,530312,6,2,6,2,1,1,3,4,2,3,1987,2,2
1991,1,530313,1,1,1,1,1,1,3,4,1,3,1977,2,2
1991,1,530314,1,1,1,1,2,2,3,4,1,3,1977,2,2
1991,1,530316,1,3,3,2,1,1,3,4,1,3,1977,2,2
1991,2,530316,8,2,2,2,1,2,3,4,2,1,1988,2,2
1991,1,530317,1,2,2,1,1,1,3,4,1,3,1972,2,2
1991,1,530318,2,2,2,1,1,1,3,4,2,3,1987,2,2
1991,1,530319,1,2,2,2,1,1,3,4,2,3,1987,2,1
1991,2,530319,2,2,2,2,1,1,3,4,2,3,1989,2,2
1991,1,530320,1,2,2,2,1,1,3,4,2,3,1991,2,2
1991,1,530321,1,1,1,1,1,1,3,4,1,3,1990,2,2
1991,1,530322,2,2,2,2,1,1,3,4,2,3,1989,1,2
1991,1,530323,7,2,2,2,4,2,3,2,2,3,1985,2,2
1991,2,530323,3,2,2,2,1,1,3,4,2,3,1987,2,2
1991,1,530324,2,2,2,1,1,1,3,4,1,3,1989,2,2
1991,1,530325,3,2,2,1,1,1,3,4,2,3,1966,2,2
1991,1,530326,1,2,2,1,1,1,3,4,2,3,1986,2,2
1991,1,530327,1,2,2,2,1,1,3,4,2,3,1967,2,2
1991,2,530327,4,2,2,2,1,1,3,4,2,3,1987,2,2
1991,1,530328,7,1,1,2,4,2,3,2,1,3,1982,2,2
1991,1,530329,2,2,2,2,2,2,3,4,2,3,1973,2,2
1991,2,530329,2,2,2,2,1,1,3,4,2,3,1990,2,2
1991,1,530330,1,6,6,1,1,1,3,4,1,3,1979,2,2
1991,1,530331,3,3,3,1,1,1,3,4,1,3,1975,2,2
1991,1,530332,6,2,2,2,1,1,3,4,2,3,1984,2,2
1991,2,530332,1,5,5,2,1,1,3,4,2,3,1988,2,2
1991,3,530332,1,2,2,2,1,1,3,4,2,3,1985,2,2
1991,4,530332,1,5,5,2,1,1,3,4,2,3,1987,2,2
1991,1,530333,1,2,2,1,2,2,3,4,1,3,1975,2,2
1991,1,530334,9,2,2,2,3,3,3,4,1,3,9999,2,2
1991,1,530335,1,2,2,2,2,2,3,4,1,3,1977,2,2
1991,1,530336,1,2,2,1,1,1,3,4,1,3,1990,2,2
1991,1,530337,1,5,5,2,1,1,3,4,2,3,1987,2,2
1991,2,530337,1,2,2,2,2,2,3,4,2,3,1978,2,2
1991,1,530338,1,2,2,2,1,2,3,4,2,3,1985,2,2
1991,1,530339,1,1,1,1,1,1,3,4,2,3,1987,2,1
1991,1,530340,2,6,2,1,1,1,3,4,1,3,1978,2,2
1991,2,530340,6,5,5,2,1,1,3,4,2,3,1988,2,2
1991,1,530341,4,2,2,1,1,1,3,4,2,3,1978,1,2
1991,1,530342,4,2,2,2,1,1,3,4,2,3,1990,1,2
1991,1,530343,6,1,1,1,1,1,3,4,2,3,1987,1,2
1991,1,530344,1,2,2,2,1,1,3,4,2,3,1971,2,2
1991,2,530344,2,2,2,2,1,1,3,4,2,3,1990,2,2
1991,1,530345,3,2,2,1,1,1,3,4,2,3,1985,2,1
1991,1,530346,5,2,2,2,1,1,3,4,1,3,1981,1,2
1991,2,530346,1,3,3,2,1,1,3,4,2,3,1977,1,2
1991,1,530347,1,5,5,2,1,1,3,4,1,3,1980,1,2
1991,1,530349,2,1,1,1,1,1,3,4,2,3,1978,2,2
1991,1,530350,3,2,2,1,1,1,3,4,1,3,1985,2,2
1991,2,530350,6,4,4,2,1,1,3,4,2,3,1991,2,2
1991,1,530351,2,2,2,2,2,2,3,4,2,3,1986,2,2
1991,1,530352,7,2,2,2,4,2,3,2,1,3,1989,2,2
1991,2,530352,1,2,2,1,1,1,3,4,2,3,1988,2,2
1991,3,530352,1,2,2,2,1,1,3,4,2,3,1973,2,2
1991,1,530353,1,2,2,1,1,1,3,4,1,3,1988,2,2
1991,1,530354,1,2,2,2,2,2,3,4,2,3,1979,2,2
1991,1,530355,7,2,2,2,4,2,3,2,1,3,1988,2,2
1991,1,530356,1,2,2,2,1,1,3,4,2,3,1983,2,2
1991,2,530356,1,2,2,2,1,1,3,4,2,3,1977,2,2
1991,1,530357,7,1,1,2,4,1,3,1,1,3,1976,2,2
1991,1,530358,1,2,2,1,2,2,3,4,2,3,1977,2,2
1991,1,530359,1,1,1,2,1,1,3,4,1,3,1967,2,2
1991,1,530360,1,2,2,2,1,1,3,4,2,3,1977,2,2
1991,2,530360,3,2,2,2,1,1,3,4,2,3,1971,2,2
1991,3,530360,1,4,4,2,1,1,3,4,2,3,1962,2,2
1991,1,530361,1,2,2,2,1,1,3,4,2,3,1990,1,2
1991,1,530362,1,2,2,2,1,1,3,4,2,3,1979,2,2
1991,1,530363,1,2,2,2,1,1,3,4,2,3,1989,2,2
1991,2,530363,1,2,2,2,1,1,3,4,2,3,1989,2,2
1991,1,530364,1,2,2,1,1,1,3,4,2,3,1979,2,1
1991,1,530365,1,2,2,2,3,3,3,4,2,3,1967,1,2
1991,1,530366,1,2,2,2,1,1,3,4,2,3,1977,2,2
1991,2,530366,1,2,2,2,1,1,3,4,2,3,1988,2,2
1991,1,530367,7,2,2,2,4,1,3,1,1,3,1983,2,2
1991,2,530367,1,2,6,2,1,1,3,4,2,3,1974,2,2
1991,1,530368,7,1,1,2,4,2,3,2,1,3,1978,2,2
1991,1,530369,1,2,2,2,1,1,3,4,2,3,1985,2,2
1991,1,530370,2,2,2,2,2,2,3,4,1,3,1964,2,2
1991,2,530370,1,2,2,2,1,1,3,4,2,3,1984,2,2
1991,1,530371,2,2,2,2,1,1,3,4,1,3,1971,2,2
1991,1,530372,4,1,1,1,1,1,3,4,2,3,1986,2,1
1991,1,530373,1,6,2,2,2,2,3,4,1,3,1978,2,2
1991,1,530376,1,4,4,1,1,1,3,4,1,3,1984,2,2
1991,1,530377,2,6,6,1,1,1,3,4,1,3,1968,1,2
1991,1,530378,1,2,2,1,1,1,3,4,1,3,1982,2,2
1991,1,530379,1,2,2,2,1,1,3,4,2,3,1983,2,2
1991,2,530379,1,2,2,2,1,1,3,4,2,3,1977,1,2
1991,1,530380,2,2,2,2,1,1,3,4,1,3,1981,2,2
1991,2,530380,1,5,5,2,1,1,3,4,2,3,1980,2,2
1991,1,530381,1,3,3,2,2,2,3,4,1,3,1984,2,2
1991,2,530381,1,2,2,2,1,1,3,4,2,3,1985,2,2
1991,1,530382,1,6,2,2,1,1,3,4,2,3,1979,2,1
1991,1,530383,1,5,5,2,1,1,3,4,1,3,1980,2,2
1991,2,530383,6,2,6,2,1,1,3,4,2,3,1986,2,2
1991,3,530383,1,3,4,2,1,1,3,4,2,3,1987,2,2
1991,4,530383,1,2,2,2,1,1,3,4,1,3,1986,1,2
1991,1,530384,6,2,2,2,2,2,3,4,2,3,1953,2,2
1991,2,530384,3,3,3,2,1,1,3,4,2,3,1991,2,2
1991,3,530384,1,5,5,2,1,1,3,4,2,3,1991,2,2
1991,1,530385,2,2,2,2,1,1,3,4,2,3,1977,2,2
1991,2,530385,1,2,2,2,1,1,3,4,2,3,1983,2,2
1991,3,530385,1,4,4,2,1,1,3,4,2,3,1969,2,2
1991,1,530386,3,3,3,2,1,1,3,4,2,3,1985,2,2
1991,2,530386,1,6,6,2,1,1,3,4,2,3,1980,1,2
1991,1,530388,1,2,2,2,1,1,3,4,1,3,1977,2,2
1991,2,530388,1,2,2,2,1,1,3,4,2,3,1978,2,2
1991,1,530389,1,2,2,2,1,1,3,4,2,3,1973,2,2
1991,2,530389,6,4,4,2,1,1,3,4,2,3,1990,2,2
1991,1,530390,1,5,5,2,1,1,3,4,2,3,1980,2,2
1991,2,530390,3,2,2,2,2,2,3,4,2,3,1989,1,2
1991,1,530391,7,2,2,2,4,1,3,1,1,3,1990,2,2
1991,2,530391,1,3,3,2,1,1,3,4,2,3,1991,2,2
1991,1,530392,7,2,2,2,4,2,3,2,1,3,1983,2,2
1991,1,530393,1,5,5,2,1,1,3,4,1,3,1977,2,2
1991,1,530394,2,2,2,2,1,1,3,4,1,3,1984,2,2
1991,1,530395,1,2,2,2,1,1,3,4,1,3,1988,2,2
1991,1,530396,1,2,2,2,1,1,3,4,2,3,1991,2,2
1991,2,530396,5,3,3,2,1,1,3,4,2,3,1979,2,2
1991,1,530397,1,3,2,2,1,1,3,4,2,3,1982,2,2
1991,2,530397,1,5,5,2,1,1,3,4,2,3,1988,2,2
1991,1,530398,2,2,2,2,1,1,3,4,2,3,1987,2,2
1991,2,530398,2,2,2,2,1,1,3,4,2,3,1990,2,2
1991,1,530399,1,1,1,1,1,1,3,4,2,3,1976,2,2
1991,1,530400,1,2,2,2,2,2,3,4,2,3,1978,1,2
1991,2,530400,1,4,4,2,2,2,3,4,2,3,1977,2,2
1991,1,530401,2,1,1,1,1,1,3,4,2,3,1991,1,2
1991,1,530403,7,1,1,2,4,2,3,2,1,3,1987,2,2
1991,1,530404,1,2,2,2,1,1,3,4,2,3,1977,1,2
1991,2,530404,1,2,2,2,1,1,3,4,2,3,1982,2,2
1991,1,530405,1,2,2,2,1,1,3,4,2,3,1988,2,2
1991,2,530405,2,2,2,2,1,1,3,4,2,3,1973,2,2
1991,1,530406,6,2,2,2,1,1,3,4,2,3,1970,1,2
1991,2,530406,1,5,5,2,1,1,3,4,2,3,1989,2,2
1991,3,530406,1,2,2,2,1,1,3,4,2,3,1984,2,2
1991,1,530407,1,1,1,1,1,1,3,4,2,3,1986,2,1
1991,1,530408,1,2,2,2,1,1,3,4,2,3,1984,2,2
1991,1,530409,1,3,3,2,1,1,3,4,1,3,1978,2,2
1991,2,530409,6,2,2,2,1,1,3,4,2,3,1978,2,2
1991,1,530410,2,1,1,1,2,2,3,4,1,3,1986,2,2
1991,1,530411,1,1,1,1,1,1,3,4,1,3,1988,2,2
1991,1,530412,1,3,3,2,1,1,3,4,1,3,1983,2,1
1991,1,530413,1,2,2,2,2,2,3,4,2,3,1977,2,2
1991,1,530415,1,2,6,2,1,1,3,4,2,3,1978,2,2
1991,2,530415,6,2,2,2,1,1,3,4,2,3,1980,2,2
1991,3,530415,5,2,2,2,1,1,3,4,2,3,1984,2,2
1991,1,530416,2,4,4,2,1,1,3,4,2,3,1975,2,2
1991,2,530416,2,2,2,2,1,1,3,4,2,3,1984,1,2
1991,3,530416,7,2,2,2,4,1,3,1,2,3,1991,2,2
1991,1,530417,1,2,2,2,1,1,3,4,2,3,1972,1,2
1991,1,530418,1,2,2,2,1,1,3,4,2,3,1985,2,2
1991,1,530419,1,2,2,2,1,1,3,4,1,3,1982,2,2
1991,1,530420,1,2,2,2,1,1,3,4,2,3,1967,1,2
1991,2,530420,1,2,2,2,1,1,3,4,2,3,1988,2,2
1991,3,530420,1,2,2,2,1,1,3,4,2,3,1980,2,2
1991,1,530421,1,1,1,1,2,2,3,4,1,3,1979,2,2
1991,1,530422,1,1,1,1,1,1,3,4,1,3,1985,2,2
1991,1,530423,2,2,2,1,1,1,3,4,1,3,1981,2,2
1991,1,530424,2,1,1,1,1,1,3,4,2,3,1984,1,2
1991,1,530425,2,2,2,2,1,1,3,4,2,3,1989,2,2
1991,1,530426,1,3,3,2,1,1,3,4,2,3,1988,2,2
1991,1,530427,1,3,3,2,1,1,3,4,2,3,1978,2,2
1991,2,530427,2,2,2,2,1,1,3,4,2,3,1991,2,2
1991,1,530429,9,4,4,2,3,3,3,4,2,3,1979,2,2
1991,2,530429,2,4,4,2,3,3,3,4,2,3,1984,2,2
1991,3,530429,4,2,4,2,1,1,3,4,2,3,1989,2,2
1991,4,530429,1,2,2,2,1,1,3,4,1,3,1984,2,2
1991,5,530429,4,4,4,2,1,1,3,4,2,3,1988,2,2
1991,6,530429,6,2,2,2,1,1,3,4,2,3,1991,1,2
1991,1,530430,7,2,2,2,4,1,3,1,1,3,1981,2,2
1991,1,530431,1,2,2,2,2,2,3,4,2,3,1981,2,2
1991,1,530432,1,2,2,2,1,1,3,4,2,3,1985,2,2
1991,1,530433,1,3,3,1,1,1,3,4,2,3,1984,2,2
1991,1,530434,1,3,3,2,1,1,3,4,1,3,1978,2,2
1991,1,530435,6,5,5,1,1,1,3,4,1,3,1976,2,2
1991,2,530435,2,6,6,2,1,1,3,4,2,3,1987,2,2
1991,1,530436,1,2,2,1,1,1,3,4,1,3,1989,2,2
1991,1,530437,1,2,2,1,1,1,3,4,1,3,1987,1,2
1991,1,530438,1,3,3,2,2,2,3,4,1,3,1976,2,2
1991,1,530439,1,5,5,2,1,1,3,4,2,3,1981,1,2
1991,2,530439,6,2,2,2,1,1,3,4,2,3,1973,2,2
1991,1,530440,1,1,1,1,2,2,3,4,2,3,1981,1,2
1991,1,530441,2,2,2,2,1,1,3,4,2,3,1974,2,2
1991,2,530441,6,2,2,2,1,1,3,4,2,3,1976,2,2
1991,1,530442,7,2,2,2,4,1,3,1,1,3,1991,2,2
1991,1,530444,6,2,2,2,1,1,3,4,2,3,1981,2,2
1991,1,530445,1,3,3,2,1,1,3,4,1,3,1984,2,2
1991,1,530446,1,2,2,1,2,2,3,4,2,3,1971,1,2
1991,1,530447,1,3,3,2,2,2,3,4,1,3,1980,1,2
1991,1,530448,1,1,1,1,1,1,3,4,1,3,1978,2,1
1991,1,530449,1,2,2,1,2,2,3,4,1,3,1976,2,2
1991,1,530450,1,2,3,2,2,2,3,4,1,3,1977,2,2
1991,1,530452,2,2,2,2,2,2,3,4,2,3,1982,2,2
1991,1,530453,2,2,2,2,1,1,3,4,2,3,1979,1,2
1991,2,530453,6,4,4,2,1,1,3,4,2,3,1979,2,2
1991,1,530454,2,2,2,1,2,2,3,4,1,3,1975,2,2
1991,2,530454,6,4,4,2,1,1,3,4,2,3,1985,2,2
1991,1,530455,1,2,2,2,1,1,3,4,2,3,1980,2,2
1991,2,530455,2,2,2,2,1,1,3,4,2,3,1956,1,2
1991,1,530457,1,1,1,1,2,2,3,4,1,3,1980,2,2
1991,1,530458,1,7,7,1,2,2,3,4,1,3,1989,2,2
1991,1,530459,1,2,2,2,1,1,3,4,2,3,1987,2,2
1991,2,530459,4,2,2,1,2,2,3,4,2,3,1971,2,2
1991,1,530460,1,5,5,2,1,1,3,4,2,3,1990,1,2
1991,2,530460,1,2,2,2,1,1,3,4,2,3,1981,2,2
1991,1,530461,1,5,5,2,1,1,3,4,2,3,1984,2,2
1991,2,530461,2,2,2,2,1,1,3,4,2,3,1991,2,2
1991,1,530462,2,2,2,2,1,1,3,4,1,3,1980,2,2
1991,1,530463,1,1,1,1,1,1,3,4,2,3,1973,2,2
1991,1,530464,1,2,2,1,2,2,3,4,2,3,1986,1,2
1991,1,530465,1,2,3,2,1,1,3,4,1,3,1984,2,2
1991,1,530466,1,6,6,1,1,1,3,4,1,3,1991,2,2
1991,1,530467,1,5,5,2,1,1,3,4,2,3,1983,2,2
1991,2,530467,8,2,2,2,1,1,3,4,2,1,1987,2,2
1991,1,530470,6,2,2,2,1,1,3,4,2,3,1985,2,2
1991,1,530471,2,1,1,1,1,1,3,4,2,3,1979,2,1
1991,1,530472,2,2,2,2,3,3,3,4,2,3,1977,2,2
1991,1,530473,1,2,2,2,2,2,3,4,1,3,1981,2,2
1991,1,530474,1,1,1,1,2,2,3,4,2,3,1984,2,1
1991,1,530475,2,2,2,2,2,2,3,4,1,3,1988,2,2
1991,1,530476,1,3,3,2,1,1,3,4,2,3,1984,1,2
1991,1,530477,3,2,2,2,2,2,3,4,2,3,1972,2,2
1991,2,530477,6,2,2,2,1,1,3,4,2,3,1973,2,2
1991,1,530478,1,3,3,2,1,1,3,4,2,3,1980,2,2
1991,2,530478,2,2,2,2,1,1,3,4,2,3,1967,2,2
1991,1,530479,1,2,2,2,1,1,3,4,2,3,1967,1,2
1991,1,530480,1,2,2,2,2,2,3,4,2,3,1978,2,2
1991,2,530480,1,2,2,2,1,1,3,4,2,3,1978,2,2
1991,1,530481,1,2,2,2,1,1,3,4,2,3,1992,1,2
1991,2,530481,4,2,2,2,1,1,3,4,2,3,1983,2,2
1991,1,530482,1,5,5,1,1,1,3,4,1,3,1991,2,2
1991,1,530483,1,1,1,1,2,2,3,4,1,3,1983,2,2
1991,1,530484,2,2,2,2,1,1,3,4,2,3,1972,1,2
1991,1,530485,4,1,1,2,1,1,3,4,2,3,1989,1,2
1991,1,530486,1,2,2,2,2,2,3,4,1,3,1979,2,2
1991,1,530487,6,2,2,2,2,2,3,4,1,3,1979,2,2
1991,2,530487,6,2,2,2,1,1,3,4,2,3,1978,2,2
1991,3,530487,6,4,4,2,1,1,3,4,2,3,1987,2,2
1991,1,530488,1,2,2,2,1,1,3,4,2,3,1989,2,2
1991,1,530489,1,2,2,1,1,1,3,4,1,3,1990,2,2
1991,1,530490,7,2,2,2,4,2,3,2,1,3,1977,2,2
1991,1,530491,1,2,2,1,1,1,3,4,2,3,1984,2,2
1991,2,530491,6,2,2,2,1,1,3,4,2,3,1991,1,2
1991,1,530492,1,5,5,1,1,1,3,4,1,3,1987,2,2
1991,2,530492,1,3,3,2,1,1,3,4,2,3,1973,2,2
1991,3,530492,6,2,2,2,1,1,3,4,2,3,1984,2,2
1991,1,530493,1,2,2,2,2,2,3,4,1,3,1979,2,2
1991,2,530493,1,5,5,2,1,1,3,4,2,3,1985,2,2
1991,1,530494,1,5,5,2,2,2,3,4,2,3,1978,2,2
1991,1,530495,1,2,2,2,1,1,3,4,2,3,1987,2,2
1991,1,530496,1,2,2,2,1,1,3,4,2,3,1986,2,2
1991,1,530497,2,3,3,2,1,1,3,4,2,3,1983,2,2
1991,2,530497,1,2,2,2,1,1,3,4,2,3,1982,2,2
1991,1,530498,2,2,2,2,2,2,3,4,1,3,1976,1,2
1991,1,530499,1,5,5,1,1,1,3,4,2,3,1991,1,2
1991,1,530500,1,2,2,2,1,1,3,4,2,3,1970,2,2
1991,2,530500,2,5,5,2,1,1,3,4,2,3,1977,2,2
1991,1,530501,1,2,2,2,1,1,3,4,2,3,1988,1,2
1991,1,530502,1,4,4,1,1,1,3,4,2,3,1980,2,2
1991,2,530502,1,2,2,2,1,1,3,4,2,3,1978,2,2
1991,1,530503,9,1,1,2,3,3,3,4,2,3,9999,2,2
1991,1,530504,1,2,2,2,2,2,3,4,1,3,1978,2,2
1991,1,530505,2,2,2,2,1,1,3,4,2,3,1990,2,2
1991,2,530505,1,2,2,2,1,1,3,4,2,3,1983,2,2
1991,1,530506,1,2,2,1,2,2,3,4,2,3,1980,2,1
1991,1,530507,1,1,1,1,1,1,3,4,1,3,1982,2,2
1991,1,530508,1,2,2,2,1,1,3,4,2,3,1984,2,2
1991,2,530508,6,2,2,2,1,1,3,4,2,3,1986,2,2
1991,1,530509,1,2,2,2,1,1,3,4,2,3,1983,1,1
1991,1,530510,1,3,2,2,1,1,3,4,1,3,1985,2,2
1991,2,530510,1,2,2,2,1,1,3,4,2,3,1977,2,2
1991,1,530512,4,2,2,2,1,1,3,4,2,3,1985,2,2
1991,2,530512,1,2,2,2,1,1,3,4,2,3,1980,2,2
1991,3,530512,1,5,5,2,1,1,3,4,2,3,1979,2,2
1991,4,530512,1,3,3,2,1,1,3,4,2,3,1989,2,2
1991,1,530513,3,2,2,2,1,1,3,4,2,3,1972,2,2
1991,2,530513,1,2,2,2,1,1,3,4,2,3,1984,2,2
1991,1,530514,1,1,1,1,1,1,3,4,2,3,1981,2,1
1991,1,530515,2,2,2,2,1,1,3,4,1,3,1973,2,2
1991,1,530516,1,1,1,1,1,1,3,4,2,3,1981,2,2
1991,1,530517,1,2,2,2,1,1,3,4,2,3,1984,1,2
1991,1,530518,1,2,2,2,1,1,3,4,2,3,1987,2,2
1991,2,530518,4,3,3,2,1,1,3,4,2,3,1974,2,2
1991,1,530519,2,2,2,2,1,1,3,4,2,3,1969,2,2
1991,2,530519,2,2,2,2,1,1,3,4,2,3,1981,2,2
1991,1,530520,1,3,3,2,1,1,3,4,1,3,1987,2,2
1991,2,530520,1,2,2,2,1,1,3,4,2,3,1987,2,2
1991,1,530521,1,3,3,2,1,1,3,4,1,3,1971,2,2
1991,1,530522,1,2,2,2,2,2,3,4,2,3,1971,2,2
1991,2,530522,6,2,2,2,1,1,3,4,2,3,1985,2,2
1991,1,530523,2,2,2,2,1,1,3,4,1,3,1981,2,2
1991,2,530523,1,5,5,2,1,1,3,4,2,3,1984,2,2
1991,1,530524,1,5,5,2,2,2,3,4,1,3,1989,2,2
1991,1,530525,2,2,2,1,1,1,3,4,1,3,1978,2,2
1991,1,530526,1,1,1,1,1,1,3,4,2,3,1982,1,2
1991,1,530527,2,2,2,1,2,2,3,4,1,3,1983,2,2
1991,1,530528,1,2,2,2,1,1,3,4,2,3,1977,2,2
1991,2,530528,3,2,2,2,1,1,3,4,2,3,1983,2,2
1991,3,530528,2,2,2,2,1,1,3,4,2,3,1991,2,2
1991,1,530529,1,2,2,1,2,2,3,4,2,3,1989,2,1
1991,1,530530,2,3,3,2,2,2,3,4,2,3,1987,2,2
1991,1,530531,2,2,2,1,1,1,3,4,2,3,1987,2,2
1991,2,530531,2,5,5,1,2,2,3,4,2,3,1984,2,2
1991,1,530532,1,2,2,1,1,1,3,4,1,3,1987,2,1
1991,1,530533,6,4,4,2,1,1,3,4,1,3,1981,2,2
1991,2,530533,2,2,6,2,2,2,3,4,2,3,1977,2,2
1991,3,530533,2,2,2,2,1,1,3,4,2,3,1984,2,2
1991,4,530533,6,2,2,2,1,1,3,4,2,3,1973,2,2
1991,1,530534,1,2,2,2,1,1,3,4,2,3,1988,2,2
1991,2,530534,6,2,2,2,1,1,3,4,2,3,1985,2,2
1991,1,530535,2,2,2,2,1,1,3,4,2,3,1982,2,2
1991,1,530536,1,2,2,2,1,1,3,4,2,3,1991,2,2
1991,2,530536,1,2,2,2,1,1,3,4,2,3,1986,2,2
1991,1,530537,2,2,2,2,1,1,3,4,2,3,1981,2,2
1991,1,530538,4,2,2,2,1,1,3,4,2,3,1985,2,2
1991,1,530539,1,2,2,1,1,1,3,4,1,3,1986,2,2
1991,1,530540,2,2,2,2,1,1,3,4,2,3,1984,2,1
1991,1,530541,3,1,1,1,1,1,3,4,2,3,1968,2,2
1991,1,530542,1,4,4,2,1,1,3,4,2,3,1981,1,2
1991,2,530542,1,2,2,2,1,1,3,4,2,3,1979,2,2
1991,1,530543,1,2,2,1,2,2,3,4,1,3,1976,2,2
1991,1,530544,1,3,3,2,1,1,3,4,1,3,1981,2,2
1991,2,530544,1,2,2,2,1,1,3,4,2,3,1977,2,2
1991,1,530545,1,3,3,2,1,1,3,4,2,3,1985,2,2
1991,2,530545,1,2,2,2,1,1,3,4,2,3,1989,2,2
1991,1,530547,1,2,2,2,1,1,3,4,1,3,1989,2,2
1991,1,530548,2,3,3,2,1,1,3,4,2,3,1978,2,2
1991,1,530549,4,2,2,2,1,1,3,4,2,3,1988,2,2
1991,2,530549,1,2,2,2,1,1,3,4,2,3,1987,2,2
1991,1,530550,2,2,2,2,1,1,3,4,2,3,1991,2,2
1991,1,530551,6,3,3,2,1,1,3,4,2,3,1984,2,2
1991,1,530552,2,2,2,2,1,1,3,4,2,3,1973,2,2
1991,2,530552,1,2,2,2,1,1,3,4,2,3,1981,2,2
1991,3,530552,1,5,5,2,1,1,3,4,2,3,1991,2,2
1991,4,530552,3,2,2,2,1,1,3,4,2,3,1986,2,2
1991,5,530552,4,3,3,2,1,1,3,4,2,3,1990,2,2
1991,1,530553,7,6,6,2,4,2,3,2,2,3,1989,1,2
1991,2,530553,1,4,4,2,1,1,3,4,2,3,1984,2,2
1991,3,530553,1,6,6,2,1,1,3,4,2,3,1991,2,2
1991,1,530554,4,2,2,2,1,1,3,4,2,3,1980,2,2
1991,1,530555,1,2,2,2,1,1,3,4,1,3,1978,1,2
1991,2,530555,1,4,4,1,1,1,3,4,2,3,1979,2,2
1991,1,530556,1,5,5,2,1,1,3,4,1,3,1973,2,2
1991,2,530556,1,2,2,2,1,1,3,4,2,3,1989,2,2
1991,1,530557,1,2,2,2,1,1,3,4,2,3,1978,2,2
1991,2,530557,1,4,2,2,1,1,3,4,2,3,1970,2,2
1991,1,530558,2,2,2,2,1,1,3,4,1,3,1972,2,2
1991,1,530559,1,5,5,1,1,1,3,4,2,3,1990,2,2
1991,1,530560,1,2,2,1,1,1,3,4,1,3,1990,2,2
1991,1,530561,1,2,2,2,1,1,3,4,2,3,1987,1,2
1991,1,530562,1,6,6,1,2,2,3,4,2,3,1977,2,2
1991,1,530563,1,1,1,1,1,1,3,4,1,3,1992,2,2
1991,1,530564,1,2,2,2,1,1,3,4,2,3,1983,2,2
1991,1,530565,9,2,2,2,3,3,3,4,2,3,9999,2,2
1991,1,530566,3,1,1,1,2,2,3,4,2,3,1985,2,1
1991,1,530567,3,1,1,1,1,1,3,4,1,3,1985,2,2
1991,1,530568,1,3,3,2,1,1,3,4,2,3,1973,1,2
1991,2,530568,3,2,2,2,1,1,3,4,2,3,1991,2,2
1991,1,530569,3,1,1,1,1,1,3,4,2,3,1987,1,1
1991,1,530570,1,2,2,2,2,2,3,4,2,3,1976,2,1
1991,1,530571,7,5,5,2,4,1,3,1,1,3,1986,1,2
1991,1,530572,1,5,5,2,1,1,3,4,2,3,1992,2,2
1991,2,530572,2,2,2,2,1,1,3,4,2,3,1987,2,2
1991,1,530573,1,3,3,1,1,1,3,4,1,3,1978,2,2
1991,1,530574,2,2,2,2,1,1,3,4,2,3,1990,2,2
1991,2,530574,2,2,2,2,1,1,3,4,2,3,1987,2,2
1991,1,530575,1,1,1,1,1,1,3,4,2,3,1984,1,2
1991,1,530576,3,1,1,1,1,1,3,4,1,3,1978,2,2
1991,1,530577,2,2,2,2,2,2,3,4,1,3,1986,2,2
1991,2,530577,1,2,2,2,2,2,3,4,2,3,1981,2,2
1991,1,530578,2,6,6,1,1,1,3,4,2,3,1972,2,2
1991,1,530579,2,2,2,2,1,1,3,4,1,3,1973,2,2
1991,1,530580,1,2,2,2,2,2,3,4,2,3,1976,2,2
1991,2,530580,1,3,3,2,1,1,3,4,2,3,1986,2,2
1991,1,530581,1,5,5,2,1,1,3,4,2,3,1984,2,2
1991,2,530581,2,2,2,2,1,1,3,4,2,3,1981,2,2
1991,1,530582,3,1,1,1,2,2,3,4,2,3,1984,1,1
1991,1,530583,1,2,2,2,1,1,3,4,2,3,1978,2,2
1991,1,530584,1,5,5,1,1,1,3,4,1,3,1991,2,2
1991,1,530585,2,2,2,2,1,1,3,4,1,3,1966,2,2
1991,2,530585,2,2,2,2,1,1,3,4,2,3,1985,2,2
1991,1,530586,1,2,2,2,1,1,3,4,1,3,1978,2,2
1991,2,530586,1,2,2,2,1,1,3,4,2,3,1989,2,2
1991,1,530587,4,3,3,2,2,2,3,4,1,3,1977,2,2
1991,2,530587,1,2,2,2,1,1,3,4,1,3,1980,2,2
1991,3,530587,6,2,2,2,1,1,3,4,2,3,1983,2,2
1991,1,530588,1,2,2,2,1,1,3,4,2,3,1981,1,2
1991,2,530588,2,2,2,2,1,1,3,4,2,3,1985,2,2
1991,3,530588,1,2,2,2,1,1,3,4,2,3,1990,2,2
1991,1,530589,1,2,2,2,1,1,3,4,2,3,1987,2,2
1991,1,530590,4,2,2,2,1,1,3,4,2,3,1978,1,2
1991,1,530591,1,2,2,2,2,2,3,4,2,3,1979,2,2
1991,1,530592,1,2,2,2,1,1,3,4,2,3,1982,2,2
1991,2,530592,6,2,2,2,1,1,3,4,2,3,1991,2,2
1991,1,530594,4,6,6,1,2,2,3,4,2,3,1979,1,2
1991,1,530595,2,2,2,2,1,1,3,4,2,3,1991,1,2
1991,1,530596,1,2,2,2,1,1,3,4,2,3,1982,2,2
1991,1,530597,2,1,1,1,1,1,3,4,1,3,1989,2,2
1991,1,530598,1,2,2,2,1,1,3,4,2,3,1980,2,2
1991,2,530598,1,2,2,2,1,1,3,4,2,3,1981,2,2
1991,1,530599,3,2,2,2,1,1,3,4,2,3,1981,2,2
1991,2,530599,2,2,5,2,1,1,3,4,2,3,1991,2,2
1991,3,530599,5,2,2,2,1,1,3,4,2,3,1978,2,2
1991,1,530600,1,2,2,2,1,2,3,4,1,3,1976,2,2
1991,1,530601,1,2,2,2,1,1,3,4,2,3,1986,2,2
1991,2,530601,3,5,5,1,1,1,3,4,2,3,1990,2,2
1991,1,530602,2,2,2,2,1,1,3,4,2,3,1989,2,2
1991,2,530602,2,2,2,2,1,1,3,4,2,3,1985,2,2
1991,1,530603,1,3,3,2,2,2,3,4,2,3,1976,2,2
1991,2,530603,1,2,3,2,1,1,3,4,2,3,1980,2,2
1991,3,530603,2,2,2,2,2,2,3,4,2,3,1973,2,2
1991,1,530604,2,2,2,1,1,1,3,4,1,3,1968,2,2
1991,1,530605,6,7,7,1,1,1,3,4,2,3,1985,2,2
1991,1,530606,2,2,2,2,1,1,3,4,2,3,1988,1,2
1991,1,530607,4,2,2,2,1,1,3,4,1,3,1970,2,2
1991,2,530607,1,4,4,2,1,1,3,4,2,3,1983,1,2
1991,1,530608,1,5,5,2,1,1,3,4,2,3,1980,2,2
1991,2,530608,2,2,2,2,1,1,3,4,2,3,1989,2,2
1991,1,530609,1,4,4,2,1,1,3,4,2,3,1976,2,2
1991,2,530609,2,2,2,2,1,1,3,4,2,3,1980,2,2
1991,1,530610,6,2,2,1,1,1,3,4,2,3,9999,1,2
1991,1,530611,1,6,6,2,1,1,3,4,2,3,1985,1,2
1991,1,530612,1,2,2,2,1,1,3,4,1,3,1973,2,2
1991,2,530612,2,2,2,2,1,1,3,4,1,3,1961,2,2
1991,1,530613,6,2,2,2,1,1,3,4,1,3,1980,1,2
1991,2,530613,1,5,5,2,1,1,3,4,2,3,1982,2,2
1991,3,530613,1,5,5,2,1,1,3,4,2,3,1987,2,2
1991,4,530613,1,2,2,2,3,3,3,4,2,3,1985,2,2
1991,5,530613,1,4,4,2,1,1,3,4,2,3,1977,2,2
1991,6,530613,1,2,2,2,3,3,3,4,2,3,1990,2,2
1991,1,530614,1,4,4,2,1,1,3,4,2,3,1988,2,2
1991,2,530614,5,2,2,2,1,1,3,4,2,3,1984,2,2
1991,3,530614,6,2,2,2,1,1,3,4,2,3,1971,1,2
1991,1,530615,1,1,1,1,1,1,3,4,1,3,1977,1,2
1991,1,530616,1,1,1,1,1,1,3,4,2,3,1981,2,2
1991,1,530617,1,2,2,2,1,1,3,4,2,3,1974,2,2
1991,2,530617,1,2,2,2,3,3,3,4,2,3,1979,2,2
1991,1,530618,1,2,2,1,1,1,3,4,1,3,1973,2,2
1991,1,530619,3,2,2,2,1,1,3,4,2,3,1977,1,2
1991,2,530619,1,2,2,2,2,2,3,4,2,3,1972,2,2
1991,1,530620,1,2,3,1,1,1,3,4,1,3,1979,2,2
1991,1,530621,1,2,2,1,1,1,3,4,2,3,1977,1,2
1991,1,530622,1,4,4,1,1,1,3,4,2,3,1979,1,2
1991,1,530623,2,2,2,2,1,1,3,4,2,3,1972,2,2
1991,1,530625,1,2,2,2,1,1,3,4,2,3,1975,1,2
1991,1,530626,1,5,5,2,1,1,3,4,1,3,1977,2,2
1991,2,530626,7,2,2,2,4,1,3,1,2,3,1972,2,2
1991,3,530626,1,2,2,2,1,1,3,4,2,3,1989,2,2
1991,1,530627,1,5,5,2,1,1,3,4,2,3,1979,2,2
1991,2,530627,1,2,2,2,1,1,3,4,2,3,1985,2,2
1991,3,530627,3,2,2,2,1,1,3,4,2,3,1984,2,2
1991,1,530629,1,2,2,2,1,1,3,4,2,3,1979,2,2
1991,1,530630,1,2,2,2,2,2,3,4,2,3,1976,2,2
1991,2,530630,2,4,4,2,2,2,3,4,2,3,1978,2,2
1991,1,530631,6,1,1,1,1,1,3,4,1,3,1979,1,2
1991,1,530632,2,2,2,2,1,1,3,4,2,3,1975,2,2
1991,2,530632,1,2,2,2,2,2,3,4,2,3,1976,2,2
1991,1,530633,1,1,1,2,1,1,3,4,2,3,1988,1,2
1991,1,530634,2,3,3,2,1,1,3,4,2,3,1989,2,2
1991,1,530635,3,1,1,1,2,2,3,4,1,3,1989,2,2
1991,1,530636,3,2,2,2,1,1,3,4,2,3,1991,2,2
1991,2,530636,1,2,2,2,1,1,3,4,2,3,1967,2,2
1991,3,530636,3,2,2,2,1,1,3,4,2,3,1988,2,2
1991,1,530637,1,2,2,2,1,1,3,4,2,3,1975,2,2
1991,2,530637,1,2,2,2,1,1,3,4,2,3,1990,2,2
1991,1,530638,2,2,2,1,2,2,3,4,1,3,1953,2,2
1991,1,530639,1,2,2,2,1,1,3,4,1,3,1978,2,2
1991,1,540001,2,1,1,1,1,1,3,4,2,3,1991,2,2
1991,1,540002,3,2,2,2,1,1,3,4,2,3,1986,2,2
1991,2,540002,3,2,2,2,1,1,3,4,2,3,1989,2,2
1991,1,540003,1,2,2,2,1,1,3,4,2,3,1989,2,2
1991,1,540004,1,2,2,2,1,1,3,4,2,3,1986,1,2
1991,1,540005,2,2,2,1,1,1,3,4,2,3,1977,2,2
1991,2,540005,1,2,2,2,1,1,3,4,2,3,1986,2,2
1991,3,540005,1,2,2,2,1,1,3,4,2,3,1988,2,2
1991,1,540006,4,1,1,1,1,1,3,4,2,3,1984,2,2
1991,1,540007,6,2,2,1,1,1,3,4,1,3,1987,2,2
1991,2,540007,4,4,4,2,1,1,3,4,2,3,1984,2,2
1991,1,540008,1,2,2,2,1,1,3,4,2,3,1976,2,2
1991,2,540008,1,2,2,2,1,1,3,4,2,3,1983,2,2
1991,1,540009,1,2,2,2,1,1,3,4,2,3,1975,2,2
1991,1,540010,2,2,2,2,1,1,3,4,2,3,1985,2,2
1991,2,540010,2,3,3,2,1,1,3,4,2,3,1984,2,2
1991,1,540011,6,4,4,2,1,1,3,4,2,3,1990,2,2
1991,2,540011,2,2,2,2,1,1,3,4,2,3,1987,2,2
1991,1,540012,1,1,1,1,1,1,3,4,2,3,1991,1,2
1991,1,540013,1,2,2,2,1,1,3,4,2,3,1986,2,2
1991,1,540014,2,1,1,1,1,1,3,4,2,3,1981,2,2
1991,1,540015,6,4,4,2,1,1,3,4,1,3,1987,2,2
1991,2,540015,1,2,2,2,1,1,3,4,2,3,1987,2,2
1991,1,540016,1,2,2,1,1,1,3,4,1,3,1990,2,2
1991,1,540017,1,1,1,1,1,1,3,4,2,3,1981,2,2
1991,1,540018,6,1,1,1,1,1,3,4,2,3,1972,2,2
1991,1,540019,3,1,1,1,1,1,3,4,2,3,1980,2,2
1991,1,540020,1,2,2,1,1,1,3,4,1,3,1988,2,2
1991,1,540021,3,2,2,1,1,1,3,4,2,3,1989,2,2
1991,1,540022,2,1,1,1,1,1,3,4,2,3,1984,2,2
1991,1,540023,3,4,4,2,1,1,3,4,2,3,1986,2,2
1991,2,540023,3,4,4,2,1,1,3,4,2,3,1983,2,2
1991,3,540023,2,2,2,2,1,1,3,4,2,3,1979,2,2
1991,1,540024,1,2,2,2,1,1,3,4,2,3,1980,2,2
1991,2,540024,1,5,5,2,1,1,3,4,2,3,1990,2,2
1991,1,540025,1,1,1,1,1,1,3,4,2,3,1974,2,2
1991,1,540026,4,2,2,2,1,1,3,4,2,3,1989,2,2
1991,2,540026,1,3,3,2,1,1,3,4,2,3,1983,2,2
1991,1,540027,1,2,2,1,1,1,3,4,1,3,1980,2,2
1991,1,540028,1,2,2,2,1,1,3,4,2,3,1980,2,2
1991,2,540028,1,5,5,2,1,1,3,4,2,3,1989,2,2
1991,3,540028,2,4,4,2,1,1,3,4,2,3,1987,2,2
1991,1,540029,1,3,3,2,2,2,3,4,2,3,1975,2,2
1991,2,540029,4,2,2,2,1,1,3,4,2,3,1990,2,2
1991,1,540030,1,2,2,2,1,1,3,4,2,3,1982,2,2
1991,1,540031,7,2,2,2,4,2,3,2,2,3,1981,2,2
1991,2,540031,7,2,2,2,4,2,3,2,2,3,1978,2,2
1991,1,540032,9,1,1,1,2,2,3,4,2,3,9999,2,2
1991,1,540033,1,2,2,2,1,1,3,4,1,3,1988,2,2
1991,1,540034,1,4,4,2,1,1,3,4,2,3,1990,2,2
1991,2,540034,2,2,2,2,1,1,3,4,2,3,1988,2,2
1991,1,540035,1,2,2,2,1,1,3,4,2,3,1991,2,2
1991,2,540035,1,3,3,2,1,1,3,4,2,3,1987,2,2
1991,1,540036,8,2,2,2,1,1,3,4,2,1,1984,2,2
1991,2,540036,1,2,2,2,1,1,3,4,1,3,1980,2,2
1991,1,540037,1,2,2,2,2,2,3,4,2,3,1983,2,2
1991,2,540037,3,2,2,2,1,1,3,4,2,3,1975,2,2
1991,1,540038,1,2,2,2,1,1,3,4,2,3,1985,2,2
1991,2,540038,1,2,2,2,1,1,3,4,2,3,1990,2,2
1991,1,540039,3,2,2,2,1,1,3,4,2,3,1986,2,2
1991,1,540040,2,2,2,2,1,1,3,4,2,3,1991,2,2
1991,2,540040,2,2,2,2,1,1,3,4,2,3,1977,2,2
1991,1,540041,1,2,3,2,1,1,3,4,1,3,1988,2,2
1991,1,540042,2,2,2,2,1,1,3,4,2,3,1987,2,2
1991,2,540042,1,2,2,2,1,1,3,4,2,3,1986,2,2
1991,1,540043,1,3,3,1,1,1,3,4,1,3,1991,2,2
1991,1,540044,1,2,2,1,1,1,3,4,1,3,1987,2,2
1991,1,540045,2,2,2,2,1,1,3,4,2,3,1978,2,2
1991,2,540045,1,4,4,2,1,1,3,4,2,3,1987,2,2
1991,3,540045,1,2,2,2,1,1,3,4,2,3,1985,2,2
1991,1,540046,9,2,2,2,3,3,3,4,2,3,9999,2,2
1991,1,540047,1,4,4,2,1,1,3,4,2,3,1980,2,2
1991,1,540049,1,2,2,1,1,1,3,4,1,3,1989,2,2
1991,2,540049,1,6,6,2,1,1,3,4,2,3,1989,2,2
1991,1,540050,6,2,2,2,1,1,3,4,2,3,1986,2,2
1991,2,540050,1,4,4,2,1,1,3,4,2,3,1987,2,2
1991,1,540051,1,3,3,2,1,1,3,4,2,3,1983,2,2
1991,1,540052,2,2,2,1,1,1,3,4,2,3,1979,2,2
1991,1,540053,6,2,2,1,1,1,3,4,2,3,1989,2,2
1991,1,540054,2,2,2,2,1,1,3,4,2,3,1978,2,2
1991,2,540054,1,2,2,2,1,1,3,4,2,3,1975,2,2
1991,1,540055,2,2,2,1,1,1,3,4,1,3,1979,2,2
1991,1,540056,1,2,2,2,2,2,3,4,2,3,1983,2,2
1991,2,540056,1,2,2,2,1,1,3,4,2,3,1980,2,2
1991,1,540057,1,2,2,1,1,1,3,4,2,3,1985,2,2
1991,2,540057,2,4,4,2,1,1,3,4,2,3,1968,2,2
1991,1,540058,2,2,2,2,1,1,3,4,1,3,1990,2,2
1991,2,540058,2,2,2,2,1,1,3,4,2,3,1974,2,2
1991,1,540059,1,5,5,2,1,1,3,4,2,3,1970,2,2
1991,2,540059,1,2,2,2,1,1,3,4,2,3,1980,2,2
1991,1,540060,2,2,2,2,1,1,3,4,2,3,1977,2,2
1991,2,540060,2,4,4,2,1,1,3,4,2,3,1988,2,2
1991,1,540061,1,4,4,2,3,3,3,4,2,3,1979,2,2
1991,2,540061,2,4,4,2,1,1,3,4,2,3,1988,2,2
1991,3,540061,2,4,4,2,1,1,3,4,2,3,1986,2,2
1991,4,540061,6,2,2,2,2,2,3,4,2,3,1984,2,2
1991,1,540062,3,2,2,1,1,1,3,4,1,3,1990,2,2
1991,1,540063,1,3,3,2,1,1,3,4,2,3,1978,2,2
1991,2,540063,3,2,2,2,1,1,3,4,2,3,1988,2,2
1991,1,540064,1,2,2,1,1,1,3,4,1,3,1980,2,2
1991,1,540065,1,6,6,2,1,1,3,4,2,3,1988,2,2
1991,1,540066,2,1,1,1,1,1,3,4,2,3,1990,2,2
1991,1,540067,1,2,2,2,1,1,3,4,2,3,1988,2,2
1991,1,540068,1,2,2,2,1,1,3,4,1,3,1989,2,2
1991,2,540068,1,2,2,2,1,1,3,4,2,3,1970,2,2
1991,1,540069,2,2,2,1,1,1,3,4,2,3,1985,1,2
1991,1,540070,2,5,5,2,1,1,3,4,2,3,1984,2,2
1991,2,540070,1,2,2,2,1,1,3,4,2,3,1989,2,2
1991,1,540071,3,2,2,2,1,1,3,4,2,3,1987,2,2
1991,2,540071,1,5,5,2,1,1,3,4,2,3,1987,2,2
1991,1,540072,6,2,2,2,1,1,3,4,2,3,1976,2,2
1991,1,540073,4,2,2,2,1,1,3,4,2,3,1975,2,2
1991,1,540075,1,2,2,2,1,1,3,4,2,3,1990,2,2
1991,2,540075,1,2,2,2,1,1,3,4,2,3,1984,2,2
1991,1,540076,1,2,2,2,1,1,3,4,2,3,1984,2,2
1991,2,540076,2,2,2,2,1,1,3,4,2,3,1984,2,2
1991,1,540077,1,2,2,2,1,1,3,4,2,3,1984,2,2
1991,2,540077,2,2,2,2,1,1,3,4,2,3,1988,2,2
1991,1,540078,1,2,2,2,1,1,3,4,2,3,1990,2,2
1991,2,540078,1,3,3,2,2,2,3,4,2,3,1985,2,2
1991,1,540079,1,5,5,2,1,1,3,4,2,3,1989,2,2
1991,1,540080,1,1,1,1,1,1,3,4,1,3,1987,2,2
1991,1,540081,7,2,2,2,4,1,3,1,1,3,1989,2,2
1991,2,540081,2,2,2,2,1,1,3,4,2,3,1978,2,2
1991,1,540082,1,5,5,2,1,1,3,4,2,3,1972,2,2
1991,1,540083,1,2,2,2,1,1,3,4,1,3,1972,2,2
1991,1,540084,1,2,2,2,2,2,3,4,2,3,1979,2,2
1991,1,540085,8,6,6,2,1,1,3,4,2,1,1984,2,2
1991,1,540086,7,2,2,2,4,1,3,1,2,3,1985,2,2
1991,2,540086,3,2,2,2,1,1,3,4,2,3,1991,2,2
1991,1,540087,7,2,2,2,4,1,3,1,1,3,1987,2,2
1991,1,540088,1,2,2,2,1,1,3,4,1,3,1990,2,1
1991,1,540089,1,2,2,2,1,1,3,4,2,3,1983,2,2
1991,2,540089,1,2,2,2,1,1,3,4,2,3,1980,2,2
1991,3,540089,1,2,2,2,1,1,3,4,2,3,1991,2,2
1991,4,540089,1,2,2,2,1,1,3,4,2,3,1987,2,2
1991,1,540090,1,2,2,2,1,1,3,4,2,3,1985,2,2
1991,1,540091,1,2,2,1,1,1,3,4,2,3,1987,2,2
1991,1,540092,1,1,1,1,1,1,3,4,2,3,1977,2,2
1991,1,540093,2,2,2,2,1,1,3,4,2,3,1984,2,2
1991,2,540093,1,2,2,2,1,1,3,4,2,3,1986,2,2
1991,1,540094,3,2,2,2,1,1,3,4,2,3,1984,2,2
1991,1,540095,1,2,2,2,1,1,3,4,2,3,1988,2,2
1991,2,540095,1,2,2,2,1,1,3,4,2,3,1978,2,2
1991,1,540096,2,2,2,1,1,1,3,4,2,3,1975,2,2
1991,1,540097,1,1,1,1,1,1,3,4,2,3,1984,2,2
1991,1,540099,1,2,2,2,1,1,3,4,2,3,1976,2,2
1991,2,540099,1,2,2,2,1,1,3,4,2,3,1989,2,2
1991,1,540100,1,2,2,2,1,1,3,4,2,3,1987,2,2
1991,2,540100,1,2,2,2,1,1,3,4,2,3,1989,2,2
1991,3,540100,1,2,2,2,1,1,3,4,2,3,1984,2,2
1991,1,540101,2,4,4,1,1,1,3,4,2,3,1982,2,2
1991,2,540101,1,2,2,2,2,2,3,4,2,3,1968,2,2
1991,1,540102,1,2,6,1,1,1,3,4,1,3,1978,2,2
1991,1,540103,1,1,1,1,1,1,3,4,2,3,1983,2,1
1991,1,540104,1,1,1,1,1,1,3,4,1,3,1990,2,2
1991,1,540105,2,1,1,1,2,2,3,4,2,3,1977,2,2
1991,1,540106,4,3,3,2,1,1,3,4,1,3,1975,2,2
1991,1,540107,1,3,3,2,1,1,3,4,2,3,1982,2,2
1991,1,540108,2,2,2,2,1,1,3,4,2,3,1986,2,2
1991,1,540109,7,3,3,2,4,1,3,1,2,3,1991,2,2
1991,1,540110,2,2,2,1,1,1,3,4,1,3,1990,2,2
1991,1,540111,1,2,2,1,1,1,3,4,2,3,1986,2,2
1991,1,540112,2,2,2,2,1,1,3,4,2,3,1980,2,2
1991,2,540112,7,2,2,2,4,2,3,2,2,3,1981,2,2
1991,1,540113,2,2,2,1,2,2,3,4,2,3,1987,2,2
1991,1,540114,2,2,2,1,1,1,3,4,1,3,1982,2,2
1991,1,540115,3,2,2,2,1,1,3,4,2,3,1988,2,2
1991,2,540115,1,4,2,2,1,1,3,4,2,3,1986,2,2
1991,1,540116,2,1,1,1,1,1,3,4,2,3,1988,2,2
1991,1,540117,1,2,2,2,1,1,3,4,1,3,1977,2,2
1991,1,540118,7,2,2,2,4,2,3,2,1,3,1977,2,2
1991,1,540119,2,1,1,1,1,1,3,4,1,3,1989,2,2
1991,1,540120,1,2,2,1,2,2,3,4,1,3,1989,2,2
1991,1,540121,1,2,2,2,1,1,3,4,2,3,1988,2,2
1991,1,540122,2,2,2,2,1,1,3,4,2,3,1978,2,2
1991,1,540123,1,1,1,1,1,1,3,4,2,3,1988,2,2
1991,1,540124,1,2,2,2,1,1,3,4,2,3,1990,2,2
1991,1,540125,1,3,3,2,1,1,3,4,2,3,1986,2,2
1991,2,540125,7,2,2,2,4,1,3,1,2,3,1977,2,2
1991,1,540126,1,2,2,1,1,1,3,4,1,3,1990,2,2
1991,1,540127,1,2,2,2,1,1,3,4,2,3,1984,2,2
1991,2,540127,1,2,2,2,1,1,3,4,2,3,1990,2,2
1991,1,540128,1,2,2,1,1,1,3,4,1,3,1986,2,2
1991,1,540129,1,3,3,2,1,1,3,4,1,3,1984,2,2
1991,1,540130,1,2,2,1,1,1,3,4,2,3,1985,2,2
1991,1,540131,7,2,2,2,4,1,3,1,2,3,1979,2,2
1991,1,540132,1,2,2,2,1,1,3,4,2,3,1986,1,2
1991,1,540133,1,2,2,1,1,1,3,4,1,3,1987,2,2
1991,1,540134,1,2,2,2,1,1,3,4,2,3,1985,2,2
1991,2,540134,2,4,4,1,2,2,3,4,2,3,1987,2,2
1991,1,540135,1,2,2,2,2,2,3,4,1,3,1983,2,2
1991,2,540135,2,4,4,2,1,1,3,4,2,3,1988,2,2
1991,3,540135,6,4,4,2,1,1,3,4,2,3,1975,2,2
1991,1,540136,6,2,2,1,1,1,3,4,2,3,1987,2,1
1991,1,540137,7,2,2,2,4,1,3,1,2,3,1989,2,2
1991,2,540137,1,2,2,2,1,1,3,4,2,3,1988,2,2
1991,1,540138,2,2,2,1,1,1,3,4,2,3,1988,2,2
1991,1,540139,1,2,2,1,1,1,3,4,2,3,1987,2,1
1991,1,540140,1,5,5,2,1,1,3,4,2,3,1989,2,2
1991,1,540141,1,2,2,2,2,2,3,4,2,3,1979,2,2
1991,2,540141,4,2,2,1,1,1,3,4,2,3,1987,2,2
1991,1,540142,2,2,2,1,1,1,3,4,2,3,1988,2,2
1991,2,540142,1,2,2,1,1,1,3,4,1,3,1989,2,2
1991,1,540143,1,2,2,2,1,1,3,4,2,3,1983,2,2
1991,2,540143,1,2,3,2,1,1,3,4,2,3,1988,2,2
1991,3,540143,3,2,2,2,1,1,3,4,2,3,1991,2,2
1991,1,540144,3,1,1,1,1,1,3,4,2,3,1977,2,2
1991,1,540145,6,4,4,2,1,1,3,4,2,3,1984,2,2
1991,1,540147,3,2,2,2,1,1,3,4,1,3,1989,2,2
1991,1,540148,1,2,2,2,1,1,3,4,1,3,1980,2,2
1991,1,540149,6,4,4,2,1,1,3,4,2,3,1985,2,2
1991,2,540149,1,2,2,2,1,1,3,4,2,3,1986,2,2
1991,1,540150,1,2,2,2,1,1,3,4,2,3,1987,2,2
1991,1,540151,2,2,2,1,1,1,3,4,2,3,1984,2,2
1991,2,540151,9,7,7,2,3,3,3,4,2,3,9999,2,2
1991,1,540152,1,2,2,2,1,1,3,4,2,3,1988,2,2
1991,2,540152,2,4,4,2,1,1,3,4,2,3,1983,2,2
1991,1,540153,3,2,2,2,1,1,3,4,2,3,1979,2,2
1991,2,540153,7,2,2,2,4,1,3,1,2,3,1980,2,2
1991,1,540154,9,2,2,2,2,2,3,4,1,3,1990,2,2
1991,2,540154,9,2,2,2,1,1,3,4,1,3,1991,2,2
1991,1,540155,1,2,2,2,1,1,3,4,1,3,1989,2,2
1991,1,540156,1,5,5,2,1,1,3,4,1,3,1990,2,2
1991,1,540158,3,1,1,1,1,1,3,4,1,3,1991,2,2
1991,1,540159,1,2,2,2,1,1,3,4,1,3,1987,2,2
1991,1,540160,1,2,2,2,1,1,3,4,2,3,1986,2,2
1991,2,540160,7,2,2,2,4,1,3,1,2,3,1988,2,2
1991,1,540161,2,2,2,2,2,2,3,4,1,3,1979,2,2
1991,1,540162,3,2,2,2,1,1,3,4,2,3,1987,2,2
1991,2,540162,1,2,2,2,1,1,3,4,2,3,1977,2,2
1991,1,540163,3,2,2,2,1,1,3,4,2,3,1984,2,2
1991,1,540164,1,2,2,2,1,1,3,4,2,3,1981,2,2
1991,2,540164,2,2,2,2,1,1,3,4,2,3,1989,2,2
1991,1,540165,1,2,2,1,1,1,3,4,2,3,1981,1,2
1991,1,540166,6,2,2,1,1,1,3,4,1,3,1988,2,2
1991,1,540167,1,2,2,2,1,1,3,4,2,3,1984,2,2
1991,1,540168,1,2,2,2,1,1,3,4,2,3,1987,2,2
1991,2,540168,3,2,2,2,1,1,3,4,2,3,1984,2,1
1991,1,540169,1,5,5,2,1,1,3,4,2,3,1986,2,2
1991,2,540169,2,5,5,2,1,1,3,4,2,3,1980,2,2
1991,1,540170,4,1,1,1,1,1,3,4,2,3,1991,2,2
1991,1,540171,1,2,2,2,1,1,3,4,1,3,1983,2,2
1991,1,540172,2,2,2,2,1,1,3,4,2,3,1974,2,2
1991,1,540173,7,2,2,2,4,1,3,1,2,3,1981,2,2
1991,1,540174,1,2,3,2,1,1,3,4,2,3,1986,2,2
1991,1,540175,1,2,2,2,1,1,3,4,2,3,1981,2,2
1991,2,540175,6,2,2,2,1,1,3,4,2,3,1988,2,2
1991,1,540176,1,3,3,2,1,1,3,4,2,3,1991,2,2
1991,1,540177,1,2,2,2,1,1,3,4,2,3,1981,2,2
1991,2,540177,6,2,2,2,2,2,3,4,2,3,1977,2,2
1991,1,540178,6,6,6,1,1,1,3,4,2,3,1985,2,2
1991,1,540179,1,2,2,2,1,1,3,4,2,3,1985,2,2
1991,1,540180,1,1,1,1,1,1,3,4,1,3,1980,2,2
1991,1,540181,2,3,3,2,2,2,3,4,1,3,1991,2,2
1991,1,540182,1,2,2,2,1,1,3,4,2,3,1979,2,2
1991,1,540183,2,2,2,2,1,1,3,4,2,3,1989,2,2
1991,2,540183,3,2,2,2,1,1,3,4,2,3,1985,2,2
1991,1,540184,1,5,5,2,1,1,3,4,2,3,1988,2,2
1991,2,540184,1,2,2,2,1,1,3,4,2,3,1990,2,2
1991,1,540185,6,2,2,2,1,1,3,4,2,3,1986,2,2
1991,2,540185,1,2,2,2,1,1,3,4,2,3,1990,2,2
1991,1,540186,2,1,1,2,1,1,3,4,2,3,1978,2,2
1991,1,540187,1,2,2,1,2,2,3,4,1,3,1991,2,2
1991,1,540188,2,2,2,1,1,1,3,4,1,3,1985,2,2
1991,1,540189,1,1,1,1,2,2,3,4,2,3,1990,2,2
1991,1,540190,4,2,2,2,1,1,3,4,2,3,1972,2,2
1991,1,540191,2,4,4,2,1,1,3,4,2,3,1979,2,2
1991,2,540191,1,2,2,1,1,1,3,4,1,3,1987,2,2
1991,1,540192,1,3,3,2,1,1,3,4,2,3,1986,2,2
1991,1,540193,7,2,2,2,4,1,3,1,2,3,1981,2,2
1991,1,540194,1,1,1,1,1,1,3,4,2,3,1991,2,2
1991,1,540195,1,2,2,1,2,2,3,4,1,3,1981,2,2
1991,1,540196,2,1,1,1,1,1,3,4,2,3,1991,2,2
1991,1,540197,2,1,1,1,1,1,3,4,1,3,1987,2,2
1991,1,540198,2,2,2,2,1,1,3,4,1,3,1989,2,2
1991,1,540200,6,4,4,2,1,1,3,4,2,3,1989,2,2
1991,2,540200,6,2,2,2,1,1,3,4,2,3,1981,2,2
1991,1,540201,9,7,7,2,3,3,3,4,2,3,9999,2,2
1991,1,540202,6,4,4,2,1,1,3,4,2,3,1974,2,2
1991,2,540202,1,2,2,2,1,1,3,4,2,3,1987,2,2
1991,1,540203,6,2,2,2,1,1,3,4,2,3,1990,2,2
1991,2,540203,1,2,2,2,1,1,3,4,2,3,1988,2,2
1991,1,540204,1,2,2,2,1,1,3,4,1,3,1985,2,2
1991,2,540204,6,2,2,2,1,1,3,4,2,3,1986,2,2
1991,1,540205,1,2,2,2,1,1,3,4,2,3,1967,2,2
1991,1,540206,1,2,2,2,3,3,3,4,2,3,1988,2,2
1991,1,540207,1,1,1,1,1,1,3,4,2,3,1976,2,2
1991,1,540208,4,1,1,1,3,3,3,4,1,3,1989,2,2
1991,1,540209,1,1,1,1,1,1,3,4,2,3,1991,2,2
1991,1,540210,4,2,2,1,1,1,3,4,2,3,1988,2,2
1991,2,540210,1,2,2,2,1,1,3,4,2,3,1987,2,2
1991,1,540211,2,5,5,2,1,1,3,4,2,3,1988,2,2
1991,2,540211,7,2,2,2,4,1,3,1,2,3,1978,2,2
1991,1,540212,7,2,2,2,4,1,3,1,1,3,1981,2,2
1991,1,540213,6,2,2,2,1,1,3,4,2,3,1987,2,2
1991,2,540213,2,2,2,2,2,2,3,4,1,3,1980,2,2
1991,1,540214,2,6,6,1,1,1,3,4,1,3,1979,2,2
1991,1,540215,1,2,2,2,1,1,3,4,2,3,1988,2,2
1991,1,540216,1,3,3,2,1,1,3,4,2,3,1983,2,2
1991,2,540216,3,2,2,2,1,1,3,4,2,3,1991,2,2
1991,1,540217,4,4,2,2,1,1,3,4,2,3,1989,2,2
1991,2,540217,2,2,2,2,1,1,3,4,2,3,1989,2,2
1991,1,540218,1,2,2,2,1,1,3,4,2,3,1987,2,2
1991,1,540219,1,2,2,2,1,1,3,4,2,3,1989,2,2
1991,2,540219,7,2,2,2,4,1,3,1,2,3,1989,2,2
1991,1,540220,1,2,2,2,1,1,3,4,2,3,1991,2,2
1991,2,540220,7,2,2,2,4,1,3,1,1,3,1980,2,2
1991,1,540221,1,5,5,2,2,2,3,4,2,3,1978,2,2
1991,1,540222,9,1,1,1,2,2,3,4,2,3,9999,2,2
1991,1,540223,1,3,3,2,1,1,3,4,1,3,1990,2,2
1991,1,540224,2,2,2,2,1,1,3,4,2,3,1966,2,2
1991,1,540225,1,2,2,2,1,1,3,4,2,3,1987,1,2
1991,2,540225,2,4,4,2,1,1,3,4,2,3,1979,2,2
1991,3,540225,3,2,2,2,1,1,3,4,2,3,1988,2,2
1991,4,540225,4,2,2,2,1,1,3,4,2,3,1990,2,2
1991,1,540226,1,1,1,1,1,1,3,4,1,3,1987,2,2
1991,1,540227,1,3,3,2,1,1,3,4,2,3,1991,2,2
1991,1,540228,1,2,2,2,1,1,3,4,2,3,1985,2,2
1991,2,540228,6,2,2,1,1,1,3,4,2,3,1989,2,2
1991,1,540229,1,2,2,1,1,1,3,4,1,3,1990,2,2
1991,1,540230,4,2,2,2,1,1,3,4,2,3,1989,2,2
1991,2,540230,1,5,5,2,2,2,3,4,2,3,1989,2,2
1991,1,540231,1,2,2,2,1,1,3,4,1,3,1978,2,2
1991,2,540231,2,2,2,2,1,1,3,4,2,3,1977,2,2
1991,1,540232,1,2,2,2,1,1,3,4,2,3,1991,2,2
1991,1,540233,1,2,2,1,1,1,3,4,1,3,1981,2,2
1991,1,540234,2,1,1,1,1,1,3,4,1,3,1977,2,2
1991,1,540235,2,2,2,2,1,1,3,4,2,3,1984,2,2
1991,2,540235,1,2,2,2,1,1,3,4,2,3,1976,2,2
1991,1,540236,1,2,2,1,1,1,3,4,1,3,1985,2,2
1991,1,540237,2,1,1,1,2,2,3,4,1,3,1978,2,2
1991,1,540238,6,2,2,2,1,1,3,4,2,3,1990,2,2
1991,2,540238,1,2,2,2,2,2,3,4,2,3,1984,2,2
1991,1,540239,1,2,2,2,1,1,3,4,2,3,1991,2,2
1991,1,540240,2,2,2,1,1,1,3,4,2,3,1986,2,2
1991,1,540241,1,2,2,2,1,1,3,4,2,3,1980,2,2
1991,1,540242,2,2,2,2,1,1,3,4,2,3,1979,2,2
1991,2,540242,1,2,2,2,1,1,3,4,1,3,1991,2,2
1991,1,540243,8,2,2,2,1,1,3,4,2,1,1985,2,2
1991,2,540243,1,3,3,2,1,1,3,4,2,3,1984,2,2
1991,1,540244,7,2,2,2,4,1,3,1,1,3,1980,2,2
1991,1,540245,1,3,3,2,1,1,3,4,2,3,1984,2,2
1991,1,540246,1,6,6,1,2,2,3,4,1,3,1990,2,2
1991,1,540247,2,4,4,1,2,2,3,4,2,3,1988,2,2
1991,1,540248,6,2,2,2,1,1,3,4,2,3,1988,2,2
1991,2,540248,1,5,5,2,1,1,3,4,2,3,1980,2,2
1991,1,540249,1,2,2,2,1,1,3,4,2,3,1985,2,2
1991,2,540249,3,2,2,2,1,1,3,4,2,3,1987,2,2
1991,1,540250,1,1,1,1,1,1,3,4,2,3,1989,2,2
1991,1,540251,1,2,2,2,1,1,3,4,2,3,1978,2,2
1991,2,540251,6,2,2,2,1,1,3,4,2,3,1987,2,2
1991,1,540252,1,2,2,1,1,1,3,4,1,3,1986,2,2
1991,1,540253,2,2,2,2,1,1,3,4,2,3,1990,2,1
1991,1,540254,1,2,2,2,1,1,3,4,2,3,1990,2,2
1991,2,540254,1,2,2,2,1,1,3,4,2,3,1990,2,2
1991,1,540255,1,2,2,1,1,1,3,4,2,3,1982,2,2
1991,1,540256,3,1,1,1,1,1,3,4,2,3,1988,1,2
1991,1,540257,1,2,2,2,1,1,3,4,2,3,1987,2,2
1991,2,540257,1,2,2,2,1,1,3,4,2,3,1986,2,2
1991,1,540258,1,5,5,2,1,1,3,4,2,3,1988,2,1
1991,1,540259,3,2,2,2,1,1,3,4,2,3,1962,2,2
1991,2,540259,2,2,2,2,1,1,3,4,2,3,1974,2,2
1991,1,540260,1,3,3,2,1,1,3,4,1,3,1986,2,2
1991,2,540260,1,2,2,2,1,1,3,4,2,3,1988,2,2
1991,1,540261,2,2,2,2,2,2,3,4,2,3,1975,2,2
1991,1,540262,1,3,3,2,1,1,3,4,2,3,1988,2,2
1991,2,540262,2,2,2,2,1,1,3,4,2,3,1979,2,2
1991,1,540263,1,2,2,1,1,1,3,4,2,3,1976,2,2
1991,1,540264,7,2,2,2,4,1,3,1,1,3,1988,2,2
1991,1,540265,3,2,2,1,1,1,3,4,2,3,1989,2,2
1991,1,540266,6,5,5,2,1,1,3,4,2,3,1991,2,2
1991,2,540266,1,2,2,2,1,1,3,4,2,3,1987,2,2
1991,1,540267,1,1,1,1,2,2,3,4,1,3,1985,2,2
1991,1,540269,6,2,2,2,1,1,3,4,2,3,1989,2,2
1991,2,540269,1,2,2,2,1,1,3,4,2,3,1986,2,2
1991,3,540269,2,2,2,2,1,1,3,4,2,3,1974,2,2
1991,1,540270,2,4,4,2,1,1,3,4,1,3,1985,2,2
1991,2,540270,3,2,2,2,1,1,3,4,2,3,1986,2,2
1991,1,540271,1,2,2,2,1,1,3,4,2,3,1991,2,2
1991,2,540271,6,5,5,2,1,1,3,4,2,3,1981,2,2
1991,1,540272,1,2,2,1,1,1,3,4,2,3,1980,2,2
1991,1,540273,2,1,1,1,1,1,3,4,2,3,1988,2,2
1991,1,540274,6,2,2,1,1,1,3,4,2,3,1988,2,2
1991,1,540275,1,3,3,2,1,1,3,4,1,3,1991,2,2
1991,2,540275,2,2,2,2,1,1,3,4,2,3,1990,2,2
1991,1,540276,1,2,2,2,1,1,3,4,2,3,1985,2,2
1991,2,540276,2,2,2,2,1,1,3,4,2,3,1991,2,2
1991,1,540277,1,2,2,2,1,1,3,4,2,3,1986,2,2
1991,1,540279,3,2,2,2,1,1,3,4,2,3,1986,2,2
1991,2,540279,1,3,3,2,1,1,3,4,2,3,1987,2,2
1991,1,540280,1,1,1,1,1,1,3,4,2,3,1989,2,2
1991,1,540281,2,2,2,2,1,1,3,4,2,3,1986,2,2
1991,1,540282,1,2,2,2,2,2,3,4,2,3,1983,2,2
1991,1,540283,1,2,2,2,1,1,3,4,1,3,1979,2,2
1991,2,540283,6,4,4,2,1,1,3,4,2,3,1984,2,2
1991,1,540284,1,2,2,1,1,1,3,4,1,3,1989,2,2
1991,1,540285,1,5,5,2,2,2,3,4,1,3,1986,2,2
1991,1,540286,2,2,2,2,1,1,3,4,2,3,1973,2,2
1991,1,540287,6,2,2,2,1,1,3,4,2,3,1978,2,2
1991,2,540287,3,2,2,2,2,2,3,4,2,3,1984,2,2
1991,1,540288,1,3,3,2,1,1,3,4,2,3,1991,2,2
1991,1,540289,1,2,2,2,1,1,3,4,2,3,1974,2,2
1991,1,540290,2,2,2,1,2,2,3,4,2,3,1982,2,2
1991,1,540291,2,2,2,2,1,1,3,4,1,3,1976,2,2
1991,2,540291,2,4,4,2,1,1,3,4,2,3,1981,2,2
1991,1,540292,1,5,5,2,1,1,3,4,2,3,1983,2,2
1991,2,540292,1,2,2,2,1,1,3,4,2,3,1991,2,2
1991,3,540292,2,4,4,2,1,1,3,4,2,3,1973,2,2
1991,1,540293,1,6,6,1,1,1,3,4,2,3,1991,2,2
1991,1,540294,1,2,2,2,1,1,3,4,1,3,1986,2,2
1991,2,540294,1,2,2,2,1,1,3,4,2,3,1983,2,2
1991,1,540295,1,2,2,2,1,1,3,4,2,3,1983,2,2
1991,1,540296,6,6,6,2,1,1,3,4,2,3,1988,2,2
1991,1,540297,1,6,6,2,1,1,3,4,2,3,1975,2,2
1991,1,540298,1,3,3,2,1,1,3,4,2,3,1990,2,2
1991,2,540298,1,2,2,2,1,1,3,4,2,3,1987,2,2
1991,3,540298,1,2,2,2,1,1,3,4,2,3,1981,2,2
1991,1,540299,1,2,2,2,1,1,3,4,2,3,1987,2,2
1991,2,540299,7,2,2,2,4,1,3,1,1,3,1987,2,2
1991,1,540300,2,1,1,1,1,1,3,4,1,3,1991,2,2
1991,1,540301,1,6,6,2,1,1,3,4,1,3,1988,2,2
1991,1,540302,1,5,5,2,1,1,3,4,2,3,1983,2,2
1991,2,540302,2,2,2,2,1,1,3,4,2,3,1975,2,2
1991,1,540303,3,2,2,1,1,1,3,4,2,3,1986,2,2
1991,2,540303,1,2,2,2,2,2,3,4,2,3,1968,2,2
1991,1,540304,1,2,2,2,1,1,3,4,1,3,1990,2,2
1991,2,540304,6,4,4,2,1,1,3,4,2,3,1989,2,2
1991,1,540305,1,2,2,2,2,2,3,4,1,3,1987,2,2
1991,2,540305,1,2,2,2,1,1,3,4,2,3,1989,2,2
1991,1,540306,1,2,2,2,1,1,3,4,1,3,1986,2,2
1991,1,540307,1,5,5,2,1,1,3,4,2,3,1985,2,2
1991,2,540307,1,2,2,2,1,1,3,4,2,3,1987,2,2
1991,1,540308,1,2,2,2,1,1,3,4,2,3,1979,2,2
1991,2,540308,2,2,2,2,1,1,3,4,2,3,1990,2,2
1991,1,540309,6,2,2,2,1,1,3,4,2,3,1988,2,2
1991,2,540309,3,2,2,2,1,1,3,4,1,3,1989,2,2
1991,3,540309,1,2,2,2,1,1,3,4,2,3,1987,2,2
1991,1,540310,2,1,1,1,1,1,3,4,1,3,1990,2,2
1991,1,540311,2,2,2,1,1,1,3,4,2,3,1985,2,2
1991,1,540312,1,2,2,2,1,1,3,4,2,3,1985,2,2
1991,2,540312,2,2,2,2,1,1,3,4,2,3,1991,2,2
1991,1,540313,4,5,2,1,1,1,3,4,2,3,1982,2,2
1991,1,540314,2,1,1,1,1,1,3,4,1,3,1989,2,2
1991,1,540315,1,6,6,2,1,1,3,4,1,3,1983,2,2
1991,1,540316,7,2,2,2,4,2,3,2,1,3,1972,2,2
1991,2,540316,2,2,2,2,1,1,3,4,2,3,1984,2,2
1991,1,540317,1,3,3,2,1,1,3,4,2,3,1984,2,2
1991,1,540318,1,4,4,2,2,2,3,4,1,3,1986,2,2
1991,2,540318,1,2,2,2,1,1,3,4,2,3,1989,2,2
1991,1,540319,1,2,2,2,1,1,3,4,2,3,1990,2,2
1991,1,540320,1,2,2,2,1,1,3,4,2,3,1988,2,2
1991,1,540321,2,2,2,2,1,1,3,4,2,3,1990,2,2
1991,2,540321,2,2,2,2,2,2,3,4,1,3,1971,2,2
1991,1,540322,2,2,2,1,1,1,3,4,2,3,1991,2,2
1991,1,540323,1,4,4,1,1,1,3,4,2,3,1984,2,2
1991,1,540324,1,2,2,2,1,1,3,4,2,3,1979,2,1
1991,1,540325,1,3,3,2,1,1,3,4,2,3,1987,2,2
1991,1,540326,1,2,2,2,1,1,3,4,2,3,1984,2,2
1991,1,540327,1,2,2,1,2,2,3,4,2,3,1981,2,2
1991,1,540328,2,6,6,2,1,1,3,4,1,3,1991,2,1
1991,1,540329,2,1,1,2,1,1,3,4,2,3,1985,2,2
1991,1,540330,1,2,2,2,1,1,3,4,2,3,1983,2,2
1991,2,540330,3,2,2,2,1,1,3,4,2,3,1987,2,2
1991,1,540331,1,2,2,2,1,1,3,4,2,3,1981,2,2
1991,1,540332,1,2,2,2,1,1,3,4,2,3,1984,2,2
1991,1,540333,1,2,5,1,2,2,3,4,2,3,1979,2,2
1991,1,540334,1,2,2,2,1,1,3,4,1,3,1991,2,2
1991,1,540335,1,2,2,2,1,1,3,4,1,3,1989,2,2
1991,1,540336,2,2,2,2,1,1,3,4,2,3,1982,2,2
1991,2,540336,1,2,2,2,1,1,3,4,2,3,1984,2,2
1991,1,540337,1,2,3,2,2,2,3,4,2,3,1991,2,2
1991,1,540338,2,1,1,1,1,1,3,4,2,3,1990,2,2
1991,1,540339,9,1,1,1,2,2,3,4,2,3,9999,2,2
1991,1,540340,1,1,1,1,1,1,3,4,2,3,1983,2,1
1991,1,540341,4,1,1,1,1,1,3,4,2,3,1991,2,2
1991,1,540342,1,2,2,1,1,1,3,4,2,3,1983,2,1
1991,1,540343,2,1,1,2,1,1,3,4,2,3,1977,2,2
1991,1,540344,1,2,2,2,1,1,3,4,2,3,1988,2,2
1991,1,540345,1,2,2,1,1,1,3,4,1,3,1983,2,2
1991,1,540346,6,4,4,2,1,1,3,4,2,3,1984,2,2
1991,2,540346,1,6,6,2,1,1,3,4,2,3,1989,2,2
1991,1,540347,2,2,2,2,2,2,3,4,2,3,1988,2,2
1991,2,540347,1,5,5,2,1,1,3,4,2,3,1978,2,2
1991,1,540348,2,2,2,2,1,1,3,4,1,3,1991,2,2
1991,2,540348,1,3,3,2,1,1,3,4,1,3,1990,2,2
1991,1,540349,2,2,2,1,1,1,3,4,1,3,1989,2,2
1991,1,540350,4,2,2,1,1,1,3,4,2,3,1987,2,2
1991,1,540351,2,2,2,1,1,1,3,4,2,3,1990,2,2
1991,1,540352,6,2,2,2,1,1,3,4,2,3,1985,2,2
1991,2,540352,1,5,5,2,1,1,3,4,2,3,1986,2,2
1991,1,540353,2,1,1,1,1,1,3,4,1,3,1984,2,2
1991,1,540354,6,2,2,2,1,1,3,4,2,3,1989,2,2
1991,2,540354,1,3,3,2,1,1,3,4,2,3,1991,2,2
1991,3,540354,1,5,5,2,1,1,3,4,2,3,1990,2,2
1991,1,540355,1,5,5,1,1,1,3,4,2,3,1989,2,2
1991,2,540355,2,2,2,2,1,1,3,4,2,3,1986,2,2
1991,1,540356,1,1,1,2,1,1,3,4,2,3,1984,2,2
1991,1,540357,1,2,2,2,1,1,3,4,1,3,1991,2,2
1991,2,540357,2,4,4,1,1,1,3,4,2,3,1990,2,2
1991,1,540358,2,2,2,2,1,1,3,4,2,3,1989,2,2
1991,1,540359,1,2,2,1,1,1,3,4,2,3,1987,2,2
1991,2,540359,1,2,2,2,1,1,3,4,2,3,1984,2,2
1991,1,540360,1,2,2,2,1,1,3,4,2,3,1983,2,2
1991,2,540360,1,2,2,2,1,1,3,4,2,3,1988,2,2
1991,3,540360,2,2,2,2,1,1,3,4,2,3,1989,2,2
1991,1,540362,1,2,2,2,1,1,3,4,2,3,1984,2,2
1991,2,540362,1,2,2,2,1,2,3,4,2,3,1990,2,2
1991,1,540366,1,1,1,1,1,1,3,4,2,3,1991,2,2
1991,1,540367,2,1,1,1,1,1,3,4,2,3,1991,2,2
1991,1,540368,4,1,1,1,1,1,3,4,1,3,1979,2,2
1991,1,540369,1,2,2,2,1,1,3,4,2,3,1988,2,2
1991,2,540369,4,2,2,2,1,1,3,4,2,3,1986,2,2
1991,3,540369,1,2,2,2,1,1,3,4,2,3,1978,2,2
1991,1,540370,7,2,2,2,4,1,3,1,1,3,1984,2,2
1991,2,540370,2,2,2,2,1,1,3,4,2,3,1978,2,2
1991,1,540371,1,2,2,2,1,1,3,4,2,3,1977,2,2
1991,1,540372,2,2,2,2,1,1,3,4,1,3,1985,2,2
1991,1,540373,1,2,2,2,1,1,3,4,2,3,1981,2,2
1991,2,540373,6,2,2,2,1,1,3,4,2,3,1979,2,2
1991,1,540374,1,2,2,2,1,1,3,4,2,3,1981,2,2
1991,1,540375,1,2,2,2,1,1,3,4,2,3,1987,2,2
1991,2,540375,1,3,3,2,1,1,3,4,2,3,1985,2,2
1991,1,540376,4,1,1,1,1,1,3,4,2,3,1991,2,2
1991,1,540377,9,7,7,2,3,3,3,4,2,3,9999,2,2
1991,1,540378,1,5,5,1,2,2,3,4,1,3,1982,2,2
1991,1,540379,2,2,2,2,1,1,3,4,2,3,1988,2,2
1991,1,540380,1,2,2,2,1,1,3,4,2,3,1985,2,2
1991,2,540380,1,6,6,2,3,3,3,4,2,3,1969,2,2
1991,1,540381,3,1,1,1,1,1,3,4,2,3,1987,2,2
1991,1,540382,1,1,1,1,1,1,3,4,2,3,1988,2,2
1991,1,540383,1,2,2,2,1,1,3,4,2,3,1991,2,2
1991,1,550001,1,2,2,2,1,1,3,4,2,3,1981,2,2
1991,2,550001,1,5,5,2,1,1,3,4,2,3,1986,2,2
1991,1,550002,1,3,3,2,1,1,3,4,1,3,1990,2,2
1991,1,550003,1,2,2,2,1,1,3,4,2,3,1984,2,2
1991,2,550003,1,3,3,2,1,1,3,4,2,3,1982,2,2
1991,3,550003,2,2,2,2,1,1,3,4,2,3,1989,2,2
1991,1,550004,3,2,2,2,1,1,3,4,2,3,1969,2,2
1991,2,550004,1,2,2,2,1,1,3,4,2,3,1991,2,2
1991,1,550005,1,4,4,2,1,1,3,4,2,3,1972,2,2
1991,2,550005,6,2,2,1,1,1,3,4,2,3,1989,1,2
1991,3,550005,1,7,7,2,1,1,3,4,2,3,1987,2,2
1991,1,550006,2,2,2,2,1,1,3,4,2,3,1986,2,2
1991,2,550006,1,5,5,2,1,1,3,4,2,3,1989,2,2
1991,1,550007,2,2,2,2,1,1,3,4,2,3,1977,2,2
1991,1,550008,1,2,2,2,1,1,3,4,2,3,1984,2,2
1991,2,550008,2,2,2,2,1,1,3,4,2,3,1978,2,2
1991,1,550009,2,3,3,2,2,2,3,4,2,3,1986,2,2
1991,1,550010,1,5,5,2,1,1,3,4,1,3,1978,2,2
1991,1,550011,2,2,2,2,1,1,3,4,2,3,1984,2,2
1991,2,550011,6,2,2,2,1,1,3,4,2,3,1986,2,2
1991,1,550012,1,3,3,2,1,1,3,4,2,3,1985,2,2
1991,2,550012,2,2,2,2,1,1,3,4,1,3,1986,2,2
1991,1,550013,1,2,2,2,1,1,3,4,1,3,1982,2,2
1991,1,550014,4,4,4,2,1,1,3,4,2,3,1988,2,2
1991,1,550015,1,2,2,2,1,1,3,4,2,3,1985,2,2
1991,2,550015,1,2,2,2,1,1,3,4,2,3,1976,2,2
1991,1,550016,1,2,2,2,1,1,3,4,2,3,1981,1,2
1991,1,550017,1,3,3,2,1,1,3,4,1,3,1984,2,2
1991,2,550017,1,2,2,2,1,1,3,4,2,3,1977,2,2
1991,1,550018,4,1,1,2,1,1,3,4,2,3,1979,2,2
1991,1,550019,1,2,2,2,1,1,3,4,2,3,1985,2,2
1991,1,550020,1,2,2,1,1,1,3,4,2,3,1985,2,2
1991,2,550020,3,2,2,1,1,1,3,4,2,3,1986,2,2
1991,1,550021,1,5,5,2,1,1,3,4,1,3,1984,2,2
1991,2,550021,4,2,2,2,1,1,3,4,2,3,1987,2,2
1991,1,550022,2,2,2,2,1,1,3,4,2,3,1984,2,2
1991,2,550022,1,5,5,2,1,1,3,4,2,3,1981,2,2
1991,1,550023,1,2,2,2,1,1,3,4,1,3,1980,2,2
1991,2,550023,1,2,2,2,3,3,3,4,2,3,1991,2,2
1991,1,550024,1,1,1,1,1,1,3,4,1,3,1984,2,2
1991,1,550025,2,2,6,1,1,1,3,4,1,3,1981,2,2
1991,1,550026,6,2,2,2,1,1,3,4,2,3,1987,2,2
1991,2,550026,1,2,2,2,1,1,3,4,2,3,1984,2,2
1991,1,550027,1,5,5,1,2,2,3,4,1,3,1985,2,2
1991,1,550028,1,7,7,2,1,1,3,4,2,3,1980,2,2
1991,1,550029,1,5,5,2,1,1,3,4,2,3,1989,2,2
1991,2,550029,4,2,2,2,1,1,3,4,2,3,1974,2,2
1991,1,550030,1,6,6,1,1,1,3,4,1,3,1986,2,2
1991,1,550031,9,2,2,2,3,3,3,4,2,3,9999,2,2
1991,1,550032,9,7,7,1,1,1,3,4,1,3,1986,2,2
1991,1,550033,1,2,2,2,1,1,3,4,2,3,1984,2,2
1991,1,550034,4,2,2,2,1,1,3,4,2,3,1988,1,2
1991,2,550034,6,4,4,2,1,1,3,4,2,3,1985,2,2
1991,1,550035,1,2,2,2,1,1,3,4,2,3,1981,2,2
1991,1,550036,1,1,1,1,1,1,3,4,1,3,1985,2,2
1991,1,550037,1,2,2,2,1,1,3,4,2,3,1987,2,2
1991,2,550037,2,2,2,2,1,1,3,4,2,3,1988,2,2
1991,1,550038,1,3,3,2,2,2,3,4,1,3,1988,2,2
1991,1,550039,4,4,2,2,1,1,3,4,2,3,1988,2,2
1991,2,550039,1,2,2,2,1,1,3,4,2,3,1984,1,2
1991,3,550039,1,5,5,2,1,1,3,4,2,3,1989,2,2
1991,1,550040,2,4,4,2,1,1,3,4,2,3,1983,2,2
1991,2,550040,1,2,2,2,1,1,3,4,2,3,1978,1,2
1991,1,550041,1,1,1,1,1,1,3,4,1,3,1984,1,2
1991,1,550042,1,2,2,2,1,1,3,4,2,3,1976,1,2
1991,2,550042,6,2,2,2,1,1,3,4,2,3,1990,2,2
1991,1,550043,1,2,2,2,1,1,3,4,2,3,1972,2,2
1991,2,550043,1,2,2,2,2,2,3,4,2,3,1974,2,2
1991,1,550044,2,2,2,2,1,1,3,4,2,3,1990,2,2
1991,2,550044,1,3,3,2,1,1,3,4,2,3,1980,2,2
1991,1,550045,1,2,2,2,1,1,3,4,2,3,1979,2,2
1991,2,550045,1,5,5,1,1,1,3,4,2,3,1983,2,2
1991,1,550046,1,4,4,2,1,1,3,4,1,3,1975,2,2
1991,2,550046,1,2,5,2,1,1,3,4,2,3,1983,2,2
1991,3,550046,6,2,6,2,1,1,3,4,2,3,1991,2,2
1991,1,550047,2,2,2,2,1,1,3,4,2,3,1978,2,2
1991,1,550048,2,2,2,2,1,1,3,4,2,3,1981,2,2
1991,2,550048,1,2,2,2,1,1,3,4,2,3,1974,2,2
1991,1,550049,1,3,3,1,1,1,3,4,1,3,1987,2,2
1991,1,550050,1,3,3,2,1,1,3,4,2,3,1988,2,2
1991,2,550050,2,2,2,2,1,1,3,4,2,3,1987,2,2
1991,1,550051,6,5,5,2,1,1,3,4,2,3,1988,2,2
1991,2,550051,1,2,2,2,1,1,3,4,1,3,1984,2,2
1991,1,550052,6,2,2,2,1,1,3,4,2,3,1984,2,2
1991,2,550052,6,2,2,2,1,1,3,4,2,3,1989,2,2
1991,1,550053,1,3,3,2,1,1,3,4,2,3,1977,2,2
1991,2,550053,1,2,2,2,1,1,3,4,2,3,1979,2,2
1991,1,550054,4,2,2,2,1,1,3,4,2,3,1985,2,2
1991,2,550054,2,2,2,1,1,1,3,4,2,3,1982,2,2
1991,1,550055,1,5,5,2,1,1,3,4,1,3,1983,2,2
1991,2,550055,6,2,2,2,1,1,3,4,2,3,1988,2,2
1991,1,550056,1,7,7,2,1,1,3,4,2,3,1979,2,2
1991,2,550056,6,2,2,2,1,1,3,4,2,3,1983,2,2
1991,3,550056,1,7,7,2,1,1,3,4,2,3,1988,2,2
1991,4,550056,1,7,7,2,1,1,3,4,2,3,1990,2,2
1991,1,550057,1,2,2,2,1,1,3,4,2,3,1978,2,2
1991,2,550057,6,2,2,2,1,1,3,4,2,3,1977,2,2
1991,1,550058,1,2,2,2,1,1,3,4,2,3,1989,2,2
1991,2,550058,4,3,3,1,1,1,3,4,1,3,1987,2,2
1991,1,550059,6,2,2,2,1,1,3,4,2,3,1989,2,2
1991,2,550059,1,5,5,2,1,1,3,4,1,3,1985,2,2
1991,1,550060,1,2,2,2,1,1,3,4,1,3,1977,2,2
1991,1,550061,1,3,2,2,1,1,3,4,1,3,1982,2,2
1991,1,550062,4,5,5,2,1,1,3,4,1,3,1990,2,2
1991,1,550063,2,2,2,2,1,1,3,4,2,3,1984,2,2
1991,2,550063,1,5,5,2,1,1,3,4,2,3,1989,2,2
1991,3,550063,1,2,2,2,1,1,3,4,2,3,1980,2,2
1991,1,550064,1,2,2,2,1,1,3,4,2,3,1988,2,2
1991,2,550064,2,2,2,1,1,1,3,4,2,3,1989,2,2
1991,1,550065,1,2,2,2,1,1,3,4,2,3,1977,2,2
1991,2,550065,1,2,2,2,1,1,3,4,2,3,1986,2,2
1991,1,550066,1,5,3,2,1,1,3,4,2,3,1984,2,2
1991,2,550066,1,5,5,2,1,1,3,4,2,3,1987,2,2
1991,3,550066,2,2,2,2,1,1,3,4,2,3,1984,2,2
1991,1,550067,6,2,2,2,1,1,3,4,1,3,1988,2,2
1991,2,550067,6,4,4,2,1,1,3,4,2,3,1990,2,2
1991,3,550067,1,5,5,2,1,1,3,4,2,3,1988,2,2
1991,1,550068,1,3,3,1,1,1,3,4,1,3,1989,2,2
1991,1,550069,1,5,5,2,1,1,3,4,2,3,1977,2,2
1991,2,550069,1,2,2,2,2,2,3,4,1,3,1981,2,2
1991,1,550070,1,3,3,2,1,1,3,4,1,3,1984,2,2
1991,1,550071,1,5,5,2,1,1,3,4,2,3,1990,2,2
1991,1,550072,1,2,2,2,1,1,3,4,2,3,1989,2,2
1991,2,550072,6,2,2,2,1,1,3,4,2,3,1981,2,2
1991,1,550073,1,5,5,2,2,2,3,4,1,3,1980,2,2
1991,1,550074,4,3,3,2,1,1,3,4,1,3,1988,2,2
1991,2,550074,1,2,2,2,1,1,3,4,2,3,1989,2,2
1991,1,550075,1,2,2,2,1,1,3,4,1,3,1991,2,2
1991,1,550076,2,2,2,2,1,1,3,4,2,3,1976,2,2
1991,2,550076,1,2,2,2,1,1,3,4,2,3,1987,2,2
1991,1,550077,1,2,2,2,1,1,3,4,2,3,1982,2,2
1991,2,550077,6,2,2,2,1,1,3,4,2,3,1975,2,2
1991,1,550078,1,2,2,2,1,1,3,4,2,3,1987,2,2
1991,2,550078,1,2,2,2,1,1,3,4,2,3,1989,2,2
1991,1,550079,2,2,2,2,1,1,3,4,1,3,1981,1,2
1991,1,550080,1,2,2,2,1,1,3,4,2,3,1979,2,2
1991,2,550080,2,2,2,2,1,1,3,4,2,3,1989,2,2
1991,1,550081,2,2,2,1,1,1,3,4,2,3,1984,2,2
1991,1,550082,6,2,2,2,2,2,3,4,2,3,1984,2,2
1991,1,550083,4,2,2,1,1,1,3,4,1,3,1990,2,2
1991,1,550084,2,2,2,2,1,1,3,4,1,3,1989,2,2
1991,2,550084,1,2,2,2,1,1,3,4,2,3,1984,2,2
1991,1,550085,4,1,1,2,1,1,3,4,2,3,1990,2,2
1991,1,550086,1,2,2,1,2,2,3,4,1,3,1990,2,2
1991,1,550087,1,5,6,1,1,1,3,4,1,3,1990,2,2
1991,1,550088,4,2,2,2,1,1,3,4,2,3,1975,2,2
1991,1,550089,6,2,2,2,1,1,3,4,2,3,1989,2,2
1991,2,550089,1,2,2,2,2,2,3,4,2,3,1985,2,2
1991,1,550090,3,1,1,1,1,1,3,4,2,3,1978,2,2
1991,1,550091,1,2,2,2,1,1,3,4,2,3,1982,2,2
1991,2,550091,1,3,3,2,1,1,3,4,1,3,1988,2,2
1991,1,550092,9,2,2,2,2,1,3,4,2,3,1985,2,2
1991,2,550092,1,2,2,2,1,1,3,4,2,3,1980,2,2
1991,1,550093,1,3,3,2,1,1,3,4,1,3,1987,2,2
1991,1,550094,2,2,2,1,1,1,3,4,2,3,1981,2,2
1991,2,550094,1,5,5,1,1,1,3,4,2,3,1984,2,2
1991,1,550095,1,5,5,2,2,2,3,4,1,3,1990,2,2
1991,1,550096,1,4,4,2,1,1,3,4,2,3,1987,2,2
1991,2,550096,6,2,2,1,1,1,3,4,2,3,1989,2,2
1991,1,550097,1,2,2,1,1,1,3,4,1,3,1983,2,2
1991,1,550098,1,2,2,2,1,1,3,4,2,3,1980,2,2
1991,2,550098,4,2,2,2,1,1,3,4,2,3,1980,2,2
1991,1,550099,1,4,4,2,1,1,3,4,2,3,1980,1,2
1991,2,550099,6,2,2,2,1,1,3,4,2,3,1985,2,2
1991,1,550100,1,3,3,2,1,1,3,4,2,3,1985,2,2
1991,2,550100,2,2,2,2,1,1,3,4,2,3,1981,2,2
1991,1,550101,1,3,3,2,1,1,3,4,2,3,1982,1,2
1991,2,550101,3,2,2,2,1,1,3,4,2,3,1988,2,2
1991,1,550102,1,2,2,2,1,1,3,4,2,3,1983,2,2
1991,2,550102,8,4,4,2,1,1,3,4,2,1,1982,2,2
1991,1,550103,1,1,1,1,1,1,3,4,2,3,1988,1,2
1991,1,550104,1,3,3,2,1,1,3,4,1,3,1976,1,2
1991,2,550104,1,2,2,2,1,1,3,4,2,3,1987,2,2
1991,1,550105,1,2,2,1,2,2,3,4,2,3,1985,1,2
1991,1,550106,1,2,2,2,1,1,3,4,2,3,1981,1,2
1991,2,550106,6,2,2,2,1,1,3,4,2,3,1983,2,2
1991,1,550107,1,3,3,1,1,1,3,4,1,3,1991,2,2
1991,2,550107,1,4,4,2,1,1,3,4,2,3,1974,2,2
1991,1,550108,7,2,2,2,4,1,3,1,1,3,1986,2,2
1991,2,550108,1,3,3,2,1,1,3,4,2,3,1978,2,2
1991,1,550109,4,2,2,2,1,1,3,4,1,3,1983,2,2
1991,2,550109,1,2,2,2,1,1,3,4,2,3,1989,2,2
1991,1,550110,1,2,2,2,1,1,3,4,2,3,1982,1,2
1991,1,550111,2,2,2,2,1,1,3,4,2,3,1989,2,2
1991,1,550112,1,2,2,2,1,1,3,4,2,3,1989,1,2
1991,1,550113,1,2,2,2,1,1,3,4,2,3,1988,2,2
1991,2,550113,1,2,2,2,1,1,3,4,2,3,1978,2,2
1991,1,550114,1,2,2,2,1,1,3,4,1,3,1978,2,2
1991,2,550114,2,4,4,2,1,1,3,4,2,3,1974,2,2
1991,1,550115,1,2,2,2,1,1,3,4,1,3,1984,2,2
1991,1,550116,1,3,3,2,1,1,3,4,2,3,1984,2,2
1991,2,550116,1,2,2,2,1,1,3,4,2,3,1988,2,2
1991,1,550117,1,2,2,2,1,1,3,4,2,3,1979,2,2
1991,1,550119,1,5,5,2,1,1,3,4,2,3,1978,2,2
1991,2,550119,1,2,2,2,1,1,3,4,2,3,1986,2,2
1991,1,550120,1,2,2,2,1,1,3,4,2,3,1986,2,2
1991,2,550120,6,2,2,2,1,1,3,4,2,3,1988,2,2
1991,1,550121,1,2,2,2,2,2,3,4,2,3,1979,2,2
1991,1,550122,4,2,2,1,1,1,3,4,1,3,1976,2,2
1991,1,550123,2,2,2,1,1,1,3,4,2,3,1979,2,2
1991,1,550124,3,2,2,2,2,2,3,4,2,3,1977,2,2
1991,2,550124,1,3,3,2,1,1,3,4,2,3,1990,2,2
1991,1,550125,1,1,1,1,1,1,3,4,1,3,1989,2,2
1991,1,550126,7,2,2,2,4,1,3,1,1,3,1975,2,2
1991,1,550127,1,2,2,2,1,1,3,4,1,3,1990,2,2
1991,2,550127,7,4,4,2,4,1,3,1,2,3,1989,2,2
1991,1,550128,1,6,6,1,1,1,3,4,2,3,1977,2,2
1991,1,550129,3,1,1,1,2,2,3,4,1,3,1973,2,2
1991,1,550130,7,2,2,2,4,1,3,1,2,3,1982,2,2
1991,1,550131,1,2,2,2,1,1,3,4,2,3,1979,2,2
1991,2,550131,1,2,2,2,1,1,3,4,2,3,1986,2,2
1991,1,550132,1,3,3,2,1,1,3,4,2,3,1985,2,2
1991,1,550134,3,3,3,2,1,1,3,4,2,3,1987,2,2
1991,2,550134,1,7,7,2,1,1,3,4,2,3,1984,2,2
1991,3,550134,1,2,4,2,1,1,3,4,2,3,1984,2,2
1991,4,550134,1,2,4,2,1,1,3,4,1,3,1988,2,2
1991,5,550134,1,2,4,2,1,1,3,4,2,3,1984,2,2
1991,6,550134,6,2,2,2,1,1,3,4,2,3,1990,2,2
1991,7,550134,1,2,4,2,1,1,3,4,2,3,1989,2,2
1991,8,550134,1,2,2,2,1,1,3,4,2,3,1986,2,2
1991,9,550134,1,2,4,2,1,1,3,4,2,3,1989,2,2
1991,10,550134,2,2,2,2,1,1,3,4,2,3,1991,2,2
1991,1,550135,1,2,2,2,1,1,3,4,2,3,1978,1,2
1991,2,550135,6,5,5,2,1,1,3,4,2,3,1990,2,2
1991,1,550136,1,2,2,2,1,1,3,4,2,3,1990,2,2
1991,2,550136,6,2,2,1,1,1,3,4,2,3,1990,2,2
1991,3,550136,6,4,4,2,1,1,3,4,2,3,1962,2,2
1991,1,550137,1,1,1,1,1,1,3,4,1,3,1985,2,2
1991,1,550138,2,2,2,2,1,1,3,4,2,3,1990,2,2
1991,2,550138,1,3,3,2,1,1,3,4,1,3,1985,2,2
1991,1,550139,3,2,2,2,1,1,3,4,2,3,1976,2,2
1991,2,550139,1,3,3,2,1,1,3,4,2,3,1982,2,2
1991,1,550140,1,5,5,2,1,1,3,4,1,3,1980,2,2
1991,2,550140,2,2,2,2,1,1,3,4,2,3,1989,2,2
1991,1,550141,1,2,2,2,1,1,3,4,2,3,1988,1,2
1991,1,550142,2,1,1,1,1,1,3,4,1,3,1975,2,2
1991,1,550143,1,2,2,2,1,1,3,4,2,3,1979,2,2
1991,2,550143,1,2,2,2,1,1,3,4,2,3,1988,2,2
1991,1,550144,3,2,3,2,1,1,3,4,1,3,1976,2,2
1991,1,550145,2,2,2,2,1,1,3,4,2,3,1986,2,2
1991,2,550145,1,2,2,2,1,1,3,4,2,3,1978,1,2
1991,1,550146,3,2,2,2,1,1,3,4,2,3,1983,2,2
1991,2,550146,1,3,3,2,1,1,3,4,2,3,1982,2,2
1991,1,550147,7,2,2,2,4,1,3,1,1,3,1988,2,2
1991,1,550148,4,2,2,2,1,1,3,4,2,3,1991,2,2
1991,2,550148,1,2,2,2,1,1,3,4,2,3,1987,1,2
1991,3,550148,7,2,2,2,4,1,3,1,2,3,1990,2,2
1991,1,550149,1,2,2,2,1,1,3,4,2,3,1987,2,2
1991,2,550149,1,2,2,2,1,1,3,4,2,3,1984,2,2
1991,1,550150,1,2,2,1,2,2,3,4,2,3,1985,1,2
1991,1,550151,1,2,2,2,1,1,3,4,2,3,1984,2,2
1991,1,550152,1,1,1,1,2,2,3,4,1,3,1978,2,2
1991,1,550153,6,2,2,2,1,1,3,4,2,3,1991,2,2
1991,2,550153,1,3,3,2,1,1,3,4,1,3,1983,2,2
1991,1,550154,4,2,2,2,1,1,3,4,2,3,1977,2,2
1991,1,550155,2,1,1,1,1,1,3,4,1,3,1976,2,2
1991,1,550156,3,2,2,1,2,2,3,4,2,3,1977,1,2
1991,1,550157,7,1,1,2,4,1,3,1,2,3,1975,2,2
1991,1,550158,7,7,7,2,4,1,3,1,1,3,1987,2,2
1991,1,550159,1,5,5,2,1,1,3,4,2,3,1977,2,2
1991,1,550160,2,1,1,1,1,1,3,4,1,3,1978,2,2
1991,1,550161,1,4,4,2,1,1,3,4,2,3,1988,2,2
1991,2,550161,1,2,2,2,1,1,3,4,2,3,1984,1,2
1991,3,550161,7,2,2,2,4,1,3,1,2,3,1985,2,2
1991,1,550162,1,5,5,2,1,1,3,4,2,3,1985,2,2
1991,2,550162,1,2,2,2,1,1,3,4,1,3,1990,2,2
1991,1,550163,1,2,3,2,1,1,3,4,2,3,1983,2,2
1991,1,550164,3,2,2,1,1,1,3,4,1,3,1983,2,2
1991,1,550165,1,1,1,1,1,1,3,4,2,3,1991,2,2
1991,1,550166,1,1,1,1,1,1,3,4,2,3,1983,2,2
1991,1,550167,1,2,2,2,1,1,3,4,2,3,1984,2,2
1991,2,550167,2,5,5,1,1,1,3,4,2,3,1987,2,2
1991,1,550168,1,2,2,2,1,1,3,4,2,3,1988,2,2
1991,2,550168,1,2,2,2,1,1,3,4,2,3,1987,2,2
1991,1,550169,1,2,2,2,2,2,3,4,1,3,1980,2,2
1991,1,550170,1,3,3,2,1,1,3,4,1,3,1985,2,2
1991,2,550170,1,2,2,2,1,1,3,4,2,3,1986,2,2
1991,1,550171,6,2,2,2,1,1,3,4,2,3,1974,2,2
1991,2,550171,1,5,5,2,1,1,3,4,2,3,1982,2,2
1991,1,550172,3,2,5,2,1,1,3,4,2,3,1989,1,2
1991,2,550172,1,4,4,2,1,1,3,4,2,3,1983,2,2
1991,3,550172,4,2,2,2,1,1,3,4,2,3,1988,2,2
1991,1,550173,6,2,2,2,1,1,3,4,2,3,1967,2,2
1991,1,550174,1,1,1,1,1,1,3,4,1,3,1988,2,2
1991,1,550175,1,3,3,2,1,1,3,4,2,3,1988,2,2
1991,2,550175,2,2,2,2,2,2,3,4,2,3,1979,2,2
1991,1,550176,1,3,3,2,1,1,3,4,2,3,1983,2,2
1991,1,550177,1,2,2,2,1,1,3,4,1,3,1989,2,1
1991,1,550178,1,2,2,2,1,1,3,4,2,3,1974,2,2
1991,2,550178,6,2,2,2,1,1,3,4,2,3,1981,2,2
1991,3,550178,5,5,5,2,1,1,3,4,2,3,1989,2,2
1991,1,550179,3,4,4,1,1,1,3,4,2,3,1991,2,2
1991,2,550179,1,2,2,2,1,1,3,4,2,3,1985,2,2
1991,1,550180,1,3,3,2,1,1,3,4,2,3,1991,2,2
1991,1,550181,1,2,2,1,1,1,3,4,1,3,1975,2,2
1991,1,550182,6,2,2,1,1,1,3,4,2,3,1983,1,2
1991,1,550183,1,2,2,1,1,1,3,4,2,3,1983,1,2
1991,2,550183,1,2,2,2,1,1,3,4,2,3,1987,2,2
1991,1,550184,1,2,2,1,1,1,3,4,1,3,1979,1,2
1991,1,550185,1,5,5,2,1,1,3,4,2,3,1987,2,2
1991,2,550185,3,2,2,2,1,1,3,4,2,3,1987,2,2
1991,1,550186,1,5,5,2,1,1,3,4,2,3,1989,2,2
1991,2,550186,2,2,2,2,1,1,3,4,2,3,1986,2,2
1991,1,550187,1,2,2,2,1,1,3,4,1,3,1982,2,2
1991,1,550188,1,1,1,1,1,1,3,4,2,3,1982,2,2
1991,1,550189,7,2,2,2,4,2,3,2,2,3,1981,2,2
1991,1,550190,7,7,7,2,4,1,3,1,2,3,1980,2,2
1991,1,550191,1,5,5,2,1,1,3,4,1,3,1988,2,2
1991,1,550192,1,2,2,2,1,1,3,4,1,3,1988,2,2
1991,1,550193,1,2,2,2,2,2,3,4,1,3,1985,2,2
1991,1,550194,7,1,1,2,4,1,3,1,1,3,1988,2,2
1991,1,550195,1,2,2,2,1,1,3,4,2,3,1985,2,2
1991,2,550195,6,4,4,2,1,1,3,4,2,3,1986,2,2
1991,1,550196,6,2,2,1,1,1,3,4,1,3,1989,2,2
1991,2,550196,2,2,2,2,1,1,3,4,2,3,1989,2,2
1991,3,550196,3,2,2,2,1,1,3,4,2,3,1986,2,2
1991,1,550198,1,2,2,2,1,1,3,4,2,3,1978,2,2
1991,2,550198,3,2,2,2,1,1,3,4,2,3,1988,2,2
1991,1,550199,2,2,2,2,1,1,3,4,1,3,1974,2,2
1991,2,550199,1,2,2,2,1,1,3,4,2,3,1981,2,2
1991,1,550200,1,2,2,1,1,1,3,4,2,3,1991,1,2
1991,1,550201,1,2,2,1,1,1,3,4,1,3,1978,2,2
1991,1,550202,1,2,2,2,1,1,3,4,2,3,1991,2,2
1991,2,550202,1,5,5,2,1,1,3,4,2,3,1985,2,2
1991,1,550203,1,2,2,2,1,1,3,4,2,3,1985,1,2
1991,2,550203,6,2,2,1,1,1,3,4,2,3,1981,2,2
1991,1,550204,2,1,1,1,1,1,3,4,2,3,1988,2,2
1991,1,550205,6,2,2,1,1,1,3,4,2,3,1982,2,2
1991,2,550205,2,3,3,2,2,2,3,4,2,3,1975,2,2
1991,1,550207,1,2,2,2,1,1,3,4,2,3,1990,2,2
1991,1,550208,6,6,6,2,1,1,3,4,2,3,1979,2,2
1991,1,550209,6,1,1,1,1,1,3,4,2,3,1967,1,2
1991,1,550210,1,3,3,2,1,1,3,4,2,3,1983,2,2
1991,1,550211,1,2,2,2,1,1,3,4,1,3,1981,2,2
1991,1,550212,7,5,5,2,4,2,3,2,2,3,1972,2,2
1991,1,550213,7,2,2,2,4,1,3,1,1,3,1991,2,2
1991,1,550214,1,7,7,2,1,1,3,4,2,3,1984,2,2
1991,2,550214,6,4,4,2,1,1,3,4,2,3,1985,2,2
1991,3,550214,1,5,5,2,1,1,3,4,2,3,1987,2,2
1991,1,550215,1,2,2,2,1,1,3,4,2,3,1989,2,2
1991,1,550216,1,1,1,1,1,1,3,4,2,3,1982,1,2
1991,1,550217,1,3,3,2,2,2,3,4,1,3,1989,2,2
1991,1,550218,2,2,2,2,1,1,3,4,2,3,1989,1,2
1991,2,550218,6,2,2,2,1,1,3,4,2,3,1986,2,2
1991,1,550219,1,2,2,1,1,1,3,4,2,3,1967,2,2
1991,2,550219,1,4,4,2,1,1,3,4,2,3,1983,2,2
1991,1,550220,1,5,5,1,2,2,3,4,2,3,1980,2,2
1991,1,550221,1,2,2,2,1,1,3,4,2,3,1981,2,2
1991,2,550221,6,4,4,2,1,1,3,4,1,3,1990,1,2
1991,1,550222,1,5,5,2,1,1,3,4,2,3,1988,2,2
1991,2,550222,1,2,2,2,1,1,3,4,2,3,1991,2,2
1991,1,550223,1,2,2,2,1,1,3,4,2,3,1986,2,2
1991,2,550223,1,2,2,2,1,1,3,4,2,3,1982,2,2
1991,3,550223,6,5,5,2,1,1,3,4,2,3,1991,2,2
1991,1,550224,2,2,2,2,1,1,3,4,2,3,1987,2,2
1991,2,550224,7,2,2,2,4,1,3,1,2,3,1978,2,2
1991,3,550224,4,2,2,2,1,1,3,4,2,3,1975,2,2
1991,4,550224,7,1,1,2,4,1,3,1,2,3,1987,2,2
1991,1,550225,1,2,2,2,1,1,3,4,2,3,1989,1,2
1991,2,550225,2,2,2,2,1,1,3,4,2,3,1988,2,2
1991,1,550226,3,2,2,2,1,1,3,4,2,3,1977,1,2
1991,1,550227,1,2,2,2,2,2,3,4,1,3,1979,1,2
1991,1,550228,1,2,2,2,1,1,3,4,2,3,1981,2,2
1991,1,550229,1,2,2,2,1,1,3,4,2,3,1988,2,2
1991,2,550229,1,3,3,2,1,1,3,4,2,3,1984,2,2
1991,1,550230,1,3,3,2,1,1,3,4,2,3,1984,2,2
1991,1,550231,4,2,2,2,1,1,3,4,2,3,1984,2,2
1991,2,550231,1,3,3,2,1,1,3,4,2,3,1985,2,2
1991,1,550232,1,2,2,2,1,1,3,4,2,3,1987,2,2
1991,2,550232,4,2,2,2,1,1,3,4,2,3,1987,2,2
1991,3,550232,6,2,2,2,1,1,3,4,2,3,1990,2,2
1991,4,550232,6,4,4,2,1,1,3,4,2,3,1991,2,2
1991,1,550233,3,2,2,2,1,1,3,4,2,3,1987,2,2
1991,2,550233,1,3,3,2,1,1,3,4,2,3,1982,1,2
1991,1,550234,7,2,2,2,4,1,3,1,1,3,1984,2,2
1991,1,550235,3,2,2,1,2,2,3,4,1,3,1979,2,2
1991,1,550236,1,2,2,2,1,1,3,4,2,3,1984,2,2
1991,2,550236,1,3,3,2,1,1,3,4,2,3,1982,2,2
1991,1,550237,1,5,5,2,1,1,3,4,2,3,1990,2,2
1991,2,550237,2,2,2,2,1,1,3,4,2,3,1974,2,2
1991,1,550238,1,5,5,2,1,1,3,4,2,3,1982,2,2
1991,2,550238,2,2,2,2,1,1,3,4,2,3,1986,2,2
1991,1,550240,1,3,3,2,2,2,3,4,1,3,1978,2,2
1991,1,550241,2,2,2,2,1,1,3,4,2,3,1989,2,2
1991,2,550241,1,3,3,2,1,1,3,4,2,3,1989,2,2
1991,1,550242,1,2,2,2,1,1,3,4,2,3,1981,2,2
1991,2,550242,2,2,2,2,1,1,3,4,2,3,1983,2,2
1991,3,550242,2,2,2,2,1,1,3,4,2,3,1990,2,2
1991,1,550243,1,3,3,2,1,1,3,4,2,3,1983,2,2
1991,2,550243,2,2,2,2,1,1,3,4,2,3,1978,2,2
1991,1,550244,1,2,2,2,1,1,3,4,2,3,1977,2,2
1991,1,550245,1,5,5,1,1,1,3,4,2,3,1985,2,2
1991,2,550245,1,2,2,2,1,1,3,4,2,3,1990,2,2
1991,1,550246,4,2,2,2,1,1,3,4,2,3,1986,2,2
1991,2,550246,2,2,2,2,1,1,3,4,2,3,1973,2,2
1991,1,550247,7,2,2,2,4,1,3,1,2,3,1982,2,2
1991,1,550248,7,2,2,2,4,1,3,1,2,3,1972,2,2
1991,1,550249,1,2,2,2,1,1,3,4,2,3,1988,2,2
1991,2,550249,7,3,3,2,4,1,3,1,2,3,1979,1,2
1991,1,550250,1,1,1,1,2,2,3,4,2,3,1975,2,2
1991,1,550251,1,3,3,2,1,1,3,4,2,3,1990,1,2
1991,2,550251,6,2,2,2,1,1,3,4,2,3,1984,2,2
1991,1,550252,1,2,2,1,2,2,3,4,1,3,1985,2,2
1991,2,550252,1,2,6,2,1,1,3,4,1,3,1981,2,2
1991,1,550253,2,2,2,2,1,1,3,4,2,3,1989,2,2
1991,2,550253,1,3,3,2,1,1,3,4,2,3,1990,2,2
1991,1,550254,1,2,2,2,1,1,3,4,1,3,1985,2,2
1991,1,550255,1,2,2,2,1,1,3,4,2,3,1985,2,2
1991,1,550256,1,7,7,2,1,1,3,4,2,3,1985,2,2
1991,2,550256,6,3,3,2,1,1,3,4,2,3,1984,2,2
1991,1,550257,2,5,5,2,1,1,3,4,2,3,1988,1,2
1991,2,550257,6,2,2,2,1,1,3,4,2,3,1984,2,2
1991,1,550258,7,2,2,2,4,1,3,1,1,3,1980,2,2
1991,1,550259,1,5,5,2,1,1,3,4,2,3,1980,2,2
1991,2,550259,6,2,2,2,1,1,3,4,1,3,1983,2,2
1991,1,550260,1,2,2,2,1,1,3,4,2,3,1983,2,2
1991,2,550260,1,3,3,2,1,1,3,4,2,3,1988,2,2
1991,1,550261,1,2,2,2,1,1,3,4,1,3,1986,2,2
1991,2,550261,6,4,4,2,1,1,3,4,2,3,1982,2,2
1991,1,550262,1,2,2,2,1,1,3,4,2,3,1980,2,2
1991,2,550262,6,2,6,2,1,1,3,4,2,3,1987,2,2
1991,1,550263,6,2,2,2,1,1,3,4,2,3,1988,2,2
1991,1,550264,1,5,5,2,1,1,3,4,2,3,1985,2,2
1991,2,550264,1,2,2,2,1,1,3,4,2,3,1984,2,2
1991,3,550264,1,7,7,2,1,1,3,4,2,3,1991,2,2
1991,1,550265,1,5,5,2,1,1,3,4,2,3,1985,2,2
1991,2,550265,1,2,2,2,1,1,3,4,2,3,1983,2,2
1991,1,550266,2,2,2,1,1,1,3,4,2,3,1978,2,2
1991,2,550266,1,2,2,2,1,1,3,4,2,3,1982,2,2
1991,1,550267,7,2,2,2,4,2,3,2,1,3,1991,2,2
1991,2,550267,1,4,4,2,1,1,3,4,2,3,1986,2,2
1991,1,550268,1,2,2,2,1,1,3,4,1,3,1986,2,2
1991,2,550268,2,2,2,2,1,1,3,4,2,3,1984,2,2
1991,1,550269,1,2,2,2,1,1,3,4,2,3,1989,2,1
1991,1,550270,1,2,2,2,1,1,3,4,2,3,1989,2,2
1991,1,550271,1,3,3,2,1,1,3,4,2,3,1980,2,2
1991,2,550271,1,2,2,2,1,1,3,4,2,3,1987,2,2
1991,1,550272,1,1,1,1,1,1,3,4,1,3,1983,2,2
1991,1,550273,7,2,2,2,4,2,3,2,2,3,1990,1,2
1991,1,550274,1,2,2,2,1,1,3,4,2,3,1986,2,2
1991,1,550275,2,2,2,1,1,1,3,4,2,3,1989,2,2
1991,2,550275,1,5,5,2,1,1,3,4,2,3,1980,2,2
1991,1,550276,1,2,2,1,1,1,3,4,1,3,1985,1,2
1991,1,550277,1,1,1,1,1,1,3,4,1,3,1990,2,2
1991,1,550278,1,2,2,2,1,1,3,4,2,3,1984,2,2
1991,2,550278,2,2,2,2,1,1,3,4,2,3,1988,2,2
1991,1,550279,7,2,2,2,4,2,3,2,1,3,1977,2,2
1991,1,550280,7,2,2,2,4,1,3,1,1,3,1989,2,2
1991,2,550280,6,6,6,2,1,1,3,4,2,3,1982,2,2
1991,1,550281,1,2,2,2,1,1,3,4,2,3,1966,2,2
1991,2,550281,1,3,3,2,1,1,3,4,2,3,1983,2,2
1991,1,550282,2,5,5,2,1,1,3,4,2,3,1984,2,2
1991,2,550282,7,2,2,2,4,2,3,2,2,3,1983,2,2
1991,1,550283,2,1,1,2,1,1,3,4,2,3,1974,2,2
1991,1,550284,1,2,2,2,1,1,3,4,2,3,1985,2,2
1991,2,550284,1,5,5,2,1,1,3,4,2,3,1988,2,2
1991,1,550285,1,5,5,2,1,1,3,4,2,3,1991,2,2
1991,2,550285,3,2,2,2,1,1,3,4,2,3,1984,2,2
1991,1,550286,5,2,2,2,1,1,3,4,2,3,1980,1,2
1991,2,550286,5,4,4,2,1,1,3,4,2,3,1979,2,2
1991,1,550287,7,1,1,2,4,2,3,2,1,3,1986,2,2
1991,1,550288,1,5,5,2,1,1,3,4,1,3,1984,2,2
1991,1,550289,2,1,1,1,2,2,3,4,1,3,1978,2,2
1991,1,550290,1,5,5,2,3,3,3,4,1,3,1991,1,2
1991,1,550291,1,3,3,1,1,1,3,4,2,3,1982,2,2
1991,1,550292,7,1,1,2,4,1,3,1,2,3,1989,2,2
1991,1,550293,1,5,5,2,3,3,3,4,2,3,1981,2,2
1991,1,550294,1,1,1,1,1,1,3,4,2,3,1991,2,2
1991,1,550295,1,5,5,2,1,1,3,4,2,3,1985,2,2
1991,2,550295,1,2,2,2,1,1,3,4,2,3,1978,2,2
1991,1,550296,7,2,2,2,4,2,3,2,1,3,1990,2,2
1991,1,550297,1,5,5,2,1,1,3,4,2,3,1984,2,2
1991,2,550297,1,2,2,2,1,1,3,4,2,3,1991,2,2
1991,1,550298,6,2,2,2,1,1,3,4,2,3,1973,2,2
1991,2,550298,1,5,5,2,1,1,3,4,2,3,1985,2,2
1991,1,550299,1,3,3,2,1,1,3,4,2,3,1982,2,2
1991,1,550300,3,4,4,1,2,2,3,4,2,3,1987,1,2
1991,1,550301,1,2,2,2,1,1,3,4,2,3,1991,1,2
1991,2,550301,8,2,2,2,1,1,3,4,2,1,1987,2,2
1991,1,550302,1,2,2,2,1,1,3,4,2,3,1987,2,2
1991,1,550303,2,2,2,1,1,1,3,4,1,3,1976,2,2
1991,1,550304,1,2,2,2,1,1,3,4,1,3,1978,2,2
1991,2,550304,1,5,5,2,1,1,3,4,2,3,1984,2,2
1991,1,550305,1,3,3,2,2,2,3,4,2,3,1984,2,2
1991,2,550305,2,2,2,2,1,1,3,4,2,3,1975,2,2
1991,1,550306,1,1,1,1,2,2,3,4,1,3,1988,2,2
1991,1,550307,1,2,2,2,2,2,3,4,2,3,1978,2,2
1991,2,550307,7,2,2,2,4,2,3,2,2,3,1976,2,2
1991,1,550308,7,2,2,2,4,1,3,1,1,3,1983,2,2
1991,1,550309,1,2,2,2,1,1,3,4,2,3,1984,2,2
1991,1,550310,1,2,2,2,2,2,3,4,1,3,1980,1,2
1991,1,550312,1,1,1,1,1,1,3,4,1,3,1988,1,2
1991,1,550313,1,4,4,2,1,1,3,4,2,3,1990,2,2
1991,2,550313,1,2,2,2,1,1,3,4,2,3,1978,2,2
1991,1,550314,2,2,2,2,1,1,3,4,2,3,1990,2,2
1991,2,550314,6,2,2,2,1,1,3,4,2,3,1982,2,2
1991,1,550316,1,3,3,2,1,1,3,4,1,3,1989,2,2
1991,2,550316,6,2,2,2,1,1,3,4,2,3,1973,2,2
1991,1,550317,1,1,1,1,2,2,3,4,2,3,1982,2,2
1991,1,550318,1,2,2,2,1,1,3,4,2,3,1984,2,2
1991,2,550318,6,2,2,2,1,1,3,4,2,3,1988,2,2
1991,1,550319,2,2,2,2,1,1,3,4,2,3,1988,2,2
1991,1,550320,1,2,2,2,1,1,3,4,2,3,1986,2,2
1991,2,550320,1,5,5,2,1,1,3,4,1,3,1988,2,2
1991,1,550321,1,4,4,2,1,1,3,4,1,3,1973,2,2
1991,1,550322,1,2,2,2,2,2,3,4,2,3,1985,2,2
1991,1,550323,1,2,2,2,1,1,3,4,2,3,1988,2,2
1991,2,550323,1,2,2,2,1,1,3,4,2,3,1978,1,2
1991,1,550324,1,2,2,1,1,1,3,4,2,3,1988,2,2
1991,1,550325,1,2,2,2,1,1,3,4,2,3,1986,2,2
1991,2,550325,1,2,2,2,1,1,3,4,1,3,1969,2,2
1991,1,550326,1,2,2,1,1,1,3,4,2,3,1980,2,2
1991,1,550327,2,1,1,1,2,2,3,4,2,3,1979,2,2
1991,1,550328,1,2,2,2,1,1,3,4,2,3,1984,1,2
1991,1,550329,1,2,2,1,1,1,3,4,2,3,1984,2,2
1991,2,550329,1,3,3,2,1,1,3,4,2,3,1990,2,2
1991,1,550330,1,2,2,2,1,1,3,4,2,3,1981,2,2
1991,1,550331,1,3,3,2,1,1,3,4,2,3,1983,2,2
1991,1,550332,2,2,2,1,1,1,3,4,2,3,1985,1,2
1991,2,550332,1,5,5,2,1,1,3,4,2,3,1988,2,2
1991,1,550333,1,7,7,2,1,1,3,4,1,3,1981,2,2
1991,1,550334,2,2,2,1,1,1,3,4,1,3,1984,2,2
1991,1,550335,1,2,2,2,1,1,3,4,2,3,1989,2,2
1991,1,550336,1,2,2,1,1,1,3,4,2,3,1988,2,2
1991,1,550337,4,2,2,2,1,1,3,4,2,3,1977,2,2
1991,1,550338,1,2,2,2,1,1,3,4,2,3,1977,2,2
1991,1,550339,1,2,2,2,1,1,3,4,1,3,1990,2,2
1991,2,550339,1,4,4,2,1,1,3,4,2,3,1990,2,2
1991,1,550340,1,4,2,2,1,1,3,4,2,3,1981,2,2
1991,1,550341,3,5,2,1,1,1,3,4,2,3,1990,2,1
1991,1,550342,6,5,5,2,1,1,3,4,2,3,1986,2,2
1991,1,550343,1,2,2,2,1,1,3,4,2,3,1984,1,2
1991,1,550344,1,2,2,2,1,1,3,4,2,3,1981,2,2
1991,1,550345,1,2,2,2,1,1,3,4,2,3,1979,2,2
1991,2,550345,7,7,7,2,4,1,3,1,2,3,1984,2,2
1991,1,550346,7,2,2,2,4,1,3,1,1,3,1986,2,2
1991,1,550347,7,5,2,2,4,2,3,2,2,3,1976,1,2
1991,1,550348,6,2,2,2,1,1,3,4,2,3,1989,2,2
1991,2,550348,7,2,2,2,4,1,3,1,2,3,1986,2,2
1991,1,550349,7,2,2,2,4,2,3,2,1,3,1986,2,2
1991,1,550350,7,1,1,2,4,2,3,2,1,3,1972,2,2
1991,1,550351,2,2,2,2,1,1,3,4,2,3,1983,2,2
1991,2,550351,3,5,5,2,1,1,3,4,2,3,1990,2,2
1991,1,550352,2,2,2,2,1,1,3,4,2,3,1982,2,2
1991,1,550353,1,2,2,2,1,1,3,4,1,3,1990,2,2
1991,1,550354,1,3,3,2,1,1,3,4,2,3,1981,2,2
1991,2,550354,6,2,2,2,1,1,3,4,2,3,1984,2,2
1991,1,550355,2,5,5,2,1,1,3,4,2,3,1982,2,2
1991,2,550355,2,4,4,2,1,1,3,4,1,3,1988,2,2
1991,1,550356,1,3,3,2,1,1,3,4,2,3,1986,2,2
1991,2,550356,1,2,2,2,1,1,3,4,2,3,1984,2,2
1991,3,550356,1,5,5,2,1,1,3,4,2,3,1987,2,2
1991,4,550356,1,2,2,2,1,1,3,4,2,3,1985,2,2
1991,1,550357,4,2,2,2,1,1,3,4,2,3,1989,2,2
1991,2,550357,6,2,2,2,1,1,3,4,2,3,1983,2,2
1991,1,550358,1,2,2,1,1,1,3,4,1,3,1978,2,2
1991,1,550359,6,2,2,1,1,1,3,4,2,3,1988,2,2
1991,1,550360,1,2,2,2,1,1,3,4,2,3,1982,2,2
1991,1,550361,2,2,2,2,1,1,3,4,1,3,1979,1,2
1991,1,550362,1,2,2,2,1,1,3,4,2,3,1980,2,2
1991,2,550362,6,5,5,1,1,1,3,4,2,3,1984,2,2
1991,1,550363,6,2,2,2,1,1,3,4,2,3,1974,1,2
1991,2,550363,1,3,3,2,1,1,3,4,2,3,1977,2,2
1991,1,550364,1,2,2,2,1,1,3,4,1,3,1982,2,2
1991,1,550365,1,3,3,2,1,1,3,4,2,3,1979,1,2
1991,1,550366,1,2,2,1,2,2,3,4,2,3,1980,1,2
1991,1,550367,1,2,2,2,1,1,3,4,2,3,1978,2,2
1991,2,550367,2,2,2,1,2,2,3,4,1,3,1989,2,2
1991,1,550368,1,5,5,2,1,1,3,4,1,3,1987,2,2
1991,1,550369,1,1,1,1,1,1,3,4,1,3,1978,2,2
1991,1,550370,1,2,2,2,2,2,3,4,2,3,1985,1,2
1991,1,550371,6,5,5,2,2,2,3,4,2,3,1969,2,2
1991,1,550372,1,1,1,1,1,1,3,4,2,3,1980,2,2
1991,1,550373,7,7,7,2,4,2,3,2,1,3,1991,2,2
1991,1,550374,1,2,2,2,1,1,3,4,2,3,1982,1,2
1991,2,550374,1,2,2,2,1,1,3,4,2,3,1991,2,2
1991,1,550375,7,7,7,2,4,2,3,2,1,3,1981,2,2
1991,1,550376,7,7,7,2,4,1,3,1,2,3,1986,2,2
1991,1,550377,7,2,2,2,4,1,3,1,1,3,1987,1,2
1991,1,550378,7,1,1,2,4,2,3,2,2,3,1981,2,2
1991,1,550379,2,3,2,2,1,1,3,4,2,3,1982,2,2
1991,1,550380,1,1,1,1,1,1,3,4,1,3,1985,2,2
1991,1,550381,7,2,2,2,4,2,3,2,2,3,1978,2,2
1991,2,550381,1,5,5,2,1,1,3,4,2,3,1989,2,2
1991,1,550382,7,4,4,2,4,2,3,2,2,3,9999,2,2
1991,2,550382,1,2,2,2,2,2,3,4,2,3,1978,2,2
1991,1,550383,1,7,7,2,1,1,3,4,2,3,1983,2,2
1991,2,550383,6,2,2,1,1,1,3,4,2,3,1977,2,2
1991,1,550384,7,2,2,2,4,1,3,1,2,3,1991,2,2
1991,1,550385,7,3,3,2,4,1,3,1,2,3,1975,2,2
1991,1,550386,7,2,2,2,4,1,3,1,1,3,1981,2,2
1991,1,550387,1,2,2,2,1,1,3,4,2,3,1985,2,2
1991,2,550387,1,5,5,2,1,1,3,4,2,3,1987,2,2
1991,1,550388,1,2,4,1,1,1,3,4,2,3,1988,2,2
1991,1,550389,1,3,3,2,2,2,3,4,1,3,1988,2,2
1991,1,550390,1,5,5,2,2,2,3,4,1,3,1985,2,2
1991,1,550391,7,2,2,2,4,1,3,1,1,3,1985,2,2
1991,2,550391,1,3,3,2,1,1,3,4,2,3,1984,2,2
1991,1,550392,1,1,1,1,1,2,3,4,2,3,1988,1,2
1991,1,550393,9,1,1,1,1,1,3,4,2,3,1950,2,2
1991,1,550394,1,5,5,2,1,1,3,4,2,3,1991,1,2
1991,1,550395,9,5,5,2,2,1,3,4,2,3,1968,2,2
1991,2,550395,1,2,2,2,2,2,3,4,2,3,1980,2,2
1991,1,550396,1,2,2,2,1,1,3,4,2,3,1981,2,2
1991,2,550396,6,2,2,2,1,1,3,4,2,3,1990,2,2
1991,1,550397,2,2,2,2,1,1,3,4,2,3,1980,2,2
1991,2,550397,7,2,2,2,4,1,3,1,2,3,1985,2,2
1991,1,550398,7,2,2,2,4,1,3,1,1,3,1980,2,2
1991,2,550398,1,2,2,2,1,1,3,4,2,3,1991,2,2
1991,1,550399,7,1,1,2,4,2,3,2,1,3,1987,2,2
1991,1,550400,1,3,3,2,1,1,3,4,2,3,1986,2,2
1991,2,550400,1,2,2,2,1,1,3,4,1,3,1976,2,2
1991,1,550401,3,6,6,2,1,1,3,4,2,3,1989,2,2
1991,1,550402,1,4,4,2,1,1,3,4,2,3,1991,2,2
1991,2,550402,6,4,4,2,1,1,3,4,2,3,1988,2,2
1991,3,550402,6,2,2,2,1,1,3,4,2,3,1986,1,2
1991,1,550403,7,5,5,2,4,1,3,1,2,3,1983,2,2
1991,2,550403,6,2,2,2,1,1,3,4,2,3,1991,2,2
1991,1,550404,1,2,2,2,1,1,3,4,2,3,1988,2,2
1991,1,550405,1,3,3,1,1,1,3,4,1,3,1982,2,2
1991,1,550406,1,5,2,2,1,1,3,4,2,3,1984,2,2
1991,1,550407,1,2,2,2,1,1,3,4,1,3,1981,1,2
1991,1,550408,2,2,2,1,1,1,3,4,1,3,1985,2,2
1991,1,550409,5,2,2,2,1,1,3,4,1,3,1967,2,2
1991,2,550409,9,2,2,2,1,1,3,4,2,3,1969,2,2
1991,1,550410,1,1,1,1,1,1,3,4,2,3,1988,2,2
1991,1,550411,7,1,1,2,4,1,3,1,1,3,1981,2,2
1991,1,550412,1,2,2,2,1,1,3,4,2,3,1988,1,1
1991,1,550413,1,2,2,1,1,1,3,4,2,3,1987,2,2
1991,1,550414,7,2,2,2,4,1,3,1,1,3,1988,2,2
1991,1,550415,1,6,6,2,1,1,3,4,2,3,1977,2,2
1991,1,550416,1,5,5,2,1,1,3,4,2,3,1989,2,2
1991,2,550416,3,2,2,1,1,1,3,4,2,3,1979,2,2
1991,1,550417,6,2,2,2,1,1,3,4,2,3,1979,2,2
1991,2,550417,2,5,5,2,1,1,3,4,2,3,1991,2,2
1991,1,550418,1,2,2,2,1,1,3,4,2,3,1980,2,2
1991,2,550418,6,5,5,2,1,1,3,4,2,3,1979,2,2
1991,3,550418,1,5,5,2,3,3,3,4,2,3,1985,2,2
1991,1,550419,1,2,2,2,1,1,3,4,2,3,1983,2,2
1991,1,550420,7,2,2,2,4,1,3,1,1,3,1982,2,2
1991,2,550420,1,2,2,2,1,1,3,4,2,3,1990,2,2
1991,1,550421,1,2,2,1,1,1,3,4,2,3,1985,1,2
1991,1,550422,1,1,1,1,2,2,3,4,2,3,1981,1,2
1991,1,550423,1,2,2,2,1,1,3,4,2,3,1989,2,2
1991,2,550423,7,2,2,2,4,2,3,2,2,3,1991,2,2
1991,1,550424,1,2,2,1,1,1,3,4,2,3,1977,1,2
1991,2,550424,7,5,5,2,4,1,3,1,2,3,1986,2,2
1991,1,550425,1,2,2,2,1,1,3,4,2,3,1990,2,2
1991,2,550425,1,3,3,2,1,1,3,4,2,3,1984,2,2
1991,1,550426,1,3,3,2,1,1,3,4,1,3,1973,1,2
1991,1,550427,2,2,2,1,1,1,3,4,2,3,1979,1,2
1991,1,550428,1,2,2,1,1,1,3,4,2,3,1984,2,2
1991,2,550428,7,2,2,2,4,1,3,1,2,3,1990,2,2
1991,1,550429,7,2,2,2,4,1,3,1,1,3,1986,2,2
1991,2,550429,1,2,2,2,1,1,3,4,2,3,1988,2,2
1991,1,550430,1,2,2,2,1,1,3,4,2,3,1984,2,2
1991,2,550430,1,2,2,2,1,1,3,4,2,3,1985,2,2
1991,1,550431,2,2,2,2,1,1,3,4,2,3,1988,2,2
1991,2,550431,1,3,3,2,1,1,3,4,2,3,1991,2,2
1991,1,550432,1,2,2,2,1,1,3,4,2,3,1982,2,2
1991,1,550433,1,5,5,2,1,1,3,4,2,3,1977,2,2
1991,2,550433,3,2,2,2,1,1,3,4,2,3,1990,2,2
1991,1,550434,1,4,4,2,1,1,3,4,2,3,1991,2,2
1991,2,550434,1,2,2,2,1,1,3,4,1,3,1985,2,2
1991,1,550435,7,2,2,2,4,2,3,2,1,3,1981,2,2
1991,1,550436,1,2,2,2,1,1,3,4,2,3,1985,1,2
1991,2,550436,6,4,4,2,1,1,3,4,2,3,1985,2,2
1991,1,550437,1,5,5,2,2,2,3,4,1,3,1979,2,2
1991,1,550438,1,2,2,2,1,1,3,4,2,3,1986,2,2
1991,1,550439,1,2,2,2,1,1,3,4,2,3,1977,2,2
1991,2,550439,1,4,3,2,1,1,3,4,2,3,1984,2,2
1991,3,550439,1,2,2,2,1,1,3,4,2,3,1988,2,2
1991,4,550439,3,2,2,2,1,1,3,4,2,3,1991,2,2
1991,1,550441,2,5,5,2,1,1,3,4,2,3,1980,2,2
1991,2,550441,7,2,2,2,4,2,3,2,2,3,1989,2,2
1991,1,550442,1,3,3,2,1,1,3,4,2,3,1991,2,2
1991,2,550442,1,2,2,2,1,1,3,4,2,3,1989,2,2
1991,3,550442,1,2,2,2,1,1,3,4,2,3,1990,2,2
1991,1,550443,2,1,1,1,1,1,3,4,2,3,1988,2,2
1991,1,550444,7,1,1,2,4,1,3,1,2,3,9999,2,2
1991,1,550445,3,2,2,2,1,1,3,4,2,3,1970,2,2
1991,2,550445,1,2,2,2,1,1,3,4,2,3,1985,2,2
1991,3,550445,1,2,2,2,1,1,3,4,2,3,1986,2,2
1991,1,550446,1,2,2,1,1,1,3,4,2,3,1978,2,2
1991,1,550447,1,1,1,2,1,1,3,4,2,3,1988,2,2
1991,1,550448,1,2,2,2,1,1,3,4,2,3,1990,2,2
1991,1,550449,1,1,1,1,1,1,3,4,2,3,1986,2,2
1991,1,550450,1,2,2,2,1,1,3,4,2,3,1982,2,2
1991,1,550451,6,4,4,2,1,1,3,4,1,3,1978,2,2
1991,2,550451,7,2,2,2,4,1,3,1,2,3,1991,2,2
1991,1,550452,1,2,2,2,1,1,3,4,2,3,1989,2,2
1991,2,550452,3,2,2,2,1,1,3,4,2,3,1991,2,2
1991,1,550453,3,2,2,1,1,1,3,4,1,3,1986,1,2
1991,1,550454,2,1,1,1,1,1,3,4,1,3,1987,1,2
1991,1,550455,2,5,5,2,1,1,3,4,2,3,1988,1,2
1991,2,550455,6,2,2,1,1,1,3,4,2,3,1979,2,2
1991,1,550456,2,2,2,2,1,1,3,4,2,3,1983,2,2
1991,2,550456,1,5,5,2,1,1,3,4,1,3,1985,2,2
1991,1,550458,1,2,2,2,1,1,3,4,2,3,1988,2,2
1991,1,550459,1,4,4,2,1,1,3,4,2,3,1985,2,2
1991,2,550459,1,2,2,2,1,1,3,4,2,3,1986,1,2
1991,1,550460,7,2,2,2,4,1,3,1,1,3,1989,2,2
1991,2,550460,3,5,5,2,2,2,3,4,2,3,1985,2,2
1991,1,550461,1,2,2,2,1,1,3,4,2,3,1991,2,2
1991,2,550461,1,2,2,2,1,1,3,4,2,3,1988,2,2
1991,3,550461,1,5,5,2,1,1,3,4,2,3,1986,2,2
1991,1,550462,1,3,3,2,1,1,3,4,2,3,1987,1,2
1991,2,550462,1,2,2,2,1,1,3,4,1,3,1991,2,2
1991,1,550463,7,2,2,2,4,1,3,1,1,3,1982,2,2
1991,1,550464,3,3,3,1,1,1,3,4,2,3,1987,1,2
1991,1,550465,2,7,7,1,1,1,3,4,1,3,1988,2,2
1991,1,550466,6,2,2,2,1,1,3,4,2,3,1992,1,2
1991,1,550467,2,1,1,1,1,1,3,4,1,3,1985,2,2
1991,1,550468,1,4,4,2,1,1,3,4,2,3,1984,2,2
1991,2,550468,6,4,2,2,1,1,3,4,2,3,1987,2,2
1991,3,550468,2,2,2,2,1,1,3,4,2,3,1981,2,2
1991,4,550468,6,2,2,2,1,1,3,4,2,3,1990,2,2
1991,1,550469,1,2,2,2,1,1,3,4,1,3,1987,2,2
1991,1,550470,1,2,2,2,2,2,3,4,1,3,1981,2,2
1991,2,550470,2,3,3,2,1,1,3,4,2,3,1980,2,2
1991,1,550471,1,5,5,1,2,2,3,4,1,3,1979,2,2
1991,1,550472,3,7,7,1,1,1,3,4,2,3,1981,1,2
1991,1,550473,1,2,2,2,1,1,3,4,2,3,1989,2,2
1991,2,550473,4,3,3,2,1,1,3,4,2,3,1986,2,2
1991,1,550474,1,2,2,2,1,1,3,4,2,3,1989,2,2
1991,2,550474,1,5,5,2,1,1,3,4,2,3,1989,2,2
1991,1,550475,7,1,1,2,4,1,3,1,2,3,1982,1,2
1991,1,550476,1,5,5,2,1,1,3,4,2,3,1979,2,2
1991,1,550477,1,2,2,2,1,1,3,4,2,3,1987,2,2
1991,2,550477,6,4,4,2,1,1,3,4,2,3,1988,2,2
1991,1,550478,1,4,4,1,1,1,3,4,1,3,1988,2,2
1991,1,550479,2,2,6,1,1,1,3,4,2,3,1987,1,2
1991,2,550479,6,2,2,1,1,1,3,4,2,3,1987,2,2
1991,3,550479,2,2,2,2,1,1,3,4,2,3,1989,2,2
1991,1,550480,1,3,3,1,1,1,3,4,1,3,1983,2,2
1991,1,550481,1,2,2,2,1,1,3,4,2,3,1990,2,2
1991,1,550482,1,3,3,1,1,1,3,4,1,3,1987,2,2
1991,1,550483,1,2,2,1,1,1,3,4,2,3,1990,2,2
1991,2,550483,6,2,2,2,1,1,3,4,2,3,1991,2,2
1991,1,550484,1,5,5,2,1,1,3,4,2,3,1979,1,2
1991,2,550484,2,2,2,1,1,1,3,4,2,3,1988,2,2
1991,1,550485,1,2,2,2,1,1,3,4,2,3,1992,2,2
1991,2,550485,6,2,2,1,1,1,3,4,2,3,1984,2,2
1991,3,550485,1,2,2,2,1,1,3,4,2,3,1981,2,2
1991,4,550485,2,2,2,2,1,1,3,4,2,3,1988,2,2
1991,1,550486,1,5,5,2,1,1,3,4,2,3,1988,2,2
1991,1,550487,1,1,1,1,1,1,3,4,2,3,1986,2,2
1991,1,550488,1,2,2,2,1,1,3,4,2,3,1978,2,2
1991,2,550488,4,2,2,2,1,1,3,4,2,3,1988,2,2
1991,1,550489,2,2,2,2,1,1,3,4,2,3,1986,2,2
1991,1,550490,1,1,1,1,1,1,3,4,2,3,1975,2,2
1991,1,550491,2,1,1,1,1,1,3,4,2,3,1986,1,2
1991,1,550492,4,2,2,2,1,1,3,4,2,3,1990,2,2
1991,1,550493,1,2,2,2,1,1,3,4,2,3,1983,2,2
1991,1,550494,1,2,2,2,1,1,3,4,2,3,1986,2,2
1991,2,550494,7,2,2,2,4,1,3,1,1,3,1979,2,2
1991,1,550495,2,2,2,2,1,1,3,4,2,3,1990,2,2
1991,2,550495,6,2,2,2,1,1,3,4,2,3,1975,2,2
1991,1,550496,7,1,1,2,4,1,3,1,1,3,1976,2,2
1991,1,550497,1,2,2,2,1,1,3,4,2,3,1990,2,2
1991,1,550498,1,2,2,2,1,1,3,4,2,3,1977,2,2
1991,2,550498,1,5,5,2,1,1,3,4,2,3,1981,2,2
1991,3,550498,1,4,4,2,1,1,3,4,2,3,1977,2,2
1991,1,550499,1,5,5,2,1,1,3,4,2,3,1990,2,2
1991,2,550499,2,2,2,2,1,1,3,4,2,3,1991,2,2
1991,1,550501,1,4,4,1,2,2,3,4,2,3,1980,1,2
1991,1,550502,1,1,1,1,1,1,3,4,2,3,1977,2,2
1991,1,550503,1,5,5,2,1,1,3,4,2,3,1986,2,2
1991,2,550503,3,2,2,2,1,1,3,4,2,3,1986,2,2
1991,1,550504,1,1,1,1,1,1,3,4,1,3,1978,2,2
1991,1,550505,3,2,2,2,1,1,3,4,2,3,1979,2,2
1991,2,550505,9,5,5,2,1,1,3,4,2,3,1984,1,2
1991,1,550506,4,3,3,2,1,1,3,4,2,3,1990,1,2
1991,1,550508,1,6,6,1,1,1,3,4,2,3,1982,2,2
1991,1,550509,1,1,1,1,1,1,3,4,2,3,1985,2,2
1991,1,550510,1,3,3,2,1,1,3,4,2,3,1990,2,2
1991,2,550510,1,2,2,2,1,1,3,4,2,3,1987,2,2
1991,1,550511,7,7,7,2,4,1,3,1,1,3,1982,2,2
1991,2,550511,1,4,4,2,1,1,3,4,2,3,1990,2,2
1991,1,550512,1,2,2,2,1,1,3,4,2,3,1989,2,2
1991,2,550512,1,2,2,2,1,1,3,4,2,3,1989,2,2
1991,1,550513,1,2,2,2,1,1,3,4,2,3,1981,2,2
1991,1,550514,2,3,3,1,1,1,3,4,1,3,1985,2,2
1991,1,550515,1,2,2,2,1,1,3,4,2,3,1981,2,2
1991,2,550515,9,4,4,2,1,1,3,4,2,3,1979,2,2
1991,1,550516,1,5,5,2,1,1,3,4,2,3,1980,1,2
1991,2,550516,7,2,2,2,4,1,3,1,1,3,1983,2,2
1991,1,550517,1,1,1,1,2,2,3,4,2,3,1979,2,2
1991,1,550518,3,2,2,1,1,1,3,4,1,3,1978,2,2
1991,1,550519,1,2,2,2,1,1,3,4,2,3,1984,1,2
1991,2,550519,6,4,4,2,1,1,3,4,2,3,1984,2,2
1991,1,550520,1,1,1,1,1,1,3,4,2,3,1985,2,2
1991,1,550521,1,1,1,1,1,1,3,4,2,3,1987,2,2
1991,1,550522,7,2,2,2,4,2,3,2,2,3,1980,2,2
1991,1,550523,1,2,2,2,1,1,3,4,2,3,1988,2,2
1991,2,550523,1,3,3,2,1,1,3,4,2,3,1987,2,2
1991,1,550525,6,2,2,2,1,1,3,4,2,3,1988,2,2
1991,1,550526,1,5,5,2,1,1,3,4,2,3,1985,1,2
1991,2,550526,6,2,2,2,1,1,3,4,2,3,1992,2,2
1991,1,550527,1,2,2,2,1,1,3,4,2,3,1977,2,2
1991,1,550528,1,5,5,2,1,1,3,4,2,3,1986,2,2
1991,1,550529,1,5,5,2,1,1,3,4,2,3,1980,2,2
1991,1,550530,7,7,7,2,4,1,3,1,1,3,1982,2,2
1991,1,550531,1,2,2,2,1,1,3,4,2,3,1987,2,2
1991,2,550531,1,2,2,2,1,1,3,4,2,3,1983,2,2
1991,1,550532,3,2,2,2,1,1,3,4,2,3,1980,2,2
1991,1,550533,1,2,2,2,1,1,3,4,2,3,1974,1,2
1991,2,550533,1,2,2,2,1,1,3,4,2,3,1988,2,2
1991,1,550534,2,5,5,2,1,1,3,4,1,3,1979,2,2
1991,1,550535,1,2,2,2,1,1,3,4,2,3,1979,1,2
1991,2,550535,1,2,2,2,1,1,3,4,2,3,1991,2,2
1991,1,550536,6,2,2,2,1,1,3,4,2,3,1979,2,2
1991,2,550536,1,5,5,2,1,1,3,4,2,3,1984,1,2
1991,1,550537,6,2,2,2,1,2,3,4,2,3,1971,2,2
1991,2,550537,1,3,3,2,1,1,3,4,2,3,1984,2,2
1991,3,550537,1,2,2,2,1,1,3,4,2,3,1988,2,2
1991,1,550538,1,1,1,1,1,1,3,4,2,3,1982,2,2
1991,1,550539,1,2,2,1,2,2,3,4,1,3,1991,2,2
1991,1,550540,7,2,2,2,4,1,3,1,1,3,1985,2,2
1991,1,550541,1,2,2,2,1,1,3,4,2,3,1951,1,2
1991,1,550542,1,2,2,1,1,1,3,4,1,3,1926,2,2
1991,1,550543,1,4,5,2,1,1,3,4,2,3,1981,2,2
1991,1,550544,1,5,5,2,1,1,3,4,1,3,1981,2,2
1991,2,550544,1,2,2,2,1,1,3,4,2,3,1978,2,2
1991,1,550545,3,2,2,2,1,1,3,4,2,3,1989,2,2
1991,2,550545,6,4,4,2,1,1,3,4,2,3,1975,2,2
1991,1,550546,6,2,2,2,1,1,3,4,2,3,1987,2,2
1991,2,550546,1,5,5,2,1,1,3,4,2,3,1987,1,2
1991,1,550547,7,2,2,2,4,1,3,1,1,3,1978,2,2
1991,1,550548,1,5,5,1,2,2,3,4,1,3,1986,2,2
1991,1,550549,3,4,4,1,1,1,3,4,2,3,1991,2,2
1991,2,550549,1,2,2,2,1,1,3,4,2,3,1987,2,2
1991,1,550550,6,3,3,2,1,1,3,4,2,3,1986,2,2
1991,1,550551,4,2,2,2,1,1,3,4,2,3,1974,2,2
1991,2,550551,4,3,3,2,1,1,3,4,2,3,1984,2,2
1991,1,550552,6,2,2,2,1,1,3,4,2,3,1985,2,2
1991,2,550552,1,5,5,2,1,1,3,4,2,3,1983,2,2
1991,1,550553,2,2,2,2,1,1,3,4,2,3,1988,2,2
1991,2,550553,6,2,2,2,1,1,3,4,2,3,1991,2,2
1991,1,550554,4,2,2,2,1,1,3,4,1,3,1988,2,2
1991,2,550554,1,2,2,2,1,1,3,4,2,3,1991,2,2
1991,1,550555,2,3,3,1,1,1,3,4,1,3,1976,2,2
1991,2,550555,1,2,2,2,1,1,3,4,2,3,1983,2,2
1991,1,550556,1,2,2,2,1,1,3,4,2,3,1984,2,2
1991,2,550556,2,2,2,1,1,1,3,4,1,3,1989,2,2
1991,1,550557,2,2,2,2,1,1,3,4,2,3,1989,1,2
1991,2,550557,1,2,2,2,1,1,3,4,2,3,1982,2,2
1991,1,550558,3,1,1,1,1,1,3,4,1,3,1986,1,2
1991,1,550559,4,2,2,2,1,1,3,4,2,3,1982,2,2
1991,1,550560,1,5,5,2,1,1,3,4,2,3,1985,2,2
1991,1,550561,1,1,1,1,1,1,3,4,2,3,1986,1,1
1991,1,550562,2,2,2,2,1,1,3,4,2,3,1988,2,2
1991,2,550562,1,2,2,2,1,1,3,4,2,3,1988,2,2
1991,1,550563,1,2,2,2,1,1,3,4,2,3,1981,2,2
1991,2,550563,1,2,2,2,1,1,3,4,2,3,1988,2,2
1991,1,550564,2,2,2,2,1,1,3,4,2,3,1982,2,2
1991,2,550564,1,5,5,2,1,1,3,4,2,3,1986,2,2
1991,1,550565,1,2,2,2,1,1,3,4,2,3,1978,2,2
1991,1,550566,1,7,7,1,1,1,3,4,2,3,1977,2,2
1991,1,550568,3,7,7,2,3,3,3,4,2,3,1989,2,2
1991,2,550568,1,2,2,2,1,1,3,4,2,3,1991,2,2
1991,1,550569,2,2,2,2,1,1,3,4,2,3,1984,2,2
1991,1,550570,3,1,1,1,1,1,3,4,1,3,1979,2,2
1991,1,550571,1,2,2,2,1,1,3,4,1,3,1980,1,2
1991,1,550572,1,2,2,2,1,1,3,4,2,3,1988,2,2
1991,2,550572,1,3,3,2,1,1,3,4,2,3,1984,2,2
1991,1,550573,1,2,2,2,1,1,3,4,2,3,1992,2,2
1991,2,550573,6,2,2,2,1,1,3,4,2,3,1990,2,2
1991,1,550574,1,2,2,2,2,2,3,4,1,3,1988,2,2
1991,2,550574,2,2,2,2,1,1,3,4,2,3,1977,2,2
1991,1,550575,1,2,2,2,1,1,3,4,2,3,1991,2,2
1991,2,550575,1,2,2,2,1,1,3,4,2,3,1991,2,2
1991,1,550576,2,2,2,2,2,2,3,4,2,3,1987,1,2
1991,1,550577,2,2,2,1,1,1,3,4,1,3,1972,2,2
1991,1,550578,1,2,2,2,1,1,3,4,2,3,1990,2,2
1991,2,550578,1,5,5,2,1,1,3,4,1,3,1979,2,2
1991,1,550579,6,2,2,2,1,1,3,4,2,3,1989,2,2
1991,1,550580,1,2,2,2,1,1,3,4,2,3,1978,2,2
1991,2,550580,1,2,2,1,1,1,3,4,2,3,1985,2,2
1991,1,550581,1,3,3,2,1,1,3,4,2,3,1987,1,2
1991,2,550581,1,2,2,2,1,1,3,4,2,3,1990,2,2
1991,1,550582,1,2,3,2,1,1,3,4,1,3,1976,1,2
1991,2,550582,1,2,2,2,1,1,3,4,2,3,1978,2,2
1991,1,550583,1,2,2,1,2,2,3,4,2,3,1988,1,2
1991,1,550584,2,2,2,2,1,1,3,4,2,3,1982,2,2
1991,2,550584,7,2,2,2,4,2,3,2,1,3,1986,2,2
1991,1,550585,1,1,1,1,2,2,3,4,2,3,1981,2,2
1991,1,550586,3,1,1,1,2,2,3,4,2,3,1985,1,2
1991,1,550587,6,2,2,2,1,1,3,4,2,3,1984,2,2
1991,1,550588,1,2,2,2,1,1,3,4,2,3,1976,2,2
1991,1,550589,1,2,4,2,1,1,3,4,1,3,1986,2,2
1991,2,550589,1,2,2,2,1,1,3,4,1,3,1989,2,2
1991,1,550590,2,3,3,2,1,1,3,4,1,3,1990,2,2
1991,1,550591,1,2,2,2,1,1,3,4,2,3,1981,2,2
1991,1,550592,1,5,5,2,1,1,3,4,2,3,1984,2,2
1991,2,550592,2,2,2,2,1,1,3,4,2,3,1987,2,2
1991,1,550593,1,5,5,2,1,1,3,4,1,3,1979,2,2
1991,2,550593,4,2,2,2,1,1,3,4,2,3,1981,2,2
1991,1,550594,1,3,3,2,1,1,3,4,2,3,1982,2,2
1991,1,550596,2,5,2,2,1,1,3,4,2,3,1990,2,2
1991,1,550597,2,1,1,1,1,1,3,4,2,3,1983,2,2
1991,1,550598,2,1,1,1,2,2,3,4,1,3,1990,1,2
1991,1,550599,1,2,2,2,1,1,3,4,1,3,1977,2,2
1991,2,550599,1,2,2,2,1,1,3,4,2,3,1986,2,2
1991,1,550600,2,4,4,2,1,1,3,4,1,3,1987,2,2
1991,2,550600,1,5,5,2,1,1,3,4,2,3,1988,2,2
1991,1,550601,2,2,2,2,1,1,3,4,2,3,1987,2,2
1991,2,550601,6,2,2,2,1,1,3,4,2,3,1988,2,2
1991,1,550602,1,2,2,2,1,1,3,4,2,3,1982,2,2
1991,2,550602,8,4,4,2,1,1,3,4,2,3,1966,2,2
1991,1,550603,4,1,1,1,1,1,3,4,2,3,1991,2,2
1991,1,550604,2,2,2,2,1,1,3,4,2,3,1989,1,2
1991,2,550604,1,3,3,2,1,1,3,4,2,3,1987,2,2
1991,1,550605,2,2,2,2,1,1,3,4,2,3,1988,2,2
1991,2,550605,2,2,2,2,1,1,3,4,2,3,1980,2,2
1991,1,550606,1,2,2,2,1,1,3,4,2,3,1987,2,2
1991,1,550607,1,2,2,2,1,1,3,4,2,3,1988,2,2
1991,1,550608,1,2,2,2,1,1,3,4,2,3,1987,2,2
1991,2,550608,1,2,2,2,1,1,3,4,2,3,1981,2,2
1991,3,550608,1,5,5,2,1,1,3,4,2,3,1985,2,2
1991,1,550609,1,2,2,2,1,1,3,4,2,3,1984,2,2
1991,2,550609,4,4,4,2,1,1,3,4,2,3,1989,2,2
1991,1,550610,1,2,2,2,2,2,3,4,2,3,1979,2,2
1991,2,550610,1,5,5,2,1,1,3,4,2,3,1988,2,2
1991,1,550611,3,1,1,1,1,1,3,4,1,3,1978,2,2
1991,1,550612,9,1,1,1,1,1,3,4,2,3,1974,2,2
1991,1,550613,9,1,1,1,1,2,3,4,2,3,1968,1,2
1991,1,550614,1,2,2,2,1,1,3,4,2,3,1984,2,2
1991,1,550615,6,2,2,2,1,1,3,4,2,3,1980,2,2
1991,2,550615,1,3,3,2,1,1,3,4,2,3,1984,2,2
1991,1,550616,4,3,3,2,1,1,3,4,2,3,1988,2,2
1991,2,550616,2,2,2,2,1,1,3,4,2,3,1989,2,2
1991,3,550616,1,2,2,2,1,1,3,4,2,3,1982,2,2
1991,1,550617,1,5,5,2,1,1,3,4,2,3,1987,2,2
1991,1,550618,1,7,7,1,1,1,3,4,2,3,1973,2,2
1991,1,550619,1,3,3,1,1,1,3,4,2,3,1988,1,2
1991,1,550620,2,1,1,1,2,2,3,4,2,3,1990,1,2
1991,1,550621,1,6,6,1,1,1,3,4,1,3,1980,2,2
1991,1,550622,7,2,2,2,4,2,3,2,1,3,1984,1,2
1991,1,550623,1,2,2,2,1,1,3,4,2,3,1987,2,2
1991,1,550624,2,2,2,2,1,1,3,4,2,3,1987,2,2
1991,2,550624,6,2,2,2,1,2,3,4,2,3,1980,2,2
1991,1,550625,2,2,2,2,2,2,3,4,1,3,1989,2,2
1991,1,550626,6,2,2,2,1,1,3,4,2,3,1984,2,2
1991,2,550626,1,3,3,2,1,1,3,4,2,3,1990,2,2
1991,1,550627,1,7,7,1,1,1,3,4,1,3,1979,2,2
1991,1,550628,7,2,2,2,4,1,3,1,2,3,1984,2,2
1991,2,550628,1,3,3,2,1,1,3,4,2,3,1988,2,2
1991,1,550629,1,1,1,1,1,1,3,4,1,3,1987,2,2
1991,1,550630,1,2,2,2,1,1,3,4,1,3,1979,1,2
1991,1,550631,4,1,1,1,1,1,3,4,1,3,1988,2,2
1991,1,550632,2,5,5,2,1,1,3,4,2,3,1984,1,2
1991,1,550633,1,2,2,2,1,1,3,4,1,3,1978,2,2
1991,1,550634,1,2,2,2,1,1,3,4,2,3,1990,2,2
1991,1,550635,2,1,1,1,2,2,3,4,2,3,1991,1,2
1991,1,550636,2,2,2,2,1,1,3,4,2,3,1987,2,2
1991,2,550636,9,2,2,2,2,2,3,4,2,3,1971,2,2
1991,1,550637,1,2,2,2,1,1,3,4,1,3,1987,2,2
1991,1,550638,2,5,5,2,1,1,3,4,2,3,1983,2,2
1991,2,550638,1,2,2,2,1,1,3,4,1,3,1985,2,2
1991,1,550639,3,4,4,1,1,1,3,4,1,3,1985,2,2
1991,1,550640,2,2,2,1,1,1,3,4,2,3,1988,2,2
1991,1,550641,1,2,2,2,1,1,3,4,2,3,1985,2,2
1991,1,550642,2,2,2,1,3,3,3,4,1,3,1968,2,2
1991,1,550643,1,4,4,1,2,2,3,4,2,3,1985,2,2
1991,1,550644,1,2,2,2,2,2,3,4,1,3,1990,2,2
1991,1,550645,2,2,2,2,1,1,3,4,2,3,1990,1,2
1991,1,550646,1,4,4,2,1,1,3,4,2,3,1976,2,2
1991,1,550647,1,1,1,1,1,1,3,4,2,3,1980,2,2
1991,1,550648,1,2,2,1,1,1,3,4,2,3,1978,2,2
1991,1,550649,1,5,5,2,1,1,3,4,2,3,1986,2,2
1991,2,550649,2,2,2,2,1,1,3,4,2,3,1985,2,2
1991,1,550650,1,2,2,2,1,1,3,4,2,3,1987,2,2
1991,2,550650,2,2,2,2,1,1,3,4,2,3,1986,2,2
1991,1,550651,1,2,2,2,1,1,3,4,2,3,1985,2,2
1991,2,550651,2,3,3,2,1,1,3,4,1,3,1986,2,2
1991,1,550652,3,1,1,1,1,1,3,4,1,3,1986,2,2
1991,1,550653,2,7,7,1,1,1,3,4,2,3,1990,2,2
1991,1,550654,1,7,7,1,2,2,3,4,1,3,1985,2,2
1991,1,550655,1,2,2,2,1,1,3,4,1,3,1978,2,2
1991,1,550656,1,5,5,1,1,1,3,4,1,3,1984,2,2
1991,1,550657,1,2,2,2,1,1,3,4,2,3,1984,1,2
1991,2,550657,3,4,4,2,1,1,3,4,2,3,1988,2,2
1991,1,550658,1,2,2,1,1,1,3,4,1,3,1989,2,2
1991,1,550660,2,2,2,2,1,1,3,4,2,3,1977,2,2
1991,2,550660,1,4,4,2,3,3,3,4,2,3,1983,2,2
1991,3,550660,9,4,4,2,3,3,3,4,2,3,9999,2,2
1991,1,550661,1,5,5,1,1,1,3,4,2,3,1983,2,2
1991,2,550661,3,2,2,2,1,1,3,4,2,3,1985,2,2
1991,1,550662,2,2,2,1,1,1,3,4,1,3,1990,2,1
1991,1,550663,2,2,2,2,1,1,3,4,2,3,1983,2,2
1991,2,550663,1,3,3,2,1,1,3,4,2,3,1988,2,2
1991,1,550664,1,1,1,2,1,1,3,4,2,3,1977,2,2
1991,1,550665,1,2,5,2,1,1,3,4,1,3,1976,1,2
1991,2,550665,6,4,4,2,1,1,3,4,2,3,1975,2,2
1991,3,550665,6,2,2,2,1,1,3,4,2,3,1991,2,2
1991,1,550666,1,4,4,2,1,1,3,4,1,3,1989,2,2
1991,2,550666,1,2,2,2,1,1,3,4,2,3,1986,2,2
1991,1,550667,4,2,2,2,1,1,3,4,1,3,1990,2,2
1991,2,550667,6,2,2,2,1,1,3,4,2,3,1990,2,2
1991,1,550668,6,1,1,1,1,1,3,4,2,3,1983,2,2
1991,1,550669,2,2,2,2,1,1,3,4,1,3,1991,2,2
1991,1,550670,1,2,2,2,1,1,3,4,1,3,1983,2,2
1991,1,550671,1,2,2,2,1,1,3,4,1,3,1989,2,2
1991,2,550671,6,2,2,2,1,1,3,4,2,3,1988,2,2
1991,1,550672,1,2,2,2,1,1,3,4,1,3,1990,1,2
1991,2,550672,3,4,4,2,1,1,3,4,2,3,1987,2,2
1991,3,550672,3,2,2,2,1,1,3,4,2,3,1987,2,2
1991,1,550673,1,2,2,1,1,1,3,4,2,3,1985,2,1
1991,1,550674,1,1,1,1,1,1,3,4,1,3,1985,2,2
1991,1,550675,1,1,1,1,1,1,3,4,1,3,1991,2,2
1991,1,550676,3,5,5,2,1,1,3,4,2,3,1985,2,2
1991,1,550677,3,3,3,2,1,1,3,4,1,3,1989,2,2
1991,2,550677,2,2,2,2,1,1,3,4,2,3,1988,2,2
1991,1,550678,1,2,2,2,1,1,3,4,2,3,1977,2,2
1991,1,550679,1,5,5,2,1,1,3,4,2,3,1982,2,2
1991,2,550679,3,2,2,2,1,1,3,4,2,3,1990,2,2
1991,1,550680,1,2,2,2,1,1,3,4,2,3,1991,2,2
1991,2,550680,1,3,3,2,1,1,3,4,1,3,1980,2,2
1991,1,550681,1,3,3,2,1,1,3,4,2,3,1984,2,2
1991,2,550681,1,2,2,2,1,1,3,4,2,3,1989,2,2
1991,1,550682,4,2,2,2,2,2,3,4,2,3,1981,2,2
1991,2,550682,1,3,3,2,1,1,3,4,2,3,1985,2,2
1991,1,550683,1,2,2,2,1,1,3,4,2,3,1978,2,2
1991,2,550683,1,2,2,2,1,1,3,4,2,3,1978,2,2
1991,1,550684,8,2,2,2,1,1,3,4,1,3,1975,2,2
1991,2,550684,1,3,3,2,1,1,3,4,2,3,1984,2,2
1991,1,550685,1,2,3,2,1,1,3,4,2,3,1985,2,2
1991,2,550685,2,4,4,2,1,1,3,4,2,3,1989,2,2
1991,3,550685,1,2,2,2,1,1,3,4,2,3,1978,2,2
1991,1,550686,6,4,4,2,1,1,3,4,2,3,1991,2,2
1991,2,550686,1,2,2,2,1,1,3,4,2,3,1987,2,2
1991,1,550687,1,4,4,2,1,1,3,4,2,3,1989,2,2
1991,2,550687,2,2,2,2,1,1,3,4,2,3,1983,2,2
1991,3,550687,1,2,2,2,1,1,3,4,2,3,1978,2,2
1991,4,550687,2,2,2,2,1,1,3,4,2,3,1984,2,2
1991,1,550688,3,3,3,2,1,1,3,4,2,3,1984,2,2
1991,2,550688,4,2,2,2,1,1,3,4,2,3,1988,2,2
1991,1,550689,2,2,2,2,1,1,3,4,2,3,1988,2,2
1991,2,550689,6,5,5,2,1,1,3,4,2,3,1987,2,2
1991,1,550690,9,1,1,1,2,1,3,4,2,3,9999,2,2
1991,1,550691,9,7,7,2,1,1,3,4,2,3,1988,2,2
1991,1,550692,1,4,4,2,1,1,3,4,1,3,1985,2,2
1991,2,550692,1,2,2,2,1,1,3,4,2,3,1991,2,2
1991,1,560001,6,5,6,2,1,1,3,4,2,3,1989,2,2
1991,2,560001,1,6,6,2,1,1,3,4,2,3,1977,2,2
1991,1,560002,6,4,4,1,1,1,3,4,2,3,1985,2,2
1991,2,560002,2,2,6,2,1,1,3,4,2,3,1984,1,2
1991,1,560003,2,3,3,2,1,1,3,4,2,3,1978,1,2
1991,2,560003,1,2,2,2,1,1,3,4,2,3,1983,2,2
1991,1,560004,2,2,2,2,1,1,3,4,2,3,1984,2,2
1991,2,560004,6,2,2,2,1,1,3,4,2,3,1978,2,2
1991,1,560005,1,5,5,2,1,1,3,4,2,3,1985,2,2
1991,2,560005,2,2,2,2,1,1,3,4,2,3,1982,2,2
1991,1,560006,1,7,7,1,2,2,3,4,2,3,1978,2,2
1991,1,560007,2,1,1,1,1,1,3,4,2,3,1985,2,2
1991,1,560008,7,2,2,2,4,1,3,1,1,3,1981,2,2
1991,2,560008,6,6,6,2,1,1,3,4,2,3,1977,2,2
1991,1,560009,1,2,2,1,2,2,3,4,1,3,1990,2,2
1991,1,560010,2,1,1,1,1,1,3,4,2,3,1990,1,2
1991,1,560011,4,2,2,2,1,1,3,4,2,3,1988,2,2
1991,1,560012,1,2,2,2,1,1,3,4,1,3,1989,2,2
1991,1,560013,2,2,2,2,1,1,3,4,2,3,1979,2,2
1991,2,560013,2,2,2,2,1,1,3,4,1,3,1982,2,1
1991,1,560014,1,3,3,2,1,1,3,4,1,3,1987,2,2
1991,2,560014,1,2,2,2,1,1,3,4,2,3,1977,2,2
1991,1,560015,2,3,3,2,1,1,3,4,2,3,1991,2,2
1991,1,560017,1,2,2,1,1,1,3,4,1,3,1989,2,2
1991,1,560018,6,1,1,1,1,1,3,4,1,3,1988,2,2
1991,1,560019,1,7,7,1,1,1,3,4,1,3,1979,2,2
1991,1,560020,1,1,1,1,1,1,3,4,2,3,1978,2,2
1991,1,560021,1,5,5,2,1,1,3,4,1,3,1987,2,2
1991,2,560021,2,2,2,2,1,1,3,4,1,3,1989,2,2
1991,1,560022,2,1,1,1,1,1,3,4,2,3,1985,2,2
1991,1,560023,2,2,2,2,1,1,3,4,2,3,1969,2,2
1991,2,560023,2,2,2,1,1,1,3,4,2,3,1987,2,2
1991,1,560024,6,1,1,1,1,1,3,4,1,3,1985,2,2
1991,1,560026,1,1,1,1,1,1,3,4,1,3,1991,2,2
1991,1,560027,7,1,1,2,4,1,3,1,2,3,1989,2,2
1991,1,560028,1,1,1,1,1,1,3,4,2,3,1983,1,2
1991,1,560029,1,2,2,2,1,1,3,4,2,3,1990,2,2
1991,1,560030,1,3,3,2,1,1,3,4,2,3,1989,2,2
1991,2,560030,6,2,2,2,1,1,3,4,2,3,1990,2,2
1991,1,560031,7,4,4,2,4,2,3,2,2,3,1987,2,2
1991,2,560031,7,2,2,2,4,1,3,1,2,3,1982,1,2
1991,1,560032,1,5,5,1,1,1,3,4,1,3,1975,2,2
1991,1,560033,7,7,7,2,4,1,3,1,1,3,1990,2,2
1991,1,560034,7,2,2,2,4,1,3,1,1,3,1984,2,2
1991,1,560035,1,2,2,2,1,1,3,4,2,3,1988,2,1
1991,1,560036,1,2,2,1,1,1,3,4,2,3,1990,1,2
1991,1,560037,2,1,1,1,1,1,3,4,2,3,1987,2,1
1991,1,560038,3,2,2,1,1,1,3,4,2,3,1985,2,1
1991,1,560039,2,1,1,1,1,1,3,4,1,3,1971,2,2
1991,1,560040,7,2,2,2,4,1,3,1,1,3,1989,2,2
1991,2,560040,2,2,2,2,1,1,3,4,2,3,1979,2,2
1991,1,560041,2,1,1,1,1,1,3,4,2,3,1970,1,2
1991,1,560042,1,1,1,1,1,1,3,4,2,3,1991,2,1
1991,1,560043,2,2,2,2,1,1,3,4,2,3,1980,2,1
1991,2,560043,9,2,2,2,1,1,3,4,2,3,1988,2,2
1991,1,560044,7,2,2,2,4,2,3,2,1,3,1976,2,2
1991,1,560045,1,1,1,1,1,1,3,4,1,3,1988,2,2
1991,1,560046,7,1,1,2,4,2,3,2,1,3,1984,2,2
1991,1,560047,6,2,2,1,1,1,3,4,1,3,1988,2,2
1991,1,560048,1,4,3,1,1,1,3,4,2,3,1985,2,2
1991,1,560049,1,2,2,1,1,1,3,4,1,3,1986,2,2
1991,1,560050,1,1,1,1,1,1,3,4,2,3,1984,2,1
1991,1,560051,1,1,1,1,1,1,3,4,2,3,1989,2,1
1991,1,560052,4,1,1,1,1,1,3,4,1,3,1986,2,2
1991,1,560053,4,2,2,1,1,1,3,4,2,3,1990,2,1
1991,1,560054,1,5,5,1,1,1,3,4,2,3,1991,2,1
1991,1,560055,2,2,2,1,1,1,3,4,2,3,1987,2,1
1991,1,560056,2,1,1,1,1,1,3,4,1,3,1987,2,2
1991,1,560057,2,2,3,1,2,2,3,4,1,3,1975,1,2
1991,1,560058,7,2,2,2,4,1,3,1,1,3,1981,2,2
1991,1,560059,1,2,6,2,2,2,3,4,2,3,1977,2,2
1991,1,560060,3,1,1,1,1,1,3,4,1,3,1988,2,2
1991,1,560061,2,2,2,1,1,1,3,4,1,3,1985,2,2
1991,1,560062,1,5,5,2,1,1,3,4,2,3,1978,2,2
1991,2,560062,7,2,2,2,4,2,3,2,2,3,1982,2,2
1991,1,560063,1,2,2,2,1,1,3,4,2,3,1990,2,2
1991,2,560063,7,2,2,2,4,1,3,1,2,3,1984,2,2
1991,1,560064,2,2,2,1,1,1,3,4,1,3,1978,2,2
1991,1,560065,2,1,1,1,2,2,3,4,1,3,1968,2,2
1991,1,560066,9,2,2,2,1,1,3,4,2,3,1990,2,2
1991,2,560066,1,2,2,2,1,1,3,4,1,3,1984,2,2
1991,1,560067,3,2,2,1,1,1,3,4,2,3,1976,1,2
1991,1,560068,3,3,3,1,2,2,3,4,1,3,1978,2,2
1991,1,560069,1,1,1,1,1,1,3,4,2,3,1990,1,2
1991,1,560070,6,2,2,2,1,1,3,4,2,3,1989,2,1
1991,2,560070,2,4,4,1,1,1,3,4,2,3,1966,2,2
1991,1,560071,3,1,1,1,1,1,3,4,2,3,1991,2,1
1991,1,560072,3,1,1,1,2,2,3,4,1,3,1988,2,1
1991,1,560073,4,1,1,1,1,1,3,4,2,3,1991,2,1
1991,1,560074,2,2,2,2,1,1,3,4,2,3,1987,2,2
1991,2,560074,7,2,2,2,4,1,3,1,1,3,1985,2,2
1991,1,560075,6,2,2,2,1,1,3,4,2,3,1984,1,2
1991,2,560075,1,5,5,2,1,1,3,4,2,3,1983,1,2
1991,1,560076,6,2,2,2,1,1,3,4,2,3,1991,2,2
1991,1,560077,1,1,1,1,1,1,3,4,2,3,1982,2,2
1991,1,560079,1,2,2,1,2,2,3,4,1,3,1976,2,2
1991,1,560080,1,2,2,2,1,1,3,4,1,3,1983,2,2
1991,1,560081,2,2,2,2,2,2,3,4,2,3,1980,2,2
1991,2,560081,6,2,2,2,1,1,3,4,2,3,1968,2,2
1991,1,560082,1,1,1,1,1,1,3,4,1,3,1982,2,2
1991,1,560083,1,4,4,1,1,1,3,4,1,3,1976,1,2
1991,1,560084,2,1,1,1,1,1,3,4,1,3,1985,2,2
1991,1,560085,1,3,3,1,1,1,3,4,2,3,1987,1,2
1991,2,560085,6,2,2,2,1,1,3,4,2,3,1992,2,2
1991,1,560086,1,1,1,1,1,1,3,4,2,3,1989,2,1
1991,1,560087,6,2,2,1,1,1,3,4,2,3,1988,2,2
1991,1,560088,4,1,1,1,1,1,3,4,1,3,1974,2,2
1991,1,560089,2,1,1,1,1,1,3,4,1,3,1990,2,2
1991,1,560090,1,3,3,2,2,2,3,4,2,3,1987,2,2
1991,2,560090,2,2,2,2,1,1,3,4,2,3,1983,2,2
1991,1,560091,1,1,1,1,1,1,3,4,2,3,1982,2,2
1991,1,560092,1,2,2,2,1,1,3,4,2,3,1989,2,2
1991,2,560092,1,2,2,2,1,1,3,4,2,3,1990,2,2
1991,1,560093,9,7,7,2,3,3,3,4,2,3,9999,2,2
1991,1,560094,2,2,2,2,1,1,3,4,2,3,1989,2,2
1991,2,560094,6,2,2,1,1,1,3,4,2,3,1977,2,2
1991,1,560095,6,6,6,2,2,2,3,4,2,3,1981,1,2
1991,1,560096,2,2,2,1,1,1,3,4,2,3,1988,2,2
1991,1,560097,2,1,1,1,1,1,3,4,2,3,1983,1,2
1991,1,560098,6,4,4,2,1,1,3,4,2,3,1990,2,2
1991,2,560098,1,6,6,2,2,2,3,4,1,3,1988,2,1
1991,1,560099,1,1,1,1,2,2,3,4,1,3,1982,2,2
1991,1,560100,2,6,6,2,1,1,3,4,1,3,1990,2,2
1991,1,560101,2,3,3,2,1,1,3,4,1,3,1984,2,2
1991,2,560101,2,2,2,2,1,1,3,4,2,3,1984,2,2
1991,1,560102,2,2,2,2,1,1,3,4,2,3,1977,2,2
1991,2,560102,1,2,2,2,1,1,3,4,2,3,1983,2,2
1991,1,560103,6,2,2,1,1,1,3,4,2,3,1978,2,2
1991,2,560103,3,5,5,1,1,1,3,4,2,3,1985,2,2
1991,1,560104,2,1,1,2,1,1,3,4,2,3,1991,2,2
1991,1,560105,2,3,3,1,1,1,3,4,1,3,1986,2,2
1991,1,560106,3,2,2,1,1,1,3,4,1,3,1991,2,2
1991,1,560107,1,5,5,2,1,1,3,4,1,3,1977,2,2
